1586266204555,26.46
1586266204555,26.46
1586266204555,26.46
1586266204555,26.46
1586266204555,26.46
1586266312259,26.38
1586266312259,26.38
1586266329953,26.51
1586266329953,26.51
1586266329953,26.51
1586266329953,26.51
1586266329953,26.51
1586266385778,26.29
1586266385778,26.29
1586266385778,26.29
1586266385778,26.29
1586266385778,26.29
1586266385778,26.29
1586266385778,26.29
1586266385778,26.29
1586266385778,26.29
1586266385778,26.29
1586266385778,26.29
1586266385778,26.29
1586266385778,26.29
1586266524107,26.34
1586266524107,26.34
1586266524107,26.34
1586266524107,26.34
1586266524107,26.34
1586266524107,26.34
1586266524107,26.34
1586266524107,26.34
1586266524107,26.34
1586266524107,26.34
1586266634040,26.465
1586266634040,26.465
1586266634040,26.465
1586266634040,26.465
1586266678015,26.51
1586266678015,26.51
1586266678015,26.51
1586266678015,26.51
1586266722254,26.295
1586266722254,26.295
1586266722254,26.295
1586266753475,26.31
1586266763140,26.33
1586266763140,26.33
1586266763140,26.33
1586266763140,26.33
1586266802898,26.25
1586266815168,26.205
1586266815168,26.205
1586266815168,26.205
1586266815168,26.205
1586266815168,26.205
1586266815168,26.205
1586266815168,26.205
1586266815168,26.205
1586266815168,26.205
1586266906849,26.33
1586266906849,26.33
1586266906849,26.33
1586266906849,26.33
1586266906849,26.33
1586266906849,26.33
1586266906849,26.33
1586266906849,26.33
1586266996428,26.36
1586266996428,26.36
1586267019260,26.45
1586267019260,26.45
1586267019260,26.45
1586267019260,26.45
1586267019260,26.45
1586267019260,26.45
1586267079379,26.48
1586267079379,26.48
1586267079379,26.48
1586267079379,26.48
1586267079379,26.48
1586267135991,26.55
1586267135991,26.55
1586267135991,26.55
1586267135991,26.55
1586267184561,26.72
1586267184561,26.72
1586267184561,26.72
1586267184561,26.72
1586267184561,26.72
1586267184561,26.72
1586267252278,26.66
1586267252278,26.66
1586267252278,26.66
1586267252278,26.66
1586267252278,26.66
1586267252278,26.66
1586267252278,26.66
1586267252278,26.66
1586267252278,26.66
1586267252278,26.66
1586267356672,26.78
1586267356672,26.78
1586267356672,26.78
1586267356672,26.78
1586267356672,26.78
1586267356672,26.78
1586267356672,26.78
1586267356672,26.78
1586267356672,26.78
1586267356672,26.78
1586267356672,26.78
1586267356672,26.78
1586267356672,26.78
1586267356672,26.78
1586267509278,26.82
1586267509278,26.82
1586267509278,26.82
1586267509278,26.82
1586267509278,26.82
1586267509278,26.82
1586267509278,26.82
1586267509278,26.82
1586267509278,26.82
1586267509278,26.82
1586267509278,26.82
1586267509278,26.82
1586267509278,26.82
1586267509278,26.82
1586267509278,26.82
1586267509278,26.82
1586267509278,26.82
1586267509278,26.82
1586267509278,26.82
1586267509278,26.82
1586267509278,26.82
1586267509278,26.82
1586267509278,26.82
1586267509278,26.82
1586267509278,26.82
1586267509278,26.82
1586267509278,26.82
1586267509278,26.82
1586267509278,26.82
1586267509278,26.82
1586267509278,26.82
1586267509278,26.82
1586267509278,26.82
1586267509278,26.82
1586267509278,26.82
1586267509278,26.82
1586267890001,27.04
1586267908412,27.07
1586267915066,27.04
1586267915066,27.04
1586267936773,26.99
1586267936773,26.99
1586267957424,27
1586267967781,26.98
1586267967781,26.98
1586267967781,26.98
1586267967781,26.98
1586267967781,26.98
1586268026973,26.88
1586268035904,26.975
1586268035904,26.975
1586268035904,26.975
1586268064994,27.045
1586268075607,27.01
1586268075607,27.01
1586268075607,27.01
1586268075607,27.01
1586268075607,27.01
1586268075607,27.01
1586268075607,27.01
1586268154947,26.985
1586268154947,26.985
1586268171563,26.995
1586268171563,26.995
1586268171563,26.995
1586268171563,26.995
1586268171563,26.995
1586268171563,26.995
1586268237052,26.945
1586268249711,26.92
1586268249711,26.92
1586268249711,26.92
1586268249711,26.92
1586268249711,26.92
1586268306717,26.93
1586268312440,26.92
1586268319846,26.92
1586268319846,26.92
1586268319846,26.92
1586268360411,26.96
1586268366272,26.96
1586268366272,26.96
1586268387135,26.92
1586268387135,26.92
1586268387135,26.92
1586268387135,26.92
1586268387135,26.92
1586268387135,26.92
1586268387135,26.92
1586268470233,26.82
1586268470233,26.82
1586268489886,26.86
1586268489886,26.86
1586268489886,26.86
1586268489886,26.86
1586268489886,26.86
1586268489886,26.86
1586268489886,26.86
1586268489886,26.86
1586268489886,26.86
1586268489886,26.86
1586268489886,26.86
1586268489886,26.86
1586268617549,26.81
1586268617549,26.81
1586268617549,26.81
1586268617549,26.81
1586268617549,26.81
1586268675607,26.805
1586268675607,26.805
1586268690542,26.815
1586268690542,26.815
1586268690542,26.815
1586268690542,26.815
1586268690542,26.815
1586268690542,26.815
1586268762320,26.74
1586268762320,26.74
1586268762320,26.74
1586268762320,26.74
1586268762320,26.74
1586268808514,26.82
1586268808514,26.82
1586268808514,26.82
1586268808514,26.82
1586268808514,26.82
1586268808514,26.82
1586268808514,26.82
1586268884654,26.715
1586268884654,26.715
1586268884654,26.715
1586268884654,26.715
1586268884654,26.715
1586268884654,26.715
1586268957137,26.69
1586268960850,26.715
1586268960850,26.715
1586268960850,26.715
1586268960850,26.715
1586268960850,26.715
1586268960850,26.715
1586268960850,26.715
1586268960850,26.715
1586268960850,26.715
1586268960850,26.715
1586268960850,26.715
1586268960850,26.715
1586269086304,26.51
1586269086304,26.51
1586269086304,26.51
1586269086304,26.51
1586269086304,26.51
1586269086304,26.51
1586269086304,26.51
1586269167393,26.62
1586269167393,26.62
1586269189060,26.65
1586269189060,26.65
1586269189060,26.65
1586269217503,26.68
1586269217503,26.68
1586269217503,26.68
1586269217503,26.68
1586269255683,26.76
1586269255683,26.76
1586269255683,26.76
1586269255683,26.76
1586269255683,26.76
1586269255683,26.76
1586269255683,26.76
1586269255683,26.76
1586269255683,26.76
1586269255683,26.76
1586269255683,26.76
1586269255683,26.76
1586269383359,26.46
1586269395261,26.43
1586269395261,26.43
1586269395261,26.43
1586269395261,26.43
1586269438606,26.46
1586269438606,26.46
1586269438606,26.46
1586269438606,26.46
1586269438606,26.46
1586269496487,26.44
1586269507270,26.4
1586269518563,26.38
1586269530442,26.41
1586269530442,26.41
1586269530442,26.41
1586269530442,26.41
1586269530442,26.41
1586269530442,26.41
1586269530442,26.41
1586269530442,26.41
1586269530442,26.41
1586269530442,26.41
1586269530442,26.41
1586269530442,26.41
1586269530442,26.41
1586269675180,26.5
1586269675180,26.5
1586269695502,26.505
1586269706634,26.505
1586269706634,26.505
1586269706634,26.505
1586269706634,26.505
1586269706634,26.505
1586269706634,26.505
1586269706634,26.505
1586269779053,26.38
1586269787107,26.38
1586269787107,26.38
1586269809805,26.365
1586269816844,26.38
1586269816844,26.38
1586269816844,26.38
1586269816844,26.38
1586269816844,26.38
1586269816844,26.38
1586269892101,26.41
1586269892101,26.41
1586269892101,26.41
1586269892101,26.41
1586269892101,26.41
1586269944679,26.42
1586269944679,26.42
1586269944679,26.42
1586269944679,26.42
1586269986888,26.42
1586269986888,26.42
1586269986888,26.42
1586269986888,26.42
1586270028538,26.46
1586270028538,26.46
1586270052715,26.46
1586270052715,26.46
1586270073668,26.425
1586270081675,26.44
1586270081675,26.44
1586270081675,26.44
1586270081675,26.44
1586270081675,26.44
1586270081675,26.44
1586270081675,26.44
1586270081675,26.44
1586270081675,26.44
1586270081675,26.44
1586270188333,26.455
1586270188333,26.455
1586270188333,26.455
1586270188333,26.455
1586270188333,26.455
1586270240899,26.305
1586270240899,26.305
1586270262120,26.37
1586270262120,26.37
1586270282967,26.35
1586270288890,26.32
1586270307214,26.35
1586270315042,26.305
1586270321229,26.31
1586270329508,26.29
1586270329508,26.29
1586270350991,26.32
1586270363610,26.33
1586270374428,26.34
1586270374428,26.34
1586270400202,26.305
1586270412637,26.26
1586270419785,26.295
1586270419785,26.295
1586270440546,26.255
1586270440546,26.255
1586270440546,26.255
1586270466908,26.21
1586270484262,26.2
1586270492614,26.2
1586270492614,26.2
1586270515916,26.18
1586270526788,26.2
1586270532755,26.24
1586270532755,26.24
1586270532755,26.24
1586270532755,26.24
1586270578661,26.24
1586270578661,26.24
1586270594640,26.26
1586270594640,26.26
1586270594640,26.26
1586270594640,26.26
1586270642294,26.19
1586270642294,26.19
1586270642294,26.19
1586270664482,26.18
1586270682239,26.16
1586270682239,26.16
1586270704847,26.17
1586270708258,26.195
1586270708258,26.195
1586270735409,26.18
1586270735409,26.18
1586270750642,26.2
1586270750642,26.2
1586270750642,26.2
1586270750642,26.2
1586270750642,26.2
1586270810404,26.17
1586270810404,26.17
1586270823915,26.17
1586270823915,26.17
1586270823915,26.17
1586270823915,26.17
1586270867442,26.13
1586270867442,26.13
1586270884713,26.09
1586270896978,26.065
1586270896978,26.065
1586270896978,26.065
1586270927068,26.01
1586270927068,26.01
1586270927068,26.01
1586270927068,26.01
1586270927068,26.01
1586270983333,25.94
1586270983333,25.94
1586270983333,25.94
1586270983333,25.94
1586270983333,25.94
1586270983333,25.94
1586270983333,25.94
1586271060852,25.875
1586271060852,25.875
1586271082166,25.86
1586271082166,25.86
1586271094956,25.91
1586271094956,25.91
1586271094956,25.91
1586271128588,25.89
1586271147062,25.915
1586271147062,25.915
1586271147062,25.915
1586271147062,25.915
1586271147062,25.915
1586271189754,25.95
1586271189754,25.95
1586271189754,25.95
1586271189754,25.95
1586271189754,25.95
1586271189754,25.95
1586271254429,25.89
1586271269852,25.85
1586271269852,25.85
1586271269852,25.85
1586271269852,25.85
1586271269852,25.85
1586271269852,25.85
1586271325475,25.905
1586271325475,25.905
1586271325475,25.905
1586271325475,25.905
1586271376862,25.98
1586271384313,26
1586271384313,26
1586271384313,26
1586271384313,26
1586271384313,26
1586271384313,26
1586271445849,25.98
1586271457340,25.965
1586271469129,25.985
1586271469129,25.985
1586271490076,25.975
1586271490076,25.975
1586271490076,25.975
1586271490076,25.975
1586271490076,25.975
1586271539045,26.12
1586271553376,26.095
1586271553376,26.095
1586271574141,26.04
1586271584301,26.05
1586271593008,26.04
1586271593008,26.04
1586271607642,26.08
1586271617761,26.07
1586271617761,26.07
1586271643621,26.09
1586271643621,26.09
1586271643621,26.09
1586271643621,26.09
1586271643621,26.09
1586271692872,26.01
1586271692872,26.01
1586271723308,25.95
1586271723308,25.95
1586271740247,25.94
1586271740247,25.94
1586271740247,25.94
1586271740247,25.94
1586271785390,25.96
1586271785390,25.96
1586271785390,25.96
1586271785390,25.96
1586271785390,25.96
1586271785390,25.96
1586271785390,25.96
1586271785390,25.96
1586271785390,25.96
1586271785390,25.96
1586271785390,25.96
1586271785390,25.96
1586271904825,26.02
1586271904825,26.02
1586271904825,26.02
1586271904825,26.02
1586271904825,26.02
1586271904825,26.02
1586271904825,26.02
1586271904825,26.02
1586271904825,26.02
1586272002787,26.09
1586272002787,26.09
1586272002787,26.09
1586272002787,26.09
1586272002787,26.09
1586272002787,26.09
1586272002787,26.09
1586272076947,26.235
1586272076947,26.235
1586272100597,26.24
1586272100597,26.24
1586272100597,26.24
1586272100597,26.24
1586272100597,26.24
1586272100597,26.24
1586272159183,26.205
1586272159183,26.205
1586272159183,26.205
1586272159183,26.205
1586272159183,26.205
1586272159183,26.205
1586272159183,26.205
1586272159183,26.205
1586272241050,26.23
1586272254052,26.225
1586272254052,26.225
1586272254052,26.225
1586272254052,26.225
1586272254052,26.225
1586272310902,26.12
1586272310902,26.12
1586272326786,26.135
1586272326786,26.135
1586272326786,26.135
1586272326786,26.135
1586272326786,26.135
1586272381166,26.075
1586272392458,26.05
1586272392458,26.05
1586272410241,26.08
1586272410241,26.08
1586272429528,26.1
1586272429528,26.1
1586272429528,26.1
1586272429528,26.1
1586272429528,26.1
1586272429528,26.1
1586272429528,26.1
1586272505216,26.115
1586272505216,26.115
1586272505216,26.115
1586272505216,26.115
1586272505216,26.115
1586272505216,26.115
1586272505216,26.115
1586272580025,26.18
1586272591544,26.18
1586272591544,26.18
1586272591544,26.18
1586272591544,26.18
1586272591544,26.18
1586272640848,26.04
1586272640848,26.04
1586272665113,26
1586272665113,26
1586272665113,26
1586272665113,26
1586272665113,26
1586272665113,26
1586272732674,25.995
1586272732674,25.995
1586272747264,26
1586272747264,26
1586272747264,26
1586272747264,26
1586272747264,26
1586272747264,26
1586272747264,26
1586272820857,25.985
1586272838106,25.96
1586272838106,25.96
1586272838106,25.96
1586272838106,25.96
1586272879051,25.98
1586272879051,25.98
1586272895137,26
1586272895137,26
1586272917913,25.97
1586272917913,25.97
1586272917913,25.97
1586272917913,25.97
1586272917913,25.97
1586272971702,25.915
1586272971702,25.915
1586272971702,25.915
1586272971702,25.915
1586272971702,25.915
1586272971702,25.915
1586272971702,25.915
1586272971702,25.915
1586272971702,25.915
1586272971702,25.915
1586272971702,25.915
1586272971702,25.915
1586273095480,26
1586273107937,26
1586273107937,26
1586273107937,26
1586273107937,26
1586273107937,26
1586273107937,26
1586273107937,26
1586273107937,26
1586273107937,26
1586273206587,25.96
1586273206587,25.96
1586273206587,25.96
1586273206587,25.96
1586273206587,25.96
1586273206587,25.96
1586273206587,25.96
1586273206587,25.96
1586273206587,25.96
1586273295082,26.005
1586273295082,26.005
1586273295082,26.005
1586273295082,26.005
1586273295082,26.005
1586273346904,26.01
1586273364279,25.98
1586273364279,25.98
1586273364279,25.98
1586273364279,25.98
1586273364279,25.98
1586273364279,25.98
1586273364279,25.98
1586273364279,25.98
1586273364279,25.98
1586273364279,25.98
1586273364279,25.98
1586273478217,26
1586273478217,26
1586273496493,26.02
1586273496493,26.02
1586273524799,26.095
1586273524799,26.095
1586273524799,26.095
1586273554645,26.08
1586273554645,26.08
1586273554645,26.08
1586273554645,26.08
1586273554645,26.08
1586273554645,26.08
1586273619098,26.15
1586273619098,26.15
1586273619098,26.15
1586273619098,26.15
1586273619098,26.15
1586273619098,26.15
1586273619098,26.15
1586273619098,26.15
1586273619098,26.15
1586273709554,26.15
1586273709554,26.15
1586273709554,26.15
1586273709554,26.15
1586273709554,26.15
1586273709554,26.15
1586273709554,26.15
1586273709554,26.15
1586273793232,26.205
1586273793232,26.205
1586273793232,26.205
1586273793232,26.205
1586273835573,26.12
1586273835573,26.12
1586273835573,26.12
1586273835573,26.12
1586273835573,26.12
1586273835573,26.12
1586273835573,26.12
1586273835573,26.12
1586273835573,26.12
1586273835573,26.12
1586273936044,26.16
1586273936044,26.16
1586273936044,26.16
1586273936044,26.16
1586273978849,26.14
1586273978849,26.14
1586273978849,26.14
1586273978849,26.14
1586273978849,26.14
1586274040982,26.135
1586274040982,26.135
1586274063088,26.145
1586274063088,26.145
1586274063088,26.145
1586274063088,26.145
1586274063088,26.145
1586274063088,26.145
1586274063088,26.145
1586274135781,26.12
1586274135781,26.12
1586274135781,26.12
1586274161171,26.155
1586274169366,26.135
1586274169366,26.135
1586274169366,26.135
1586274206821,26.155
1586274219020,26.165
1586274221426,26.165
1586274221426,26.165
1586274221426,26.165
1586274221426,26.165
1586274221426,26.165
1586274282220,26.105
1586274282220,26.105
1586274282220,26.105
1586274307661,26.11
1586274307661,26.11
1586274332655,26.07
1586274337411,26.07
1586274337411,26.07
1586274337411,26.07
1586274337411,26.07
1586274337411,26.07
1586274337411,26.07
1586274337411,26.07
1586274337411,26.07
1586274429294,26.11
1586274440197,26.11
1586274446707,26.12
1586274446707,26.12
1586274446707,26.12
1586274446707,26.12
1586274446707,26.12
1586274446707,26.12
1586274446707,26.12
1586274446707,26.12
1586274446707,26.12
1586274446707,26.12
1586274446707,26.12
1586274446707,26.12
1586274446707,26.12
1586274446707,26.12
1586274446707,26.12
1586274446707,26.12
1586274446707,26.12
1586274446707,26.12
1586274446707,26.12
1586274446707,26.12
1586274446707,26.12
1586274446707,26.12
1586274446707,26.12
1586274446707,26.12
1586274446707,26.12
1586274709821,26.07
1586274709821,26.07
1586274709821,26.07
1586274709821,26.07
1586274709821,26.07
1586274709821,26.07
1586274709821,26.07
1586274709821,26.07
1586274709821,26.07
1586274709821,26.07
1586274709821,26.07
1586274709821,26.07
1586274709821,26.07
1586274709821,26.07
1586274709821,26.07
1586274709821,26.07
1586274709821,26.07
1586274709821,26.07
1586274709821,26.07
1586274709821,26.07
1586274709821,26.07
1586274709821,26.07
1586274942374,26.05
1586274942374,26.05
1586274942374,26.05
1586274942374,26.05
1586274942374,26.05
1586274993751,26.075
1586274993751,26.075
1586275016169,26.06
1586275016169,26.06
1586275016169,26.06
1586275016169,26.06
1586275016169,26.06
1586275016169,26.06
1586275016169,26.06
1586275016169,26.06
1586275016169,26.06
1586275016169,26.06
1586275115727,25.995
1586275115727,25.995
1586275136122,25.98
1586275136122,25.98
1586275136122,25.98
1586275136122,25.98
1586275136122,25.98
1586275136122,25.98
1586275136122,25.98
1586275136122,25.98
1586275220668,26.05
1586275239461,26.05
1586275239461,26.05
1586275239461,26.05
1586275239461,26.05
1586275239461,26.05
1586275239461,26.05
1586275297934,26.095
1586275297934,26.095
1586275297934,26.095
1586275334363,26.13
1586275345159,26.14
1586275345159,26.14
1586275345159,26.14
1586275345159,26.14
1586275345159,26.14
1586275345159,26.14
1586275408698,26.13
1586275408698,26.13
1586275408698,26.13
1586275433806,26.15
1586275453339,26.15
1586275456056,26.15
1586275456056,26.15
1586275456056,26.15
1586275456056,26.15
1586275504235,26.145
1586275515761,26.15
1586275527189,26.15
1586275529431,26.15
1586275543200,26.15
1586275543200,26.15
1586275543200,26.15
1586275543200,26.15
1586275543200,26.15
1586275543200,26.15
1586275543200,26.15
1586275543200,26.15
1586275543200,26.15
1586275643939,26.14
1586275654142,26.14
1586275654142,26.14
1586275654142,26.14
1586275654142,26.14
1586275654142,26.14
1586275654142,26.14
1586275654142,26.14
1586275654142,26.14
1586275737404,26.22
1586275737404,26.22
1586275758369,26.21
1586275758369,26.21
1586275758369,26.21
1586275758369,26.21
1586275758369,26.21
1586275758369,26.21
1586275818137,26.24
1586275818137,26.24
1586275818137,26.24
1586275818137,26.24
1586275818137,26.24
1586275818137,26.24
1586275818137,26.24
1586275818137,26.24
1586275818137,26.24
1586275818137,26.24
1586275919066,26.21
1586275919066,26.21
1586275919066,26.21
1586275954822,26.23
1586275969704,26.2
1586275969704,26.2
1586275969704,26.2
1586275998442,26.21
1586275998442,26.21
1586275998442,26.21
1586275998442,26.21
1586275998442,26.21
1586275998442,26.21
1586275998442,26.21
1586275998442,26.21
1586275998442,26.21
1586275998442,26.21
1586276095999,26.2
1586276095999,26.2
1586276095999,26.2
1586276095999,26.2
1586276095999,26.2
1586276095999,26.2
1586276164285,26.225
1586276164285,26.225
1586276190333,26.235
1586276191342,26.235
1586276211301,26.235
1586276218494,26.235
1586276218494,26.235
1586276236416,26.25
1586276236416,26.25
1586276254651,26.245
1586276269941,26.245
1586276269941,26.245
1586276287642,26.25
1586276302210,26.24
1586276302210,26.24
1586276327278,26.25
1586276333307,26.24
1586276333307,26.24
1586276333307,26.24
1586276333307,26.24
1586276333307,26.24
1586276333307,26.24
1586276333307,26.24
1586276333307,26.24
1586276333307,26.24
1586276333307,26.24
1586276333307,26.24
1586276333307,26.24
1586276333307,26.24
1586276333307,26.24
1586276333307,26.24
1586276333307,26.24
1586276333307,26.24
1586276333307,26.24
1586276333307,26.24
1586276333307,26.24
1586276333307,26.24
1586276552659,26.22
1586276552659,26.22
1586276552659,26.22
1586276552659,26.22
1586276552659,26.22
1586276552659,26.22
1586276552659,26.22
1586276552659,26.22
1586276552659,26.22
1586276651701,26.125
1586276651701,26.125
1586276651701,26.125
1586276651701,26.125
1586276651701,26.125
1586276651701,26.125
1586276651701,26.125
1586276651701,26.125
1586276651701,26.125
1586276651701,26.125
1586276651701,26.125
1586276651701,26.125
1586276651701,26.125
1586276651701,26.125
1586276651701,26.125
1586276809671,26.16
1586276809671,26.16
1586276809671,26.16
1586276834243,26.115
1586276834243,26.115
1586276834243,26.115
1586276834243,26.115
1586276834243,26.115
1586276888785,26.07
1586276888785,26.07
1586276888785,26.07
1586276888785,26.07
1586276888785,26.07
1586276888785,26.07
1586276888785,26.07
1586276888785,26.07
1586276888785,26.07
1586276888785,26.07
1586276888785,26.07
1586276888785,26.07
1586276888785,26.07
1586276888785,26.07
1586276888785,26.07
1586276888785,26.07
1586276888785,26.07
1586276888785,26.07
1586277080931,26.17
1586277080931,26.17
1586277096931,26.22
1586277096931,26.22
1586277096931,26.22
1586277130316,26.215
1586277130316,26.215
1586277130316,26.215
1586277130316,26.215
1586277130316,26.215
1586277130316,26.215
1586277130316,26.215
1586277210295,26.155
1586277210295,26.155
1586277210295,26.155
1586277210295,26.155
1586277210295,26.155
1586277210295,26.155
1586277273656,26.09
1586277273656,26.09
1586277273656,26.09
1586277273656,26.09
1586277273656,26.09
1586277273656,26.09
1586277273656,26.09
1586277273656,26.09
1586277357840,26.08
1586277357840,26.08
1586277357840,26.08
1586277357840,26.08
1586277357840,26.08
1586277404869,26.07
1586277404869,26.07
1586277404869,26.07
1586277404869,26.07
1586277404869,26.07
1586277404869,26.07
1586277465225,26.11
1586277483735,26.125
1586277483735,26.125
1586277483735,26.125
1586277483735,26.125
1586277483735,26.125
1586277483735,26.125
1586277483735,26.125
1586277483735,26.125
1586277483735,26.125
1586277483735,26.125
1586277483735,26.125
1586277483735,26.125
1586277483735,26.125
1586277483735,26.125
1586277636644,26.045
1586277636644,26.045
1586277636644,26.045
1586277636644,26.045
1586277636644,26.045
1586277680946,26.07
1586277680946,26.07
1586277680946,26.07
1586277680946,26.07
1586277680946,26.07
1586277680946,26.07
1586277680946,26.07
1586277680946,26.07
1586277770018,26.035
1586277770018,26.035
1586277789764,26.045
1586277789764,26.045
1586277814511,26.055
1586277824020,26.045
1586277824020,26.045
1586277843139,26.035
1586277852561,26.035
1586277852561,26.035
1586277852561,26.035
1586277889195,26.025
1586277889195,26.025
1586277910152,26.035
1586277910152,26.035
1586277910152,26.035
1586277910152,26.035
1586277910152,26.035
1586277910152,26.035
1586277910152,26.035
1586277910152,26.035
1586277998446,26.025
1586278004385,26.025
1586278021077,26.02
1586278021077,26.02
1586278021077,26.02
1586278021077,26.02
1586278021077,26.02
1586278021077,26.02
1586278021077,26.02
1586278021077,26.02
1586278103106,26.055
1586278103106,26.055
1586278103106,26.055
1586278103106,26.055
1586278103106,26.055
1586278156282,26.09
1586278156282,26.09
1586278156282,26.09
1586278156282,26.09
1586278156282,26.09
1586278156282,26.09
1586278156282,26.09
1586278156282,26.09
1586278156282,26.09
1586278156282,26.09
1586278262368,26.065
1586278262368,26.065
1586278262368,26.065
1586278294356,25.985
1586278294356,25.985
1586278294356,25.985
1586278294356,25.985
1586278294356,25.985
1586278294356,25.985
1586278294356,25.985
1586278294356,25.985
1586278294356,25.985
1586278294356,25.985
1586278294356,25.985
1586278294356,25.985
1586278294356,25.985
1586278294356,25.985
1586278446753,25.98
1586278446753,25.98
1586278468758,25.98
1586278468758,25.98
1586278468758,25.98
1586278468758,25.98
1586278468758,25.98
1586278468758,25.98
1586278468758,25.98
1586278468758,25.98
1586278553240,25.95
1586278553240,25.95
1586278553240,25.95
1586278553240,25.95
1586278553240,25.95
1586278553240,25.95
1586278553240,25.95
1586278553240,25.95
1586278642924,26.01
1586278644075,26.015
1586278644075,26.015
1586278644075,26.015
1586278644075,26.015
1586278691824,26.015
1586278701850,26.01
1586278701850,26.01
1586278701850,26.01
1586278701850,26.01
1586278701850,26.01
1586278701850,26.01
1586278701850,26.01
1586278701850,26.01
1586278701850,26.01
1586278701850,26.01
1586278819099,25.99
1586278819099,25.99
1586278819099,25.99
1586278819099,25.99
1586278819099,25.99
1586278819099,25.99
1586278819099,25.99
1586278819099,25.99
1586278819099,25.99
1586278819099,25.99
1586278819099,25.99
1586278819099,25.99
1586278819099,25.99
1586278819099,25.99
1586278819099,25.99
1586278976563,26.01
1586278976563,26.01
1586278976563,26.01
1586278976563,26.01
1586278976563,26.01
1586279036825,26.04
1586279036825,26.04
1586279036825,26.04
1586279036825,26.04
1586279036825,26.04
1586279036825,26.04
1586279036825,26.04
1586279036825,26.04
1586279036825,26.04
1586279036825,26.04
1586279036825,26.04
1586279036825,26.04
1586279036825,26.04
1586279169411,26.11
1586279169411,26.11
1586279169411,26.11
1586279169411,26.11
1586279169411,26.11
1586279169411,26.11
1586279169411,26.11
1586279169411,26.11
1586279265282,26.11
1586279265282,26.11
1586279265282,26.11
1586279265282,26.11
1586279265282,26.11
1586279265282,26.11
1586279265282,26.11
1586279265282,26.11
1586279265282,26.11
1586279265282,26.11
1586279265282,26.11
1586279265282,26.11
1586279265282,26.11
1586279397261,26.07
1586279397261,26.07
1586279397261,26.07
1586279397261,26.07
1586279397261,26.07
1586279397261,26.07
1586279397261,26.07
1586279397261,26.07
1586279397261,26.07
1586279397261,26.07
1586279397261,26.07
1586279515598,26.005
1586279515598,26.005
1586279515598,26.005
1586279515598,26.005
1586279515598,26.005
1586279515598,26.005
1586279515598,26.005
1586279515598,26.005
1586279515598,26.005
1586279515598,26.005
1586279515598,26.005
1586279515598,26.005
1586279644227,26.13
1586279644227,26.13
1586279644227,26.13
1586279644227,26.13
1586279644227,26.13
1586279644227,26.13
1586279644227,26.13
1586279644227,26.13
1586279733475,26.16
1586279733475,26.16
1586279733475,26.16
1586279733475,26.16
1586279733475,26.16
1586279733475,26.16
1586279733475,26.16
1586279733475,26.16
1586279733475,26.16
1586279733475,26.16
1586279733475,26.16
1586279733475,26.16
1586279733475,26.16
1586279733475,26.16
1586279733475,26.16
1586279733475,26.16
1586279902671,26.085
1586279902671,26.085
1586279902671,26.085
1586279902671,26.085
1586279902671,26.085
1586279902671,26.085
1586279902671,26.085
1586279902671,26.085
1586279902671,26.085
1586279902671,26.085
1586279902671,26.085
1586279902671,26.085
1586279902671,26.085
1586279902671,26.085
1586279902671,26.085
1586279902671,26.085
1586279902671,26.085
1586279902671,26.085
1586279902671,26.085
1586279902671,26.085
1586279902671,26.085
1586279902671,26.085
1586279902671,26.085
1586279902671,26.085
1586279902671,26.085
1586279902671,26.085
1586279902671,26.085
1586279902671,26.085
1586279902671,26.085
1586279902671,26.085
1586279902671,26.085
1586279902671,26.085
1586279902671,26.085
1586279902671,26.085
1586279902671,26.085
1586279902671,26.085
1586279902671,26.085
1586280297281,26.1
1586280297281,26.1
1586280297281,26.1
1586280297281,26.1
1586280297281,26.1
1586280297281,26.1
1586280297281,26.1
1586280297281,26.1
1586280297281,26.1
1586280297281,26.1
1586280297281,26.1
1586280297281,26.1
1586280297281,26.1
1586280297281,26.1
1586280297281,26.1
1586280297281,26.1
1586280297281,26.1
1586280297281,26.1
1586280297281,26.1
1586280297281,26.1
1586280514905,26.09
1586280514905,26.09
1586280514905,26.09
1586280514905,26.09
1586280514905,26.09
1586280514905,26.09
1586280514905,26.09
1586280514905,26.09
1586280514905,26.09
1586280514905,26.09
1586280514905,26.09
1586280514905,26.09
1586280514905,26.09
1586280514905,26.09
1586280662928,26.06
1586280662928,26.06
1586280662928,26.06
1586280662928,26.06
1586280662928,26.06
1586280662928,26.06
1586280662928,26.06
1586280662928,26.06
1586280662928,26.06
1586280662928,26.06
1586280662928,26.06
1586280662928,26.06
1586280662928,26.06
1586280662928,26.06
1586280662928,26.06
1586280662928,26.06
1586280830287,26.03
1586280830287,26.03
1586280855085,26.015
1586280855085,26.015
1586280855085,26.015
1586280883345,26.035
1586280883345,26.035
1586280883345,26.035
1586280883345,26.035
1586280883345,26.035
1586280883345,26.035
1586280883345,26.035
1586280883345,26.035
1586280883345,26.035
1586280883345,26.035
1586280883345,26.035
1586280883345,26.035
1586280883345,26.035
1586280883345,26.035
1586280883345,26.035
1586280883345,26.035
1586280883345,26.035
1586280883345,26.035
1586280883345,26.035
1586280883345,26.035
1586281098136,26.015
1586281098136,26.015
1586281098136,26.015
1586281098136,26.015
1586281098136,26.015
1586281098136,26.015
1586281098136,26.015
1586281098136,26.015
1586281098136,26.015
1586281098136,26.015
1586281098136,26.015
1586281098136,26.015
1586281098136,26.015
1586281098136,26.015
1586281098136,26.015
1586281260770,25.94
1586281260770,25.94
1586281260770,25.94
1586281260770,25.94
1586281260770,25.94
1586281314562,26
1586281314562,26
1586281314562,26
1586281314562,26
1586281314562,26
1586281314562,26
1586281314562,26
1586281314562,26
1586281314562,26
1586281314562,26
1586281314562,26
1586281314562,26
1586281314562,26
1586281314562,26
1586281314562,26
1586281474555,25.95
1586281474555,25.95
1586281474555,25.95
1586281474555,25.95
1586281474555,25.95
1586281474555,25.95
1586281474555,25.95
1586281474555,25.95
1586281474555,25.95
1586281474555,25.95
1586281474555,25.95
1586281474555,25.95
1586281474555,25.95
1586281474555,25.95
1586281474555,25.95
1586281474555,25.95
1586281474555,25.95
1586281474555,25.95
1586281667340,26.04
1586281667340,26.04
1586281667340,26.04
1586281667340,26.04
1586281667340,26.04
1586281667340,26.04
1586281726429,26
1586281726429,26
1586281726429,26
1586281726429,26
1586281726429,26
1586281726429,26
1586281726429,26
1586281726429,26
1586281726429,26
1586281726429,26
1586281726429,26
1586281726429,26
1586281726429,26
1586281726429,26
1586281883006,25.93
1586281883006,25.93
1586281883006,25.93
1586281883006,25.93
1586281883006,25.93
1586281883006,25.93
1586281883006,25.93
1586281883006,25.93
1586281883006,25.93
1586281883006,25.93
1586281883006,25.93
1586281883006,25.93
1586281883006,25.93
1586281883006,25.93
1586282027888,25.97
1586282027888,25.97
1586282027888,25.97
1586282027888,25.97
1586282027888,25.97
1586282087903,26.015
1586282087903,26.015
1586282087903,26.015
1586282087903,26.015
1586282087903,26.015
1586282087903,26.015
1586282087903,26.015
1586282087903,26.015
1586282168935,25.96
1586282168935,25.96
1586282168935,25.96
1586282168935,25.96
1586282168935,25.96
1586282168935,25.96
1586282168935,25.96
1586282168935,25.96
1586282168935,25.96
1586282168935,25.96
1586282168935,25.96
1586282168935,25.96
1586282168935,25.96
1586282168935,25.96
1586282168935,25.96
1586282168935,25.96
1586282168935,25.96
1586282168935,25.96
1586282168935,25.96
1586282168935,25.96
1586282168935,25.96
1586282168935,25.96
1586282168935,25.96
1586282168935,25.96
1586282168935,25.96
1586282168935,25.96
1586282168935,25.96
1586282168935,25.96
1586282168935,25.96
1586282168935,25.96
1586282168935,25.96
1586282168935,25.96
1586282168935,25.96
1586282168935,25.96
1586282533824,25.96
1586282533824,25.96
1586282533824,25.96
1586282533824,25.96
1586282581013,25.95
1586282581013,25.95
1586282581013,25.95
1586282581013,25.95
1586282581013,25.95
1586282581013,25.95
1586282581013,25.95
1586282581013,25.95
1586282581013,25.95
1586282581013,25.95
1586282686588,25.915
1586282686588,25.915
1586282709060,25.9
1586282709060,25.9
1586282709060,25.9
1586282709060,25.9
1586282709060,25.9
1586282709060,25.9
1586282709060,25.9
1586282709060,25.9
1586282802931,25.78
1586282802931,25.78
1586282802931,25.78
1586282802931,25.78
1586282802931,25.78
1586282802931,25.78
1586282802931,25.78
1586282802931,25.78
1586282802931,25.78
1586282802931,25.78
1586282802931,25.78
1586282802931,25.78
1586282927918,25.76
1586282927918,25.76
1586282927918,25.76
1586282927918,25.76
1586282927918,25.76
1586282927918,25.76
1586282927918,25.76
1586282927918,25.76
1586282927918,25.76
1586282927918,25.76
1586282927918,25.76
1586282927918,25.76
1586282927918,25.76
1586282927918,25.76
1586283076647,25.8
1586283087377,25.79
1586283087377,25.79
1586283105908,25.785
1586283105908,25.785
1586283135346,25.76
1586283135346,25.76
1586283135346,25.76
1586283135346,25.76
1586283135346,25.76
1586283135346,25.76
1586283135346,25.76
1586283135346,25.76
1586283215893,25.75
1586283227242,25.745
1586283227242,25.745
1586283252238,25.74
1586283252238,25.74
1586283252238,25.74
1586283252238,25.74
1586283252238,25.74
1586283252238,25.74
1586283252238,25.74
1586283252238,25.74
1586283252238,25.74
1586283347512,25.675
1586283347512,25.675
1586283347512,25.675
1586283347512,25.675
1586283347512,25.675
1586283347512,25.675
1586283347512,25.675
1586283347512,25.675
1586283347512,25.675
1586283347512,25.675
1586283347512,25.675
1586283467676,25.565
1586283467676,25.565
1586283467676,25.565
1586283467676,25.565
1586283467676,25.565
1586283467676,25.565
1586283467676,25.565
1586283547869,25.57
1586283547869,25.57
1586283547869,25.57
1586283547869,25.57
1586283547869,25.57
1586283592154,25.51
1586283592154,25.51
1586283592154,25.51
1586283592154,25.51
1586283637163,25.515
1586283637163,25.515
1586283637163,25.515
1586283637163,25.515
1586283637163,25.515
1586283690657,25.56
1586283701467,25.58
1586283701467,25.58
1586283701467,25.58
1586283701467,25.58
1586283701467,25.58
1586283701467,25.58
1586283701467,25.58
1586283785998,25.605
1586283785998,25.605
1586283785998,25.605
1586283785998,25.605
1586283825345,25.66
1586283825345,25.66
1586283825345,25.66
1586283825345,25.66
1586283865194,25.665
1586283865194,25.665
1586283865194,25.665
1586283865194,25.665
1586283865194,25.665
1586283865194,25.665
1586283865194,25.665
1586283948405,25.665
1586283948405,25.665
1586283948405,25.665
1586283974397,25.655
1586283974397,25.655
1586283974397,25.655
1586283974397,25.655
1586283974397,25.655
1586284035449,25.7
1586284035449,25.7
1586284035449,25.7
1586284035449,25.7
1586284035449,25.7
1586284035449,25.7
1586284035449,25.7
1586284035449,25.7
1586284035449,25.7
1586284125101,25.71
1586284125101,25.71
1586284125101,25.71
1586284125101,25.71
1586284125101,25.71
1586284125101,25.71
1586284125101,25.71
1586284125101,25.71
1586284213934,25.57
1586284213934,25.57
1586284213934,25.57
1586284213934,25.57
1586284213934,25.57
1586284213934,25.57
1586284282500,25.62
1586284282500,25.62
1586284282500,25.62
1586284308229,25.65
1586284308229,25.65
1586284308229,25.65
1586284308229,25.65
1586284308229,25.65
1586284308229,25.65
1586284308229,25.65
1586284308229,25.65
1586284308229,25.65
1586284308229,25.65
1586284424409,25.67
1586284424409,25.67
1586284424409,25.67
1586284424409,25.67
1586284424409,25.67
1586284424409,25.67
1586284424409,25.67
1586284424409,25.67
1586284424409,25.67
1586284424409,25.67
1586284424409,25.67
1586284424409,25.67
1586284424409,25.67
1586284561314,25.645
1586284561314,25.645
1586284561314,25.645
1586284595765,25.66
1586284595765,25.66
1586284595765,25.66
1586284595765,25.66
1586284595765,25.66
1586284595765,25.66
1586284595765,25.66
1586284595765,25.66
1586284595765,25.66
1586284595765,25.66
1586284595765,25.66
1586284595765,25.66
1586284595765,25.66
1586284595765,25.66
1586284595765,25.66
1586284595765,25.66
1586284595765,25.66
1586284595765,25.66
1586284595765,25.66
1586284595765,25.66
1586284595765,25.66
1586284595765,25.66
1586284826768,25.6
1586284826768,25.6
1586284826768,25.6
1586284826768,25.6
1586284826768,25.6
1586284826768,25.6
1586284826768,25.6
1586284826768,25.6
1586284918933,25.54
1586284918933,25.54
1586284918933,25.54
1586284918933,25.54
1586284918933,25.54
1586284918933,25.54
1586284918933,25.54
1586284918933,25.54
1586284918933,25.54
1586284918933,25.54
1586284918933,25.54
1586284918933,25.54
1586284918933,25.54
1586284918933,25.54
1586284918933,25.54
1586284918933,25.54
1586284918933,25.54
1586284918933,25.54
1586284918933,25.54
1586284918933,25.54
1586284918933,25.54
1586284918933,25.54
1586284918933,25.54
1586284918933,25.54
1586284918933,25.54
1586284918933,25.54
1586284918933,25.54
1586284918933,25.54
1586284918933,25.54
1586284918933,25.54
1586284918933,25.54
1586285263330,25.545
1586285263330,25.545
1586285263330,25.545
1586285263330,25.545
1586285263330,25.545
1586285263330,25.545
1586285263330,25.545
1586285263330,25.545
1586285263330,25.545
1586285263330,25.545
1586285263330,25.545
1586285263330,25.545
1586285263330,25.545
1586285263330,25.545
1586285263330,25.545
1586285263330,25.545
1586285263330,25.545
1586285263330,25.545
1586285263330,25.545
1586285461078,25.5
1586285461078,25.5
1586285461078,25.5
1586285461078,25.5
1586285461078,25.5
1586285461078,25.5
1586285461078,25.5
1586285461078,25.5
1586285461078,25.5
1586285461078,25.5
1586285461078,25.5
1586285461078,25.5
1586285461078,25.5
1586285461078,25.5
1586285461078,25.5
1586285461078,25.5
1586285461078,25.5
1586285461078,25.5
1586285659895,25.41
1586285659895,25.41
1586285659895,25.41
1586285659895,25.41
1586285703022,25.44
1586285717678,25.44
1586285736350,25.42
1586285736350,25.42
1586285749547,25.415
1586285749547,25.415
1586285749547,25.415
1586285749547,25.415
1586285799338,25.46
1586285799338,25.46
1586285799338,25.46
1586285799338,25.46
1586285799338,25.46
1586285799338,25.46
1586285861638,25.49
1586285861638,25.49
1586285886603,25.52
1586285886603,25.52
1586285886603,25.52
1586285886603,25.52
1586285886603,25.52
1586285886603,25.52
1586285886603,25.52
1586285886603,25.52
1586285965372,25.48
1586285965372,25.48
1586285965372,25.48
