0,0
0,0
0,0
0,0
0,0
0,0
0,0
0,0
0,0
0,0
0,0
0,0
0,0
0,0
0,0
0,0
0,0
0,0
0,0
0,0
0,0
0,0
0,0
0,0
0,0
0,0
0,0
0,0
0,0
0,0
0,0
0,0
0,0
0,0
0,0
0,0
0,0
0,0
0,0
0,0
0,0
0,0
0,0
0,0
0,0
0,0
0,0
0,0
0,0
0,0
0,0
0,0
1584625209174,21.11
1584625209174,21.11
1584625209174,21.11
1584625209174,21.11
1584625209174,21.11
1584625209174,21.11
1584625209174,21.11
1584625209174,21.11
1584625209174,21.11
1584625209174,21.11
1584625209174,21.11
1584625209174,21.11
1584625209174,21.11
1584625209174,21.11
1584625209174,21.11
1584625209174,21.11
1584625209174,21.11
1584625209174,21.11
1584625209174,21.11
1584625209174,21.11
1584625209174,21.11
1584625209174,21.11
1584625209174,21.11
1584625209174,21.11
1584625209174,21.11
1584625209174,21.11
1584625209174,21.11
1584625209174,21.11
1584625209174,21.11
1584625209174,21.11
1584625209174,21.11
1584625209174,21.11
1584625209174,21.11
1584625209174,21.11
1584625562603,20.95
1584625562603,20.95
1584625562603,20.95
1584625562603,20.95
1584625606954,20.91
1584625618259,20.95
1584625618259,20.95
1584625618259,20.95
1584625618259,20.95
1584625618259,20.95
1584625618259,20.95
1584625618259,20.95
1584625618259,20.95
1584625618259,20.95
1584625618259,20.95
1584625720948,20.84
1584625720948,20.84
1584625720948,20.84
1584625753908,20.87
1584625753908,20.87
1584625753908,20.87
1584625785738,20.89
1584625785738,20.89
1584625808229,20.875
1584625808229,20.875
1584625808229,20.875
1584625808229,20.875
1584625848238,20.895
1584625854067,20.91
1584625854067,20.91
1584625854067,20.91
1584625854067,20.91
1584625854067,20.91
1584625854067,20.91
1584625854067,20.91
1584625854067,20.91
1584625941924,20.935
1584625941924,20.935
1584625941924,20.935
1584625941924,20.935
1584625941924,20.935
1584625941924,20.935
1584625941924,20.935
1584626013300,20.89
1584626013300,20.89
1584626013300,20.89
1584626013300,20.89
1584626049133,20.92
1584626049133,20.92
1584626049133,20.92
1584626049133,20.92
1584626049133,20.92
1584626049133,20.92
1584626049133,20.92
1584626049133,20.92
1584626049133,20.92
1584626049133,20.92
1584626049133,20.92
1584626049133,20.92
1584626049133,20.92
1584626049133,20.92
1584626049133,20.92
1584626049133,20.92
1584626218223,20.99
1584626218223,20.99
1584626218223,20.99
1584626218223,20.99
1584626218223,20.99
1584626218223,20.99
1584626283888,20.995
1584626290175,20.965
1584626290175,20.965
1584626290175,20.965
1584626290175,20.965
1584626290175,20.965
1584626290175,20.965
1584626356844,20.955
1584626365231,20.98
1584626383542,20.98
1584626383542,20.98
1584626383542,20.98
1584626383542,20.98
1584626383542,20.98
1584626383542,20.98
1584626383542,20.98
1584626383542,20.98
1584626463871,20.92
1584626463871,20.92
1584626463871,20.92
1584626463871,20.92
1584626506665,20.9
1584626506665,20.9
1584626523360,20.91
1584626523360,20.91
1584626523360,20.91
1584626523360,20.91
1584626523360,20.91
1584626523360,20.91
1584626523360,20.91
1584626594960,20.955
1584626604763,20.95
1584626604763,20.95
1584626604763,20.95
1584626604763,20.95
1584626604763,20.95
1584626604763,20.95
1584626604763,20.95
1584626678289,20.925
1584626694855,20.94
1584626706018,20.94
1584626706018,20.94
1584626706018,20.94
1584626706018,20.94
1584626706018,20.94
1584626757121,20.99
1584626757121,20.99
1584626757121,20.99
1584626757121,20.99
1584626757121,20.99
1584626757121,20.99
1584626757121,20.99
1584626757121,20.99
1584626842322,20.94
1584626847879,20.96
1584626857962,20.93
1584626867460,20.935
1584626867460,20.935
1584626867460,20.935
1584626867460,20.935
1584626867460,20.935
1584626923021,20.96
1584626929266,20.96
1584626929266,20.96
1584626929266,20.96
1584626929266,20.96
1584626929266,20.96
1584626929266,20.96
1584626929266,20.96
1584626929266,20.96
1584626929266,20.96
1584626929266,20.96
1584626929266,20.96
1584626929266,20.96
1584626929266,20.96
1584626929266,20.96
1584626929266,20.96
1584626929266,20.96
1584626929266,20.96
1584626929266,20.96
1584626929266,20.96
1584626929266,20.96
1584626929266,20.96
1584626929266,20.96
1584626929266,20.96
1584626929266,20.96
1584626929266,20.96
1584626929266,20.96
1584626929266,20.96
1584626929266,20.96
1584626929266,20.96
1584626929266,20.96
1584626929266,20.96
1584626929266,20.96
1584626929266,20.96
1584627281241,21.16
1584627292977,21.15
1584627292977,21.15
1584627292977,21.15
1584627321161,21.16
1584627335050,21.165
1584627335050,21.165
1584627335050,21.165
1584627335050,21.165
1584627335050,21.165
1584627335050,21.165
1584627392901,21.14
1584627392901,21.14
1584627392901,21.14
1584627392901,21.14
1584627392901,21.14
1584627392901,21.14
1584627392901,21.14
1584627392901,21.14
1584627392901,21.14
1584627488901,21.14
1584627488901,21.14
1584627488901,21.14
1584627488901,21.14
1584627488901,21.14
1584627488901,21.14
1584627488901,21.14
1584627488901,21.14
1584627488901,21.14
1584627488901,21.14
1584627488901,21.14
1584627488901,21.14
1584627488901,21.14
1584627488901,21.14
1584627488901,21.14
1584627488901,21.14
1584627488901,21.14
1584627488901,21.14
1584627488901,21.14
1584627488901,21.14
1584627488901,21.14
1584627488901,21.14
1584627488901,21.14
1584627488901,21.14
1584627488901,21.14
1584627750038,21.04
1584627750038,21.04
1584627750038,21.04
1584627750038,21.04
1584627750038,21.04
1584627750038,21.04
1584627750038,21.04
1584627750038,21.04
1584627750038,21.04
1584627750038,21.04
1584627750038,21.04
1584627750038,21.04
1584627750038,21.04
1584627750038,21.04
1584627750038,21.04
1584627750038,21.04
1584627750038,21.04
1584627750038,21.04
1584627750038,21.04
1584627750038,21.04
1584627750038,21.04
1584627750038,21.04
1584627750038,21.04
1584627750038,21.04
1584627750038,21.04
1584627750038,21.04
1584627750038,21.04
1584627750038,21.04
1584627750038,21.04
1584627750038,21.04
1584627750038,21.04
1584627750038,21.04
1584627750038,21.04
1584628096432,21.17
1584628096432,21.17
1584628096432,21.17
1584628096432,21.17
1584628096432,21.17
1584628096432,21.17
1584628096432,21.17
1584628096432,21.17
1584628096432,21.17
1584628096432,21.17
1584628096432,21.17
1584628096432,21.17
1584628215687,21.14
1584628215687,21.14
1584628215687,21.14
1584628215687,21.14
1584628215687,21.14
1584628215687,21.14
1584628215687,21.14
1584628215687,21.14
1584628215687,21.14
1584628215687,21.14
1584628328956,21.18
1584628333924,21.18
1584628346874,21.18
1584628346874,21.18
1584628346874,21.18
1584628346874,21.18
1584628387790,21.19
1584628387790,21.19
1584628387790,21.19
1584628387790,21.19
1584628387790,21.19
1584628387790,21.19
1584628451228,21.29
1584628451228,21.29
1584628451228,21.29
1584628451228,21.29
1584628451228,21.29
1584628451228,21.29
1584628515543,21.27
1584628515543,21.27
1584628515543,21.27
1584628515543,21.27
1584628515543,21.27
1584628515543,21.27
1584628515543,21.27
1584628515543,21.27
1584628515543,21.27
1584628515543,21.27
1584628515543,21.27
1584628515543,21.27
1584628515543,21.27
1584628515543,21.27
1584628515543,21.27
1584628515543,21.27
1584628515543,21.27
1584628515543,21.27
1584628515543,21.27
1584628515543,21.27
1584628515543,21.27
1584628515543,21.27
1584628515543,21.27
1584628515543,21.27
1584628515543,21.27
1584628775207,21.03
1584628775207,21.03
1584628775207,21.03
1584628775207,21.03
1584628775207,21.03
1584628775207,21.03
1584628775207,21.03
1584628775207,21.03
1584628775207,21.03
1584628775207,21.03
1584628775207,21.03
1584628775207,21.03
1584628775207,21.03
1584628775207,21.03
1584628775207,21.03
1584628775207,21.03
1584628775207,21.03
1584628947541,21.03
1584628947541,21.03
1584628947541,21.03
1584628947541,21.03
1584628947541,21.03
1584628947541,21.03
1584628947541,21.03
1584628947541,21.03
1584628947541,21.03
1584629048899,21.07
1584629048899,21.07
1584629048899,21.07
1584629048899,21.07
1584629048899,21.07
1584629048899,21.07
1584629048899,21.07
1584629048899,21.07
1584629048899,21.07
1584629048899,21.07
1584629048899,21.07
1584629048899,21.07
1584629167705,21.1
1584629167705,21.1
1584629167705,21.1
1584629167705,21.1
1584629167705,21.1
1584629167705,21.1
1584629167705,21.1
1584629167705,21.1
1584629167705,21.1
1584629167705,21.1
1584629167705,21.1
1584629292543,21.005
1584629292543,21.005
1584629292543,21.005
1584629292543,21.005
1584629292543,21.005
1584629292543,21.005
1584629292543,21.005
1584629292543,21.005
1584629369210,20.98
1584629378203,20.985
1584629378203,20.985
1584629400194,20.94
1584629400194,20.94
1584629400194,20.94
1584629400194,20.94
1584629400194,20.94
1584629400194,20.94
1584629400194,20.94
1584629400194,20.94
1584629400194,20.94
1584629400194,20.94
1584629400194,20.94
1584629400194,20.94
1584629400194,20.94
1584629400194,20.94
1584629400194,20.94
1584629400194,20.94
1584629565834,20.87
1584629565834,20.87
1584629565834,20.87
1584629565834,20.87
1584629565834,20.87
1584629565834,20.87
1584629565834,20.87
1584629565834,20.87
1584629565834,20.87
1584629565834,20.87
1584629565834,20.87
1584629565834,20.87
1584629565834,20.87
1584629565834,20.87
1584629565834,20.87
1584629565834,20.87
1584629565834,20.87
1584629565834,20.87
1584629565834,20.87
1584629565834,20.87
1584629565834,20.87
1584629565834,20.87
1584629565834,20.87
1584629565834,20.87
1584629565834,20.87
1584629565834,20.87
1584629565834,20.87
1584629565834,20.87
1584629565834,20.87
1584629565834,20.87
1584629565834,20.87
1584629565834,20.87
1584629565834,20.87
1584629565834,20.87
1584629565834,20.87
1584629565834,20.87
1584629565834,20.87
1584629565834,20.87
1584629565834,20.87
1584629565834,20.87
1584629565834,20.87
1584629565834,20.87
1584629565834,20.87
1584630025325,20.975
1584630025325,20.975
1584630025325,20.975
1584630025325,20.975
1584630025325,20.975
1584630025325,20.975
1584630025325,20.975
1584630025325,20.975
1584630025325,20.975
1584630025325,20.975
1584630025325,20.975
1584630025325,20.975
1584630025325,20.975
1584630025325,20.975
1584630168266,20.99
1584630168266,20.99
1584630168266,20.99
1584630197253,20.995
1584630197253,20.995
1584630197253,20.995
1584630197253,20.995
1584630197253,20.995
1584630197253,20.995
1584630197253,20.995
1584630197253,20.995
1584630197253,20.995
1584630197253,20.995
1584630197253,20.995
1584630197253,20.995
1584630197253,20.995
1584630197253,20.995
1584630197253,20.995
1584630357317,20.92
1584630357317,20.92
1584630357317,20.92
1584630357317,20.92
1584630357317,20.92
1584630357317,20.92
1584630357317,20.92
1584630357317,20.92
1584630357317,20.92
1584630357317,20.92
1584630357317,20.92
1584630357317,20.92
1584630357317,20.92
1584630357317,20.92
1584630357317,20.92
1584630357317,20.92
1584630357317,20.92
1584630357317,20.92
1584630357317,20.92
1584630357317,20.92
1584630357317,20.92
1584630357317,20.92
1584630357317,20.92
1584630357317,20.92
1584630357317,20.92
1584630357317,20.92
1584630357317,20.92
1584630644584,20.89
1584630644584,20.89
1584630644584,20.89
1584630644584,20.89
1584630644584,20.89
1584630644584,20.89
1584630644584,20.89
1584630644584,20.89
1584630644584,20.89
1584630644584,20.89
1584630644584,20.89
1584630644584,20.89
1584630644584,20.89
1584630644584,20.89
1584630644584,20.89
1584630644584,20.89
1584630802702,20.97
1584630802702,20.97
1584630802702,20.97
1584630802702,20.97
1584630802702,20.97
1584630802702,20.97
1584630802702,20.97
1584630802702,20.97
1584630802702,20.97
1584630802702,20.97
1584630802702,20.97
1584630802702,20.97
1584630802702,20.97
1584630802702,20.97
1584630802702,20.97
1584630802702,20.97
1584630802702,20.97
1584630802702,20.97
1584630802702,20.97
1584630802702,20.97
1584630802702,20.97
1584630802702,20.97
1584630802702,20.97
1584630802702,20.97
1584630802702,20.97
1584630802702,20.97
1584630802702,20.97
1584630802702,20.97
1584630802702,20.97
1584630802702,20.97
1584630802702,20.97
1584630802702,20.97
1584630802702,20.97
1584630802702,20.97
1584630802702,20.97
1584630802702,20.97
1584630802702,20.97
1584630802702,20.97
1584630802702,20.97
1584630802702,20.97
1584630802702,20.97
1584630802702,20.97
1584630802702,20.97
1584630802702,20.97
1584630802702,20.97
1584630802702,20.97
1584630802702,20.97
1584630802702,20.97
1584630802702,20.97
1584630802702,20.97
1584630802702,20.97
1584630802702,20.97
1584630802702,20.97
1584630802702,20.97
1584630802702,20.97
1584630802702,20.97
1584630802702,20.97
1584630802702,20.97
1584630802702,20.97
1584630802702,20.97
1584630802702,20.97
1584630802702,20.97
1584630802702,20.97
1584630802702,20.97
1584630802702,20.97
1584631484995,21.01
1584631484995,21.01
1584631484995,21.01
1584631484995,21.01
1584631484995,21.01
1584631484995,21.01
1584631484995,21.01
1584631484995,21.01
1584631484995,21.01
1584631484995,21.01
1584631484995,21.01
1584631484995,21.01
1584631484995,21.01
1584631484995,21.01
1584631484995,21.01
1584631484995,21.01
1584631484995,21.01
1584631484995,21.01
1584631484995,21.01
1584631484995,21.01
1584631484995,21.01
1584631484995,21.01
1584631484995,21.01
1584631484995,21.01
1584631484995,21.01
1584631484995,21.01
1584631484995,21.01
1584631484995,21.01
1584631484995,21.01
1584631484995,21.01
1584631484995,21.01
1584631484995,21.01
1584631484995,21.01
1584631484995,21.01
1584631484995,21.01
1584631484995,21.01
1584631484995,21.01
1584631484995,21.01
1584631484995,21.01
1584631484995,21.01
1584631484995,21.01
1584631919746,21.07
1584631919746,21.07
1584631919746,21.07
1584631919746,21.07
1584631919746,21.07
1584631919746,21.07
1584631919746,21.07
1584631919746,21.07
1584631919746,21.07
1584631919746,21.07
1584631919746,21.07
1584631919746,21.07
1584631919746,21.07
1584631919746,21.07
1584631919746,21.07
1584631919746,21.07
1584631919746,21.07
1584631919746,21.07
1584631919746,21.07
1584631919746,21.07
1584631919746,21.07
1584631919746,21.07
1584631919746,21.07
1584632152386,21.11
1584632152386,21.11
1584632152386,21.11
1584632152386,21.11
1584632152386,21.11
1584632152386,21.11
1584632152386,21.11
1584632152386,21.11
1584632152386,21.11
1584632152386,21.11
1584632152386,21.11
1584632152386,21.11
1584632152386,21.11
1584632295126,21.175
1584632295126,21.175
1584632295126,21.175
1584632295126,21.175
1584632295126,21.175
1584632295126,21.175
1584632295126,21.175
1584632295126,21.175
1584632372886,21.09
1584632386278,21.07
1584632401108,21.065
1584632409897,21.08
1584632409897,21.08
1584632409897,21.08
1584632409897,21.08
1584632409897,21.08
1584632409897,21.08
1584632409897,21.08
1584632409897,21.08
1584632409897,21.08
1584632409897,21.08
1584632409897,21.08
1584632409897,21.08
1584632409897,21.08
1584632409897,21.08
1584632409897,21.08
1584632409897,21.08
1584632409897,21.08
1584632409897,21.08
1584632409897,21.08
1584632409897,21.08
1584632409897,21.08
1584632409897,21.08
1584632409897,21.08
1584632409897,21.08
1584632409897,21.08
1584632409897,21.08
1584632409897,21.08
1584632409897,21.08
1584632409897,21.08
1584632409897,21.08
1584632409897,21.08
1584632409897,21.08
1584632409897,21.08
1584632752007,21.085
1584632752007,21.085
1584632752007,21.085
1584632752007,21.085
1584632752007,21.085
1584632752007,21.085
1584632752007,21.085
1584632752007,21.085
1584632752007,21.085
1584632752007,21.085
1584632752007,21.085
1584632867065,21.08
1584632867065,21.08
1584632867065,21.08
1584632896981,21.075
1584632896981,21.075
1584632896981,21.075
1584632896981,21.075
1584632896981,21.075
1584632896981,21.075
1584632896981,21.075
1584632896981,21.075
1584632896981,21.075
1584632896981,21.075
1584632896981,21.075
1584632896981,21.075
1584632896981,21.075
1584632896981,21.075
1584632896981,21.075
1584632896981,21.075
1584632896981,21.075
1584632896981,21.075
1584632896981,21.075
1584632896981,21.075
1584632896981,21.075
1584632896981,21.075
1584632896981,21.075
1584632896981,21.075
1584632896981,21.075
1584632896981,21.075
1584632896981,21.075
1584632896981,21.075
1584632896981,21.075
1584632896981,21.075
1584632896981,21.075
1584632896981,21.075
1584632896981,21.075
1584632896981,21.075
1584632896981,21.075
1584632896981,21.075
1584632896981,21.075
1584632896981,21.075
1584632896981,21.075
1584632896981,21.075
1584632896981,21.075
1584632896981,21.075
1584632896981,21.075
1584632896981,21.075
1584632896981,21.075
1584632896981,21.075
1584632896981,21.075
1584632896981,21.075
1584632896981,21.075
1584632896981,21.075
1584632896981,21.075
1584632896981,21.075
1584632896981,21.075
1584632896981,21.075
1584632896981,21.075
1584632896981,21.075
1584632896981,21.075
1584632896981,21.075
1584632896981,21.075
1584632896981,21.075
1584632896981,21.075
1584632896981,21.075
1584632896981,21.075
1584632896981,21.075
1584632896981,21.075
1584632896981,21.075
1584632896981,21.075
1584632896981,21.075
1584632896981,21.075
1584632896981,21.075
1584632896981,21.075
1584632896981,21.075
1584632896981,21.075
1584632896981,21.075
1584632896981,21.075
1584632896981,21.075
1584632896981,21.075
1584632896981,21.075
1584632896981,21.075
1584632896981,21.075
1584632896981,21.075
1584633753672,20.925
1584633753672,20.925
1584633753672,20.925
1584633753672,20.925
1584633753672,20.925
1584633753672,20.925
1584633753672,20.925
1584633753672,20.925
1584633753672,20.925
1584633753672,20.925
1584633753672,20.925
1584633867247,20.89
1584633867247,20.89
1584633867247,20.89
1584633867247,20.89
1584633867247,20.89
1584633867247,20.89
1584633867247,20.89
1584633867247,20.89
1584633867247,20.89
1584633867247,20.89
1584633867247,20.89
1584633867247,20.89
1584633867247,20.89
1584633867247,20.89
1584633867247,20.89
1584633867247,20.89
1584633867247,20.89
1584633867247,20.89
1584633867247,20.89
1584633867247,20.89
1584633867247,20.89
1584633867247,20.89
1584633867247,20.89
1584634108521,20.91
1584634108521,20.91
1584634134025,20.89
1584634144879,20.9
1584634144879,20.9
1584634144879,20.9
1584634168414,20.89
1584634184990,20.86
1584634184990,20.86
1584634184990,20.86
1584634184990,20.86
1584634226426,20.85
1584634235260,20.85
1584634235260,20.85
1584634235260,20.85
1584634235260,20.85
1584634235260,20.85
1584634235260,20.85
1584634235260,20.85
1584634235260,20.85
1584634235260,20.85
1584634235260,20.85
1584634235260,20.85
1584634235260,20.85
1584634235260,20.85
1584634235260,20.85
1584634235260,20.85
1584634235260,20.85
1584634235260,20.85
1584634235260,20.85
1584634235260,20.85
1584634235260,20.85
1584634235260,20.85
1584634235260,20.85
1584634235260,20.85
1584634235260,20.85
1584634235260,20.85
1584634235260,20.85
1584634235260,20.85
1584634235260,20.85
1584634235260,20.85
1584634235260,20.85
1584634235260,20.85
1584634235260,20.85
1584634235260,20.85
1584634235260,20.85
1584634235260,20.85
1584634235260,20.85
1584634235260,20.85
1584634235260,20.85
1584634235260,20.85
1584634235260,20.85
1584634235260,20.85
1584634235260,20.85
1584634235260,20.85
1584634235260,20.85
1584634235260,20.85
1584634235260,20.85
1584634235260,20.85
1584634235260,20.85
1584634235260,20.85
1584634235260,20.85
1584634235260,20.85
1584634235260,20.85
1584634777957,20.895
1584634777957,20.895
1584634777957,20.895
1584634777957,20.895
1584634777957,20.895
1584634777957,20.895
1584634777957,20.895
1584634777957,20.895
1584634777957,20.895
1584634873562,20.935
1584634873562,20.935
1584634893957,20.915
1584634893957,20.915
1584634893957,20.915
1584634893957,20.915
1584634893957,20.915
1584634893957,20.915
1584634893957,20.915
1584634893957,20.915
1584634893957,20.915
1584634893957,20.915
1584634893957,20.915
1584634893957,20.915
1584634893957,20.915
1584634893957,20.915
1584634893957,20.915
1584634893957,20.915
1584634893957,20.915
1584634893957,20.915
1584634893957,20.915
1584634893957,20.915
1584634893957,20.915
1584634893957,20.915
1584634893957,20.915
1584634893957,20.915
1584634893957,20.915
1584634893957,20.915
1584634893957,20.915
1584634893957,20.915
1584634893957,20.915
1584634893957,20.915
1584634893957,20.915
1584635224652,20.78
1584635224652,20.78
1584635224652,20.78
1584635224652,20.78
1584635224652,20.78
1584635224652,20.78
1584635282760,20.8
1584635282760,20.8
1584635282760,20.8
1584635282760,20.8
1584635282760,20.8
1584635337699,20.83
1584635337699,20.83
1584635337699,20.83
1584635337699,20.83
1584635337699,20.83
1584635337699,20.83
1584635337699,20.83
1584635337699,20.83
1584635337699,20.83
1584635337699,20.83
1584635436085,20.86
1584635436085,20.86
1584635457347,20.85
1584635457347,20.85
1584635457347,20.85
1584635457347,20.85
1584635457347,20.85
1584635457347,20.85
1584635520146,20.8
1584635520146,20.8
1584635520146,20.8
1584635520146,20.8
1584635520146,20.8
1584635520146,20.8
1584635520146,20.8
1584635520146,20.8
1584635611310,20.78
1584635611310,20.78
1584635611310,20.78
1584635611310,20.78
1584635611310,20.78
1584635611310,20.78
1584635611310,20.78
1584635611310,20.78
1584635611310,20.78
1584635611310,20.78
1584635611310,20.78
1584635611310,20.78
1584635611310,20.78
1584635611310,20.78
1584635611310,20.78
1584635611310,20.78
1584635611310,20.78
1584635791682,20.8
1584635791682,20.8
1584635791682,20.8
1584635791682,20.8
1584635791682,20.8
1584635839389,20.775
1584635839389,20.775
1584635865348,20.79
1584635869858,20.775
1584635869858,20.775
1584635869858,20.775
1584635869858,20.775
1584635869858,20.775
1584635869858,20.775
1584635869858,20.775
1584635869858,20.775
1584635869858,20.775
1584635869858,20.775
1584635869858,20.775
1584635981926,20.775
1584635981926,20.775
1584635981926,20.775
1584635981926,20.775
1584635981926,20.775
1584635981926,20.775
1584635981926,20.775
1584635981926,20.775
1584635981926,20.775
1584636077275,20.855
1584636077275,20.855
1584636077275,20.855
1584636077275,20.855
1584636077275,20.855
1584636077275,20.855
1584636077275,20.855
1584636156443,20.89
1584636156443,20.89
1584636156443,20.89
1584636156443,20.89
1584636156443,20.89
1584636156443,20.89
1584636220184,20.9
1584636220184,20.9
1584636220184,20.9
1584636220184,20.9
1584636220184,20.9
1584636220184,20.9
1584636220184,20.9
1584636290570,20.87
1584636290570,20.87
1584636290570,20.87
1584636290570,20.87
1584636290570,20.87
1584636290570,20.87
1584636290570,20.87
1584636290570,20.87
1584636290570,20.87
1584636290570,20.87
1584636290570,20.87
1584636290570,20.87
1584636290570,20.87
1584636290570,20.87
1584636290570,20.87
1584636290570,20.87
1584636290570,20.87
1584636290570,20.87
1584636290570,20.87
1584636290570,20.87
1584636510096,20.95
1584636510096,20.95
1584636531622,20.965
1584636531622,20.965
1584636531622,20.965
1584636531622,20.965
1584636572410,20.95
1584636572410,20.95
1584636572410,20.95
1584636572410,20.95
1584636572410,20.95
1584636572410,20.95
1584636572410,20.95
1584636572410,20.95
1584636572410,20.95
1584636661232,20.96
1584636676969,20.96
1584636676969,20.96
1584636676969,20.96
1584636676969,20.96
1584636676969,20.96
1584636676969,20.96
1584636676969,20.96
1584636676969,20.96
1584636676969,20.96
1584636676969,20.96
1584636676969,20.96
1584636676969,20.96
1584636676969,20.96
1584636676969,20.96
1584636676969,20.96
1584636676969,20.96
1584636676969,20.96
1584636676969,20.96
1584636676969,20.96
1584636676969,20.96
1584636676969,20.96
1584636676969,20.96
1584636676969,20.96
1584636676969,20.96
1584636676969,20.96
1584636940865,21.04
1584636940865,21.04
1584636940865,21.04
1584636940865,21.04
1584636940865,21.04
1584636940865,21.04
1584636940865,21.04
1584636940865,21.04
1584636940865,21.04
1584636940865,21.04
1584636940865,21.04
1584636940865,21.04
1584636940865,21.04
1584636940865,21.04
1584636940865,21.04
1584636940865,21.04
1584636940865,21.04
1584636940865,21.04
1584637128277,20.98
1584637128277,20.98
1584637128277,20.98
1584637128277,20.98
1584637128277,20.98
1584637128277,20.98
1584637128277,20.98
1584637128277,20.98
1584637128277,20.98
1584637128277,20.98
1584637128277,20.98
1584637128277,20.98
1584637128277,20.98
1584637128277,20.98
1584637128277,20.98
1584637128277,20.98
1584637128277,20.98
1584637128277,20.98
1584637128277,20.98
1584637128277,20.98
1584637128277,20.98
1584637128277,20.98
1584637128277,20.98
1584637128277,20.98
1584637128277,20.98
1584637128277,20.98
1584637128277,20.98
1584637128277,20.98
1584637128277,20.98
1584637128277,20.98
1584637128277,20.98
1584637128277,20.98
1584637128277,20.98
1584637128277,20.98
1584637128277,20.98
1584637128277,20.98
1584637128277,20.98
1584637128277,20.98
1584637128277,20.98
1584637128277,20.98
1584637128277,20.98
1584637128277,20.98
1584637128277,20.98
1584637128277,20.98
1584637128277,20.98
1584637128277,20.98
1584637128277,20.98
1584637128277,20.98
1584637128277,20.98
1584637128277,20.98
1584637128277,20.98
1584637128277,20.98
1584637128277,20.98
1584637128277,20.98
1584637128277,20.98
1584637128277,20.98
1584637128277,20.98
1584637128277,20.98
1584637128277,20.98
1584637128277,20.98
1584637128277,20.98
1584637128277,20.98
1584637128277,20.98
1584637128277,20.98
1584637128277,20.98
1584637128277,20.98
1584637128277,20.98
1584637128277,20.98
1584637128277,20.98
1584637128277,20.98
1584637128277,20.98
1584637128277,20.98
1584637128277,20.98
1584637128277,20.98
1584637128277,20.98
1584637128277,20.98
1584637128277,20.98
1584637128277,20.98
1584637128277,20.98
1584637128277,20.98
1584637128277,20.98
1584637128277,20.98
1584637128277,20.98
1584637128277,20.98
1584637128277,20.98
1584637128277,20.98
1584637128277,20.98
1584637128277,20.98
1584637128277,20.98
1584637128277,20.98
1584637128277,20.98
1584637128277,20.98
1584637128277,20.98
1584637128277,20.98
1584637128277,20.98
1584637128277,20.98
1584637128277,20.98
1584637128277,20.98
1584637128277,20.98
1584637128277,20.98
1584637128277,20.98
1584637128277,20.98
1584637128277,20.98
1584637128277,20.98
1584637128277,20.98
1584637128277,20.98
1584637128277,20.98
1584637128277,20.98
1584637128277,20.98
1584638279653,20.955
1584638279653,20.955
1584638279653,20.955
1584638312957,20.925
1584638312957,20.925
1584638312957,20.925
1584638312957,20.925
1584638312957,20.925
1584638312957,20.925
1584638312957,20.925
1584638312957,20.925
1584638312957,20.925
1584638312957,20.925
1584638312957,20.925
1584638312957,20.925
1584638440154,20.94
1584638440154,20.94
1584638440154,20.94
1584638440154,20.94
1584638440154,20.94
1584638440154,20.94
1584638440154,20.94
1584638440154,20.94
1584638440154,20.94
1584638440154,20.94
1584638440154,20.94
1584638440154,20.94
1584638440154,20.94
1584638440154,20.94
1584638440154,20.94
1584638440154,20.94
1584638440154,20.94
1584638440154,20.94
1584638627215,20.94
1584638627215,20.94
1584638627215,20.94
1584638627215,20.94
1584638627215,20.94
1584638627215,20.94
1584638627215,20.94
1584638627215,20.94
1584638627215,20.94
1584638627215,20.94
1584638627215,20.94
1584638627215,20.94
1584638627215,20.94
1584638627215,20.94
1584638627215,20.94
1584638627215,20.94
1584638801915,20.94
1584638801915,20.94
1584638801915,20.94
1584638829860,20.94
1584638829860,20.94
1584638829860,20.94
1584638829860,20.94
1584638829860,20.94
1584638829860,20.94
1584638886871,20.92
1584638886871,20.92
1584638886871,20.92
1584638886871,20.92
1584638886871,20.92
1584638886871,20.92
1584638886871,20.92
1584638886871,20.92
1584638886871,20.92
1584638886871,20.92
1584638886871,20.92
1584638886871,20.92
1584638886871,20.92
1584638886871,20.92
1584638886871,20.92
1584638886871,20.92
1584638886871,20.92
1584638886871,20.92
1584638886871,20.92
1584638886871,20.92
1584638886871,20.92
1584638886871,20.92
1584638886871,20.92
1584638886871,20.92
1584638886871,20.92
1584638886871,20.92
1584638886871,20.92
1584639176480,20.91
1584639176480,20.91
1584639176480,20.91
1584639176480,20.91
1584639176480,20.91
1584639176480,20.91
1584639176480,20.91
1584639176480,20.91
1584639176480,20.91
1584639176480,20.91
1584639176480,20.91
1584639176480,20.91
1584639176480,20.91
1584639176480,20.91
1584639176480,20.91
1584639176480,20.91
1584639176480,20.91
1584639176480,20.91
1584639176480,20.91
1584639176480,20.91
1584639176480,20.91
1584639398522,20.92
1584639398522,20.92
1584639398522,20.92
1584639398522,20.92
1584639398522,20.92
1584639398522,20.92
1584639398522,20.92
1584639398522,20.92
1584639398522,20.92
1584639398522,20.92
1584639398522,20.92
1584639398522,20.92
1584639398522,20.92
1584639398522,20.92
1584639398522,20.92
1584639398522,20.92
1584639398522,20.92
1584639398522,20.92
1584639398522,20.92
1584639398522,20.92
1584639398522,20.92
1584639398522,20.92
1584639398522,20.92
1584639398522,20.92
1584639398522,20.92
1584639398522,20.92
1584639398522,20.92
1584639398522,20.92
1584639398522,20.92
1584639398522,20.92
1584639398522,20.92
1584639398522,20.92
1584639398522,20.92
1584639398522,20.92
1584639398522,20.92
1584639398522,20.92
1584639398522,20.92
1584639398522,20.92
1584639398522,20.92
1584639398522,20.92
1584639398522,20.92
1584639398522,20.92
1584639398522,20.92
1584639398522,20.92
1584639398522,20.92
1584639398522,20.92
1584639398522,20.92
1584639398522,20.92
1584639398522,20.92
1584639398522,20.92
1584639398522,20.92
1584639398522,20.92
1584639398522,20.92
1584639398522,20.92
1584639398522,20.92
1584639398522,20.92
1584639398522,20.92
1584639398522,20.92
1584639398522,20.92
1584639398522,20.92
1584639398522,20.92
1584639398522,20.92
1584639398522,20.92
1584639398522,20.92
1584639398522,20.92
1584639398522,20.92
1584639398522,20.92
1584639398522,20.92
1584639398522,20.92
1584639398522,20.92
1584639398522,20.92
1584639398522,20.92
1584639398522,20.92
1584639398522,20.92
1584639398522,20.92
1584639398522,20.92
1584639398522,20.92
1584639398522,20.92
1584639398522,20.92
1584639398522,20.92
1584639398522,20.92
1584639398522,20.92
1584639398522,20.92
1584639398522,20.92
1584639398522,20.92
1584639398522,20.92
1584640305256,21.1
1584640305256,21.1
1584640305256,21.1
1584640305256,21.1
1584640305256,21.1
1584640305256,21.1
1584640305256,21.1
1584640305256,21.1
1584640305256,21.1
1584640305256,21.1
1584640305256,21.1
1584640305256,21.1
1584640305256,21.1
1584640305256,21.1
1584640450090,21.12
1584640459769,21.125
1584640472992,21.1
1584640472992,21.1
1584640472992,21.1
1584640472992,21.1
1584640472992,21.1
1584640472992,21.1
1584640472992,21.1
1584640472992,21.1
1584640472992,21.1
1584640472992,21.1
1584640472992,21.1
1584640472992,21.1
1584640472992,21.1
1584640472992,21.1
1584640472992,21.1
1584640630445,21.15
1584640630445,21.15
1584640649317,21.14
1584640649317,21.14
1584640649317,21.14
1584640649317,21.14
1584640649317,21.14
1584640649317,21.14
1584640713585,21.1
1584640713585,21.1
1584640713585,21.1
1584640713585,21.1
1584640713585,21.1
1584640713585,21.1
1584640713585,21.1
1584640713585,21.1
1584640713585,21.1
1584640713585,21.1
1584640815949,21.1
1584640815949,21.1
1584640815949,21.1
1584640815949,21.1
1584640815949,21.1
1584640815949,21.1
1584640815949,21.1
1584640815949,21.1
1584640815949,21.1
1584640815949,21.1
1584640815949,21.1
1584640815949,21.1
1584640815949,21.1
1584640815949,21.1
1584640815949,21.1
1584640815949,21.1
1584640815949,21.1
1584640815949,21.1
1584640815949,21.1
1584640815949,21.1
1584640815949,21.1
1584641035735,21.08
1584641035735,21.08
1584641035735,21.08
1584641035735,21.08
1584641035735,21.08
1584641035735,21.08
1584641035735,21.08
1584641035735,21.08
1584641035735,21.08
1584641035735,21.08
1584641035735,21.08
1584641035735,21.08
1584641035735,21.08
1584641035735,21.08
1584641035735,21.08
1584641035735,21.08
1584641035735,21.08
1584641035735,21.08
1584641035735,21.08
1584641035735,21.08
1584641035735,21.08
1584641035735,21.08
1584641035735,21.08
1584641035735,21.08
1584641035735,21.08
1584641035735,21.08
1584641035735,21.08
1584641035735,21.08
1584641035735,21.08
1584641035735,21.08
1584641361288,21.09
1584641361288,21.09
1584641361288,21.09
1584641361288,21.09
1584641361288,21.09
1584641361288,21.09
1584641361288,21.09
1584641361288,21.09
1584641361288,21.09
1584641361288,21.09
1584641361288,21.09
1584641361288,21.09
1584641361288,21.09
1584641361288,21.09
1584641361288,21.09
1584641361288,21.09
1584641361288,21.09
1584641361288,21.09
1584641361288,21.09
1584641361288,21.09
1584641361288,21.09
1584641361288,21.09
1584641361288,21.09
1584641361288,21.09
1584641361288,21.09
1584641361288,21.09
1584641361288,21.09
1584641361288,21.09
1584641361288,21.09
1584641361288,21.09
1584641361288,21.09
1584641681282,21.11
1584641681282,21.11
1584641681282,21.11
1584641681282,21.11
1584641681282,21.11
1584641681282,21.11
1584641681282,21.11
1584641681282,21.11
1584641681282,21.11
1584641681282,21.11
1584641681282,21.11
1584641681282,21.11
1584641681282,21.11
1584641824646,21.115
1584641824646,21.115
1584641824646,21.115
1584641824646,21.115
1584641824646,21.115
1584641824646,21.115
1584641824646,21.115
1584641824646,21.115
1584641824646,21.115
1584641824646,21.115
1584641824646,21.115
1584641824646,21.115
1584641824646,21.115
1584641824646,21.115
1584641824646,21.115
1584641824646,21.115
1584641824646,21.115
1584641824646,21.115
1584641824646,21.115
1584641824646,21.115
1584641824646,21.115
1584641824646,21.115
1584641824646,21.115
1584641824646,21.115
1584641824646,21.115
1584641824646,21.115
1584641824646,21.115
1584641824646,21.115
1584641824646,21.115
1584641824646,21.115
1584641824646,21.115
1584641824646,21.115
1584641824646,21.115
1584641824646,21.115
1584641824646,21.115
1584641824646,21.115
1584642196427,21.165
1584642196427,21.165
1584642196427,21.165
1584642196427,21.165
1584642196427,21.165
1584642196427,21.165
1584642196427,21.165
1584642196427,21.165
1584642196427,21.165
1584642196427,21.165
1584642196427,21.165
1584642196427,21.165
1584642196427,21.165
1584642196427,21.165
1584642196427,21.165
1584642196427,21.165
1584642196427,21.165
1584642196427,21.165
1584642196427,21.165
1584642196427,21.165
1584642196427,21.165
1584642421165,21.18
1584642421165,21.18
1584642421165,21.18
1584642421165,21.18
1584642421165,21.18
1584642476494,21.18
1584642476494,21.18
1584642476494,21.18
1584642476494,21.18
1584642476494,21.18
1584642476494,21.18
1584642476494,21.18
1584642476494,21.18
1584642476494,21.18
1584642476494,21.18
1584642476494,21.18
1584642476494,21.18
1584642476494,21.18
1584642476494,21.18
1584642476494,21.18
1584642476494,21.18
1584642476494,21.18
1584642476494,21.18
1584642476494,21.18
1584642476494,21.18
1584642476494,21.18
1584642476494,21.18
1584642476494,21.18
1584642476494,21.18
1584642476494,21.18
1584642476494,21.18
1584642476494,21.18
1584642476494,21.18
1584642476494,21.18
1584642476494,21.18
1584642476494,21.18
1584642476494,21.18
1584642476494,21.18
1584642476494,21.18
1584642476494,21.18
1584642476494,21.18
1584642476494,21.18
1584642476494,21.18
1584642476494,21.18
1584642476494,21.18
1584642476494,21.18
1584642476494,21.18
1584642476494,21.18
1584642476494,21.18
1584642476494,21.18
1584642476494,21.18
1584642476494,21.18
1584642476494,21.18
1584642476494,21.18
1584642476494,21.18
1584642476494,21.18
1584642476494,21.18
1584642476494,21.18
1584642476494,21.18
1584642476494,21.18
1584642476494,21.18
1584642476494,21.18
1584642476494,21.18
1584642476494,21.18
1584642476494,21.18
1584642476494,21.18
1584642476494,21.18
1584642476494,21.18
1584642476494,21.18
1584642476494,21.18
1584642476494,21.18
1584642476494,21.18
1584642476494,21.18
1584642476494,21.18
1584642476494,21.18
1584642476494,21.18
1584642476494,21.18
1584642476494,21.18
1584642476494,21.18
1584642476494,21.18
1584642476494,21.18
1584642476494,21.18
1584642476494,21.18
1584642476494,21.18
1584643303951,21.34
1584643303951,21.34
1584643303951,21.34
1584643303951,21.34
1584643303951,21.34
1584643303951,21.34
1584643303951,21.34
1584643380484,21.38
1584643380484,21.38
1584643380484,21.38
1584643380484,21.38
1584643380484,21.38
1584643380484,21.38
1584643380484,21.38
1584643380484,21.38
1584643380484,21.38
1584643380484,21.38
1584643380484,21.38
1584643380484,21.38
1584643380484,21.38
1584643380484,21.38
1584643380484,21.38
1584643380484,21.38
1584643380484,21.38
1584643380484,21.38
1584643380484,21.38
1584643380484,21.38
1584643594214,21.375
1584643594214,21.375
1584643619604,21.38
1584643619604,21.38
1584643619604,21.38
1584643653790,21.395
1584643653790,21.395
1584643653790,21.395
1584643653790,21.395
1584643653790,21.395
1584643653790,21.395
1584643653790,21.395
1584643653790,21.395
1584643653790,21.395
1584643741215,21.47
1584643741215,21.47
1584643741215,21.47
1584643741215,21.47
1584643741215,21.47
1584643741215,21.47
1584643741215,21.47
1584643741215,21.47
1584643741215,21.47
1584643741215,21.47
1584643852095,21.5
1584643852095,21.5
1584643852095,21.5
1584643852095,21.5
1584643852095,21.5
1584643852095,21.5
1584643852095,21.5
1584643852095,21.5
1584643852095,21.5
1584643941314,21.41
1584643941314,21.41
1584643941314,21.41
1584643941314,21.41
1584643941314,21.41
1584643941314,21.41
1584643941314,21.41
1584643941314,21.41
1584643941314,21.41
1584643941314,21.41
1584643941314,21.41
1584643941314,21.41
1584643941314,21.41
1584643941314,21.41
1584643941314,21.41
1584644095220,21.35
1584644095220,21.35
1584644095220,21.35
1584644095220,21.35
1584644095220,21.35
1584644095220,21.35
1584644095220,21.35
1584644095220,21.35
1584644095220,21.35
1584644095220,21.35
1584644095220,21.35
1584644095220,21.35
1584644095220,21.35
1584644095220,21.35
1584644095220,21.35
1584644095220,21.35
1584644095220,21.35
1584644095220,21.35
1584644095220,21.35
1584644095220,21.35
1584644095220,21.35
1584644095220,21.35
1584644333837,21.32
1584644333837,21.32
1584644333837,21.32
1584644333837,21.32
1584644333837,21.32
1584644333837,21.32
1584644333837,21.32
