1582641060961,56.65
1582641069489,56.59
1582641078731,56.6
1582641094373,56.58
1582641094373,56.58
1582641115610,56.57
1582641126040,56.54
1582641132804,56.46
1582641148323,56.45
1582641153160,56.41
1582641161985,56.435
1582641176839,56.425
1582641187280,56.46
1582641199016,56.47
1582641203487,56.56
1582641203487,56.56
1582641223845,56.515
1582641223845,56.515
1582641248319,56.49
1582641256994,56.49
1582641256994,56.49
1582641283508,56.485
1582641290319,56.48
1582641290319,56.48
1582641312180,56.48
1582641322340,56.43
1582641333665,56.4
1582641348730,56.41
1582641353169,56.36
1582641364727,56.355
1582641364727,56.355
1582641364727,56.355
1582641395265,56.36
1582641408129,56.29
1582641408129,56.29
1582641408129,56.29
1582641408129,56.29
1582641408129,56.29
1582641408129,56.29
1582641471727,56.35
1582641471727,56.35
1582641490852,56.42
1582641501195,56.34
1582641513741,56.36
1582641530254,56.33
1582641530254,56.33
1582641548642,56.4
1582641558533,56.345
1582641574560,56.38
1582641584672,56.375
1582641596456,56.38
1582641604151,56.375
1582641604151,56.375
1582641604151,56.375
1582641638679,56.355
1582641648022,56.34
1582641648022,56.34
1582641665661,56.345
1582641665661,56.345
1582641665661,56.345
1582641703294,56.425
1582641705644,56.405
1582641721737,56.425
1582641736591,56.415
1582641742628,56.385
1582641755234,56.445
1582641761217,56.42
1582641776921,56.375
1582641787849,56.37
1582641787849,56.37
1582641807222,56.36
1582641817542,56.33
1582641830548,56.28
1582641830548,56.28
1582641850849,56.3
1582641862330,56.285
1582641869486,56.275
1582641885189,56.22
1582641895027,56.185
1582641902348,56.18
1582641902348,56.18
1582641927350,56.11
1582641927350,56.11
1582641951456,56.15
1582641959041,56.185
1582641971804,56.175
1582641981341,56.22
1582641981341,56.22
1582642004173,56.08
1582642015065,56.065
1582642023569,56.035
1582642023569,56.035
1582642045214,56.04
1582642061866,55.985
1582642061866,55.985
1582642081813,55.97
1582642091005,55.99
1582642102534,55.955
1582642111594,55.975
1582642126044,55.97
1582642134260,55.96
1582642149163,55.94
1582642158532,55.97
1582642158532,55.97
1582642158532,55.97
1582642158532,55.97
1582642201638,56.015
1582642214554,55.945
1582642220111,55.93
1582642231503,55.91
1582642245451,55.93
1582642245451,55.93
1582642267637,55.96
1582642277700,55.95
1582642288583,55.9
1582642301334,55.85
1582642304831,55.865
1582642323954,55.91
1582642335418,55.94
1582642345605,56.01
1582642345605,56.01
1582642345605,56.01
1582642375174,56.04
1582642375174,56.04
1582642375174,56.04
1582642405382,56.035
1582642405382,56.035
1582642405382,56.035
1582642439313,56.115
1582642455529,56.075
1582642463218,56.105
1582642474176,56.09
1582642474176,56.09
1582642474176,56.09
1582642511268,56.055
1582642511268,56.055
1582642537099,55.995
1582642547106,55.985
1582642556041,55.955
1582642562299,55.95
1582642575110,55.98
1582642588199,56
1582642598974,56.025
1582642608154,55.995
1582642608154,55.995
1582642624203,56.01
1582642643256,56.025
1582642643256,56.025
1582642643256,56.025
1582642668371,56.055
1582642685698,56.06
1582642685698,56.06
1582642704457,56.09
1582642715160,56.085
1582642725804,56.115
1582642732827,56.115
1582642749747,56.105
1582642749747,56.105
1582642773484,56.1
1582642779199,56.12
1582642789692,56.12
1582642805837,56.06
1582642805837,56.06
1582642805837,56.06
1582642841731,56.105
1582642841731,56.105
1582642841731,56.105
1582642841731,56.105
1582642878221,56.12
1582642893932,56.08
1582642893932,56.08
1582642915575,56.02
1582642915575,56.02
1582642937517,56.01
1582642937517,56.01
1582642963434,56
1582642969726,56.03
1582642985819,56.03
1582642988841,56.03
1582643007020,56.02
1582643017010,55.98
1582643017010,55.98
1582643039049,55.99
1582643043814,55.99
1582643043814,55.99
1582643043814,55.99
1582643043814,55.99
1582643043814,55.99
1582643043814,55.99
1582643043814,55.99
1582643123876,55.98
1582643130118,55.965
1582643130118,55.965
1582643130118,55.965
1582643130118,55.965
1582643130118,55.965
1582643130118,55.965
1582643130118,55.965
1582643130118,55.965
1582643130118,55.965
1582643130118,55.965
1582643130118,55.965
1582643249957,56.01
1582643249957,56.01
1582643249957,56.01
1582643277228,55.965
1582643298303,55.96
1582643298303,55.96
1582643298303,55.96
1582643298303,55.96
1582643331288,55.935
1582643331288,55.935
1582643353248,55.915
1582643372109,55.91
1582643372109,55.91
1582643389377,55.98
1582643389377,55.98
1582643408314,55.97
1582643424174,55.95
1582643431785,55.95
1582643445704,55.945
1582643454635,55.94
1582643467245,55.985
1582643475370,56.005
1582643488347,56.035
1582643488347,56.035
1582643506516,56.06
1582643518875,56.08
1582643522717,56.075
1582643540233,56.1
1582643540233,56.1
1582643555872,56.065
1582643566730,56.03
1582643585694,55.965
1582643587782,55.98
1582643598963,55.945
1582643598963,55.945
1582643598963,55.945
1582643634877,55.94
1582643648447,55.92
1582643656097,55.91
1582643656097,55.91
1582643656097,55.91
1582643656097,55.91
1582643705510,55.965
1582643716745,55.99
1582643720012,55.995
1582643737967,55.995
1582643737967,55.995
1582643737967,55.995
1582643766416,55.95
1582643777115,55.965
1582643790021,55.99
1582643790021,55.99
1582643812993,55.95
1582643821530,55.925
1582643821530,55.925
1582643844984,55.9
1582643860292,55.9
1582643860456,55.9
1582643860456,55.9
1582643886247,55.87
1582643906007,56.05
1582643911433,55.965
1582643923553,55.97
1582643923553,55.97
1582643941635,56.01
1582643959145,56.01
1582643959145,56.01
1582643959145,56.01
1582643959145,56.01
1582643959145,56.01
1582643959145,56.01
1582643959145,56.01
1582643959145,56.01
1582643959145,56.01
1582644058972,55.97
1582644058972,55.97
1582644082675,55.98
1582644087540,55.98
1582644102150,55.97
1582644102150,55.97
1582644124577,55.97
1582644127988,55.965
1582644138028,55.98
1582644158946,55.98
1582644158946,55.98
1582644179128,55.93
1582644192358,55.91
1582644197570,55.92
1582644197570,55.92
1582644224873,55.88
1582644224873,55.88
1582644224873,55.88
1582644256805,55.87
1582644257428,55.86
1582644278237,55.84
1582644286054,55.82
1582644294598,55.84
1582644308771,55.795
1582644318745,55.76
1582644330824,55.68
1582644339565,55.665
1582644350211,55.685
1582644358235,55.695
1582644370218,55.705
1582644380351,55.665
1582644394230,55.65
1582644396776,55.665
1582644406114,55.665
1582644419851,55.695
1582644419851,55.695
1582644437195,55.65
1582644456053,55.645
1582644456053,55.645
1582644475204,55.6
1582644487383,55.62
1582644487383,55.62
1582644487383,55.62
1582644515995,55.655
1582644522432,55.69
1582644522432,55.69
1582644545528,55.705
1582644561402,55.725
1582644572228,55.65
1582644572228,55.65
1582644594151,55.59
1582644604215,55.62
1582644604215,55.62
1582644604215,55.62
1582644604215,55.62
1582644649416,55.67
1582644672872,55.685
1582644672872,55.685
1582644672872,55.685
1582644695053,55.67
1582644695053,55.67
1582644695053,55.67
1582644736799,55.72
1582644750694,55.68
1582644750694,55.68
1582644766143,55.65
1582644766143,55.65
1582644766143,55.65
1582644804196,55.62
1582644804196,55.62
1582644829014,55.635
1582644834209,55.65
1582644844811,55.615
1582644868659,55.68
1582644887547,55.69
1582644907150,55.675
1582644932553,55.7
1582644948825,55.73
1582644960714,55.74
1582644997123,55.735
1582645007697,55.725
1582645029201,55.78
1582645029201,55.78
1582645029201,55.78
1582645065747,55.79
1582645077483,55.785
1582645096737,55.82
1582645096737,55.82
1582645122011,55.785
1582645122011,55.785
1582645139404,55.805
1582645169345,55.745
1582645169345,55.745
1582645199547,55.72
1582645215012,55.7
1582645228210,55.695
1582645240373,55.68
1582645247010,55.67
1582645257116,55.685
1582645257116,55.685
1582645257116,55.685
1582645257116,55.685
1582645317468,55.715
1582645327481,55.7
1582645327481,55.7
1582645350278,55.68
1582645370498,55.7
1582645370498,55.7
1582645370498,55.7
1582645420634,55.67
1582645449363,55.715
1582645461614,55.715
1582645465577,55.715
1582645481164,55.695
1582645481164,55.695
1582645517933,55.68
1582645525987,55.7
1582645525987,55.7
1582645564022,55.635
1582645578688,55.63
1582645590647,55.615
1582645608654,55.615
1582645608654,55.615
1582645628741,55.58
1582645650993,55.58
1582645670103,55.575
1582645688493,55.555
1582645696412,55.56
1582645723188,55.535
1582645734427,55.465
1582645740029,55.51
1582645740029,55.51
1582645764675,55.52
1582645776521,55.49
1582645788906,55.48
1582645788906,55.48
1582645814846,55.47
1582645814846,55.47
1582645845122,55.44
1582646316970,55.41
1582646343393,55.44
1582646343393,55.44
1582646363747,55.45
1582646363747,55.45
1582646363747,55.45
1582646396254,55.475
1582646401521,55.47
1582646401521,55.47
1582646401521,55.47
1582646401521,55.47
1582646401521,55.47
1582646460583,55.51
1582646464540,55.53
1582646472708,55.52
1582646472708,55.52
1582646472708,55.52
1582646472708,55.52
1582646521058,55.5
1582646521058,55.5
1582646521058,55.5
1582646556718,55.43
1582646556718,55.43
1582646556718,55.43
1582646584352,55.415
1582646594244,55.4
1582646612277,55.35
1582646616734,55.36
1582646616734,55.36
1582646641137,55.32
1582646654138,55.31
1582646663600,55.31
1582646674061,55.3
1582646677458,55.3
1582646692078,55.31
1582646705140,55.3
1582646707782,55.32
1582646727865,55.375
1582646734862,55.39
1582646749095,55.35
1582646755985,55.355
1582646767467,55.335
1582646778755,55.335
1582646778755,55.335
1582646778755,55.335
1582646809772,55.36
1582646814188,55.36
1582646814188,55.36
1582646814188,55.36
1582646852155,55.35
1582646852155,55.35
1582646870929,55.38
1582646884255,55.375
1582646897643,55.415
1582646901254,55.415
1582646901254,55.415
1582646901254,55.415
1582646940588,55.38
1582646949949,55.33
1582646958033,55.34
1582646958033,55.34
1582646958033,55.34
1582646958033,55.34
1582646958033,55.34
1582647005713,55.35
1582647023783,55.4
1582647024492,55.4
1582647024492,55.4
1582647054484,55.37
1582647054484,55.37
1582647054484,55.37
1582647085421,55.375
1582647096618,55.43
1582647106554,55.44
1582647115007,55.395
1582647115007,55.395
1582647115007,55.395
1582647115007,55.395
1582647153019,55.36
1582647162720,55.36
1582647179404,55.36
1582647179404,55.36
1582647202682,55.36
1582647202682,55.36
1582647224476,55.36
1582647224476,55.36
1582647243647,55.365
1582647243647,55.365
1582647266927,55.36
1582647273177,55.38
1582647273177,55.38
1582647289744,55.37
1582647300157,55.39
1582647312007,55.385
1582647323352,55.41
1582647323352,55.41
1582647350367,55.39
1582647350367,55.39
1582647350367,55.39
1582647382308,55.33
1582647389545,55.37
1582647389545,55.37
1582647389545,55.37
1582647421815,55.355
1582647428303,55.36
1582647446027,55.34
1582647455899,55.33
1582647466050,55.32
1582647472471,55.3
1582647480387,55.32
1582647480387,55.32
1582647499211,55.315
1582647516432,55.33
1582647516432,55.33
1582647538075,55.285
1582647538075,55.285
1582647552754,55.265
1582647574546,55.32
1582647574546,55.32
1582647590101,55.34
1582647601014,55.31
1582647601014,55.31
1582647621590,55.31
1582647634598,55.33
1582647641871,55.31
1582647651177,55.31
1582647668551,55.34
1582647678832,55.33
1582647678832,55.33
1582647678832,55.33
1582647678832,55.33
1582647678832,55.33
1582647727794,55.29
1582647738954,55.3
1582647744996,55.32
1582647759282,55.35
1582647765706,55.36
1582647765706,55.36
1582647765706,55.36
1582647806848,55.395
1582647813276,55.37
1582647813276,55.37
1582647813276,55.37
1582647843040,55.36
1582647843040,55.36
1582647843040,55.36
1582647843040,55.36
1582647880990,55.35
1582647880990,55.35
1582647880990,55.35
1582647915913,55.35
1582647926398,55.36
1582647939945,55.37
1582647951347,55.38
1582647962266,55.385
1582647970382,55.38
1582647970382,55.38
1582647996093,55.38
1582648000035,55.37
1582648000035,55.37
1582648019523,55.35
1582648038129,55.36
1582648038129,55.36
1582648059904,55.37
1582648062652,55.37
1582648062652,55.37
1582648085143,55.37
1582648098750,55.38
1582648108909,55.38
1582648108909,55.38
1582648124431,55.43
1582648134324,55.44
1582648134324,55.44
1582648134324,55.44
1582648172769,55.46
1582648172769,55.46
1582648172769,55.46
1582648172769,55.46
1582648172769,55.46
1582648228532,55.46
1582648228532,55.46
1582648228532,55.46
1582648259789,55.41
1582648266388,55.425
1582648266388,55.425
1582648290667,55.37
1582648297593,55.4
1582648307493,55.42
1582648307493,55.42
1582648334330,55.45
1582648338113,55.445
1582648353469,55.445
1582648359440,55.43
1582648373765,55.45
1582648373765,55.45
1582648373765,55.45
1582648373765,55.45
1582648408969,55.47
1582648421999,55.46
1582648421999,55.46
1582648442487,55.44
1582648442487,55.44
1582648466944,55.415
1582648480414,55.435
1582648489973,55.415
1582648500918,55.41
1582648500918,55.41
1582648512369,55.39
1582648526302,55.37
1582648526302,55.37
1582648526302,55.37
1582648526302,55.37
1582648568764,55.36
1582648568764,55.36
1582648591592,55.365
1582648591592,55.365
1582648606498,55.35
1582648606498,55.35
1582648633749,55.38
1582648644874,55.39
1582648644874,55.39
1582648644874,55.39
1582648644874,55.39
1582648681056,55.42
1582648697710,55.41
1582648697710,55.41
1582648710638,55.435
1582648710638,55.435
1582648710638,55.435
1582648710638,55.435
1582648710638,55.435
1582648769574,55.37
1582648769574,55.37
1582648790519,55.365
1582648790519,55.365
1582648804883,55.36
1582648817916,55.33
1582648833565,55.33
1582648837396,55.325
1582648837396,55.325
1582648864967,55.28
1582648876222,55.305
1582648882620,55.275
1582648888237,55.28
1582648897590,55.28
1582648912129,55.255
1582648912129,55.255
1582648912129,55.255
1582648941389,55.3
1582648941389,55.3
1582648941389,55.3
1582648973056,55.27
1582648973056,55.27
1582648973056,55.27
1582648973056,55.27
1582649013503,55.29
1582649013503,55.29
1582649013503,55.29
1582649046948,55.265
1582649046948,55.265
1582649073731,55.26
1582649073731,55.26
1582649095340,55.225
1582649102483,55.235
1582649102483,55.235
1582649102483,55.235
1582649131075,55.245
1582649131075,55.245
1582649155494,55.22
1582649162678,55.23
1582649162678,55.23
1582649162678,55.23
1582649162678,55.23
1582649209449,55.25
1582649209449,55.25
1582649209449,55.25
1582649239546,55.25
1582649239546,55.25
1582649239546,55.25
1582649271073,55.265
1582649279457,55.3
1582649279457,55.3
1582649279457,55.3
1582649279457,55.3
1582649316003,55.295
1582649316003,55.295
1582649342325,55.285
1582649356193,55.275
1582649365139,55.25
1582649365139,55.25
1582649365139,55.25
1582649397301,55.23
1582649397301,55.23
1582649397301,55.23
1582649419310,55.225
1582649419310,55.225
1582649443610,55.24
1582649443610,55.24
1582649443610,55.24
1582649472965,55.225
1582649485733,55.235
1582649500500,55.265
1582649506929,55.245
1582649522414,55.245
1582649524524,55.26
1582649524524,55.26
1582649524524,55.26
1582649524524,55.26
1582649566573,55.305
1582649585333,55.305
1582649592283,55.305
1582649596373,55.33
1582649596373,55.33
1582649596373,55.33
1582649631470,55.32
1582649631470,55.32
1582649654001,55.3
1582649660060,55.305
1582649660060,55.305
1582649660060,55.305
1582649698425,55.29
1582649698425,55.29
1582649719312,55.265
1582649719312,55.265
1582649719312,55.265
1582649719312,55.265
1582649753878,55.3
1582649768570,55.32
1582649782087,55.34
1582649791049,55.345
1582649796740,55.335
1582649809969,55.32
1582649816837,55.32
1582649816837,55.32
1582649816837,55.32
1582649816837,55.32
1582649858312,55.27
1582649876612,55.255
1582649876612,55.255
1582649876612,55.255
1582649876612,55.255
1582649908691,55.27
1582649908691,55.27
1582649908691,55.27
1582649908691,55.27
1582649959413,55.26
1582649963827,55.265
1582649963827,55.265
1582649987025,55.23
1582649999589,55.24
1582650009638,55.265
1582650009638,55.265
1582650009638,55.265
1582650033506,55.27
1582650033506,55.27
1582650033506,55.27
1582650033506,55.27
1582650033506,55.27
1582650033506,55.27
1582650033506,55.27
1582650111326,55.27
1582650111326,55.27
1582650131100,55.265
1582650131100,55.265
1582650131100,55.265
1582650131100,55.265
1582650177379,55.25
1582650180076,55.255
1582650199897,55.255
1582650208540,55.27
1582650208540,55.27
1582650208540,55.27
1582650234623,55.28
1582650234623,55.28
1582650261088,55.3
1582650261088,55.3
1582650261088,55.3
1582650261088,55.3
1582650302634,55.27
1582650310732,55.275
1582650310732,55.275
1582650310732,55.275
1582650335562,55.26
1582650335562,55.26
1582650335562,55.26
1582650335562,55.26
1582650382572,55.265
1582650382572,55.265
1582650382572,55.265
1582650382572,55.265
1582650382572,55.265
1582650382572,55.265
1582650449371,55.26
1582650449371,55.26
1582650467650,55.29
1582650476884,55.255
1582650476884,55.255
1582650476884,55.255
1582650476884,55.255
1582650513801,55.275
1582650525647,55.305
1582650525647,55.305
1582650525647,55.305
1582650525647,55.305
1582650525647,55.305
1582650577138,55.28
1582650577138,55.28
1582650603538,55.255
1582650608005,55.255
1582650608005,55.255
1582650632546,55.27
1582650632546,55.27
1582650657680,55.285
1582650657680,55.285
1582650676266,55.29
1582650686176,55.285
1582650694980,55.265
1582650694980,55.265
1582650714803,55.23
1582650721088,55.24
1582650741623,55.25
1582650741623,55.25
1582650741623,55.25
1582650741623,55.25
1582650741623,55.25
1582650741623,55.25
1582650741623,55.25
1582650741623,55.25
1582650819089,55.27
1582650819089,55.27
1582650819089,55.27
1582650819089,55.27
1582650819089,55.27
1582650877336,55.235
1582650881884,55.235
1582650881884,55.235
1582650881884,55.235
1582650913361,55.21
1582650922901,55.205
1582650939579,55.19
1582650949585,55.185
1582650956480,55.19
1582650966027,55.21
1582650966027,55.21
1582650966027,55.21
1582650993194,55.205
1582650993194,55.205
1582650993194,55.205
1582651027803,55.21
1582651027803,55.21
1582651027803,55.21
1582651027803,55.21
1582651027803,55.21
1582651027803,55.21
1582651086470,55.225
1582651104024,55.22
1582651112012,55.225
1582651112012,55.225
1582651112012,55.225
1582651148115,55.21
1582651154130,55.23
1582651154130,55.23
1582651170316,55.23
1582651186525,55.235
1582651186525,55.235
1582651209244,55.235
1582651220503,55.22
1582651223202,55.23
1582651223202,55.23
1582651223202,55.23
1582651223202,55.23
1582651223202,55.23
1582651282311,55.22
1582651289681,55.225
1582651289681,55.225
1582651313951,55.22
1582651313951,55.22
1582651313951,55.22
1582651342889,55.215
1582651342889,55.215
1582651342889,55.215
1582651373332,55.21
1582651381387,55.2
1582651381387,55.2
1582651381387,55.2
1582651381387,55.2
1582651424678,55.2
1582651440572,55.23
1582651442896,55.24
1582651442896,55.24
1582651465327,55.235
1582651480505,55.245
1582651480505,55.245
1582651480505,55.245
1582651480505,55.245
1582651480505,55.245
1582651480505,55.245
1582651480505,55.245
1582651480505,55.245
1582651480505,55.245
1582651570004,55.205
1582651570004,55.205
1582651570004,55.205
1582651570004,55.205
1582651570004,55.205
1582651624854,55.21
1582651631453,55.21
1582651645366,55.2
1582651645366,55.2
1582651645366,55.2
1582651680542,55.2
1582651687711,55.22
1582651694978,55.215
1582651694978,55.215
1582651715888,55.22
1582651715888,55.22
1582651715888,55.22
1582651752592,55.26
1582651759006,55.26
1582651759006,55.26
1582651759006,55.26
1582651792681,55.255
1582651796999,55.25
1582651796999,55.25
1582651796999,55.25
1582651796999,55.25
1582651839481,55.32
1582651839481,55.32
1582651868130,55.365
1582651879691,55.4
1582651889597,55.37
1582651896466,55.385
1582651908195,55.43
1582651919530,55.46
1582651919530,55.46
1582651919530,55.46
1582651947405,55.46
1582651947405,55.46
1582651969667,55.44
1582651969667,55.44
1582651985576,55.465
1582652004677,55.48
1582652010057,55.47
1582652010057,55.47
1582652027210,55.445
1582652027210,55.445
1582652027210,55.445
1582652027210,55.445
1582652027210,55.445
1582652027210,55.445
1582652027210,55.445
1582652107112,55.44
1582652107112,55.44
1582652107112,55.44
1582652107112,55.44
1582652147360,55.43
1582652158630,55.45
1582652158630,55.45
1582652172023,55.44
1582652185984,55.45
1582652185984,55.45
1582652202980,55.455
1582652202980,55.455
1582652202980,55.455
1582652202980,55.455
1582652202980,55.455
1582652202980,55.455
1582652202980,55.455
1582652202980,55.455
1582652202980,55.455
1582652202980,55.455
1582652310768,55.39
1582652310768,55.39
1582652310768,55.39
1582652310768,55.39
1582652358627,55.31
1582652358627,55.31
1582652358627,55.31
1582652388818,55.26
1582652388818,55.26
1582652409026,55.27
1582652409026,55.27
1582652426300,55.27
1582652426300,55.27
1582652443235,55.25
1582652443235,55.25
1582652466708,55.25
1582652466708,55.25
1582652466708,55.25
1582652466708,55.25
1582652466708,55.25
1582652466708,55.25
1582652535730,55.24
1582652538997,55.225
1582652538997,55.225
1582652564549,55.24
1582652564549,55.24
1582652564549,55.24
1582652564549,55.24
1582652564549,55.24
1582652618457,55.215
1582652624922,55.21
1582652624922,55.21
1582652644182,55.185
1582652655796,55.15
1582652669766,55.125
1582652680021,55.145
1582652680021,55.145
1582652680021,55.145
1582652712297,55.09
1582652716506,55.075
1582652728810,55.075
1582652744897,55.075
1582652744897,55.075
1582652764479,55.05
1582652764479,55.05
1582652764479,55.05
1582652764479,55.05
1582652764479,55.05
1582652817440,55.01
1582652822826,55.005
1582652832117,55.01
1582652845182,55
1582652845182,55
1582652863246,55.01
1582652863246,55.01
1582652888051,55.01
1582652897255,55.005
1582652912108,55.015
1582652912108,55.015
1582652912108,55.015
1582652912108,55.015
1582652944705,55.03
1582652963993,55.025
1582652963993,55.025
1582652985643,55.03
1582652985643,55.03
1582652996868,55.04
1582653016162,55.04
1582653019723,55.03
1582653019723,55.03
1582653046375,55.03
1582653046375,55.03
1582653061754,55.02
1582653061754,55.02
1582653086139,55
1582653086139,55
1582653105321,55.01
1582653105321,55.01
1582653123457,55.015
1582653136825,55.015
1582653152067,55.05
1582653152067,55.05
1582653152067,55.05
1582653152067,55.05
1582653191326,55.08
1582653204293,55.05
1582653212499,55.07
1582653219324,55.045
1582653219324,55.045
1582653219324,55.045
1582653219324,55.045
1582653219324,55.045
1582653219324,55.045
1582653287069,55.04
1582653297496,55.07
1582653297496,55.07
1582653319550,55.065
1582653319550,55.065
1582653332392,55.07
1582653347414,55.05
1582653347414,55.05
1582653347414,55.05
1582653377353,55.025
1582653377353,55.025
1582653377353,55.025
1582653377353,55.025
1582653418820,54.97
1582653418820,54.97
1582653418820,54.97
1582653418820,54.97
1582653418820,54.97
1582653474844,54.99
1582653485756,55
1582653490276,54.98
1582653490276,54.98
1582653490276,54.98
1582653490276,54.98
1582653490276,54.98
1582653541143,54.995
1582653560207,54.99
1582653563287,54.995
1582653574382,55.01
1582653574382,55.01
1582653574382,55.01
1582653574382,55.01
1582653574382,55.01
1582653574382,55.01
1582653574382,55.01
1582653651278,55.005
1582653651278,55.005
1582653670980,54.985
1582653670980,54.985
1582653694270,54.95
1582653694270,54.95
1582653711725,54.96
1582653724255,54.98
1582653728535,54.995
1582653747651,55.03
1582653757388,55.02
1582653769584,55.01
1582653775937,55
1582653782768,55
1582653782768,55
1582653782768,55
1582653782768,55
1582653825432,55.04
1582653833758,55.04
1582653852972,54.975
1582653860473,55
1582653860473,55
1582653860473,55
1582653885910,55
1582653903521,55.02
1582653909264,55.01
1582653909264,55.01
1582653909264,55.01
1582653939691,55
1582653949056,54.99
1582653968070,54.975
1582653968070,54.975
1582653968070,54.975
1582653968070,54.975
1582654008649,54.96
1582654008649,54.96
1582654008649,54.96
1582654008649,54.96
1582654008649,54.96
1582654056870,55
1582654056870,55
1582654056870,55
1582654056870,55
1582654056870,55
1582654056870,55
1582654123363,54.965
1582654130832,54.98
1582654130832,54.98
1582654130832,54.98
1582654165964,54.96
1582654170948,54.95
1582654170948,54.95
1582654170948,54.95
1582654170948,54.95
1582654217698,54.98
1582654217698,54.98
1582654234000,54.99
1582654234000,54.99
1582654234000,54.99
1582654266554,54.95
1582654266554,54.95
1582654266554,54.95
1582654266554,54.95
1582654310511,54.96
1582654310511,54.96
1582654310511,54.96
1582654342056,54.98
1582654342056,54.98
1582654342056,54.98
1582654342056,54.98
1582654377959,55.01
1582654377959,55.01
1582654398762,55
1582654398762,55
1582654398762,55
1582654398762,55
1582654398762,55
1582654398762,55
1582654477820,54.92
1582654482441,54.925
1582654500070,54.91
1582654500070,54.91
1582654529276,54.935
1582654533057,54.95
1582654553365,54.9
1582654559152,54.87
1582654578222,54.88
1582654578222,54.88
1582654578222,54.88
1582654578222,54.88
1582654621376,54.85
1582654627564,54.85
1582654641604,54.84
1582654641604,54.84
1582654641604,54.84
1582654641604,54.84
1582654689271,54.81
1582654705338,54.8
1582654708354,54.81
1582654708354,54.81
1582654708354,54.81
1582654746507,54.81
1582654746507,54.81
1582654746507,54.81
1582654778284,54.83
1582654786644,54.82
1582654786644,54.82
1582654786644,54.82
1582654786644,54.82
1582654786644,54.82
1582654834155,54.83
1582654851434,54.84
1582654851434,54.84
1582654868842,54.82
1582654868842,54.82
1582654868842,54.82
1582654868842,54.82
1582654915582,54.775
1582654915582,54.775
1582654933459,54.78
1582654940210,54.77
1582654940210,54.77
1582654940210,54.77
1582654940210,54.77
1582654984085,54.795
1582654984085,54.795
1582654984085,54.795
1582654984085,54.795
1582654984085,54.795
1582654984085,54.795
1582654984085,54.795
1582654984085,54.795
1582654984085,54.795
1582655079699,54.76
1582655089006,54.77
1582655098457,54.75
1582655113014,54.69
1582655123494,54.69
1582655123494,54.69
1582655142575,54.705
1582655152018,54.71
1582655168213,54.705
1582655177505,54.73
1582655177505,54.73
1582655195154,54.74
1582655209179,54.735
1582655209179,54.735
1582655231304,54.71
1582655231304,54.71
1582655231304,54.71
1582655257313,54.725
1582655268409,54.73
1582655276875,54.74
1582655291414,54.7
1582655291414,54.7
1582655317233,54.72
1582655317233,54.72
1582655317233,54.72
1582655317233,54.72
1582655317233,54.72
1582655363801,54.72
1582655363801,54.72
1582655363801,54.72
1582655402654,54.72
1582655407414,54.73
1582655407414,54.73
1582655407414,54.73
1582655407414,54.73
1582655407414,54.73
1582655407414,54.73
1582655407414,54.73
1582655407414,54.73
1582655492768,54.695
1582655510361,54.69
1582655518628,54.685
1582655518628,54.685
1582655518628,54.685
1582655518628,54.685
1582655560146,54.715
1582655565386,54.7
1582655578783,54.68
1582655593626,54.685
1582655596251,54.67
1582655609607,54.675
1582655625202,54.68
1582655626417,54.67
1582655642115,54.715
1582655642115,54.715
1582655642115,54.715
1582655678851,54.75
1582655678851,54.75
1582655678851,54.75
1582655678851,54.75
1582655714650,54.695
1582655714650,54.695
1582655739134,54.7
1582655751624,54.715
1582655754745,54.705
1582655763425,54.69
1582655763425,54.69
1582655763425,54.69
1582655763425,54.69
1582655763425,54.69
1582655824163,54.68
1582655833010,54.66
1582655833010,54.66
1582655833010,54.66
1582655867826,54.67
1582655867826,54.67
1582655867826,54.67
1582655867826,54.67
1582655867826,54.67
1582655867826,54.67
1582655867826,54.67
1582655931129,54.65
1582655931129,54.65
1582655931129,54.65
1582655931129,54.65
1582655931129,54.65
1582655990553,54.66
1582655996874,54.65
1582655996874,54.65
1582656024661,54.63
1582656036965,54.62
1582656036965,54.62
1582656053643,54.61
1582656053643,54.61
1582656053643,54.61
1582656053643,54.61
1582656104109,54.595
1582656112473,54.61
1582656112473,54.61
1582656135300,54.65
1582656135300,54.65
1582656148023,54.665
1582656148023,54.665
1582656172192,54.69
1582656187820,54.715
1582656187820,54.715
1582656204433,54.71
1582656217021,54.74
1582656217021,54.74
1582656217021,54.74
1582656217021,54.74
1582656217021,54.74
1582656217021,54.74
1582656280785,54.74
1582656287137,54.73
1582656287137,54.73
1582656307617,54.71
1582656307617,54.71
1582656307617,54.71
1582656307617,54.71
1582656356571,54.72
1582656356571,54.72
1582656356571,54.72
1582656385952,54.73
1582656385952,54.73
1582656411371,54.73
1582656411371,54.73
1582656411371,54.73
1582656411371,54.73
1582656411371,54.73
1582656465106,54.74
1582656465804,54.74
1582656465804,54.74
1582656465804,54.74
1582656501755,54.69
1582656513220,54.685
1582656525735,54.68
1582656538430,54.69
1582656545431,54.69
1582656554203,54.7
1582656554203,54.7
1582656554203,54.7
1582656554203,54.7
1582656595392,54.69
1582656595392,54.69
1582656617261,54.78
1582656629125,54.79
1582656629125,54.79
1582656653023,54.74
1582656653753,54.72
1582656665988,54.7
1582656678394,54.69
1582656678394,54.69
1582656678394,54.69
1582656678394,54.69
1582656678394,54.69
1582656678394,54.69
1582656678394,54.69
1582656751038,54.685
1582656760506,54.68
1582656772098,54.67
1582656772098,54.67
1582656772098,54.67
1582656772098,54.67
1582656772098,54.67
1582656772098,54.67
1582656772098,54.67
1582656772098,54.67
1582656859119,54.65
1582656868812,54.65
1582656868812,54.65
1582656868812,54.65
1582656868812,54.65
1582656868812,54.65
1582656868812,54.65
1582656868812,54.65
1582656868812,54.65
1582656868812,54.65
1582656963614,54.625
1582656963614,54.625
1582656979781,54.605
1582656979781,54.605
1582657001386,54.61
1582657001386,54.61
1582657001386,54.61
1582657001386,54.61
1582657001386,54.61
1582657001386,54.61
1582657070960,54.66
1582657070960,54.66
1582657070960,54.66
1582657094024,54.65
1582657094024,54.65
1582657094024,54.65
1582657094024,54.65
1582657142179,54.645
1582657149938,54.63
1582657155067,54.64
1582657155067,54.64
1582657155067,54.64
1582657155067,54.64
1582657200325,54.6
1582657200325,54.6
1582657200325,54.6
1582657229076,54.59
1582657229076,54.59
1582657257760,54.57
1582657261468,54.59
1582657271294,54.62
1582657288096,54.64
1582657288096,54.64
1582657303212,54.6
1582657318414,54.56
1582657331520,54.545
1582657331520,54.545
1582657352788,54.54
1582657363652,54.52
1582657369948,54.53
1582657384960,54.54
1582657393533,54.53
1582657393533,54.53
1582657393533,54.53
1582657393533,54.53
1582657431169,54.555
1582657442875,54.57
1582657448920,54.57
1582657448920,54.57
1582657475914,54.57
1582657475914,54.57
1582657475914,54.57
1582657510527,54.61
1582657510527,54.61
1582657510527,54.61
1582657510527,54.61
1582657510527,54.61
1582657560661,54.56
1582657568691,54.54
1582657568691,54.54
1582657591337,54.5
1582657602755,54.49
1582657609397,54.48
1582657625052,54.47
1582657628898,54.47
1582657628898,54.47
1582657653477,54.44
1582657653477,54.44
1582657677142,54.445
1582657685061,54.44
1582657685061,54.44
1582657703967,54.48
1582657713978,54.46
1582657720367,54.385
1582657737613,54.39
1582657737613,54.39
1582657737613,54.39
1582657737613,54.39
1582657737613,54.39
1582657737613,54.39
1582657794124,54.34
1582657813607,54.36
1582657813607,54.36
1582657813607,54.36
1582657842543,54.42
1582657847641,54.395
1582657861527,54.35
1582657861527,54.35
1582657861527,54.35
1582657861527,54.35
1582657902368,54.325
1582657902368,54.325
1582657902368,54.325
1582657937450,54.36
1582657944884,54.385
1582657944884,54.385
1582657944884,54.385
1582657944884,54.385
1582657944884,54.385
1582657944884,54.385
1582657944884,54.385
1582657944884,54.385
1582658032023,54.4
1582658041128,54.4
1582658041128,54.4
1582658041128,54.4
1582658076666,54.39
1582658087177,54.36
1582658087177,54.36
1582658087177,54.36
1582658121070,54.36
1582658127279,54.37
1582658141268,54.38
1582658141268,54.38
1582658141268,54.38
1582658167759,54.47
1582658167759,54.47
1582658167759,54.47
1582658204214,54.37
1582658204214,54.37
1582658222212,54.39
1582658222212,54.39
1582658244471,54.35
1582658244471,54.35
1582658261033,54.36
1582658261033,54.36
1582658282938,54.34
1582658282938,54.34
1582658282938,54.34
1582658282938,54.34
1582658282938,54.34
1582658341460,54.29
1582658343894,54.275
1582658343894,54.275
1582658371085,54.25
1582658374696,54.25
1582658374696,54.25
1582658402746,54.23
1582658408747,54.25
1582658408747,54.25
1582658408747,54.25
1582658408747,54.25
1582658408747,54.25
1582658408747,54.25
1582658408747,54.25
1582658480539,54.21
1582658480539,54.21
1582658480539,54.21
1582658480539,54.21
1582658524019,54.225
1582658539002,54.21
1582658539002,54.21
1582658539002,54.21
1582658539002,54.21
1582658539002,54.21
1582658586773,54.18
1582658599782,54.17
1582658611445,54.21
1582658611445,54.21
1582658611445,54.21
1582658644771,54.21
1582658651272,54.19
1582658662188,54.18
1582658662188,54.18
1582658662188,54.18
1582658688399,54.15
1582658688399,54.15
1582658712095,54.22
1582658712095,54.22
1582658712095,54.22
1582658747216,54.165
1582658747216,54.165
1582658767494,54.145
1582658781624,54.135
1582658791196,54.155
1582658798241,54.185
1582658810818,54.19
1582658824061,54.16
1582658825968,54.155
1582658839364,54.17
1582658851745,54.15
1582658851745,54.15
1582658851745,54.15
1582658885191,54.11
1582658893500,54.13
1582658893500,54.13
1582658918189,54.1
1582658928986,54.095
1582658928986,54.095
1582658950161,54.1
1582658951453,54.09
1582658961799,54.11
1582658977775,54.08
1582658986606,54.08
1582659000201,54.15
1582659010923,54.19
1582659017945,54.16
1582659034848,54.13
1582659039827,54.13
1582659039827,54.13
1582659060676,54.08
1582659060676,54.08
1582659081557,54.12
1582659091080,54.085
1582659091080,54.085
1582659091080,54.085
1582659091080,54.085
1582659137139,54.1
1582659137139,54.1
1582659137139,54.1
1582659163549,54.13
1582659174373,54.135
1582659187309,54.18
1582659200637,54.18
1582659200637,54.18
1582659200637,54.18
1582659231885,54.11
1582659235424,54.14
1582659244861,54.14
1582659244861,54.14
1582659244861,54.14
1582659285481,54.12
1582659292133,54.14
1582659305764,54.09
1582659314922,54.08
1582659322838,54.07
1582659322838,54.07
1582659342831,54.08
1582659352474,54.085
1582659352474,54.085
1582659378292,54.11
1582659390375,54.11
1582659394190,54.14
1582659408459,54.115
1582659417951,54.15
1582659417951,54.15
1582659436558,54.12
1582659444251,54.085
1582659444251,54.085
1582659471168,54.075
1582659479044,54.12
1582659485973,54.1
1582659485973,54.1
1582659485973,54.1
1582659527855,54.06
1582659527855,54.06
1582659527855,54.06
1582659527855,54.06
1582659568941,54.03
1582659574742,54.05
1582659582248,54.05
1582659598158,54.025
1582659606162,54.045
1582659618398,54.03
1582659627323,54.035
1582659627323,54.035
1582659649895,54
1582659656685,54.01
1582659656685,54.01
1582659684052,53.99
1582659694849,54.005
1582659698788,54
1582659713539,53.995
1582659723132,54.025
1582659730867,54.02
1582659741455,54.03
1582659754975,54.07
1582659766780,54.09
1582659766780,54.09
1582659783316,54.05
1582659797198,54.06
1582659807792,54.06
1582659820549,54.13
1582659831476,54.14
1582659836551,54.13
1582659851234,54.18
1582659860210,54.145
1582659872526,54.2
1582659872526,54.2
1582659892666,54.17
1582659896428,54.18
1582659906463,54.16
1582659906463,54.16
1582659937511,54.13
1582659943451,54.125
1582659943451,54.125
1582659960969,54.115
1582659977826,54.12
1582659988293,54.09
1582659993533,54.1
1582660008722,54.11
1582660008722,54.11
1582660025743,54.07
1582660040920,54.075
1582660047363,54.1
1582660047363,54.1
1582660073308,54.165
1582660073308,54.165
1582660092971,54.22
1582660105339,54.25
1582660116804,54.23
1582660121536,54.225
1582660134953,54.22
1582660144436,54.27
1582660144436,54.27
1582660163284,54.24
1582660179542,54.225
1582660179542,54.225
1582660194863,54.24
1582660209800,54.24
1582660209800,54.24
1582660230146,54.255
1582660244844,54.26
1582660244844,54.26
1582660244844,54.26
1582660268345,54.22
1582660268345,54.22
1582660268345,54.22
1582660298956,54.28
1582660298956,54.28
1582660327921,54.26
1582660327921,54.26
1582660327921,54.26
1582660358752,54.27
1582660358752,54.27
1582660382185,54.285
1582660382185,54.285
1582660394216,54.26
1582660394216,54.26
1582660394216,54.26
1582660432369,54.27
1582660443057,54.26
1582660450110,54.27
1582660450110,54.27
1582660470225,54.275
1582660470225,54.275
1582660497845,54.295
1582660502375,54.27
1582660513047,54.25
1582660528125,54.25
1582660532740,54.26
1582660532740,54.26
1582660556836,54.27
1582660567921,54.27
1582660573840,54.26
1582660573840,54.26
1582660599211,54.265
1582660612595,54.3
1582660612595,54.3
1582660631184,54.29
1582660645286,54.28
1582660648848,54.29
1582660648848,54.29
1582660671302,54.31
1582660683523,54.29
1582660683523,54.29
1582660683523,54.29
1582660683523,54.29
1582660683523,54.29
1582660683523,54.29
1582660748053,54.28
1582660756871,54.26
1582660769009,54.295
1582660772032,54.3
1582660788698,54.275
1582660807272,54.31
1582660818397,54.34
1582660828418,54.4
1582660828418,54.4
1582660828418,54.4
1582660828418,54.4
1582660866841,54.445
1582660873817,54.43
1582660883610,54.475
1582660902693,54.54
1582660908136,54.53
1582660919779,54.55
1582660933665,54.51
1582660945166,54.54
1582660950607,54.55
1582660965312,54.545
1582660977332,54.53
1582660983549,54.535
1582660983549,54.535
1582661006043,54.515
1582661017224,54.505
1582661029305,54.46
1582661039340,54.465
1582661039340,54.465
1582661039340,54.465
1582661071169,54.54
1582661079196,54.55
1582661088174,54.545
1582661101948,54.46
1582661112525,54.465
1582661121032,54.51
1582661126359,54.51
1582661126359,54.51
1582661126359,54.51
1582661162160,54.52
1582661172698,54.52
1582661185579,54.485
1582661187464,54.475
1582661207111,54.515
1582661211409,54.5
1582661225021,54.48
1582661232204,54.495
1582661244243,54.475
1582661253442,54.46
1582661268825,54.45
1582661280745,54.43
1582661280745,54.43
1582661300131,54.44
1582661313346,54.41
1582661319857,54.4
1582661319857,54.4
1582661344013,54.405
1582661344013,54.405
1582661362880,54.415
1582661374205,54.41
1582661376801,54.405
1582661387428,54.395
1582661407944,54.44
1582661415203,54.425
1582661428526,54.39
1582661428526,54.39
1582661428526,54.39
1582661460536,54.345
1582661469711,54.37
1582661481439,54.405
1582661481439,54.405
1582661498557,54.405
1582661505581,54.385
1582661519600,54.375
1582661524643,54.37
1582661540786,54.34
1582661551641,54.355
1582661564703,54.36
1582661572335,54.34
1582661580147,54.31
1582661591821,54.36
1582661604488,54.34
1582661616716,54.34
1582661627567,54.355
1582661636870,54.325
1582661636870,54.325
1582661636870,54.325
1582661665462,54.31
1582661673614,54.31
1582661673614,54.31
1582661673614,54.31
1582661710288,54.26
1582661719903,54.275
1582661725965,54.28
1582661725965,54.28
1582661753794,54.275
1582661762982,54.29
1582661773012,54.3
1582661785835,54.32
1582661792120,54.34
1582661804248,54.36
1582661815034,54.39
1582661822092,54.37
1582661838363,54.38
1582661838363,54.38
1582661859586,54.345
1582661868215,54.32
1582661879151,54.285
1582661887671,54.255
1582661900411,54.23
1582661911089,54.255
1582661922397,54.25
1582661931673,54.225
1582661942603,54.25
1582661955224,54.29
1582661957574,54.28
1582661957574,54.28
1582661982710,54.285
1582661995894,54.255
1582662008011,54.24
1582662008011,54.24
1582662028203,54.215
1582662039876,54.225
1582662049183,54.22
1582662049183,54.22
1582662065795,54.21
1582662076823,54.23
1582662093283,54.25
1582662093283,54.25
1582662113201,54.205
1582662122970,54.21
1582662125607,54.225
1582662141130,54.205
1582662155947,54.205
1582662166317,54.16
1582662173351,54.155
1582662186879,54.155
1582662189006,54.14
1582662207453,54.11
1582662207453,54.11
1582662226888,54.12
1582662242211,54.1
1582662252942,54.115
1582662256967,54.115
1582662272677,54.125
1582662282976,54.13
1582662293885,54.16
1582662302162,54.145
1582662315941,54.14
1582662326081,54.13
1582662333487,54.125
1582662342744,54.115
1582662356640,54.1
1582662361774,54.12
1582662371887,54.135
1582662384627,54.11
1582662392924,54.115
1582662402127,54.115
1582662411784,54.14
1582662431962,54.16
1582662440635,54.19
1582662452772,54.21
1582662463519,54.2
1582662472911,54.22
1582662481019,54.23
1582662487569,54.21
1582662487569,54.21
1582662516833,54.18
1582662526758,54.18
1582662537942,54.215
1582662537942,54.215
1582662550364,54.2
1582662568484,54.19
1582662568484,54.19
1582662588903,54.23
1582662600360,54.205
1582662611036,54.19
1582662618869,54.2
1582662632814,54.17
1582662641310,54.145
1582662649053,54.16
1582662660218,54.125
1582662670119,54.13
1582662685012,54.18
1582662696136,54.14
1582662704287,54.115
1582662717180,54.075
1582662725872,54.05
1582662725872,54.05
1582662747766,54.015
1582662753137,54.02
1582662768498,54
1582662779749,53.995
1582662788472,54.01
1582662800715,54
1582662812072,53.995
1582662823486,53.985
1582662830684,54
1582662842437,54.045
1582662853308,54.04
1582662865888,54.015
1582662874150,54.04
1582662887415,54.07
1582662889067,54.06
1582662901295,54.07
1582662901295,54.07
1582662922720,54.02
1582662938759,54
1582662948920,54.03
1582662950646,54.035
1582662967681,54.045
1582662979736,54.075
1582662989856,54.08
1582662997683,54.055
1582663007469,54.025
1582663023284,54.03
1582663027714,54.03
1582663042667,54.02
1582663054217,54.005
1582663064292,54.005
1582663076438,54.03
1582663080100,54.03
1582663080100,54.03
1582663107608,54.01
1582663117482,54.02
1582663117482,54.02
1582663139520,54.03
1582663145760,54.03
1582663159968,54.05
1582663170960,54.05
1582663175799,54.07
1582663185687,54.09
1582663201306,54.09
1582663205300,54.105
1582663217073,54.13
1582663217073,54.13
1582663243767,54.23
1582663251194,54.24
1582663262080,54.26
1582663265982,54.25
1582663276523,54.26
1582663292805,54.25
1582663303831,54.24
1582663307965,54.27
1582663325105,54.25
1582663329273,54.235
1582663339751,54.25
1582663357478,54.29
1582663357478,54.29
1582663357478,54.29
1582663389331,54.23
1582663389331,54.23
1582663409676,54.2
1582663420935,54.205
1582663420935,54.205
1582663437613,54.2
1582663451160,54.17
1582663460997,54.155
1582663464219,54.17
1582663483297,54.14
1582663493430,54.14
1582663505157,54.175
1582663511637,54.21
1582663511637,54.21
1582663534254,54.235
1582663544513,54.25
1582663549713,54.26
1582663567958,54.27
1582663578373,54.31
1582663583133,54.34
1582663596128,54.36
1582663609513,54.335
1582663622503,54.34
1582663626056,54.325
1582663636025,54.34
1582663653013,54.33
1582663662412,54.335
1582663666794,54.36
1582663678274,54.37
1582663696330,54.345
1582663705074,54.4
1582663716054,54.36
1582663725979,54.38
1582663738519,54.355
1582663748290,54.335
1582663756689,54.325
1582663769401,54.34
1582663772629,54.335
1582663787314,54.335
1582663800766,54.285
1582663811209,54.23
1582663816954,54.225
1582663831393,54.175
1582663840889,54.155
1582663849289,54.17
1582663862973,54.165
1582663872972,54.19
1582663885025,54.205
1582663893772,54.19
1582663903856,54.17
1582663916408,54.135
1582663927422,54.145
1582663937851,54.145
1582663947106,54.145
1582663958071,54.17
1582663969688,54.17
1582663979333,54.21
1582663988704,54.22
1582663999443,54.245
1582664011546,54.23
1582664019543,54.22
1582664031586,54.23
1582664042761,54.225
1582664051715,54.22
1582664061084,54.19
1582664073999,54.19
1582664082834,54.11
1582664094600,54.1
1582664105207,54.145
1582664115066,54.175
1582664127131,54.185
1582664137957,54.17
1582664147425,54.215
1582664158854,54.24
1582664169251,54.195
1582664179498,54.19
1582664189708,54.205
1582664198652,54.235
1582664210380,54.195
1582664221527,54.18
1582664230736,54.195
1582664243610,54.255
1582664252740,54.245
1582664264357,54.285
1582664274233,54.285
1582664284131,54.265
1582664294786,54.24
1582664305317,54.27
1582664315473,54.245
1582664327273,54.265
1582664337840,54.29
1582664346901,54.305
1582664358444,54.295
1582664368045,54.31
1582664375893,54.26
1582664390465,54.2
1582664397743,54.17
1582664397743,54.17
1582664397743,54.17
1582664397743,54.17
1582664397743,54.17
1582664397743,54.17
1582664397743,54.17
1582664397743,54.17
1582664397743,54.17
1582664397743,54.17
1582664397743,54.17
1582664397743,54.17
1582664397743,54.17
1582664397743,54.17
1582664397743,54.17
1582664397743,54.17
1582664397743,54.17
1582664397743,54.17
1582664397743,54.17
1582664397743,54.17
1582664397743,54.17
1582664397743,54.17
1582664397743,54.17
1582664397743,54.17
1582664397743,54.17
1582664397743,54.17
1582664397743,54.17
1582664397743,54.17
1582664397743,54.17
