1587475859629,40.085
1587475872663,40.08
1587475883345,40.01
1587475894790,39.93
1587475898840,39.865
1587475910249,39.78
1587475916390,39.78
1587475936085,39.95
1587475946525,39.94
1587475957009,40.02
1587475965621,40.02
1587475977289,40
1587475984263,39.925
1587475998960,39.93
1587475998960,39.93
1587476020210,40.16
1587476028039,39.91
1587476040791,40.02
1587476045768,40.05
1587476062052,39.87
1587476068718,39.8
1587476078208,40.08
1587476087590,39.89
1587476101277,39.87
1587476101277,39.87
1587476117505,39.92
1587476133225,39.92
1587476139328,39.825
1587476153440,39.72
1587476153440,39.72
1587476153440,39.72
1587476188257,39.84
1587476197246,39.81
1587476202610,39.83
1587476211891,39.88
1587476211891,39.88
1587476238262,39.99
1587476242401,40.025
1587476261204,40.085
1587476261204,40.085
1587476282030,39.89
1587476284657,39.87
1587476301683,39.805
1587476308669,39.735
1587476313718,39.735
1587476313718,39.735
1587476313718,39.735
1587476313718,39.735
1587476361764,39.77
1587476370280,39.77
1587476384720,39.8
1587476395036,39.89
1587476407185,39.97
1587476407616,39.95
1587476426903,40.09
1587476426903,40.09
1587476446863,40.1
1587476454808,40.08
1587476460274,40.085
1587476476547,40.02
1587476476547,40.02
1587476476547,40.02
1587476509796,40.085
1587476521668,40.17
1587476522424,40.17
1587476536458,40.17
1587476552089,40.24
1587476564215,40.29
1587476574683,40.295
1587476580325,40.28
1587476595247,40.32
1587476603707,40.32
1587476615826,40.32
1587476621851,40.33
1587476621851,40.33
1587476643499,40.23
1587476643499,40.23
1587476643499,40.23
1587476668859,40.31
1587476685532,40.34
1587476698786,40.43
1587476698786,40.43
1587476719060,40.37
1587476730828,40.415
1587476738468,40.395
1587476751620,40.43
1587476759716,40.53
1587476759716,40.53
1587476783110,40.69
1587476789798,40.64
1587476799483,40.66
1587476811687,40.6
1587476811687,40.6
1587476835524,40.52
1587476844178,40.52
1587476848445,40.52
1587476863647,40.525
1587476869000,40.52
1587476869000,40.52
1587476869000,40.52
1587476902321,40.565
1587476918609,40.55
1587476918609,40.55
1587476940006,40.515
1587476946323,40.47
1587476959695,40.5
1587476967692,40.44
1587476981963,40.435
1587476988738,40.455
1587477002671,40.495
1587477006703,40.515
1587477023797,40.52
1587477032476,40.465
1587477044559,40.46
1587477053182,40.455
1587477065644,40.465
1587477074507,40.65
1587477082932,40.615
1587477090678,40.635
1587477105725,40.59
1587477109959,40.625
1587477127426,40.675
1587477137640,40.62
1587477147139,40.605
1587477157139,40.65
1587477170863,40.71
1587477180028,40.81
1587477187579,40.885
1587477202726,40.815
1587477211185,40.785
1587477216129,40.815
1587477234082,40.825
1587477243977,40.815
1587477254978,40.83
1587477256289,40.795
1587477272708,40.785
1587477272708,40.785
1587477294796,40.775
1587477304898,40.77
1587477308155,40.755
1587477325135,40.765
1587477336770,40.85
1587477336770,40.85
1587477336770,40.85
1587477369011,40.985
1587477373046,40.985
1587477388061,41.05
1587477394863,41.07
1587477410666,41.23
1587477421774,41.14
1587477432542,41.085
1587477434238,41.06
1587477452120,41.05
1587477452120,41.05
1587477452120,41.05
1587477479762,40.98
1587477493065,40.9
1587477501479,40.88
1587477501479,40.88
1587477525711,40.875
1587477535826,40.925
1587477535826,40.925
1587477535826,40.925
1587477568648,40.89
1587477573792,40.855
1587477573792,40.855
1587477597776,40.885
1587477605266,40.92
1587477613697,40.89
1587477629398,40.89
1587477637669,40.88
1587477651972,40.875
1587477651972,40.875
1587477670984,40.855
1587477678106,40.84
1587477693574,40.79
1587477698392,40.84
1587477698392,40.84
1587477727121,40.86
1587477735985,40.81
1587477735985,40.81
1587477755005,40.83
1587477767823,40.87
1587477779070,40.93
1587477781754,40.93
1587477793520,40.98
1587477807866,41.01
1587477807866,41.01
1587477807866,41.01
1587477833133,41.01
1587477846570,40.99
1587477861813,41.02
1587477872110,41.03
1587477872110,41.03
1587477872110,41.03
1587477872110,41.03
1587477872110,41.03
1587477925612,40.97
1587477928463,40.96
1587477946385,40.96
1587477947718,40.95
1587477965765,40.87
1587477975426,40.95
1587477986506,40.9
1587477998998,40.87
1587477998998,40.87
1587478013191,40.91
1587478013191,40.91
1587478037242,40.97
1587478044150,40.98
1587478044150,40.98
1587478071061,40.86
1587478083378,40.87
1587478083378,40.87
1587478102102,40.86
1587478109749,40.91
1587478121303,40.975
1587478121303,40.975
1587478138304,41.02
1587478138304,41.02
1587478165595,40.98
1587478165595,40.98
1587478183521,41.005
1587478183521,41.005
1587478199025,41.06
1587478215894,41.06
1587478215894,41.06
1587478215894,41.06
1587478215894,41.06
1587478257039,40.985
1587478257039,40.985
1587478282007,41.005
1587478292430,41.005
1587478302511,40.99
1587478312929,41.035
1587478323621,41
1587478332101,41.01
1587478341544,41.01
1587478350781,41
1587478350781,41
1587478368130,40.97
1587478368130,40.97
1587478389492,40.97
1587478407901,40.91
1587478408496,40.91
1587478422257,40.905
1587478438881,40.86
1587478448624,40.87
1587478448624,40.87
1587478448624,40.87
1587478478793,40.91
1587478478793,40.91
1587478500260,40.855
1587478505396,40.855
1587478517210,40.785
1587478517210,40.785
1587478542751,40.83
1587478552820,40.82
1587478552820,40.82
1587478552820,40.82
1587478576259,40.83
1587478594622,40.81
1587478601791,40.79
1587478610490,40.75
1587478626783,40.735
1587478633869,40.71
1587478647286,40.74
1587478656872,40.73
1587478664204,40.76
1587478671635,40.85
1587478681496,40.89
1587478696691,40.93
1587478696691,40.93
1587478717513,40.86
1587478717513,40.86
1587478740906,40.815
1587478752221,40.815
1587478752221,40.815
1587478768927,40.84
1587478781381,40.855
1587478787698,40.89
1587478804413,40.93
1587478804413,40.93
1587478804413,40.93
1587478804413,40.93
1587478845810,41.22
1587478852922,41.05
1587478863453,41.14
1587478872611,41.06
1587478885620,41.15
1587478888944,41.16
1587478888944,41.16
1587478917496,41.13
1587478917496,41.13
1587478917496,41.13
1587478917496,41.13
1587478959747,41.12
1587478966421,41.16
1587478966421,41.16
1587478992428,41.205
1587478999210,41.16
1587479013769,41.25
1587479023409,41.235
1587479033753,41.275
1587479046673,41.37
1587479048028,41.34
1587479066497,41.3
1587479077740,41.36
1587479084065,41.36
1587479092054,41.4
1587479100112,41.36
1587479117640,41.365
1587479117640,41.365
1587479140062,41.49
1587479150102,41.505
1587479161843,41.55
1587479172351,41.49
1587479179431,41.42
1587479191297,41.44
1587479203532,41.465
1587479208308,41.465
1587479220053,41.435
1587479234579,41.495
1587479244601,41.49
1587479255940,41.51
1587479265131,41.51
1587479276350,41.5
1587479287010,41.54
1587479288453,41.54
1587479303010,41.57
1587479309903,41.64
1587479329541,41.68
1587479329541,41.68
1587479329541,41.68
1587479357255,41.735
1587479363255,41.745
1587479381056,41.715
1587479392389,41.765
1587479392411,41.77
1587479412914,41.775
1587479416130,41.735
1587479430708,41.805
1587479444335,41.73
1587479448061,41.77
1587479465400,41.82
1587479465971,41.805
1587479482550,41.825
1587479491297,41.845
1587479505960,41.785
1587479515009,41.735
1587479527944,41.655
1587479538505,41.695
1587479547975,41.705
1587479557346,41.685
1587479569706,41.74
1587479569706,41.74
1587479590224,41.8
1587479599539,41.825
1587479610597,41.81
1587479622034,41.825
1587479632210,41.8
1587479640468,41.745
1587479652452,41.725
1587479663150,41.705
1587479669282,41.675
1587479684516,41.75
1587479687315,41.735
1587479701836,41.695
1587479716010,41.62
1587479725670,41.585
1587479735097,41.66
1587479747511,41.68
1587479757386,41.69
1587479758041,41.69
1587479775149,41.665
1587479783487,41.65
1587479796504,41.64
1587479810422,41.61
1587479820573,41.655
1587479831015,41.625
1587479838498,41.59
1587479847320,41.58
1587479847320,41.58
1587479872346,41.595
1587479883638,41.605
1587479894115,41.585
1587479904444,41.64
1587479912566,41.61
1587479922019,41.655
1587479922019,41.655
1587479945683,41.72
1587479945683,41.72
1587479965531,41.755
1587479971887,41.775
1587479983538,41.72
1587479997580,41.73
1587480002501,41.685
1587480002501,41.685
1587480026093,41.64
1587480030597,41.64
1587480041962,41.66
1587480059697,41.685
1587480065248,41.69
1587480065248,41.69
1587480065248,41.69
1587480102565,41.63
1587480102565,41.63
1587480118254,41.64
1587480118254,41.64
1587480135179,41.59
1587480135179,41.59
1587480135179,41.59
1587480174137,41.525
1587480174137,41.525
1587480190382,41.575
1587480190382,41.575
1587480190382,41.575
1587480226664,41.56
1587480239022,41.5
1587480239022,41.5
1587480239022,41.5
1587480265940,41.52
1587480279674,41.595
1587480289581,41.6
1587480289581,41.6
1587480289581,41.6
1587480313720,41.57
1587480332567,41.645
1587480340046,41.68
1587480346155,41.64
1587480355035,41.625
1587480355035,41.625
1587480383948,41.545
1587480394923,41.6
1587480402168,41.595
1587480415843,41.54
1587480424360,41.55
1587480430184,41.555
1587480439566,41.515
1587480457138,41.55
1587480457138,41.55
1587480477866,41.56
1587480483696,41.535
1587480483696,41.535
1587480483696,41.535
1587480518057,41.53
1587480530027,41.53
1587480532880,41.55
1587480545055,41.59
1587480545055,41.59
1587480568582,41.55
1587480582661,41.53
1587480592996,41.54
1587480600948,41.56
1587480600948,41.56
1587480625463,41.605
1587480625463,41.605
1587480625463,41.605
1587480654130,41.62
1587480661422,41.65
1587480675489,41.77
1587480675489,41.77
1587480688023,41.84
1587480705656,41.92
1587480714017,41.855
1587480724899,41.905
1587480740029,41.87
1587480748174,41.79
1587480759854,41.86
1587480759854,41.86
1587480774275,41.825
1587480787870,41.94
1587480798676,41.925
1587480811022,41.88
1587480818178,41.9
1587480831759,41.855
1587480842856,41.88
1587480842856,41.88
1587480842856,41.88
1587480876002,41.89
1587480883440,41.865
1587480883440,41.865
1587480897897,41.885
1587480910478,41.92
1587480921061,41.94
1587480921061,41.94
1587480921061,41.94
1587480956036,41.87
1587480956036,41.87
1587480977130,41.9
1587480977130,41.9
1587481000136,41.895
1587481000136,41.895
1587481000136,41.895
1587481032050,41.91
1587481032050,41.91
1587481032050,41.91
1587481032050,41.91
1587481032050,41.91
1587481032050,41.91
1587481093904,41.99
1587481093904,41.99
1587481107254,42.05
1587481122941,42.085
1587481129981,42.11
1587481145009,42.05
1587481145009,42.05
1587481168545,41.99
1587481179774,41.99
1587481189915,41.99
1587481199007,41.96
1587481210510,41.935
1587481223388,41.885
1587481232528,41.865
1587481243899,41.845
1587481253984,41.88
1587481260968,41.875
1587481273324,41.9
1587481286287,41.895
1587481295870,41.905
1587481301346,41.83
1587481317677,41.8
1587481325179,41.72
1587481325179,41.72
1587481325179,41.72
1587481355113,41.615
1587481369896,41.565
1587481372896,41.57
1587481390168,41.585
1587481401373,41.57
1587481410414,41.59
1587481422742,41.635
1587481429393,41.755
1587481442428,41.72
1587481454153,41.665
1587481465067,41.635
1587481470742,41.62
1587481481594,41.585
1587481481594,41.585
1587481504346,41.595
1587481504346,41.595
1587481527351,41.605
1587481537700,41.61
1587481547372,41.565
1587481558551,41.495
1587481569554,41.53
1587481578041,41.535
1587481586975,41.605
1587481600302,41.545
1587481615069,41.485
1587481620092,41.5
1587481635165,41.55
1587481649032,41.555
1587481658694,41.55
1587481666235,41.53
1587481680452,41.535
1587481688630,41.53
1587481699250,41.535
1587481711430,41.515
1587481719518,41.5
1587481726598,41.48
1587481742766,41.45
1587481752833,41.43
1587481753800,41.415
1587481753800,41.415
1587481784149,41.43
1587481793091,41.38
1587481803405,41.34
1587481803405,41.34
1587481822237,41.36
1587481836164,41.305
1587481846189,41.29
1587481848818,41.305
1587481868055,41.27
1587481874764,41.27
1587481887074,41.21
1587481897690,41.19
1587481906289,41.2
1587481919093,41.18
1587481930553,41.23
1587481931841,41.245
1587481931841,41.245
1587481954486,41.2
1587481954486,41.2
1587481977572,41.19
1587481977572,41.19
1587481995598,41.15
1587481995598,41.15
1587482015505,41.14
1587482031068,41.135
1587482045307,41.13
1587482048519,41.11
1587482063944,41.12
1587482071387,41.115
1587482086719,41.12
1587482098486,41.1
1587482106073,41.09
1587482113402,41.09
1587482127543,41.105
1587482132565,41.115
1587482146526,41.115
1587482159171,41.105
1587482171217,41.165
1587482180961,41.145
1587482190778,41.145
1587482197499,41.145
1587482211604,41.17
1587482222663,41.19
1587482231672,41.215
1587482239537,41.195
1587482244192,41.185
1587482265537,41.165
1587482274208,41.14
1587482287018,41.19
1587482287018,41.19
1587482304432,41.21
1587482315686,41.195
1587482321662,41.19
1587482331812,41.23
1587482331812,41.23
1587482354271,41.195
1587482360761,41.26
1587482372469,41.26
1587482384530,41.215
1587482394245,41.25
1587482394245,41.25
1587482394245,41.25
1587482432453,41.235
1587482441521,41.235
1587482441521,41.235
1587482465045,41.295
1587482468299,41.29
1587482468299,41.29
1587482468299,41.29
1587482504657,41.25
1587482515146,41.195
1587482524329,41.15
1587482534765,41.14
1587482547425,41.13
1587482559839,41.105
1587482562703,41.115
1587482570993,41.09
1587482587637,41.15
1587482597599,41.22
1587482602255,41.175
1587482602255,41.175
1587482632005,41.16
1587482633351,41.15
1587482648266,41.135
1587482654268,41.12
1587482670880,41.115
1587482678514,41.11
1587482693513,41.1
1587482693513,41.1
1587482693513,41.1
1587482693513,41.1
1587482737411,41.13
1587482737411,41.13
1587482750641,41.155
1587482766936,41.145
1587482776110,41.12
1587482776110,41.12
1587482776110,41.12
1587482808923,41.12
1587482808923,41.12
1587482808923,41.12
1587482842584,41.095
1587482850683,41.08
1587482860225,41.085
1587482860225,41.085
1587482883730,41.015
1587482894578,41.06
1587482899924,41.055
1587482913964,41.07
1587482922713,41
1587482936305,41.045
1587482936305,41.045
1587482956930,41.01
1587482966764,40.96
1587482970824,40.95
1587482986504,40.915
1587483000657,40.935
1587483011495,41
1587483015348,41.04
1587483033345,41.02
1587483033345,41.02
1587483055146,41.1
1587483062859,41.09
1587483068608,41.06
1587483086193,41.08
1587483096591,41.11
1587483098949,41.11
1587483116506,41.125
1587483123456,41.085
1587483123456,41.085
1587483150337,41.075
1587483161545,41.06
1587483168303,40.98
1587483180273,41.015
1587483191436,41.02
1587483193910,41.045
1587483207053,41.02
1587483207053,41.02
1587483230085,41.015
1587483243179,40.995
1587483255788,40.965
1587483266563,40.96
1587483275093,40.915
1587483287277,40.89
1587483293120,40.86
1587483302585,40.86
1587483311791,40.855
1587483320635,40.84
1587483332374,40.83
1587483347270,40.77
1587483359288,40.74
1587483363811,40.79
1587483382203,40.78
1587483382203,40.78
1587483395494,40.82
1587483409498,40.87
1587483418600,40.845
1587483430066,40.825
1587483430066,40.825
1587483448613,40.84
1587483448613,40.84
1587483448613,40.84
1587483448613,40.84
1587483492063,40.79
1587483492063,40.79
1587483512927,40.76
1587483512927,40.76
1587483529136,40.775
1587483529136,40.775
1587483557577,40.73
1587483557577,40.73
1587483580730,40.81
1587483580730,40.81
1587483580730,40.81
1587483580730,40.81
1587483618643,40.77
1587483618643,40.77
1587483618643,40.77
1587483618643,40.77
1587483657678,40.805
1587483657678,40.805
1587483657678,40.805
1587483690272,40.795
1587483700864,40.79
1587483715809,40.86
1587483718886,40.865
1587483737078,40.77
1587483745093,40.78
1587483752270,40.815
1587483762013,40.825
1587483780186,40.82
1587483780186,40.82
1587483799458,40.785
1587483804337,40.79
1587483813046,40.785
1587483831533,40.795
1587483834923,40.785
1587483834923,40.785
1587483863868,40.795
1587483869589,40.805
1587483869589,40.805
1587483869589,40.805
1587483900359,40.76
1587483900359,40.76
1587483925036,40.75
1587483925036,40.75
1587483925036,40.75
1587483949289,40.765
1587483964668,40.74
1587483964668,40.74
1587483964668,40.74
1587483964668,40.74
1587483964668,40.74
1587484012333,40.79
1587484030494,40.775
1587484040138,40.8
1587484040138,40.8
1587484060650,40.81
1587484066284,40.795
1587484073159,40.765
1587484085399,40.76
1587484098281,40.73
1587484098281,40.73
1587484121630,40.775
1587484134977,40.785
1587484143693,40.775
1587484155264,40.795
1587484166165,40.755
1587484167514,40.745
1587484187835,40.68
1587484195331,40.655
1587484195331,40.655
1587484216457,40.63
1587484222415,40.63
1587484222415,40.63
1587484248709,40.68
1587484253005,40.67
1587484269656,40.69
1587484280219,40.655
1587484280219,40.655
1587484297859,40.72
1587484309669,40.715
1587484322915,40.685
1587484330271,40.715
1587484330271,40.715
1587484352537,40.7
1587484355363,40.7
1587484368361,40.71
1587484368361,40.71
1587484387298,40.67
1587484387298,40.67
1587484410911,40.69
1587484410911,40.69
1587484410911,40.69
1587484445845,40.65
1587484445845,40.65
1587484445845,40.65
1587484445845,40.65
1587484445845,40.65
1587484497667,40.645
1587484497667,40.645
1587484519157,40.64
1587484519157,40.64
1587484519157,40.64
1587484553925,40.655
1587484556425,40.655
1587484570767,40.655
1587484570767,40.655
1587484570767,40.655
1587484605636,40.63
1587484608447,40.625
1587484617186,40.645
1587484628097,40.69
1587484646710,40.63
1587484654616,40.665
1587484669856,40.67
1587484677271,40.71
1587484689957,40.685
1587484699322,40.7
1587484699322,40.7
1587484699322,40.7
1587484699322,40.7
1587484737266,40.71
1587484747103,40.705
1587484760246,40.71
1587484765275,40.69
1587484783250,40.69
1587484786733,40.7
1587484801399,40.73
1587484811586,40.73
1587484822265,40.73
1587484822265,40.73
1587484842993,40.725
1587484851106,40.72
1587484851106,40.72
1587484851106,40.72
1587484851106,40.72
1587484899573,40.72
1587484904703,40.74
1587484904703,40.74
1587484932014,40.765
1587484937848,40.75
1587484937848,40.75
1587484937848,40.75
1587484966284,40.74
1587484966284,40.74
1587484966284,40.74
1587484966284,40.74
1587484966284,40.74
1587484966284,40.74
1587484966284,40.74
1587484966284,40.74
1587485052100,40.71
1587485052100,40.71
1587485052100,40.71
1587485088716,40.78
1587485088716,40.78
1587485108503,40.81
1587485119960,40.84
1587485119960,40.84
1587485134399,40.85
1587485134399,40.85
1587485158323,40.93
1587485172201,40.95
1587485180883,40.945
1587485180883,40.945
1587485180883,40.945
1587485208558,40.945
1587485225113,40.93
1587485225113,40.93
1587485225113,40.93
1587485225113,40.93
1587485225113,40.93
1587485277444,40.845
1587485282042,40.84
1587485282042,40.84
1587485282042,40.84
1587485282042,40.84
1587485282042,40.84
1587485282042,40.84
1587485346229,40.865
1587485355017,40.88
1587485369488,40.9
1587485369488,40.9
1587485369488,40.9
1587485369488,40.9
1587485405729,40.95
1587485424135,40.995
1587485432400,41.015
1587485432400,41.015
1587485432400,41.015
1587485464282,41.11
1587485476780,41.21
1587485476780,41.21
1587485476780,41.21
1587485498986,41.23
1587485511060,41.15
1587485511060,41.15
1587485539329,41.12
1587485539329,41.12
1587485560145,41.1
1587485560145,41.1
1587485560145,41.1
1587485591351,41.08
1587485600817,41.07
1587485606289,41.05
1587485606289,41.05
1587485630366,41.1
1587485630366,41.1
1587485651158,41.14
1587485651158,41.14
1587485651158,41.14
1587485651158,41.14
1587485651158,41.14
1587485651158,41.14
1587485651158,41.14
1587485651158,41.14
1587485738804,41.125
1587485745253,41.135
1587485758110,41.12
1587485764128,41.125
1587485778784,41.075
1587485789268,41.105
1587485799839,41.11
1587485810530,41.07
1587485820403,41.11
1587485820403,41.11
1587485820403,41.11
1587485845283,41.1
1587485863178,41.105
1587485870712,41.085
1587485882708,41.075
1587485890446,41.1
1587485904284,41.075
1587485914215,41.075
1587485923647,41.055
1587485923647,41.055
1587485923647,41.055
1587485956152,41.1
1587485966300,41.095
1587485979277,41.105
1587485990023,41.055
1587485997518,41.05
1587486009927,41.025
1587486014509,41.02
1587486031758,41.015
1587486034608,41.025
1587486042904,41.005
1587486061796,41.035
1587486073082,41.06
1587486078896,41.055
1587486091245,41.055
1587486105296,41.065
1587486114281,41.06
1587486121347,41.045
1587486121347,41.045
1587486121347,41.045
1587486121347,41.045
1587486167297,41.05
1587486172018,41.055
1587486172018,41.055
1587486193425,41.05
1587486208541,41.07
1587486208541,41.07
1587486208541,41.07
1587486208541,41.07
1587486248422,41.055
1587486248422,41.055
1587486248422,41.055
1587486278641,41.05
1587486278641,41.05
1587486305928,41.07
1587486313901,41.07
1587486326308,41.075
1587486329988,41.08
1587486341863,41.085
1587486358152,41.11
1587486370869,41.12
1587486378316,41.135
1587486389723,41.12
1587486389723,41.12
1587486389723,41.12
1587486389723,41.12
1587486431114,41.08
1587486443520,41.065
1587486454528,41.04
1587486454528,41.04
1587486476326,41.03
1587486483962,41.045
1587486489250,41.055
1587486489250,41.055
1587486519382,41.045
1587486525363,41.045
1587486538660,41.055
1587486540666,41.055
1587486556844,41.065
1587486556844,41.065
1587486578849,41.035
1587486590726,41.045
1587486590726,41.045
1587486612539,41.015
1587486623499,41.005
1587486630354,41.005
1587486644897,41.025
1587486648282,41.025
1587486659094,41.05
1587486659094,41.05
1587486659094,41.05
1587486696377,41.035
1587486701427,41.035
1587486701427,41.035
1587486727646,41.015
1587486740898,41
1587486752947,40.99
1587486761325,40.955
1587486761325,40.955
1587486783395,41
1587486793201,40.965
1587486798867,40.99
1587486798867,40.99
1587486798867,40.99
1587486798867,40.99
1587486846284,40.915
1587486854705,40.905
1587486868132,40.89
1587486874290,40.905
1587486884543,40.93
1587486896555,40.955
1587486901553,40.955
1587486914222,40.94
1587486928264,40.94
1587486928264,40.94
1587486945868,40.925
1587486957130,40.925
1587486962895,40.94
1587486977935,41.02
1587486992794,40.99
1587487004280,41.035
1587487013555,41.045
1587487022168,41.06
1587487032934,41.03
1587487045006,41.05
1587487052392,41.055
1587487065479,41.02
1587487075910,41.065
1587487080184,41.06
1587487097394,41.03
1587487109021,40.98
1587487116741,41
1587487122008,40.97
1587487138212,40.965
1587487138212,40.965
1587487156252,41
1587487156252,41
1587487175872,40.995
1587487193081,40.98
1587487201387,40.975
1587487213139,40.975
1587487220727,41.02
1587487228739,41.03
1587487228739,41.03
1587487248867,41.04
1587487248867,41.04
1587487274468,41.015
1587487274468,41.015
1587487293388,41.02
1587487293388,41.02
1587487293388,41.02
1587487321241,41.02
1587487339602,40.95
1587487339602,40.95
1587487339602,40.95
1587487339602,40.95
1587487377645,40.95
1587487377645,40.95
1587487396907,40.96
1587487396907,40.96
1587487423211,40.95
1587487423211,40.95
1587487423211,40.95
1587487447052,40.94
1587487459753,40.94
1587487459753,40.94
1587487485709,40.93
1587487491546,40.905
1587487506106,40.93
1587487506106,40.93
1587487524360,41.005
1587487524360,41.005
1587487524360,41.005
1587487524360,41.005
1587487524360,41.005
1587487577777,41.03
1587487591868,40.995
1587487598161,40.97
1587487610935,41.02
1587487623291,40.98
1587487624175,40.96
1587487624175,40.96
1587487655435,41
1587487660731,40.99
1587487660731,40.99
1587487660731,40.99
1587487660731,40.99
1587487660731,40.99
1587487660731,40.99
1587487660731,40.99
1587487733848,40.95
1587487749288,41
1587487749288,41
1587487771083,41.045
1587487780534,41.02
1587487789048,40.995
1587487789048,40.995
1587487808918,41.04
1587487814653,41.05
1587487814653,41.05
1587487845589,41.145
1587487845589,41.145
1587487864861,41.13
1587487869836,41.09
1587487869836,41.09
1587487892517,41.07
1587487900289,41.05
1587487915705,41.06
1587487915705,41.06
1587487934472,41.16
1587487946605,41.16
1587487959808,41.16
1587487959808,41.16
1587487972311,41.18
1587487972311,41.18
1587487997856,41.1
1587487997856,41.1
1587488017827,41.08
1587488017827,41.08
1587488017827,41.08
1587488053541,41.03
1587488063905,41.02
1587488075488,40.99
1587488075488,40.99
1587488075488,40.99
1587488075488,40.99
1587488075488,40.99
1587488075488,40.99
1587488075488,40.99
1587488075488,40.99
1587488075488,40.99
1587488075488,40.99
1587488075488,40.99
1587488075488,40.99
1587488075488,40.99
1587488211095,41.04
1587488211095,41.04
1587488211095,41.04
1587488242306,40.99
1587488250296,40.99
1587488250296,40.99
1587488266248,41.02
1587488281355,41.04
1587488281355,41.04
1587488302170,41.02
1587488302170,41.02
1587488318944,41.03
1587488336755,41.02
1587488342203,41
1587488350946,41.025
1587488366038,41.03
1587488376943,41.02
1587488388873,41.02
1587488390876,41.005
1587488390876,41.005
1587488421373,41.025
1587488423416,41.045
1587488437857,41.045
1587488437857,41.045
1587488455976,41.145
1587488464971,41.14
1587488479672,41.125
1587488479672,41.125
1587488479672,41.125
1587488506283,41.08
1587488520956,41.07
1587488520956,41.07
1587488542485,41.07
1587488554450,41.06
1587488554450,41.06
1587488579211,41.025
1587488579211,41.025
1587488579211,41.025
1587488579211,41.025
1587488613772,41.01
1587488627774,41.04
1587488627774,41.04
1587488651513,41.01
1587488651513,41.01
1587488669300,41.01
1587488669300,41.01
1587488669300,41.01
1587488669300,41.01
1587488669300,41.01
1587488669300,41.01
1587488735146,40.98
1587488735146,40.98
1587488735146,40.98
1587488735146,40.98
1587488735146,40.98
1587488784784,40.99
1587488784784,40.99
1587488784784,40.99
1587488813841,41
1587488824605,40.995
1587488824605,40.995
1587488846140,40.99
1587488846140,40.99
1587488846140,40.99
1587488846140,40.99
1587488846140,40.99
1587488846140,40.99
1587488908193,40.985
1587488926328,40.93
1587488926328,40.93
1587488926328,40.93
1587488950772,40.985
1587488965071,40.96
1587488965071,40.96
1587488965071,40.96
1587488965071,40.96
1587489004064,40.93
1587489004064,40.93
1587489004064,40.93
1587489004064,40.93
1587489043281,40.96
1587489043281,40.96
1587489043281,40.96
1587489081164,40.98
1587489093503,40.93
1587489103485,40.89
1587489103485,40.89
1587489103485,40.89
1587489135091,40.92
1587489142804,40.91
1587489142804,40.91
1587489142804,40.91
1587489170811,40.87
1587489183173,40.87
1587489196102,40.94
1587489196102,40.94
1587489216032,40.89
1587489216032,40.89
1587489232167,40.865
1587489232167,40.865
1587489232167,40.865
1587489232167,40.865
1587489232167,40.865
1587489283713,40.8
1587489283713,40.8
1587489283713,40.8
1587489283713,40.8
1587489283713,40.8
1587489348003,40.84
1587489357558,40.85
1587489367690,40.785
1587489373572,40.79
1587489373572,40.79
1587489373572,40.79
1587489373572,40.79
1587489419161,40.725
1587489419161,40.725
1587489442164,40.75
1587489452732,40.71
1587489452732,40.71
1587489475289,40.71
1587489476278,40.705
1587489494510,40.755
1587489498237,40.75
1587489516484,40.745
1587489527738,40.79
1587489532411,40.78
1587489541364,40.73
1587489556730,40.775
1587489569240,40.77
1587489575348,40.765
1587489575348,40.765
1587489597813,40.735
1587489612005,40.75
1587489617630,40.76
1587489634059,40.76
1587489645332,40.78
1587489649190,40.775
1587489665726,40.805
1587489671687,40.8
1587489685252,40.805
1587489685252,40.805
1587489706309,40.79
1587489715479,40.765
1587489723511,40.8
1587489733812,40.8
1587489749660,40.78
1587489749660,40.78
1587489768182,40.805
1587489771448,40.81
1587489771448,40.81
1587489771448,40.81
1587489804549,40.795
1587489804549,40.795
1587489834234,40.79
1587489834234,40.79
1587489834234,40.79
1587489834234,40.79
1587489834234,40.79
1587489880833,40.8
1587489880833,40.8
1587489880833,40.8
1587489919551,40.77
1587489919551,40.77
1587489919551,40.77
1587489946049,40.76
1587489946049,40.76
1587489963757,40.75
1587489963757,40.75
1587489963757,40.75
1587489963757,40.75
1587489963757,40.75
1587489963757,40.75
1587490038007,40.79
1587490047947,40.79
1587490047947,40.79
1587490047947,40.79
1587490080628,40.765
1587490083846,40.8
1587490099293,40.78
1587490099293,40.78
1587490099293,40.78
1587490099293,40.78
1587490099293,40.78
1587490099293,40.78
1587490099293,40.78
1587490099293,40.78
1587490099293,40.78
1587490187388,40.9
1587490203081,40.845
1587490203081,40.845
1587490222933,40.805
1587490235737,40.84
1587490235737,40.84
1587490235737,40.84
1587490266842,40.835
1587490266842,40.835
1587490266842,40.835
1587490266842,40.835
1587490302299,40.82
1587490320963,40.825
1587490320963,40.825
1587490334463,40.835
1587490351883,40.82
1587490351883,40.82
1587490370462,40.795
1587490370462,40.795
1587490370462,40.795
1587490404037,40.835
1587490404037,40.835
1587490426926,40.81
1587490431980,40.825
1587490447180,40.8
1587490447180,40.8
1587490447180,40.8
1587490474744,40.84
1587490491998,40.835
1587490497325,40.83
1587490512611,40.825
1587490516085,40.82
1587490516085,40.82
1587490544424,40.82
1587490548404,40.805
1587490561775,40.825
1587490561775,40.825
1587490561775,40.825
1587490597230,40.83
1587490597230,40.83
1587490597230,40.83
1587490597230,40.83
1587490597230,40.83
1587490597230,40.83
1587490658664,40.885
1587490670479,40.89
1587490676507,40.88
1587490691674,40.865
1587490691674,40.865
1587490691674,40.865
1587490691674,40.865
1587490691674,40.865
1587490691674,40.865
1587490691674,40.865
1587490691674,40.865
1587490773866,40.84
1587490773866,40.84
1587490790187,40.875
1587490803380,40.82
1587490803380,40.82
1587490828980,40.825
1587490834069,40.82
1587490834069,40.82
1587490851330,40.81
1587490851330,40.81
1587490851330,40.81
1587490883428,40.77
1587490902009,40.71
1587490903134,40.715
1587490921626,40.71
1587490921626,40.71
1587490921626,40.71
1587490921626,40.71
1587490921626,40.71
1587490968208,40.72
1587490968208,40.72
1587490968208,40.72
1587490968208,40.72
1587490968208,40.72
1587491025463,40.74
1587491030501,40.73
1587491039025,40.73
1587491039025,40.73
1587491039025,40.73
1587491039025,40.73
1587491086816,40.75
1587491086816,40.75
1587491104881,40.78
1587491117286,40.71
1587491117286,40.71
1587491134335,40.69
1587491146262,40.65
1587491146262,40.65
1587491146262,40.65
1587491146262,40.65
1587491195353,40.605
1587491207026,40.62
1587491215979,40.65
1587491231644,40.69
1587491235339,40.69
1587491243741,40.665
1587491260189,40.62
1587491260189,40.62
1587491260189,40.62
1587491295313,40.6
1587491301041,40.6
1587491301041,40.6
1587491320473,40.59
1587491332772,40.58
1587491348228,40.56
1587491357028,40.49
1587491357028,40.49
1587491375306,40.53
1587491391856,40.53
1587491402376,40.53
1587491402376,40.53
1587491418372,40.5
1587491418372,40.5
1587491418372,40.5
1587491418372,40.5
1587491463745,40.5
1587491476241,40.525
1587491479020,40.515
1587491495322,40.515
1587491505979,40.54
1587491505979,40.54
1587491523227,40.545
1587491540653,40.535
1587491540653,40.535
1587491558881,40.51
1587491571726,40.52
1587491571726,40.52
1587491593401,40.615
1587491597793,40.62
1587491605313,40.615
1587491623878,40.63
1587491623878,40.63
1587491641923,40.66
1587491652546,40.64
1587491666405,40.665
1587491672773,40.66
1587491672773,40.66
1587491672773,40.66
1587491672773,40.66
1587491717755,40.62
1587491725473,40.645
1587491725473,40.645
1587491751165,40.66
1587491751165,40.66
1587491769367,40.67
1587491769367,40.67
1587491769367,40.67
1587491769367,40.67
1587491808185,40.675
1587491820253,40.68
1587491832318,40.66
1587491844302,40.67
1587491844302,40.67
1587491863590,40.68
1587491871614,40.67
1587491871614,40.67
1587491871614,40.67
1587491905286,40.61
1587491918112,40.59
1587491927628,40.6
1587491939847,40.615
1587491941711,40.615
1587491941711,40.615
1587491941711,40.615
1587491974005,40.68
1587491974005,40.68
1587491997133,40.7
1587491997133,40.7
1587492015919,40.62
1587492027724,40.595
1587492041551,40.59
1587492041551,40.59
1587492063992,40.58
1587492072313,40.575
1587492088768,40.61
1587492099660,40.61
1587492099660,40.61
1587492120987,40.615
1587492125687,40.62
1587492142311,40.615
1587492151471,40.6
1587492159195,40.6
1587492159195,40.6
1587492177289,40.57
1587492190671,40.59
1587492190671,40.59
1587492190671,40.59
1587492190671,40.59
1587492230266,40.65
1587492230266,40.65
1587492230266,40.65
1587492230266,40.65
1587492230266,40.65
1587492230266,40.65
1587492230266,40.65
1587492230266,40.65
1587492230266,40.65
1587492326310,40.67
1587492326310,40.67
1587492326310,40.67
1587492326310,40.67
1587492326310,40.67
1587492381311,40.78
1587492381311,40.78
1587492396641,40.79
1587492414877,40.77
1587492414877,40.77
1587492414877,40.77
1587492414877,40.77
1587492414877,40.77
1587492414877,40.77
1587492477108,40.86
1587492477108,40.86
1587492493331,40.815
1587492502596,40.8
1587492502596,40.8
1587492502596,40.8
1587492539302,40.78
1587492539302,40.78
1587492539302,40.78
1587492563766,40.75
1587492563766,40.75
1587492563766,40.75
1587492563766,40.75
1587492563766,40.75
1587492616951,40.74
1587492616951,40.74
1587492616951,40.74
1587492616951,40.74
1587492616951,40.74
1587492616951,40.74
1587492686125,40.755
1587492698318,40.8
1587492698318,40.8
1587492698318,40.8
1587492698318,40.8
1587492698318,40.8
1587492698318,40.8
1587492698318,40.8
1587492698318,40.8
1587492698318,40.8
1587492698318,40.8
1587492698318,40.8
1587492698318,40.8
1587492698318,40.8
1587492698318,40.8
1587492698318,40.8
1587492854971,40.82
1587492854971,40.82
1587492875421,40.81
1587492875421,40.81
1587492875421,40.81
1587492875421,40.81
1587492919431,40.86
1587492930420,40.835
1587492930420,40.835
1587492930420,40.835
1587492959077,40.79
1587492964515,40.8
1587492964515,40.8
1587492964515,40.8
1587492964515,40.8
1587493014216,40.81
1587493026491,40.8
1587493026491,40.8
1587493026491,40.8
1587493058443,40.83
1587493058443,40.83
1587493073000,40.83
1587493084859,40.86
1587493084859,40.86
1587493084859,40.86
1587493116874,40.82
1587493132127,40.865
1587493142438,40.845
1587493151005,40.885
1587493160550,40.915
1587493173747,40.905
1587493181264,40.945
1587493189036,40.915
1587493204169,40.92
1587493213573,40.935
1587493226051,40.94
1587493237521,40.985
1587493248193,40.965
1587493257259,40.945
1587493261594,40.955
1587493275095,40.935
1587493290719,40.955
1587493292804,40.955
1587493310642,40.945
1587493320628,40.935
1587493327297,40.925
1587493334217,40.945
1587493334217,40.945
1587493363342,40.945
1587493375174,41.01
1587493385643,40.995
1587493394678,41.035
1587493407040,41.065
1587493414284,41.055
1587493425047,41.09
1587493437530,41.12
1587493440413,41.115
1587493458007,41.105
1587493467607,41.105
1587493467607,41.105
1587493485887,41.05
1587493485887,41.05
1587493503840,41.045
1587493503840,41.045
1587493528152,41.09
1587493528152,41.09
1587493546064,41.105
1587493546064,41.105
1587493569585,41.16
1587493581915,41.17
1587493587755,41.15
1587493587755,41.15
1587493587755,41.15
1587493626886,41.2
1587493631931,41.18
1587493646858,41.18
1587493658738,41.145
1587493658738,41.145
1587493673213,41.12
1587493685242,41.11
1587493685242,41.11
1587493704304,41.13
1587493720040,41.15
1587493729271,41.16
1587493729271,41.16
1587493729271,41.16
1587493759862,41.1
1587493772569,41.115
1587493784745,41.125
1587493789007,41.14
1587493789007,41.14
1587493789007,41.14
1587493821312,41.115
1587493836977,41.125
1587493836977,41.125
1587493836977,41.125
1587493871385,41.07
1587493877461,41.05
1587493884253,41.055
1587493903803,40.985
1587493913243,40.98
1587493921324,41.005
1587493921324,41.005
1587493947311,41.04
1587493957757,41.045
1587493961092,41.025
1587493976828,41.03
1587493987331,41
1587493994215,40.995
1587493994215,40.995
1587494011958,41.005
1587494011958,41.005
1587494011958,41.005
1587494011958,41.005
1587494062825,40.965
1587494062825,40.965
1587494062825,40.965
1587494062825,40.965
1587494062825,40.965
1587494107753,40.995
1587494107753,40.995
1587494128359,41.01
1587494128359,41.01
1587494128359,41.01
1587494128359,41.01
1587494179199,41.11
1587494187928,41.1
1587494199505,41.12
1587494199505,41.12
1587494216529,41.1
1587494216529,41.1
1587494216529,41.1
1587494248751,41.095
1587494248751,41.095
1587494248751,41.095
1587494283064,41.065
1587494283064,41.065
1587494301486,41.015
1587494314756,41
1587494319201,40.99
1587494319201,40.99
1587494344324,40.99
1587494344324,40.99
1587494364170,40.97
1587494364170,40.97
1587494364170,40.97
1587494393998,41.045
1587494393998,41.045
1587494393998,41.045
1587494425212,41.02
1587494436191,41.02
1587494436191,41.02
1587494460351,41.04
1587494460351,41.04
1587494482594,40.995
1587494490914,40.995
1587494499285,41.01
1587494506773,41.03
1587494506773,41.03
1587494506773,41.03
1587494506773,41.03
1587494506773,41.03
1587494561966,41.03
1587494574287,41.05
1587494574287,41.05
1587494574287,41.05
1587494610673,41.02
1587494620629,40.99
1587494626305,40.95
1587494626305,40.95
1587494626305,40.95
1587494626305,40.95
1587494626305,40.95
1587494626305,40.95
1587494626305,40.95
1587494626305,40.95
1587494710497,41
1587494718980,41.03
1587494740321,41.03
1587494742516,41.03
1587494754991,41.03
1587494767123,41.075
1587494767123,41.075
1587494767123,41.075
1587494802302,41.12
1587494808310,41.115
1587494822830,41.14
1587494822830,41.14
1587494822830,41.14
1587494822830,41.14
1587494866293,41.17
1587494874839,41.14
1587494882656,41.14
1587494882656,41.14
1587494882656,41.14
1587494919609,41.12
1587494926059,41.19
1587494941325,41.155
1587494951743,41.165
1587494961918,41.18
1587494969435,41.175
1587494979270,41.16
1587494987037,41.145
1587494987037,41.145
1587495009508,41.14
1587495025631,41.1
1587495025631,41.1
1587495025631,41.1
1587495025631,41.1
1587495025631,41.1
1587495076525,41.14
1587495076525,41.14
1587495092634,41.15
1587495102500,41.15
1587495102500,41.15
1587495131533,41.22
1587495140060,41.25
1587495140060,41.25
1587495140060,41.25
1587495140060,41.25
1587495184597,41.24
1587495184597,41.24
1587495184597,41.24
1587495212734,41.34
1587495220818,41.325
1587495220818,41.325
1587495248407,41.33
1587495340042,41.43
1587495352655,41.44
1587495364298,41.42
1587495371735,41.43
1587495379255,41.395
1587495397237,41.38
1587495397237,41.38
1587495411197,41.38
1587495429015,41.37
1587495440419,41.355
1587495449457,41.325
1587495458825,41.345
1587495466114,41.365
1587495473548,41.36
1587495473548,41.36
1587495473548,41.36
1587495473548,41.36
1587495473548,41.36
1587495473548,41.36
1587495542239,41.4
1587495553208,41.43
1587495564028,41.44
1587495569276,41.405
1587495583071,41.365
1587495583071,41.365
