1586266238142,541.91
1586266238142,541.91
1586266278352,541.08
1586266278352,541.08
1586266299076,541.5
1586266308305,539.99
1586266308305,539.99
1586266330134,538.51
1586266330134,538.51
1586266330134,538.51
1586266330134,538.51
1586266373074,536.7
1586266383576,537.3
1586266395581,537.43
1586266410584,537.25
1586266415391,537.12
1586266415391,537.12
1586266415391,537.12
1586266415391,537.12
1586266462999,537.24
1586266470110,537.44
1586266470110,537.44
1586266470110,537.44
1586266470110,537.44
1586266470110,537.44
1586266470110,537.44
1586266535920,537.465
1586266535920,537.465
1586266535920,537.465
1586266535920,537.465
1586266582987,536.39
1586266597763,536.67
1586266601518,537.38
1586266601518,537.38
1586266601518,537.38
1586266601518,537.38
1586266644427,537.19
1586266644427,537.19
1586266669315,536
1586266677479,535.88
1586266677479,535.88
1586266677479,535.88
1586266677479,535.88
1586266677479,535.88
1586266728704,533.765
1586266728704,533.765
1586266728704,533.765
1586266764558,533.64
1586266764558,533.64
1586266764558,533.64
1586266764558,533.64
1586266800766,533.33
1586266800766,533.33
1586266800766,533.33
1586266800766,533.33
1586266800766,533.33
1586266860462,535.765
1586266869434,535.39
1586266884154,535.835
1586266884154,535.835
1586266904292,535
1586266904292,535
1586266904292,535
1586266931818,535.49
1586266941178,535.385
1586266959671,536.6
1586266959671,536.6
1586266959671,536.6
1586266987803,537.8
1586267002766,538.06
1586267002766,538.06
1586267017951,537.975
1586267032901,538.66
1586267046055,537.88
1586267051065,538.06
1586267051065,538.06
1586267051065,538.06
1586267051065,538.06
1586267051065,538.06
1586267111037,537.99
1586267121923,538.04
1586267125770,537.81
1586267125770,537.81
1586267125770,537.81
1586267159879,539.16
1586267159879,539.16
1586267181845,540.355
1586267181845,540.355
1586267181845,540.355
1586267181845,540.355
1586267181845,540.355
1586267241523,539
1586267248983,538.835
1586267257210,539.24
1586267274025,539.35
1586267274025,539.35
1586267274025,539.35
1586267305337,539.76
1586267305337,539.76
1586267325626,539.83
1586267334048,539.835
1586267345486,540.28
1586267356496,541.235
1586267356496,541.235
1586267356496,541.235
1586267356496,541.235
1586267356496,541.235
1586267356496,541.235
1586267356496,541.235
1586267356496,541.235
1586267356496,541.235
1586267451012,546.73
1586267454677,546.6
1586267454677,546.6
1586267482624,545.77
1586267493668,545.49
1586267503379,545.49
1586267508834,546
1586267525065,547.39
1586267529769,547.53
1586267529769,547.53
1586267557011,549.58
1586267564072,550.6
1586267577028,551.11
1586267589060,551.135
1586267599372,550.765
1586267607581,551.36
1586267618794,550.67
1586267623864,552
1586267623864,552
1586267623864,552
1586267623864,552
1586267623864,552
1586267623864,552
1586267623864,552
1586267623864,552
1586267706939,551.705
1586267706939,551.705
1586267741413,555.98
1586267742416,556.34
1586267764295,556.03
1586267764295,556.03
1586267764295,556.03
1586267794992,558.28
1586267801306,557.76
1586267818369,555.96
1586267823150,554.91
1586267834636,555.46
1586267842578,555.85
1586267842578,555.85
1586267870092,558.46
1586267882314,559.76
1586267888593,558.78
1586267894545,559.07
1586267894545,559.07
1586267922267,563.64
1586267931843,564.655
1586267937102,563.275
1586267954662,561.625
1586267959090,561.24
1586267980215,561.05
1586267990762,560.97
1586267995426,561.13
1586267995426,561.13
1586267995426,561.13
1586268032757,561.66
1586268037281,561.345
1586268037281,561.345
1586268059844,562.14
1586268059844,562.14
1586268059844,562.14
1586268092575,558.725
1586268092575,558.725
1586268114554,558.89
1586268114554,558.89
1586268140656,557.24
1586268142294,557.12
1586268142294,557.12
1586268172177,558.1
1586268172177,558.1
1586268172177,558.1
1586268203481,559.14
1586268203481,559.14
1586268203481,559.14
1586268203481,559.14
1586268203481,559.14
1586268252171,556.95
1586268252171,556.95
1586268283355,557.2
1586268284814,557.265
1586268302257,557.47
1586268316755,557.17
1586268327064,558.89
1586268327064,558.89
1586268346037,559.085
1586268354246,560.08
1586268354246,560.08
1586268380662,558.115
1586268390882,558.305
1586268390882,558.305
1586268390882,558.305
1586268417935,555.76
1586268427202,555.295
1586268439611,555.67
1586268451641,555
1586268458766,555.12
1586268458766,555.12
1586268488368,554.74
1586268490061,554.84
1586268509250,554.365
1586268519336,553.58
1586268523802,553.62
1586268523802,553.62
1586268523802,553.62
1586268523802,553.62
1586268523802,553.62
1586268575360,551
1586268575360,551
1586268575360,551
1586268618306,550.94
1586268628494,552.28
1586268629541,552.7
1586268629541,552.7
1586268660433,553.36
1586268669599,553.71
1586268669599,553.71
1586268669599,553.71
1586268669599,553.71
1586268669599,553.71
1586268720110,551.06
1586268720110,551.06
1586268741115,551.28
1586268741115,551.28
1586268741115,551.28
1586268779061,549.55
1586268779061,549.55
1586268779061,549.55
1586268810934,549.48
1586268818959,549.37
1586268818959,549.37
1586268840624,548.37
1586268854871,547.69
1586268854871,547.69
1586268871585,546.95
1586268871585,546.95
1586268871585,546.95
1586268871585,546.95
1586268871585,546.95
1586268871585,546.95
1586268871585,546.95
1586268949239,546.14
1586268964980,547.33
1586268964980,547.33
1586268964980,547.33
1586268964980,547.33
1586269003296,545.905
1586269018446,544.705
1586269031807,545.825
1586269033106,546.295
1586269033106,546.295
1586269064494,549.74
1586269071717,550.7
1586269081040,550.475
1586269081040,550.475
1586269081040,550.475
1586269118164,548.66
1586269118164,548.66
1586269118164,548.66
1586269149990,547.65
1586269149990,547.65
1586269149990,547.65
1586269149990,547.65
1586269149990,547.65
1586269149990,547.65
1586269149990,547.65
1586269222738,549.18
1586269222738,549.18
1586269246890,548.47
1586269253366,548.73
1586269253366,548.73
1586269253366,548.73
1586269253366,548.73
1586269253366,548.73
1586269253366,548.73
1586269322820,547.21
1586269322820,547.21
1586269341263,546
1586269341263,546
1586269367634,545.975
1586269371210,545.78
1586269386804,543.58
1586269386804,543.58
1586269415134,542.65
1586269425360,543.365
1586269428326,543.76
1586269442143,543.93
1586269455111,545.87
1586269455111,545.87
1586269455111,545.87
1586269455111,545.87
1586269492186,542.63
1586269509266,543
1586269509266,543
1586269509266,543
1586269509266,543
1586269509266,543
1586269509266,543
1586269509266,543
1586269509266,543
1586269592387,547.255
1586269592387,547.255
1586269612278,548.48
1586269631375,546.93
1586269631375,546.93
1586269631375,546.93
1586269631375,546.93
1586269675438,548.36
1586269680346,548.34
1586269698925,547.71
1586269708182,547.72
1586269708182,547.72
1586269708182,547.72
1586269708182,547.72
1586269749342,546.1
1586269749342,546.1
1586269749342,546.1
1586269749342,546.1
1586269788780,544.705
1586269788780,544.705
1586269788780,544.705
1586269788780,544.705
1586269788780,544.705
1586269788780,544.705
1586269788780,544.705
1586269788780,544.705
1586269788780,544.705
1586269788780,544.705
1586269788780,544.705
1586269913879,547.575
1586269913879,547.575
1586269935087,550.61
1586269945852,551.08
1586269956365,551.51
1586269966196,551.51
1586269974482,551.62
1586269974482,551.62
1586269974482,551.62
1586269974482,551.62
1586269974482,551.62
1586270023261,552.17
1586270023261,552.17
1586270023261,552.17
1586270023261,552.17
1586270023261,552.17
1586270023261,552.17
1586270023261,552.17
1586270023261,552.17
1586270023261,552.17
1586270023261,552.17
1586270023261,552.17
1586270023261,552.17
1586270023261,552.17
1586270023261,552.17
1586270174364,549.53
1586270189940,549.33
1586270189940,549.33
1586270189940,549.33
1586270221984,548.1
1586270221984,548.1
1586270221984,548.1
1586270250547,547.62
1586270264534,548.81
1586270271896,549
1586270288852,548.96
1586270298778,549.41
1586270302279,549.01
1586270310843,549.74
1586270310843,549.74
1586270310843,549.74
1586270345652,549.59
1586270345652,549.59
1586270364161,549.885
1586270383236,549.795
1586270383236,549.795
1586270383236,549.795
1586270383236,549.795
1586270383236,549.795
1586270383236,549.795
1586270383236,549.795
1586270383236,549.795
1586270464025,547.07
1586270464025,547.07
1586270464025,547.07
1586270498556,545.11
1586270500285,545.215
1586270500285,545.215
1586270526524,546.505
1586270526524,546.505
1586270526524,546.505
1586270526524,546.505
1586270563434,546.815
1586270576008,546.765
1586270576008,546.765
1586270576008,546.765
1586270576008,546.765
1586270576008,546.765
1586270576008,546.765
1586270576008,546.765
1586270656021,544.185
1586270657407,544.19
1586270657407,544.19
1586270657407,544.19
1586270690089,544.41
1586270690089,544.41
1586270690089,544.41
1586270728517,544.18
1586270733344,544.29
1586270733344,544.29
1586270733344,544.29
1586270733344,544.29
1586270733344,544.29
1586270790664,543
1586270790664,543
1586270790664,543
1586270790664,543
1586270790664,543
1586270842166,543.84
1586270842166,543.84
1586270861691,544.12
1586270861691,544.12
1586270861691,544.12
1586270861691,544.12
1586270861691,544.12
1586270915797,540.56
1586270915797,540.56
1586270915797,540.56
1586270915797,540.56
1586270954195,538.1
1586270954195,538.1
1586270954195,538.1
1586270954195,538.1
1586270954195,538.1
1586270954195,538.1
1586271015317,538.545
1586271015317,538.545
1586271015317,538.545
1586271043016,539.115
1586271043016,539.115
1586271043016,539.115
1586271043016,539.115
1586271043016,539.115
1586271043016,539.115
1586271043016,539.115
1586271043016,539.115
1586271043016,539.115
1586271143314,539.86
1586271143314,539.86
1586271143314,539.86
1586271143314,539.86
1586271143314,539.86
1586271143314,539.86
1586271143314,539.86
1586271143314,539.86
1586271143314,539.86
1586271234631,539.41
1586271250870,539.82
1586271250870,539.82
1586271270852,539.21
1586271280532,539.71
1586271288887,539.65
1586271288887,539.65
1586271288887,539.65
1586271320917,540.3
1586271320917,540.3
1586271320917,540.3
1586271320917,540.3
1586271360369,541.43
1586271369095,542.4
1586271387260,542.67
1586271393456,542.17
1586271393456,542.17
1586271393456,542.17
1586271393456,542.17
1586271439210,543.64
1586271444640,543.24
1586271451965,542.73
1586271451965,542.73
1586271451965,542.73
1586271451965,542.73
1586271451965,542.73
1586271451965,542.73
1586271522273,543.705
1586271522273,543.705
1586271540162,544.01
1586271540162,544.01
1586271563321,543.365
1586271574192,542.6
1586271574192,542.6
1586271574192,542.6
1586271574192,542.6
1586271574192,542.6
1586271574192,542.6
1586271574192,542.6
1586271574192,542.6
1586271574192,542.6
1586271574192,542.6
1586271574192,542.6
1586271574192,542.6
1586271574192,542.6
1586271574192,542.6
1586271717405,542.72
1586271717405,542.72
1586271741026,542.35
1586271744841,542.22
1586271759816,542.885
1586271770445,543.08
1586271784221,543.97
1586271784221,543.97
1586271784221,543.97
1586271784221,543.97
1586271784221,543.97
1586271784221,543.97
1586271784221,543.97
1586271784221,543.97
1586271861668,543.24
1586271861668,543.24
1586271861668,543.24
1586271901006,544.815
1586271906995,544.29
1586271917014,545.145
1586271917014,545.145
1586271941514,545.99
1586271941514,545.99
1586271941514,545.99
1586271941514,545.99
1586271941514,545.99
1586271941514,545.99
1586272002394,545.61
1586272002394,545.61
1586272002394,545.61
1586272002394,545.61
1586272002394,545.61
1586272053362,545.35
1586272053362,545.35
1586272053362,545.35
1586272089873,546.15
1586272089873,546.15
1586272104322,546.165
1586272119465,546.01
1586272119465,546.01
1586272119465,546.01
1586272119465,546.01
1586272119465,546.01
1586272119465,546.01
1586272119465,546.01
1586272119465,546.01
1586272119465,546.01
1586272119465,546.01
1586272218315,548.02
1586272218315,548.02
1586272218315,548.02
1586272253223,547.21
1586272269874,547.4
1586272280469,547.025
1586272280469,547.025
1586272280469,547.025
1586272280469,547.025
1586272319120,546.89
1586272319120,546.89
1586272338770,546.95
1586272338770,546.95
1586272338770,546.95
1586272338770,546.95
1586272338770,546.95
1586272338770,546.95
1586272338770,546.95
1586272338770,546.95
1586272426136,546.97
1586272426136,546.97
1586272449899,545.93
1586272449899,545.93
1586272449899,545.93
1586272449899,545.93
1586272484438,547.81
1586272484438,547.81
1586272484438,547.81
1586272484438,547.81
1586272533124,549.33
1586272533124,549.33
1586272547643,549.65
1586272547643,549.65
1586272547643,549.65
1586272547643,549.65
1586272547643,549.65
1586272547643,549.65
1586272547643,549.65
1586272547643,549.65
1586272547643,549.65
1586272547643,549.65
1586272547643,549.65
1586272661913,548.09
1586272661913,548.09
1586272688180,548.265
1586272688180,548.265
1586272688180,548.265
1586272688180,548.265
1586272688180,548.265
1586272688180,548.265
1586272688180,548.265
1586272688180,548.265
1586272688180,548.265
1586272688180,548.265
1586272688180,548.265
1586272803685,546.605
1586272803685,546.605
1586272803685,546.605
1586272803685,546.605
1586272803685,546.605
1586272857468,545.105
1586272857468,545.105
1586272857468,545.105
1586272857468,545.105
1586272898979,545.46
1586272908105,545.27
1586272908105,545.27
1586272928735,543.955
1586272928735,543.955
1586272928735,543.955
1586272928735,543.955
1586272928735,543.955
1586272928735,543.955
1586272988028,544.82
1586273004068,544.83
1586273004068,544.83
1586273025675,544.84
1586273025675,544.84
1586273025675,544.84
1586273025675,544.84
1586273025675,544.84
1586273025675,544.84
1586273025675,544.84
1586273025675,544.84
1586273025675,544.84
1586273025675,544.84
1586273025675,544.84
1586273025675,544.84
1586273025675,544.84
1586273025675,544.84
1586273025675,544.84
1586273025675,544.84
1586273190607,543.415
1586273190607,543.415
1586273190607,543.415
1586273190607,543.415
1586273190607,543.415
1586273190607,543.415
1586273190607,543.415
1586273190607,543.415
1586273190607,543.415
1586273190607,543.415
1586273298068,544.05
1586273298068,544.05
1586273298068,544.05
1586273298068,544.05
1586273338412,544.45
1586273338412,544.45
1586273338412,544.45
1586273338412,544.45
1586273378293,544.465
1586273378293,544.465
1586273396958,544.74
1586273396958,544.74
1586273396958,544.74
1586273396958,544.74
1586273396958,544.74
1586273396958,544.74
1586273396958,544.74
1586273396958,544.74
1586273396958,544.74
1586273396958,544.74
1586273396958,544.74
1586273396958,544.74
1586273396958,544.74
1586273542530,547.68
1586273542530,547.68
1586273559792,546.99
1586273573199,546.75
1586273573199,546.75
1586273573199,546.75
1586273573199,546.75
1586273573199,546.75
1586273573199,546.75
1586273573199,546.75
1586273573199,546.75
1586273573199,546.75
1586273573199,546.75
1586273573199,546.75
1586273573199,546.75
1586273573199,546.75
1586273705621,547.595
1586273705621,547.595
1586273705621,547.595
1586273705621,547.595
1586273748247,547.28
1586273748247,547.28
1586273748247,547.28
1586273748247,547.28
1586273748247,547.28
1586273798932,547.84
1586273798932,547.84
1586273798932,547.84
1586273798932,547.84
1586273798932,547.84
1586273798932,547.84
1586273798932,547.84
1586273798932,547.84
1586273798932,547.84
1586273798932,547.84
1586273912448,548.41
1586273912448,548.41
1586273923944,548.44
1586273923944,548.44
1586273923944,548.44
1586273923944,548.44
1586273923944,548.44
1586273923944,548.44
1586273923944,548.44
1586273923944,548.44
1586273923944,548.44
1586273923944,548.44
1586273923944,548.44
1586273923944,548.44
1586273923944,548.44
1586273923944,548.44
1586273923944,548.44
1586273923944,548.44
1586273923944,548.44
1586274115099,548.43
1586274115099,548.43
1586274132900,549.15
1586274132900,549.15
1586274132900,549.15
1586274132900,549.15
1586274132900,549.15
1586274132900,549.15
1586274199796,550
1586274209886,550
1586274212714,550
1586274222173,550.01
1586274240870,549.79
1586274240870,549.79
1586274240870,549.79
1586274240870,549.79
1586274277870,549.415
1586274277870,549.415
1586274277870,549.415
1586274306122,550
1586274306122,550
1586274306122,550
1586274342974,548.34
1586274342974,548.34
1586274358066,547.89
1586274375758,547.63
1586274387833,547.92
1586274387833,547.92
1586274387833,547.92
1586274387833,547.92
1586274387833,547.92
1586274387833,547.92
1586274450913,549.445
1586274461365,549.425
1586274461365,549.425
1586274461365,549.425
1586274491944,548.54
1586274501251,548.315
1586274501251,548.315
1586274501251,548.315
1586274501251,548.315
1586274501251,548.315
1586274501251,548.315
1586274501251,548.315
1586274576270,547.775
1586274576270,547.775
1586274576270,547.775
1586274610459,546.995
1586274610459,546.995
1586274610459,546.995
1586274610459,546.995
1586274610459,546.995
1586274610459,546.995
1586274610459,546.995
1586274610459,546.995
1586274610459,546.995
1586274610459,546.995
1586274610459,546.995
1586274610459,546.995
1586274610459,546.995
1586274610459,546.995
1586274610459,546.995
1586274772203,547.11
1586274772203,547.11
1586274772203,547.11
1586274772203,547.11
1586274772203,547.11
1586274772203,547.11
1586274772203,547.11
1586274772203,547.11
1586274853104,547.66
1586274853104,547.66
1586274853104,547.66
1586274853104,547.66
1586274899187,548.11
1586274899187,548.11
1586274899187,548.11
1586274929110,547.4
1586274929110,547.4
1586274929110,547.4
1586274929110,547.4
1586274929110,547.4
1586274929110,547.4
1586274929110,547.4
1586274929110,547.4
1586274929110,547.4
1586275020918,549.01
1586275020918,549.01
1586275020918,549.01
1586275020918,549.01
1586275020918,549.01
1586275020918,549.01
1586275081061,548.585
1586275081061,548.585
1586275081061,548.585
1586275081061,548.585
1586275081061,548.585
1586275081061,548.585
1586275149701,549.01
1586275149701,549.01
1586275149701,549.01
1586275149701,549.01
1586275149701,549.01
1586275149701,549.01
1586275210800,550
1586275210800,550
1586275210800,550
1586275247693,550.1
1586275254294,549.975
1586275264948,550.36
1586275275392,550.06
1586275275392,550.06
1586275275392,550.06
1586275275392,550.06
1586275327174,549.89
1586275327174,549.89
1586275327174,549.89
1586275327174,549.89
1586275363893,550.4
1586275363893,550.4
1586275386993,550.28
1586275391865,549.81
1586275391865,549.81
1586275391865,549.81
1586275391865,549.81
1586275443457,550.04
1586275449347,550.6
1586275460006,550.15
1586275460006,550.15
1586275485364,551.64
1586275485364,551.64
1586275485364,551.64
1586275517593,552.58
1586275517593,552.58
1586275534859,552.355
1586275534859,552.355
1586275560464,552.79
1586275560464,552.79
1586275560464,552.79
1586275560464,552.79
1586275560464,552.79
1586275560464,552.79
1586275560464,552.79
1586275560464,552.79
1586275638174,552.79
1586275638174,552.79
1586275638174,552.79
1586275638174,552.79
1586275638174,552.79
1586275638174,552.79
1586275638174,552.79
1586275717789,554.135
1586275721073,554.25
1586275721073,554.25
1586275721073,554.25
1586275721073,554.25
1586275768279,555
1586275768279,555
1586275786264,554.515
1586275786264,554.515
1586275786264,554.515
1586275821619,553.95
1586275821619,553.95
1586275842584,553.6
1586275842584,553.6
1586275842584,553.6
1586275842584,553.6
1586275883955,553.66
1586275883955,553.66
1586275900125,553.23
1586275900125,553.23
1586275900125,553.23
1586275900125,553.23
1586275944930,556.05
1586275944930,556.05
1586275964131,554.815
1586275964131,554.815
1586275985047,555.2
1586275985047,555.2
1586275985047,555.2
1586276014833,555.47
1586276014833,555.47
1586276014833,555.47
1586276014833,555.47
1586276062182,556.7
1586276062182,556.7
1586276082991,557.48
1586276098017,558.035
1586276105454,558.7
1586276111783,559.07
1586276124355,559
1586276134882,558.82
1586276134882,558.82
1586276160102,557.9
1586276160102,557.9
1586276182816,557.87
1586276182816,557.87
1586276182816,557.87
1586276213841,557.58
1586276221912,557.49
1586276226575,557.335
1586276241969,557.46
1586276241969,557.46
1586276259892,558.21
1586276268725,558.91
1586276268725,558.91
1586276268725,558.91
1586276268725,558.91
1586276268725,558.91
1586276268725,558.91
1586276268725,558.91
1586276268725,558.91
1586276268725,558.91
1586276268725,558.91
1586276268725,558.91
1586276384962,558.19
1586276384962,558.19
1586276384962,558.19
1586276384962,558.19
1586276384962,558.19
1586276443661,557.52
1586276443661,557.52
1586276443661,557.52
1586276443661,557.52
1586276443661,557.52
1586276443661,557.52
1586276443661,557.52
1586276443661,557.52
1586276443661,557.52
1586276443661,557.52
1586276443661,557.52
1586276443661,557.52
1586276565361,555.49
1586276565361,555.49
1586276565361,555.49
1586276599214,554.65
1586276607611,554.46
1586276607611,554.46
1586276607611,554.46
1586276645961,554.79
1586276645961,554.79
1586276645961,554.79
1586276645961,554.79
1586276645961,554.79
1586276645961,554.79
1586276645961,554.79
1586276645961,554.79
1586276645961,554.79
1586276645961,554.79
1586276645961,554.79
1586276756149,555.15
1586276756149,555.15
1586276756149,555.15
1586276756149,555.15
1586276756149,555.15
1586276756149,555.15
1586276756149,555.15
1586276756149,555.15
1586276756149,555.15
1586276857029,553.89
1586276857029,553.89
1586276857029,553.89
1586276857029,553.89
1586276857029,553.89
1586276857029,553.89
1586276919325,554.7
1586276930665,554.83
1586276930665,554.83
1586276930665,554.83
1586276930665,554.83
1586276930665,554.83
1586276930665,554.83
1586276930665,554.83
1586276930665,554.83
1586276930665,554.83
1586276930665,554.83
1586276930665,554.83
1586276930665,554.83
1586276930665,554.83
1586276930665,554.83
1586276930665,554.83
1586276930665,554.83
1586276930665,554.83
1586276930665,554.83
1586276930665,554.83
1586277130179,556.27
1586277130179,556.27
1586277130179,556.27
1586277164594,556.34
1586277164594,556.34
1586277182266,556.2
1586277182266,556.2
1586277182266,556.2
1586277182266,556.2
1586277182266,556.2
1586277182266,556.2
1586277182266,556.2
1586277257403,554.395
1586277257403,554.395
1586277257403,554.395
1586277257403,554.395
1586277257403,554.395
1586277257403,554.395
1586277257403,554.395
1586277257403,554.395
1586277257403,554.395
1586277354519,554.165
1586277362269,554.095
1586277374034,553.77
1586277374034,553.77
1586277374034,553.77
1586277405311,553.405
1586277405311,553.405
1586277405311,553.405
1586277441434,554.08
1586277453246,554.375
1586277460177,554.74
1586277460177,554.74
1586277460177,554.74
1586277460177,554.74
1586277460177,554.74
1586277509752,555.465
1586277509752,555.465
1586277509752,555.465
1586277509752,555.465
1586277559097,554.96
1586277559097,554.96
1586277559097,554.96
1586277559097,554.96
1586277559097,554.96
1586277559097,554.96
1586277559097,554.96
1586277559097,554.96
1586277559097,554.96
1586277559097,554.96
1586277559097,554.96
1586277559097,554.96
1586277559097,554.96
1586277559097,554.96
1586277559097,554.96
1586277559097,554.96
1586277559097,554.96
1586277743535,555.7
1586277743535,555.7
1586277743535,555.7
1586277743535,555.7
1586277778450,556.34
1586277789726,556.61
1586277789726,556.61
1586277789726,556.61
1586277828388,556.51
1586277828388,556.51
1586277828388,556.51
1586277854035,556.365
1586277854035,556.365
1586277854035,556.365
1586277854035,556.365
1586277895073,555.9
1586277895073,555.9
1586277923647,556.31
1586277923647,556.31
1586277923647,556.31
1586277957095,556.7
1586277967393,556.865
1586277974456,556.555
1586277974456,556.555
1586277994863,556.53
1586277994863,556.53
1586277994863,556.53
1586277994863,556.53
1586277994863,556.53
1586278052358,556.585
1586278063586,556.61
1586278063586,556.61
1586278063586,556.61
1586278063586,556.61
1586278063586,556.61
1586278063586,556.61
1586278063586,556.61
1586278063586,556.61
1586278063586,556.61
1586278063586,556.61
1586278063586,556.61
1586278063586,556.61
1586278063586,556.61
1586278063586,556.61
1586278063586,556.61
1586278063586,556.61
1586278063586,556.61
1586278063586,556.61
1586278063586,556.61
1586278063586,556.61
1586278063586,556.61
1586278063586,556.61
1586278063586,556.61
1586278063586,556.61
1586278063586,556.61
1586278063586,556.61
1586278063586,556.61
1586278063586,556.61
1586278063586,556.61
1586278063586,556.61
1586278063586,556.61
1586278063586,556.61
1586278063586,556.61
1586278411278,554.945
1586278411278,554.945
1586278411278,554.945
1586278439945,554.5
1586278454090,555.29
1586278454090,555.29
1586278454090,555.29
1586278454090,555.29
1586278454090,555.29
1586278454090,555.29
1586278454090,555.29
1586278454090,555.29
1586278454090,555.29
1586278454090,555.29
1586278454090,555.29
1586278454090,555.29
1586278454090,555.29
1586278594836,556
1586278599387,556.18
1586278599387,556.18
1586278599387,556.18
1586278630598,556.59
1586278652369,557.12
1586278655707,556.8
1586278655707,556.8
1586278655707,556.8
1586278655707,556.8
1586278655707,556.8
1586278655707,556.8
1586278655707,556.8
1586278655707,556.8
1586278739477,557.46
1586278739477,557.46
1586278739477,557.46
1586278739477,557.46
1586278739477,557.46
1586278739477,557.46
1586278739477,557.46
1586278739477,557.46
1586278739477,557.46
1586278739477,557.46
1586278739477,557.46
1586278739477,557.46
1586278739477,557.46
1586278739477,557.46
1586278739477,557.46
1586278739477,557.46
1586278739477,557.46
1586278928317,557.245
1586278928317,557.245
1586278928317,557.245
1586278928317,557.245
1586278973456,557.715
1586278973456,557.715
1586278973456,557.715
1586279004839,557.67
1586279011365,557.48
1586279011365,557.48
1586279011365,557.48
1586279011365,557.48
1586279011365,557.48
1586279063219,559.64
1586279063219,559.64
1586279063219,559.64
1586279063219,559.64
1586279063219,559.64
1586279063219,559.64
1586279063219,559.64
1586279063219,559.64
1586279063219,559.64
1586279063219,559.64
1586279063219,559.64
1586279063219,559.64
1586279195459,560
1586279195459,560
1586279215104,560.235
1586279215104,560.235
1586279215104,560.235
1586279215104,560.235
1586279215104,560.235
1586279277247,560.86
1586279284354,561.4
1586279301260,561.4
1586279308344,561.03
1586279322489,560.71
1586279322489,560.71
1586279322489,560.71
1586279322489,560.71
1586279322489,560.71
1586279322489,560.71
1586279322489,560.71
1586279322489,560.71
1586279322489,560.71
1586279414556,559.35
1586279425906,559.445
1586279436370,559.41
1586279436370,559.41
1586279456906,558.51
1586279456906,558.51
1586279456906,558.51
1586279456906,558.51
1586279456906,558.51
1586279456906,558.51
1586279456906,558.51
1586279456906,558.51
1586279538002,557.145
1586279538002,557.145
1586279538002,557.145
1586279538002,557.145
1586279538002,557.145
1586279599589,557.86
1586279599589,557.86
1586279599589,557.86
1586279599589,557.86
1586279599589,557.86
1586279599589,557.86
1586279599589,557.86
1586279670281,558.66
1586279670281,558.66
1586279670281,558.66
1586279670281,558.66
1586279713717,557.41
1586279713717,557.41
1586279713717,557.41
1586279713717,557.41
1586279713717,557.41
1586279713717,557.41
1586279713717,557.41
1586279713717,557.41
1586279713717,557.41
1586279713717,557.41
1586279825885,556.28
1586279825885,556.28
1586279825885,556.28
1586279825885,556.28
1586279825885,556.28
1586279874691,555
1586279874691,555
1586279874691,555
1586279874691,555
1586279917717,555.83
1586279917717,555.83
1586279917717,555.83
1586279954026,555.2
1586279954026,555.2
1586279954026,555.2
1586279954026,555.2
1586279954026,555.2
1586279954026,555.2
1586279954026,555.2
1586279954026,555.2
1586279954026,555.2
1586279954026,555.2
1586279954026,555.2
1586279954026,555.2
1586279954026,555.2
1586279954026,555.2
1586280104520,555.835
1586280121558,555.805
1586280121558,555.805
1586280121558,555.805
1586280121558,555.805
1586280121558,555.805
1586280121558,555.805
1586280121558,555.805
1586280121558,555.805
1586280121558,555.805
1586280121558,555.805
1586280121558,555.805
1586280121558,555.805
1586280121558,555.805
1586280121558,555.805
1586280121558,555.805
1586280121558,555.805
1586280121558,555.805
1586280302573,556.88
1586280302573,556.88
1586280302573,556.88
1586280302573,556.88
1586280302573,556.88
1586280302573,556.88
1586280302573,556.88
1586280372739,556.55
1586280372739,556.55
1586280394922,556.81
1586280394922,556.81
1586280394922,556.81
1586280394922,556.81
1586280394922,556.81
1586280394922,556.81
1586280394922,556.81
1586280394922,556.81
1586280394922,556.81
1586280394922,556.81
1586280394922,556.81
1586280394922,556.81
1586280394922,556.81
1586280527579,555.74
1586280527579,555.74
1586280527579,555.74
1586280527579,555.74
1586280527579,555.74
1586280527579,555.74
1586280527579,555.74
1586280527579,555.74
1586280527579,555.74
1586280527579,555.74
1586280527579,555.74
1586280527579,555.74
1586280527579,555.74
1586280527579,555.74
1586280527579,555.74
1586280527579,555.74
1586280527579,555.74
1586280527579,555.74
1586280527579,555.74
1586280527579,555.74
1586280527579,555.74
1586280527579,555.74
1586280527579,555.74
1586280527579,555.74
1586280527579,555.74
1586280527579,555.74
1586280527579,555.74
1586280527579,555.74
1586280527579,555.74
1586280527579,555.74
1586280849226,555.24
1586280856934,555.27
1586280856934,555.27
1586280856934,555.27
1586280856934,555.27
1586280856934,555.27
1586280856934,555.27
1586280924693,555.8
1586280924693,555.8
1586280924693,555.8
1586280924693,555.8
1586280924693,555.8
1586280924693,555.8
1586280924693,555.8
1586280924693,555.8
1586280924693,555.8
1586280924693,555.8
1586280924693,555.8
1586280924693,555.8
1586280924693,555.8
1586280924693,555.8
1586280924693,555.8
1586280924693,555.8
1586280924693,555.8
1586280924693,555.8
1586280924693,555.8
1586280924693,555.8
1586280924693,555.8
1586280924693,555.8
1586280924693,555.8
1586281172781,555.61
1586281184135,555.86
1586281184135,555.86
1586281184135,555.86
1586281184135,555.86
1586281184135,555.86
1586281184135,555.86
1586281184135,555.86
1586281184135,555.86
1586281184135,555.86
1586281184135,555.86
1586281184135,555.86
1586281184135,555.86
1586281184135,555.86
1586281184135,555.86
1586281184135,555.86
1586281345522,555
1586281345522,555
1586281345522,555
1586281376143,555.245
1586281388214,555.51
1586281400150,555.07
1586281406627,555.31
1586281406627,555.31
1586281406627,555.31
1586281406627,555.31
1586281406627,555.31
1586281406627,555.31
1586281406627,555.31
1586281406627,555.31
1586281406627,555.31
1586281406627,555.31
1586281406627,555.31
1586281406627,555.31
1586281406627,555.31
1586281406627,555.31
1586281406627,555.31
1586281406627,555.31
1586281406627,555.31
1586281406627,555.31
1586281607090,556.73
1586281607090,556.73
1586281607090,556.73
1586281607090,556.73
1586281607090,556.73
1586281607090,556.73
1586281607090,556.73
1586281607090,556.73
1586281607090,556.73
1586281607090,556.73
1586281713965,555.57
1586281713965,555.57
1586281713965,555.57
1586281713965,555.57
1586281754975,555.2
1586281754975,555.2
1586281779970,555.115
1586281779970,555.115
1586281779970,555.115
1586281779970,555.115
1586281779970,555.115
1586281779970,555.115
1586281841626,552.66
1586281841626,552.66
1586281841626,552.66
1586281841626,552.66
1586281841626,552.66
1586281841626,552.66
1586281841626,552.66
1586281841626,552.66
1586281841626,552.66
1586281841626,552.66
1586281841626,552.66
1586281841626,552.66
1586281976901,552.5
1586281976901,552.5
1586281976901,552.5
1586281976901,552.5
1586281976901,552.5
1586281976901,552.5
1586281976901,552.5
1586281976901,552.5
1586281976901,552.5
1586281976901,552.5
1586281976901,552.5
1586282094991,552.24
1586282094991,552.24
1586282115180,552.61
1586282115180,552.61
1586282115180,552.61
1586282115180,552.61
1586282115180,552.61
1586282115180,552.61
1586282115180,552.61
1586282115180,552.61
1586282115180,552.61
1586282115180,552.61
1586282115180,552.61
1586282115180,552.61
1586282115180,552.61
1586282254869,551.79
1586282254869,551.79
1586282254869,551.79
1586282254869,551.79
1586282254869,551.79
1586282254869,551.79
1586282321064,551.435
1586282333692,551.28
1586282333692,551.28
1586282333692,551.28
1586282333692,551.28
1586282333692,551.28
1586282385721,551.63
1586282385721,551.63
1586282400876,551.51
1586282419535,550.71
1586282419535,550.71
1586282419535,550.71
1586282451502,549.17
1586282451502,549.17
1586282451502,549.17
1586282451502,549.17
1586282451502,549.17
1586282504711,549.13
1586282504711,549.13
1586282504711,549.13
1586282504711,549.13
1586282504711,549.13
1586282504711,549.13
1586282504711,549.13
1586282504711,549.13
1586282504711,549.13
1586282504711,549.13
1586282504711,549.13
1586282504711,549.13
1586282504711,549.13
1586282504711,549.13
1586282504711,549.13
1586282504711,549.13
1586282504711,549.13
1586282504711,549.13
1586282504711,549.13
1586282504711,549.13
1586282504711,549.13
1586282504711,549.13
1586282504711,549.13
1586282504711,549.13
1586282504711,549.13
1586282504711,549.13
1586282504711,549.13
1586282504711,549.13
1586282504711,549.13
1586282504711,549.13
1586282504711,549.13
1586282841884,547.375
1586282849352,547.26
1586282849352,547.26
1586282849352,547.26
1586282849352,547.26
1586282849352,547.26
1586282849352,547.26
1586282849352,547.26
1586282849352,547.26
1586282849352,547.26
1586282948432,548.86
1586282948432,548.86
1586282971358,549.925
1586282971358,549.925
1586282991978,549.695
1586282991978,549.695
1586282991978,549.695
1586282991978,549.695
1586282991978,549.695
1586282991978,549.695
1586283052292,550.65
1586283052292,550.65
1586283052292,550.65
1586283052292,550.65
1586283052292,550.65
1586283109438,550.47
1586283109438,550.47
1586283109438,550.47
1586283109438,550.47
1586283109438,550.47
1586283109438,550.47
1586283109438,550.47
1586283109438,550.47
1586283109438,550.47
1586283109438,550.47
1586283109438,550.47
1586283109438,550.47
1586283235066,550.51
1586283235066,550.51
1586283265818,550.115
1586283265818,550.115
1586283265818,550.115
1586283265818,550.115
1586283265818,550.115
1586283265818,550.115
1586283265818,550.115
1586283265818,550.115
1586283265818,550.115
1586283361057,549.57
1586283361057,549.57
1586283361057,549.57
1586283361057,549.57
1586283361057,549.57
1586283361057,549.57
1586283361057,549.57
1586283361057,549.57
1586283361057,549.57
1586283361057,549.57
1586283361057,549.57
1586283361057,549.57
1586283361057,549.57
1586283361057,549.57
1586283361057,549.57
1586283361057,549.57
1586283361057,549.57
1586283361057,549.57
1586283361057,549.57
1586283361057,549.57
1586283361057,549.57
1586283361057,549.57
1586283361057,549.57
1586283361057,549.57
1586283361057,549.57
1586283361057,549.57
1586283361057,549.57
1586283361057,549.57
1586283361057,549.57
1586283361057,549.57
1586283361057,549.57
1586283698057,550.1
1586283698057,550.1
1586283698057,550.1
1586283698057,550.1
1586283698057,550.1
1586283698057,550.1
1586283698057,550.1
1586283698057,550.1
1586283783621,550.81
1586283783621,550.81
1586283783621,550.81
1586283783621,550.81
1586283783621,550.81
1586283783621,550.81
1586283783621,550.81
1586283783621,550.81
1586283783621,550.81
1586283783621,550.81
1586283783621,550.81
1586283783621,550.81
1586283783621,550.81
1586283783621,550.81
1586283783621,550.81
1586283783621,550.81
1586283783621,550.81
1586283783621,550.81
1586283783621,550.81
1586283783621,550.81
1586283783621,550.81
1586283783621,550.81
1586284031428,553.34
1586284031428,553.34
1586284031428,553.34
1586284031428,553.34
1586284031428,553.34
1586284031428,553.34
1586284031428,553.34
1586284031428,553.34
1586284031428,553.34
1586284031428,553.34
1586284031428,553.34
1586284031428,553.34
1586284031428,553.34
1586284031428,553.34
1586284173521,552.39
1586284173521,552.39
1586284173521,552.39
1586284173521,552.39
1586284173521,552.39
1586284173521,552.39
1586284173521,552.39
1586284173521,552.39
1586284173521,552.39
1586284173521,552.39
1586284173521,552.39
1586284173521,552.39
1586284173521,552.39
1586284173521,552.39
1586284173521,552.39
1586284173521,552.39
1586284173521,552.39
1586284173521,552.39
1586284371259,552.355
1586284371259,552.355
1586284371259,552.355
1586284371259,552.355
1586284371259,552.355
1586284371259,552.355
1586284371259,552.355
1586284443385,552.29
1586284443385,552.29
1586284443385,552.29
1586284481803,552.1
1586284481803,552.1
1586284481803,552.1
1586284481803,552.1
1586284481803,552.1
1586284481803,552.1
1586284481803,552.1
1586284481803,552.1
1586284481803,552.1
1586284481803,552.1
1586284481803,552.1
1586284481803,552.1
1586284481803,552.1
1586284481803,552.1
1586284481803,552.1
1586284638668,551.22
1586284650335,551.725
1586284650335,551.725
1586284650335,551.725
1586284650335,551.725
1586284650335,551.725
1586284650335,551.725
1586284650335,551.725
1586284650335,551.725
1586284650335,551.725
1586284650335,551.725
1586284650335,551.725
1586284650335,551.725
1586284650335,551.725
1586284650335,551.725
1586284650335,551.725
1586284650335,551.725
1586284650335,551.725
1586284838177,549.26
1586284838177,549.26
1586284838177,549.26
1586284838177,549.26
1586284838177,549.26
1586284838177,549.26
1586284838177,549.26
1586284906246,548.42
1586284906246,548.42
1586284906246,548.42
1586284906246,548.42
1586284906246,548.42
1586284906246,548.42
1586284973233,547.46
1586284973233,547.46
1586284973233,547.46
1586284973233,547.46
1586284973233,547.46
1586284973233,547.46
1586284973233,547.46
1586284973233,547.46
1586284973233,547.46
1586285081808,546.78
1586285084749,546.86
1586285084749,546.86
1586285084749,546.86
1586285084749,546.86
1586285084749,546.86
1586285140353,547.08
1586285140353,547.08
1586285167756,547.88
1586285167756,547.88
1586285187456,547.245
1586285187456,547.245
1586285187456,547.245
1586285187456,547.245
1586285187456,547.245
1586285187456,547.245
1586285187456,547.245
1586285267475,545.14
1586285275571,545.515
1586285275571,545.515
1586285275571,545.515
1586285275571,545.515
1586285275571,545.515
1586285275571,545.515
1586285275571,545.515
1586285275571,545.515
1586285275571,545.515
1586285275571,545.515
1586285275571,545.515
1586285275571,545.515
1586285275571,545.515
1586285275571,545.515
1586285424251,543.935
1586285433100,543.7
1586285433100,543.7
1586285433100,543.7
1586285466911,544.23
1586285466911,544.23
1586285466911,544.23
1586285466911,544.23
1586285508039,543.245
1586285508039,543.245
1586285508039,543.245
1586285508039,543.245
1586285508039,543.245
1586285508039,543.245
1586285508039,543.245
1586285508039,543.245
1586285596677,543.59
1586285608869,543.09
1586285619778,542.255
1586285630008,542.185
1586285630008,542.185
1586285630008,542.185
1586285630008,542.185
1586285630008,542.185
1586285630008,542.185
1586285630008,542.185
1586285630008,542.185
1586285719785,541.46
1586285719785,541.46
1586285719785,541.46
1586285719785,541.46
1586285759930,541.42
1586285777408,542.695
1586285777408,542.695
1586285777408,542.695
1586285808001,543.58
1586285808001,543.58
1586285831676,544.48
1586285841233,544.445
1586285846181,544.82
1586285846181,544.82
1586285846181,544.82
1586285846181,544.82
1586285890521,545.02
1586285899916,545.24
1586285899916,545.24
1586285899916,545.24
1586285899916,545.24
1586285899916,545.24
1586285899916,545.24
1586285899916,545.24
1586285974669,545
1586285974669,545
1586285974669,545
1586285974669,545
1586286028738,546.145
1586286028738,546.145
1586286028738,546.145
1586286028738,546.145
1586286028738,546.145
1586286028738,546.145
1586286028738,546.145
1586286028738,546.145
1586286028738,546.145
1586286028738,546.145
1586286134711,545.87
1586286134711,545.87
1586286134711,545.87
1586286134711,545.87
1586286134711,545.87
1586286134711,545.87
1586286134711,545.87
1586286134711,545.87
1586286134711,545.87
1586286134711,545.87
1586286134711,545.87
1586286134711,545.87
1586286134711,545.87
1586286134711,545.87
1586286134711,545.87
1586286134711,545.87
1586286134711,545.87
1586286327516,547.56
1586286329930,547.42
1586286329930,547.42
1586286329930,547.42
1586286374861,548.06
1586286374861,548.06
1586286374861,548.06
1586286374861,548.06
1586286374861,548.06
1586286374861,548.06
1586286374861,548.06
1586286374861,548.06
1586286374861,548.06
1586286374861,548.06
1586286374861,548.06
1586286374861,548.06
1586286374861,548.06
1586286374861,548.06
1586286374861,548.06
1586286374861,548.06
1586286374861,548.06
1586286564087,547.825
1586286583320,547.42
1586286584473,547.3
1586286596920,547.79
1586286596920,547.79
1586286618723,548.55
1586286618723,548.55
1586286618723,548.55
1586286618723,548.55
1586286618723,548.55
1586286670304,548.46
1586286670304,548.46
1586286670304,548.46
1586286717125,548.92
1586286717125,548.92
1586286717125,548.92
1586286717125,548.92
1586286717125,548.92
1586286717125,548.92
1586286717125,548.92
1586286805093,548.625
1586286805093,548.625
1586286805093,548.625
1586286805093,548.625
1586286855292,549.41
1586286855292,549.41
1586286855292,549.41
1586286885332,548.905
1586286900211,548.915
1586286902025,548.2
1586286902025,548.2
1586286902025,548.2
1586286902025,548.2
1586286902025,548.2
1586286902025,548.2
1586286902025,548.2
1586286902025,548.2
1586287003280,547.66
1586287009139,547.51
1586287009139,547.51
1586287031947,547.89
1586287031947,547.89
1586287031947,547.89
1586287031947,547.89
1586287086261,547.37
1586287095506,547.29
1586287095506,547.29
1586287121919,547.125
1586287121919,547.125
1586287121919,547.125
1586287121919,547.125
1586287162742,546.86
1586287179318,546.9
1586287195427,546.8
1586287195427,546.8
1586287195427,546.8
1586287195427,546.8
1586287195427,546.8
1586287195427,546.8
1586287195427,546.8
1586287195427,546.8
1586287195427,546.8
1586287195427,546.8
1586287195427,546.8
1586287195427,546.8
1586287195427,546.8
1586287195427,546.8
1586287195427,546.8
1586287372718,544.45
1586287372718,544.45
1586287397783,543.915
1586287406202,544.24
1586287406202,544.24
1586287406202,544.24
1586287406202,544.24
1586287406202,544.24
1586287460659,543.355
1586287460659,543.355
1586287460659,543.355
1586287460659,543.355
1586287460659,543.355
1586287460659,543.355
1586287460659,543.355
1586287460659,543.355
1586287460659,543.355
1586287460659,543.355
1586287460659,543.355
1586287581177,544.34
1586287581177,544.34
1586287581177,544.34
1586287581177,544.34
1586287581177,544.34
1586287581177,544.34
1586287649839,545.91
1586287649839,545.91
1586287649839,545.91
1586287680463,544.94
1586287680463,544.94
1586287680463,544.94
1586287680463,544.94
1586287721487,544.85
1586287734071,544.465
1586287734071,544.465
1586287734071,544.465
1586287734071,544.465
1586287734071,544.465
1586287734071,544.465
1586287734071,544.465
1586287816937,542.48
1586287816937,542.48
1586287816937,542.48
1586287843537,542.72
1586287843537,542.72
1586287843537,542.72
1586287843537,542.72
1586287843537,542.72
1586287896196,544.88
1586287896196,544.88
1586287925253,543.96
1586287934757,544.3
1586287934757,544.3
1586287934757,544.3
1586287934757,544.3
1586287934757,544.3
1586287989158,543.03
1586288003314,543.86
1586288003314,543.86
1586288003314,543.86
1586288003314,543.86
1586288003314,543.86
1586288003314,543.86
1586288003314,543.86
1586288076713,545.02
1586288076713,545.02
1586288076713,545.02
1586288076713,545.02
1586288119477,546.015
1586288119477,546.015
1586288147421,547.28
1586288147421,547.28
1586288147421,547.28
1586288170605,545.52
1586288189009,546.22
1586288189009,546.22
1586288189009,546.22
1586288189009,546.22
1586288189009,546.22
1586288240620,546.55
1586288252809,545
1586288252809,545
1586288252809,545
1586288252809,545
1586288296210,545.795
1586288296210,545.795
1586288296210,545.795
1586288296210,545.795
1586288345702,546.57
1586288345702,546.57
1586288345702,546.57
1586288377916,547.73
1586288377916,547.73
1586288377916,547.73
1586288407725,546.44
1586288407725,546.44
1586288407725,546.44
1586288407725,546.44
1586288407725,546.44
1586288407725,546.44
1586288407725,546.44
1586288407725,546.44
1586288407725,546.44
1586288407725,546.44
1586288407725,546.44
1586288407725,546.44
1586288538957,548.64
1586288549458,548.57
1586288549458,548.57
1586288549458,548.57
1586288549458,548.57
1586288596915,548.13
1586288606320,548.74
1586288606320,548.74
1586288606320,548.74
1586288606320,548.74
1586288606320,548.74
1586288606320,548.74
1586288606320,548.74
1586288606320,548.74
1586288606320,548.74
1586288606320,548.74
1586288714985,548
1586288714985,548
1586288739964,549.93
1586288739964,549.93
1586288739964,549.93
1586288739964,549.93
1586288739964,549.93
1586288803535,548.3
1586288803535,548.3
1586288803535,548.3
1586288803535,548.3
1586288844348,549.87
1586288844348,549.87
1586288862958,549.985
1586288862958,549.985
1586288862958,549.985
1586288899703,550.18
1586288914737,550.42
1586288922913,551.01
1586288922913,551.01
1586288922913,551.01
1586288922913,551.01
1586288922913,551.01
1586288922913,551.01
1586288922913,551.01
1586289005364,549.79
1586289008872,547.205
1586289024145,547.94
1586289039530,546.74
1586289048016,547.35
1586289048016,547.35
1586289069148,548.32
1586289071134,548.305
1586289071134,548.305
1586289071134,548.305
1586289116736,547.47
1586289121715,547.635
1586289121715,547.635
1586289148741,547.36
1586289159824,546.97
1586289164091,547.08
1586289164091,547.08
1586289191449,545.61
1586289202664,545.26
1586289211455,545
1586289211455,545
1586289211455,545
1586289211455,545
1586289258819,545.41
1586289264836,545.45
1586289280047,547.53
1586289280047,547.53
1586289300434,547.87
1586289303577,547.16
1586289317526,546.58
1586289317526,546.58
1586289317526,546.58
1586289317526,546.58
1586289358288,547.21
1586289373982,548.11
1586289373982,548.11
1586289399328,547.44
1586289399328,547.44
1586289418065,547.75
1586289422213,547.76
1586289422213,547.76
1586289422213,547.76
1586289422213,547.76
1586289422213,547.76
1586289475051,546.83
1586289475051,546.83
1586289475051,546.83
1586289517356,546.375
1586289529832,546.995
1586289534460,546.95
1586289546477,547.58
