1586439033457,566.32
1586439033457,566.32
1586439074356,565.58
1586439087341,564.11
1586439099541,562.9
1586439099541,562.9
1586439099541,562.9
1586439099541,562.9
1586439099541,562.9
1586439099541,562.9
1586439099541,562.9
1586439175153,558
1586439183483,558.1
1586439183483,558.1
1586439207650,557.72
1586439207650,557.72
1586439207650,557.72
1586439240213,557.91
1586439240213,557.91
1586439240213,557.91
1586439268630,559.63
1586439281149,562.84
1586439295004,562.52
1586439302022,561.325
1586439305729,561.41
1586439305729,561.41
1586439305729,561.41
1586439305729,561.41
1586439305729,561.41
1586439367724,566.04
1586439377214,565.3
1586439377214,565.3
1586439393113,564.79
1586439393113,564.79
1586439415216,564.59
1586439415216,564.59
1586439437910,566.52
1586439446585,566.43
1586439446585,566.43
1586439446585,566.43
1586439446585,566.43
1586439446585,566.43
1586439498179,567.63
1586439498179,567.63
1586439498179,567.63
1586439498179,567.63
1586439540423,564.52
1586439557617,564.67
1586439557617,564.67
1586439557617,564.67
1586439583486,563.55
1586439592817,563.9
1586439592817,563.9
1586439616680,565.655
1586439621962,566.195
1586439621962,566.195
1586439621962,566.195
1586439621962,566.195
1586439673657,567.855
1586439673657,567.855
1586439691212,570.57
1586439691212,570.57
1586439709884,571.24
1586439717786,571.57
1586439733477,570.885
1586439739492,571.79
1586439756888,572.54
1586439764946,573
1586439764946,573
1586439764946,573
1586439764946,573
1586439808436,572.24
1586439808436,572.24
1586439830575,572.93
1586439846259,573.525
1586439852413,574.04
1586439863692,573.92
1586439869235,575.1
1586439869235,575.1
1586439869235,575.1
1586439901241,573.28
1586439916774,573.02
1586439922819,572.25
1586439935787,571.99
1586439935787,571.99
1586439935787,571.99
1586439967109,571.69
1586439967109,571.69
1586439967109,571.69
1586439967109,571.69
1586439967109,571.69
1586440024926,569.44
1586440024926,569.44
1586440024926,569.44
1586440058250,571.37
1586440058250,571.37
1586440071016,571.98
1586440080628,573.31
1586440080628,573.31
1586440080628,573.31
1586440118614,573.26
1586440118614,573.26
1586440118614,573.26
1586440118614,573.26
1586440118614,573.26
1586440118614,573.26
1586440185245,571.44
1586440185245,571.44
1586440201933,570.875
1586440213973,570.92
1586440222737,570.555
1586440222737,570.555
1586440222737,570.555
1586440222737,570.555
1586440222737,570.555
1586440222737,570.555
1586440222737,570.555
1586440299347,568
1586440299347,568
1586440299347,568
1586440299347,568
1586440299347,568
1586440349793,567.65
1586440366506,568.76
1586440370160,568.785
1586440386051,568.805
1586440396706,570.5
1586440404704,570.735
1586440419507,571.98
1586440419507,571.98
1586440419507,571.98
1586440451110,570.115
1586440451110,570.115
1586440466729,570.71
1586440466729,570.71
1586440466729,570.71
1586440466729,570.71
1586440466729,570.71
1586440466729,570.71
1586440466729,570.71
1586440466729,570.71
1586440466729,570.71
1586440466729,570.71
1586440466729,570.71
1586440587556,569.24
1586440587556,569.24
1586440587556,569.24
1586440587556,569.24
1586440634992,571.6
1586440634992,571.6
1586440634992,571.6
1586440634992,571.6
1586440634992,571.6
1586440686728,570.83
1586440700924,570.905
1586440700924,570.905
1586440700924,570.905
1586440700924,570.905
1586440700924,570.905
1586440700924,570.905
1586440700924,570.905
1586440700924,570.905
1586440700924,570.905
1586440785188,570.165
1586440785188,570.165
1586440814630,569.45
1586440814630,569.45
1586440837798,568.67
1586440850062,570
1586440850062,570
1586440870842,569.71
1586440880804,570
1586440888938,569.72
1586440898810,569.51
1586440912518,570.155
1586440922010,571.18
1586440933022,570.73
1586440933022,570.73
1586440957605,571.25
1586440970095,573.04
1586440970095,573.04
1586440987675,572.755
1586440987675,572.755
1586441012295,570.83
1586441016213,570.485
1586441016213,570.485
1586441016213,570.485
1586441053095,569.3
1586441053095,569.3
1586441053095,569.3
1586441053095,569.3
1586441053095,569.3
1586441100989,569.29
1586441100989,569.29
1586441100989,569.29
1586441133386,569.34
1586441133386,569.34
1586441133386,569.34
1586441133386,569.34
1586441133386,569.34
1586441192391,568.62
1586441192391,568.62
1586441217367,568.75
1586441217367,568.75
1586441237472,567.01
1586441248042,567.2
1586441255425,567.12
1586441270778,566.82
1586441276809,566.29
1586441276809,566.29
1586441276809,566.29
1586441311851,566.155
1586441311851,566.155
1586441311851,566.155
1586441342869,566.12
1586441354881,566.765
1586441356888,566.3
1586441376436,565.85
1586441387999,565.64
1586441387999,565.64
1586441408354,566.12
1586441408354,566.12
1586441408354,566.12
1586441408354,566.12
1586441408354,566.12
1586441408354,566.12
1586441408354,566.12
1586441408354,566.12
1586441408354,566.12
1586441408354,566.12
1586441408354,566.12
1586441528338,567.5
1586441528338,567.5
1586441544899,568.14
1586441544899,568.14
1586441544899,568.14
1586441544899,568.14
1586441544899,568.14
1586441544899,568.14
1586441544899,568.14
1586441544899,568.14
1586441633644,567.365
1586441641488,566.8
1586441641488,566.8
1586441641488,566.8
1586441641488,566.8
1586441689724,564.58
1586441689724,564.58
1586441689724,564.58
1586441723080,564.595
1586441732055,563.32
1586441732055,563.32
1586441732055,563.32
1586441732055,563.32
1586441773861,564.005
1586441773861,564.005
1586441802491,564.42
1586441806056,564.49
1586441818085,564.435
1586441818085,564.435
1586441818085,564.435
1586441818085,564.435
1586441818085,564.435
1586441818085,564.435
1586441883691,561.575
1586441883691,561.575
1586441903160,560.31
1586441911050,560.83
1586441911050,560.83
1586441911050,560.83
1586441911050,560.83
1586441911050,560.83
1586441966667,561.33
1586441966667,561.33
1586441966667,561.33
1586441966667,561.33
1586441966667,561.33
1586441966667,561.33
1586441966667,561.33
1586441966667,561.33
1586441966667,561.33
1586441966667,561.33
1586441966667,561.33
1586441966667,561.33
1586442096963,563.09
1586442096963,563.09
1586442096963,563.09
1586442096963,563.09
1586442134368,562.67
1586442134368,562.67
1586442134368,562.67
1586442134368,562.67
1586442189434,561.46
1586442199861,561.21
1586442207509,559.66
1586442214690,560.42
1586442229956,559.865
1586442241605,560.215
1586442251658,560.405
1586442251658,560.405
1586442268550,561.38
1586442268550,561.38
1586442290047,561.8
1586442290047,561.8
1586442290047,561.8
1586442290047,561.8
1586442290047,561.8
1586442290047,561.8
1586442290047,561.8
1586442373246,564.51
1586442373246,564.51
1586442373246,564.51
1586442373246,564.51
1586442409138,564.885
1586442423472,565.64
1586442430223,565.72
1586442430223,565.72
1586442430223,565.72
1586442430223,565.72
1586442430223,565.72
1586442430223,565.72
1586442430223,565.72
1586442504367,565.35
1586442504367,565.35
1586442504367,565.35
1586442536493,565.06
1586442536493,565.06
1586442560409,564.78
1586442560409,564.78
1586442560409,564.78
1586442560409,564.78
1586442560409,564.78
1586442618142,565
1586442618142,565
1586442618142,565
1586442618142,565
1586442662506,566.12
1586442677465,565.28
1586442677465,565.28
1586442677465,565.28
1586442677465,565.28
1586442677465,565.28
1586442677465,565.28
1586442748060,565.98
1586442748060,565.98
1586442765775,566.06
1586442765775,566.06
1586442765775,566.06
1586442765775,566.06
1586442765775,566.06
1586442821428,567.925
1586442831320,568.135
1586442834899,567.91
1586442834899,567.91
1586442864659,567.04
1586442864659,567.04
1586442864659,567.04
1586442864659,567.04
1586442864659,567.04
1586442864659,567.04
1586442864659,567.04
1586442864659,567.04
1586442864659,567.04
1586442864659,567.04
1586442965214,567.37
1586442965214,567.37
1586442965214,567.37
1586442965214,567.37
1586443010971,567.68
1586443010971,567.68
1586443010971,567.68
1586443038003,568.855
1586443038003,568.855
1586443063376,569.405
1586443063376,569.405
1586443063376,569.405
1586443063376,569.405
1586443063376,569.405
1586443119276,569.155
1586443119276,569.155
1586443140670,569.275
1586443147305,569.27
1586443147305,569.27
1586443147305,569.27
1586443176912,568.95
1586443176912,568.95
1586443176912,568.95
1586443176912,568.95
1586443225778,568
1586443225778,568
1586443225778,568
1586443225778,568
1586443265000,568.6
1586443284621,568.69
1586443284621,568.69
1586443284621,568.69
1586443284621,568.69
1586443284621,568.69
1586443333147,567.955
1586443344631,567.99
1586443355180,568.09
1586443366679,567.53
1586443366679,567.53
1586443366679,567.53
1586443366679,567.53
1586443366679,567.53
1586443366679,567.53
1586443366679,567.53
1586443366679,567.53
1586443455879,567.14
1586443455879,567.14
1586443467025,567.46
1586443467025,567.46
1586443467025,567.46
1586443505567,567.7
1586443505567,567.7
1586443505567,567.7
1586443505567,567.7
1586443505567,567.7
1586443562185,567
1586443562185,567
1586443562185,567
1586443562185,567
1586443562185,567
1586443562185,567
1586443562185,567
1586443562185,567
1586443562185,567
1586443562185,567
1586443562185,567
1586443682500,567.74
1586443682500,567.74
1586443682500,567.74
1586443682500,567.74
1586443682500,567.74
1586443733736,566.78
1586443743533,566.255
1586443753478,565.875
1586443765831,566.2
1586443765831,566.2
1586443787353,566
1586443787353,566
1586443810085,564.805
1586443810085,564.805
1586443810085,564.805
1586443810085,564.805
1586443810085,564.805
1586443810085,564.805
1586443873664,565.06
1586443885176,564.96
1586443885176,564.96
1586443904195,565.36
1586443918042,565.04
1586443924696,564.83
1586443940209,564.33
1586443940209,564.33
1586443940209,564.33
1586443940209,564.33
1586443940209,564.33
1586443992874,564.99
1586443992874,564.99
1586443992874,564.99
1586443992874,564.99
1586443992874,564.99
1586443992874,564.99
1586443992874,564.99
1586443992874,564.99
1586443992874,564.99
1586443992874,564.99
1586443992874,564.99
1586443992874,564.99
1586443992874,564.99
1586443992874,564.99
1586443992874,564.99
1586443992874,564.99
1586443992874,564.99
1586443992874,564.99
1586444188890,565.9
1586444188890,565.9
1586444188890,565.9
1586444188890,565.9
1586444188890,565.9
1586444188890,565.9
1586444244359,566.9
1586444244359,566.9
1586444244359,566.9
1586444244359,566.9
1586444244359,566.9
1586444244359,566.9
1586444244359,566.9
1586444322025,567.15
1586444322025,567.15
1586444322025,567.15
1586444322025,567.15
1586444322025,567.15
1586444322025,567.15
1586444322025,567.15
1586444322025,567.15
1586444322025,567.15
1586444322025,567.15
1586444429927,565.13
1586444429927,565.13
1586444429927,565.13
1586444429927,565.13
1586444472073,564.97
1586444472073,564.97
1586444472073,564.97
1586444472073,564.97
1586444523605,565.66
1586444523605,565.66
1586444523605,565.66
1586444523605,565.66
1586444523605,565.66
1586444523605,565.66
1586444523605,565.66
1586444523605,565.66
1586444607164,564.74
1586444607164,564.74
1586444628830,563.885
1586444637088,563.84
1586444637088,563.84
1586444637088,563.84
1586444637088,563.84
1586444637088,563.84
1586444637088,563.84
1586444637088,563.84
1586444637088,563.84
1586444637088,563.84
1586444637088,563.84
1586444637088,563.84
1586444637088,563.84
1586444637088,563.84
1586444637088,563.84
1586444806382,563.685
1586444806382,563.685
1586444806382,563.685
1586444806382,563.685
1586444849852,564.87
1586444849852,564.87
1586444849852,564.87
1586444849852,564.87
1586444849852,564.87
1586444849852,564.87
1586444849852,564.87
1586444849852,564.87
1586444849852,564.87
1586444849852,564.87
1586444849852,564.87
1586444849852,564.87
1586444975233,564.96
1586444975233,564.96
1586444975233,564.96
1586444975233,564.96
1586444975233,564.96
1586444975233,564.96
1586444975233,564.96
1586444975233,564.96
1586444975233,564.96
1586444975233,564.96
1586444975233,564.96
1586444975233,564.96
1586444975233,564.96
1586444975233,564.96
1586444975233,564.96
1586444975233,564.96
1586445146155,564.94
1586445146155,564.94
1586445146155,564.94
1586445146155,564.94
1586445146155,564.94
1586445146155,564.94
1586445146155,564.94
1586445227649,563.96
1586445227649,563.96
1586445248211,563.98
1586445248211,563.98
1586445248211,563.98
1586445248211,563.98
1586445248211,563.98
1586445248211,563.98
1586445248211,563.98
1586445248211,563.98
1586445341001,562.59
1586445341001,562.59
1586445361940,563.36
1586445361940,563.36
1586445361940,563.36
1586445361940,563.36
1586445361940,563.36
1586445361940,563.36
1586445361940,563.36
1586445361940,563.36
1586445361940,563.36
1586445361940,563.36
1586445361940,563.36
1586445361940,563.36
1586445361940,563.36
1586445361940,563.36
1586445361940,563.36
1586445361940,563.36
1586445361940,563.36
1586445361940,563.36
1586445556482,562.775
1586445556482,562.775
1586445556482,562.775
1586445556482,562.775
1586445556482,562.775
1586445604858,562.71
1586445604858,562.71
1586445604858,562.71
1586445604858,562.71
1586445604858,562.71
1586445604858,562.71
1586445668374,563.12
1586445668374,563.12
1586445668374,563.12
1586445668374,563.12
1586445668374,563.12
1586445728422,563.37
1586445728422,563.37
1586445728422,563.37
1586445728422,563.37
1586445728422,563.37
1586445728422,563.37
1586445796757,562.165
1586445796757,562.165
1586445796757,562.165
1586445825062,561.68
1586445825062,561.68
1586445825062,561.68
1586445825062,561.68
1586445825062,561.68
1586445825062,561.68
1586445889950,561.885
1586445889950,561.885
1586445889950,561.885
1586445918741,561.16
1586445918741,561.16
1586445918741,561.16
1586445955710,561.92
1586445955710,561.92
1586445955710,561.92
1586445984764,562.56
1586445984764,562.56
1586445984764,562.56
1586445984764,562.56
1586446031999,562.72
1586446031999,562.72
1586446031999,562.72
1586446031999,562.72
1586446031999,562.72
1586446031999,562.72
1586446031999,562.72
1586446031999,562.72
1586446122604,564.31
1586446127017,564.1
1586446127017,564.1
1586446153417,564.18
1586446159388,564.12
1586446159388,564.12
1586446159388,564.12
1586446159388,564.12
1586446159388,564.12
1586446159388,564.12
1586446159388,564.12
1586446237020,563.45
1586446237020,563.45
1586446252322,564.39
1586446252322,564.39
1586446252322,564.39
1586446252322,564.39
1586446252322,564.39
1586446252322,564.39
1586446252322,564.39
1586446252322,564.39
1586446252322,564.39
1586446252322,564.39
1586446252322,564.39
1586446252322,564.39
1586446252322,564.39
1586446252322,564.39
1586446252322,564.39
1586446252322,564.39
1586446430750,563.235
1586446430750,563.235
1586446430750,563.235
1586446456759,563.29
1586446456759,563.29
1586446482439,563.35
1586446482439,563.35
1586446498655,563.65
1586446498655,563.65
1586446498655,563.65
1586446498655,563.65
1586446498655,563.65
1586446498655,563.65
1586446498655,563.65
1586446498655,563.65
1586446498655,563.65
1586446498655,563.65
1586446498655,563.65
1586446498655,563.65
1586446498655,563.65
1586446498655,563.65
1586446653123,565.645
1586446653123,565.645
1586446653123,565.645
1586446653123,565.645
1586446653123,565.645
1586446653123,565.645
1586446653123,565.645
1586446653123,565.645
1586446653123,565.645
1586446653123,565.645
1586446653123,565.645
1586446768953,566.705
1586446768953,566.705
1586446768953,566.705
1586446768953,566.705
1586446768953,566.705
1586446768953,566.705
1586446768953,566.705
1586446839808,567.19
1586446839808,567.19
1586446839808,567.19
1586446878730,567.54
1586446878730,567.54
1586446878730,567.54
1586446908610,567.15
1586446908610,567.15
1586446908610,567.15
1586446908610,567.15
1586446908610,567.15
1586446961933,566.99
1586446961933,566.99
1586446961933,566.99
1586446961933,566.99
1586446961933,566.99
1586446961933,566.99
1586446961933,566.99
1586446961933,566.99
1586446961933,566.99
1586446961933,566.99
1586446961933,566.99
1586446961933,566.99
1586446961933,566.99
1586447103918,567.915
1586447103918,567.915
1586447103918,567.915
1586447103918,567.915
1586447103918,567.915
1586447103918,567.915
1586447103918,567.915
1586447103918,567.915
1586447103918,567.915
1586447103918,567.915
1586447103918,567.915
1586447225140,567.68
1586447225140,567.68
1586447225140,567.68
1586447225140,567.68
1586447225140,567.68
1586447274340,568.22
1586447274340,568.22
1586447291038,567.415
1586447311400,567.775
1586447320727,568.345
1586447320727,568.345
1586447320727,568.345
1586447320727,568.345
1586447320727,568.345
1586447373361,567.77
1586447376365,567.28
1586447376365,567.28
1586447376365,567.28
1586447376365,567.28
1586447376365,567.28
1586447376365,567.28
1586447376365,567.28
1586447376365,567.28
1586447376365,567.28
1586447376365,567.28
1586447376365,567.28
1586447376365,567.28
1586447376365,567.28
1586447514313,566.78
1586447514313,566.78
1586447514313,566.78
1586447514313,566.78
1586447514313,566.78
1586447514313,566.78
1586447514313,566.78
1586447514313,566.78
1586447514313,566.78
1586447514313,566.78
1586447514313,566.78
1586447514313,566.78
1586447514313,566.78
1586447514313,566.78
1586447668374,567.51
1586447668374,567.51
1586447668374,567.51
1586447668374,567.51
1586447668374,567.51
1586447668374,567.51
1586447668374,567.51
1586447668374,567.51
1586447760923,567.94
1586447760923,567.94
1586447760923,567.94
1586447760923,567.94
1586447760923,567.94
1586447760923,567.94
1586447760923,567.94
1586447760923,567.94
1586447845435,567.69
1586447845435,567.69
1586447845435,567.69
1586447879679,568.65
1586447889576,568.7
1586447898291,568.9
1586447902470,568.74
1586447918284,568.685
1586447918284,568.685
1586447938419,568.525
1586447947027,568.88
1586447965351,569.21
1586447973225,569.23
1586447973225,569.23
1586447973225,569.23
1586448011865,568.98
1586448011865,568.98
1586448011865,568.98
1586448041831,569.05
1586448058296,569.14
1586448058296,569.14
1586448058296,569.14
1586448058296,569.14
1586448103097,568.01
1586448103097,568.01
1586448103097,568.01
1586448103097,568.01
1586448141957,568.44
1586448141957,568.44
1586448141957,568.44
1586448177643,569.275
1586448177643,569.275
1586448177643,569.275
1586448177643,569.275
1586448222226,569.81
1586448222226,569.81
1586448242971,569.875
1586448251789,569.8
1586448259389,569.36
1586448259389,569.36
1586448259389,569.36
1586448297763,570
1586448297763,570
1586448297763,570
1586448297763,570
1586448297763,570
1586448297763,570
1586448358964,569.88
1586448358964,569.88
1586448358964,569.88
1586448358964,569.88
1586448358964,569.88
1586448406967,570.14
1586448416113,569.605
1586448416113,569.605
1586448416113,569.605
1586448452007,569.94
1586448459074,570
1586448459074,570
1586448459074,570
1586448459074,570
1586448459074,570
1586448459074,570
1586448459074,570
1586448459074,570
1586448459074,570
1586448459074,570
1586448459074,570
1586448579792,570.67
1586448579792,570.67
1586448579792,570.67
1586448610655,570.535
1586448610655,570.535
1586448610655,570.535
1586448610655,570.535
1586448610655,570.535
1586448610655,570.535
1586448669475,569.81
1586448682065,569
1586448682065,569
1586448706021,569.75
1586448719662,569.35
1586448719662,569.35
1586448719662,569.35
1586448719662,569.35
1586448758194,569.11
1586448758194,569.11
1586448774653,569.55
1586448774653,569.55
1586448774653,569.55
1586448774653,569.55
1586448774653,569.55
1586448774653,569.55
1586448774653,569.55
1586448774653,569.55
1586448862798,569.76
1586448862798,569.76
1586448862798,569.76
1586448862798,569.76
1586448862798,569.76
1586448862798,569.76
1586448862798,569.76
1586448862798,569.76
1586448862798,569.76
1586448862798,569.76
1586448862798,569.76
1586448981281,569.37
1586448981281,569.37
1586448981281,569.37
1586448981281,569.37
1586448981281,569.37
1586448981281,569.37
1586448981281,569.37
1586448981281,569.37
1586448981281,569.37
1586448981281,569.37
1586448981281,569.37
1586449093572,569.54
1586449093572,569.54
1586449093572,569.54
1586449093572,569.54
1586449093572,569.54
1586449093572,569.54
1586449163860,569.375
1586449163860,569.375
1586449176165,569.72
1586449176165,569.72
1586449203349,569.99
1586449203349,569.99
1586449203349,569.99
1586449235106,570.18
1586449235106,570.18
1586449253192,570.12
1586449264208,570.1
1586449264208,570.1
1586449264208,570.1
1586449298177,570.43
1586449298177,570.43
1586449298177,570.43
1586449335469,570.56
1586449340228,570.58
1586449340228,570.58
1586449365699,570.75
1586449380036,570.92
1586449380036,570.92
1586449380036,570.92
1586449380036,570.92
1586449380036,570.92
1586449380036,570.92
1586449380036,570.92
1586449447459,570.875
1586449447459,570.875
1586449447459,570.875
1586449487685,570.74
1586449498760,570.71
1586449498760,570.71
1586449498760,570.71
1586449498760,570.71
1586449498760,570.71
1586449498760,570.71
1586449498760,570.71
1586449572546,570.04
1586449572546,570.04
1586449572546,570.04
1586449572546,570.04
1586449572546,570.04
1586449572546,570.04
1586449631268,569.435
1586449643122,569.79
1586449655246,569.61
1586449667699,569.37
1586449667699,569.37
1586449667699,569.37
1586449694333,569.48
1586449712863,568.68
1586449714175,568.67
1586449714175,568.67
1586449714175,568.67
1586449714175,568.67
1586449714175,568.67
1586449714175,568.67
1586449777266,567.53
1586449777266,567.53
1586449801698,567.4
1586449801698,567.4
1586449801698,567.4
1586449801698,567.4
1586449801698,567.4
1586449858420,567.82
1586449858420,567.82
1586449858420,567.82
1586449858420,567.82
1586449858420,567.82
1586449858420,567.82
1586449858420,567.82
1586449858420,567.82
1586449858420,567.82
1586449959884,568
1586449959884,568
1586449959884,568
1586449959884,568
1586450002876,567.07
1586450018044,566.87
1586450018044,566.87
1586450018044,566.87
1586450018044,566.87
1586450058808,567.32
1586450058808,567.32
1586450058808,567.32
1586450058808,567.32
1586450096045,566.79
1586450110389,567.075
1586450110389,567.075
1586450110389,567.075
1586450110389,567.075
1586450110389,567.075
1586450110389,567.075
1586450110389,567.075
1586450110389,567.075
1586450110389,567.075
1586450209650,567.79
1586450209650,567.79
1586450209650,567.79
1586450209650,567.79
1586450209650,567.79
1586450209650,567.79
1586450209650,567.79
1586450278876,567.54
1586450278876,567.54
1586450303776,567.5
1586450303776,567.5
1586450321732,567.5
1586450321732,567.5
1586450321732,567.5
1586450321732,567.5
1586450321732,567.5
1586450378304,567.5
1586450387035,567.5
1586450387035,567.5
1586450387035,567.5
1586450387035,567.5
1586450426209,567.5
1586450426209,567.5
1586450426209,567.5
1586450426209,567.5
1586450426209,567.5
1586450479965,567.345
1586450479965,567.345
1586450503801,568
1586450503801,568
1586450503801,568
1586450503801,568
1586450546310,568.01
1586450546310,568.01
1586450546310,568.01
1586450546310,568.01
1586450546310,568.01
1586450546310,568.01
1586450546310,568.01
1586450625869,568.58
1586450625869,568.58
1586450625869,568.58
1586450625869,568.58
1586450625869,568.58
1586450625869,568.58
1586450688627,568.56
1586450688627,568.56
1586450688627,568.56
1586450688627,568.56
1586450688627,568.56
1586450688627,568.56
1586450688627,568.56
1586450688627,568.56
1586450688627,568.56
1586450688627,568.56
1586450688627,568.56
1586450688627,568.56
1586450817739,568.78
1586450817739,568.78
1586450817739,568.78
1586450817739,568.78
1586450817739,568.78
1586450817739,568.78
1586450817739,568.78
1586450817739,568.78
1586450817739,568.78
1586450817739,568.78
1586450817739,568.78
1586450817739,568.78
1586450817739,568.78
1586450817739,568.78
1586450817739,568.78
1586450817739,568.78
1586450817739,568.78
1586450817739,568.78
1586450817739,568.78
1586451026079,568.82
1586451026079,568.82
1586451026079,568.82
1586451026079,568.82
1586451026079,568.82
1586451026079,568.82
1586451026079,568.82
1586451026079,568.82
1586451026079,568.82
1586451026079,568.82
1586451134925,568.16
1586451134925,568.16
1586451158071,568.455
1586451158071,568.455
1586451158071,568.455
1586451158071,568.455
1586451158071,568.455
1586451158071,568.455
1586451158071,568.455
1586451230356,569.04
1586451230356,569.04
1586451230356,569.04
1586451230356,569.04
1586451230356,569.04
1586451230356,569.04
1586451230356,569.04
1586451309367,568.62
1586451309367,568.62
1586451309367,568.62
1586451309367,568.62
1586451351051,568.475
1586451367335,569.3
1586451367335,569.3
1586451390560,570.11
1586451390560,570.11
1586451390560,570.11
1586451390560,570.11
1586451431001,570.035
1586451431001,570.035
1586451431001,570.035
1586451431001,570.035
1586451431001,570.035
1586451431001,570.035
1586451431001,570.035
1586451431001,570.035
1586451431001,570.035
1586451431001,570.035
1586451431001,570.035
1586451545753,569.93
1586451545753,569.93
1586451545753,569.93
1586451545753,569.93
1586451545753,569.93
1586451545753,569.93
1586451545753,569.93
1586451545753,569.93
1586451639076,569.68
1586451639076,569.68
1586451639076,569.68
1586451639076,569.68
1586451639076,569.68
1586451639076,569.68
1586451639076,569.68
1586451639076,569.68
1586451639076,569.68
1586451639076,569.68
1586451639076,569.68
1586451639076,569.68
1586451639076,569.68
1586451639076,569.68
1586451639076,569.68
1586451639076,569.68
1586451639076,569.68
1586451639076,569.68
1586451826542,570.465
1586451826542,570.465
1586451826542,570.465
1586451856347,570.25
1586451856347,570.25
1586451856347,570.25
1586451890316,570
1586451890316,570
1586451890316,570
1586451920440,570.14
1586451920440,570.14
1586451942323,570.02
1586451956791,569.78
1586451956791,569.78
1586451956791,569.78
1586451956791,569.78
1586451956791,569.78
1586451956791,569.78
1586451956791,569.78
1586451956791,569.78
1586451956791,569.78
1586452050419,570.46
1586452050419,570.46
1586452050419,570.46
1586452050419,570.46
1586452050419,570.46
1586452050419,570.46
1586452050419,570.46
1586452050419,570.46
1586452132859,570.31
1586452132859,570.31
1586452132859,570.31
1586452159688,570.61
1586452159688,570.61
1586452182845,571.485
1586452182845,571.485
1586452182845,571.485
1586452182845,571.485
1586452182845,571.485
1586452182845,571.485
1586452182845,571.485
1586452182845,571.485
1586452182845,571.485
1586452182845,571.485
1586452182845,571.485
1586452305930,569.64
1586452305930,569.64
1586452305930,569.64
1586452305930,569.64
1586452305930,569.64
1586452305930,569.64
1586452305930,569.64
1586452381797,569.89
1586452381797,569.89
1586452381797,569.89
1586452381797,569.89
1586452381797,569.89
1586452381797,569.89
1586452445664,570.09
1586452445664,570.09
1586452468042,569.86
1586452478297,569.895
1586452478297,569.895
1586452478297,569.895
1586452478297,569.895
1586452478297,569.895
1586452478297,569.895
1586452478297,569.895
1586452478297,569.895
1586452478297,569.895
1586452478297,569.895
1586452478297,569.895
1586452478297,569.895
1586452478297,569.895
1586452478297,569.895
1586452478297,569.895
1586452478297,569.895
1586452478297,569.895
1586452478297,569.895
1586452478297,569.895
1586452478297,569.895
1586452478297,569.895
1586452478297,569.895
1586452478297,569.895
1586452478297,569.895
1586452478297,569.895
1586452478297,569.895
1586452478297,569.895
1586452478297,569.895
1586452478297,569.895
1586452478297,569.895
1586452478297,569.895
1586452478297,569.895
1586452478297,569.895
1586452478297,569.895
1586452478297,569.895
1586452478297,569.895
1586452478297,569.895
1586452866622,569.99
1586452866622,569.99
1586452866622,569.99
1586452866622,569.99
1586452866622,569.99
1586452866622,569.99
1586452866622,569.99
1586452938940,569.73
1586452938940,569.73
1586452938940,569.73
1586452938940,569.73
1586452938940,569.73
1586452991214,569.92
1586453001878,570.15
1586453001878,570.15
1586453020474,569.94
1586453020474,569.94
1586453020474,569.94
1586453020474,569.94
1586453068745,570.24
1586453068745,570.24
1586453068745,570.24
1586453068745,570.24
1586453068745,570.24
1586453068745,570.24
1586453068745,570.24
1586453068745,570.24
1586453068745,570.24
1586453068745,570.24
1586453068745,570.24
1586453068745,570.24
1586453068745,570.24
1586453068745,570.24
1586453068745,570.24
1586453068745,570.24
1586453242404,569.555
1586453242404,569.555
1586453260463,569.64
1586453260463,569.64
1586453260463,569.64
1586453260463,569.64
1586453260463,569.64
1586453316244,569.45
1586453316244,569.45
1586453316244,569.45
1586453316244,569.45
1586453316244,569.45
1586453316244,569.45
1586453316244,569.45
1586453316244,569.45
1586453316244,569.45
1586453316244,569.45
1586453316244,569.45
1586453316244,569.45
1586453316244,569.45
1586453316244,569.45
1586453316244,569.45
1586453316244,569.45
1586453316244,569.45
1586453316244,569.45
1586453316244,569.45
1586453513616,569.84
1586453513616,569.84
1586453513616,569.84
1586453513616,569.84
1586453513616,569.84
1586453513616,569.84
1586453513616,569.84
1586453513616,569.84
1586453513616,569.84
1586453613025,570.29
1586453613025,570.29
1586453613025,570.29
1586453613025,570.29
1586453613025,570.29
1586453613025,570.29
1586453613025,570.29
1586453613025,570.29
1586453613025,570.29
1586453613025,570.29
1586453613025,570.29
1586453613025,570.29
1586453613025,570.29
1586453613025,570.29
1586453613025,570.29
1586453613025,570.29
1586453779274,569.6
1586453779274,569.6
1586453779274,569.6
1586453779274,569.6
1586453779274,569.6
1586453779274,569.6
1586453779274,569.6
1586453779274,569.6
1586453779274,569.6
1586453779274,569.6
1586453779274,569.6
1586453902960,570.155
1586453902960,570.155
1586453902960,570.155
1586453902960,570.155
1586453902960,570.155
1586453902960,570.155
1586453902960,570.155
1586453902960,570.155
1586453902960,570.155
1586453902960,570.155
1586453902960,570.155
1586453902960,570.155
1586453902960,570.155
1586454044028,569.91
1586454044028,569.91
1586454044028,569.91
1586454044028,569.91
1586454044028,569.91
1586454044028,569.91
1586454044028,569.91
1586454044028,569.91
1586454044028,569.91
1586454044028,569.91
1586454044028,569.91
1586454044028,569.91
1586454044028,569.91
1586454044028,569.91
1586454044028,569.91
1586454044028,569.91
1586454044028,569.91
1586454044028,569.91
1586454044028,569.91
1586454044028,569.91
1586454044028,569.91
1586454044028,569.91
1586454044028,569.91
1586454044028,569.91
1586454044028,569.91
1586454044028,569.91
1586454044028,569.91
1586454044028,569.91
1586454044028,569.91
1586454044028,569.91
1586454044028,569.91
1586454044028,569.91
1586454044028,569.91
1586454402624,570.16
1586454402624,570.16
1586454402624,570.16
1586454402624,570.16
1586454402624,570.16
1586454402624,570.16
1586454402624,570.16
1586454402624,570.16
1586454402624,570.16
1586454490686,569.81
1586454490686,569.81
1586454490686,569.81
1586454490686,569.81
1586454490686,569.81
1586454552230,569.71
1586454560248,569.78
1586454560248,569.78
1586454560248,569.78
1586454560248,569.78
1586454560248,569.78
1586454610597,569.11
1586454631154,568.57
1586454631154,568.57
1586454631154,568.57
1586454631154,568.57
1586454631154,568.57
1586454631154,568.57
1586454631154,568.57
1586454631154,568.57
1586454631154,568.57
1586454631154,568.57
1586454631154,568.57
1586454631154,568.57
1586454631154,568.57
1586454631154,568.57
1586454631154,568.57
1586454631154,568.57
1586454631154,568.57
1586454631154,568.57
1586454631154,568.57
1586454631154,568.57
1586454842061,570.405
1586454842061,570.405
1586454842061,570.405
1586454866173,570.75
1586454884318,570.74
1586454884318,570.74
1586454884318,570.74
1586454884318,570.74
1586454884318,570.74
1586454884318,570.74
1586454943403,571.32
1586454943403,571.32
1586454943403,571.32
1586454943403,571.32
1586454943403,571.32
1586454943403,571.32
1586454943403,571.32
1586455018972,572.515
1586455018972,572.515
1586455018972,572.515
1586455018972,572.515
1586455018972,572.515
1586455018972,572.515
1586455018972,572.515
1586455018972,572.515
1586455018972,572.515
1586455018972,572.515
1586455127295,574.25
1586455131988,574.4
1586455131988,574.4
1586455161925,573.325
1586455161925,573.325
1586455178152,573.525
1586455192635,573.25
1586455192635,573.25
1586455192635,573.25
1586455192635,573.25
1586455192635,573.25
1586455192635,573.25
1586455192635,573.25
1586455265867,572.67
1586455265867,572.67
1586455265867,572.67
1586455298029,573.21
1586455303948,573.05
1586455303948,573.05
1586455303948,573.05
1586455303948,573.05
1586455348907,571.97
1586455348907,571.97
1586455348907,571.97
1586455378693,572.555
1586455378693,572.555
1586455405766,572.38
1586455405766,572.38
1586455427285,572.43
1586455427285,572.43
1586455427285,572.43
1586455427285,572.43
1586455465410,572.21
1586455465410,572.21
1586455487493,571.96
1586455487493,571.96
1586455504893,571.33
1586455504893,571.33
1586455504893,571.33
1586455504893,571.33
1586455504893,571.33
1586455561150,570.98
1586455561150,570.98
1586455561150,570.98
1586455561150,570.98
1586455561150,570.98
1586455620747,571.745
1586455624641,571.4
1586455624641,571.4
1586455624641,571.4
1586455624641,571.4
1586455624641,571.4
1586455685695,571.16
1586455685695,571.16
1586455685695,571.16
1586455685695,571.16
1586455685695,571.16
1586455735839,570.07
1586455735839,570.07
1586455735839,570.07
1586455735839,570.07
1586455735839,570.07
1586455735839,570.07
1586455798230,570.465
1586455804526,570.33
1586455804526,570.33
1586455804526,570.33
1586455804526,570.33
1586455804526,570.33
1586455804526,570.33
1586455870999,570.76
1586455870999,570.76
1586455870999,570.76
1586455870999,570.76
1586455916278,570.64
1586455916278,570.64
1586455916278,570.64
1586455916278,570.64
1586455916278,570.64
1586455916278,570.64
1586455916278,570.64
1586455916278,570.64
1586455916278,570.64
1586455916278,570.64
1586455916278,570.64
1586455916278,570.64
1586456037276,570.465
1586456037276,570.465
1586456037276,570.465
1586456071305,570.82
1586456071305,570.82
1586456093676,570
1586456093676,570
1586456093676,570
1586456125089,569.44
1586456125089,569.44
1586456125089,569.44
1586456125089,569.44
1586456125089,569.44
1586456125089,569.44
1586456125089,569.44
1586456125089,569.44
1586456209133,569.5
1586456209133,569.5
1586456225795,570.39
1586456225795,570.39
1586456225795,570.39
1586456225795,570.39
1586456225795,570.39
1586456225795,570.39
1586456225795,570.39
1586456225795,570.39
1586456225795,570.39
1586456225795,570.39
1586456225795,570.39
1586456225795,570.39
1586456225795,570.39
1586456225795,570.39
1586456225795,570.39
1586456225795,570.39
1586456225795,570.39
1586456225795,570.39
1586456225795,570.39
1586456225795,570.39
1586456450104,567.98
1586456456578,568.07
1586456456578,568.07
1586456456578,568.07
1586456456578,568.07
1586456456578,568.07
1586456507322,567.82
1586456507322,567.82
1586456507322,567.82
1586456542796,569.025
1586456542796,569.025
1586456566107,569.185
1586456571704,569.15
1586456571704,569.15
1586456571704,569.15
1586456571704,569.15
1586456571704,569.15
1586456571704,569.15
1586456571704,569.15
1586456571704,569.15
1586456571704,569.15
1586456571704,569.15
1586456571704,569.15
1586456571704,569.15
1586456571704,569.15
1586456571704,569.15
1586456571704,569.15
1586456571704,569.15
1586456571704,569.15
1586456571704,569.15
1586456571704,569.15
1586456571704,569.15
1586456571704,569.15
1586456571704,569.15
1586456571704,569.15
1586456571704,569.15
1586456571704,569.15
1586456571704,569.15
1586456571704,569.15
1586456571704,569.15
1586456571704,569.15
1586456571704,569.15
1586456571704,569.15
1586456571704,569.15
1586456571704,569.15
1586456929186,568.44
1586456929186,568.44
1586456955763,568.93
1586456955763,568.93
1586456955763,568.93
1586456983319,568.28
1586456983319,568.28
1586456983319,568.28
1586456983319,568.28
1586456983319,568.28
1586456983319,568.28
1586456983319,568.28
1586456983319,568.28
1586456983319,568.28
1586456983319,568.28
1586456983319,568.28
1586457104014,570.1
1586457104014,570.1
1586457104014,570.1
1586457104014,570.1
1586457104014,570.1
1586457104014,570.1
1586457104014,570.1
1586457104014,570.1
1586457193122,570.44
1586457193122,570.44
1586457193122,570.44
1586457193122,570.44
1586457193122,570.44
1586457193122,570.44
1586457193122,570.44
1586457193122,570.44
1586457193122,570.44
1586457193122,570.44
1586457193122,570.44
1586457193122,570.44
1586457193122,570.44
1586457193122,570.44
1586457193122,570.44
1586457193122,570.44
1586457193122,570.44
1586457193122,570.44
1586457193122,570.44
1586457193122,570.44
1586457193122,570.44
1586457193122,570.44
1586457441102,570.155
1586457441102,570.155
1586457441102,570.155
1586457441102,570.155
1586457441102,570.155
1586457441102,570.155
1586457441102,570.155
1586457441102,570.155
1586457441102,570.155
1586457441102,570.155
1586457441102,570.155
1586457441102,570.155
1586457441102,570.155
1586457441102,570.155
1586457441102,570.155
1586457441102,570.155
1586457441102,570.155
1586457441102,570.155
1586457441102,570.155
1586457441102,570.155
1586457441102,570.155
1586457441102,570.155
1586457441102,570.155
1586457441102,570.155
1586457441102,570.155
1586457441102,570.155
1586457441102,570.155
1586457441102,570.155
1586457441102,570.155
1586457441102,570.155
1586457441102,570.155
1586457441102,570.155
1586457441102,570.155
1586457441102,570.155
1586457441102,570.155
1586457441102,570.155
1586457441102,570.155
1586457441102,570.155
1586457441102,570.155
1586457441102,570.155
1586457441102,570.155
1586457441102,570.155
1586457441102,570.155
1586457441102,570.155
1586457441102,570.155
1586457441102,570.155
1586457939366,570.69
1586457939366,570.69
1586457939366,570.69
1586457939366,570.69
1586457939366,570.69
1586457939366,570.69
1586457939366,570.69
1586458011297,571.13
1586458011297,571.13
1586458011297,571.13
1586458011297,571.13
1586458011297,571.13
1586458011297,571.13
1586458075800,570.13
1586458075800,570.13
1586458075800,570.13
1586458075800,570.13
1586458075800,570.13
1586458075800,570.13
1586458075800,570.13
1586458075800,570.13
1586458075800,570.13
1586458075800,570.13
1586458183353,569.23
1586458189712,569.57
1586458189712,569.57
1586458189712,569.57
1586458189712,569.57
1586458189712,569.57
1586458189712,569.57
1586458189712,569.57
1586458189712,569.57
1586458272715,568.87
1586458272715,568.87
1586458272715,568.87
1586458272715,568.87
1586458272715,568.87
1586458272715,568.87
1586458272715,568.87
1586458272715,568.87
1586458272715,568.87
1586458272715,568.87
1586458272715,568.87
1586458272715,568.87
1586458272715,568.87
1586458272715,568.87
1586458272715,568.87
1586458272715,568.87
1586458272715,568.87
1586458272715,568.87
1586458272715,568.87
1586458272715,568.87
1586458272715,568.87
1586458272715,568.87
1586458508420,566.1
1586458520067,565.93
1586458520067,565.93
1586458520067,565.93
1586458520067,565.93
1586458520067,565.93
1586458520067,565.93
1586458520067,565.93
1586458520067,565.93
1586458605566,566.18
1586458621368,566.11
1586458621368,566.11
1586458621368,566.11
1586458621368,566.11
1586458621368,566.11
1586458621368,566.11
1586458621368,566.11
1586458621368,566.11
1586458703096,566.51
1586458719128,567
1586458719128,567
1586458719128,567
1586458719128,567
1586458764483,567.285
1586458766401,567.49
1586458782952,567.425
1586458782952,567.425
