1586957457834,735.72
1586957472971,730.07
1586957483397,728.28
1586957496152,730.26
1586957504202,733.86
1586957508518,734.19
1586957525863,738.85
1586957539339,740.24
1586957540558,740.005
1586957558563,744
1586957567004,740.39
1586957580808,743.3
1586957589241,745.55
1586957602012,741.03
1586957612897,742.08
1586957612897,742.08
1586957630827,741.865
1586957645370,742.3
1586957651907,742.93
1586957665385,745.48
1586957675588,742.97
1586957688000,745.5
1586957699108,742.46
1586957710323,743.53
1586957718445,740.02
1586957726458,740.24
1586957740038,738.48
1586957749596,741.795
1586957759165,743.92
1586957772028,741.14
1586957782698,741.98
1586957793060,742.56
1586957793060,742.56
1586957816520,744.9
1586957822577,742.93
1586957840658,743.51
1586957852087,746.19
1586957855711,744.97
1586957869790,746.35
1586957876787,744.54
1586957892036,747.06
1586957902826,748.82
1586957915464,749.145
1586957924927,748.365
1586957933572,747.775
1586957946916,750.67
1586957955017,751.47
1586957969141,751.37
1586957975009,752.43
1586957989775,752.575
1586958000204,751.15
1586958010003,751.29
1586958022533,746.845
1586958032887,747.15
1586958040921,746.81
1586958051583,744.3
1586958061939,744.61
1586958061939,744.61
1586958061939,744.61
1586958087753,744.6
1586958104853,745
1586958111542,744
1586958126357,740.73
1586958130597,742.58
1586958148140,738.915
1586958159576,737.745
1586958165220,737.01
1586958179266,739.99
1586958179266,739.99
1586958203142,737.79
1586958213067,736.85
1586958216217,737.42
1586958227303,740.76
1586958240739,738.2
1586958240739,738.2
1586958240739,738.2
1586958277205,735.89
1586958277205,735.89
1586958299032,736.21
1586958307866,737.775
1586958318960,736.78
1586958327308,735.43
1586958339691,731.51
1586958351672,732.58
1586958363611,733.86
1586958370344,733.75
1586958376292,735.47
1586958390334,732.06
1586958390334,732.06
1586958390334,732.06
1586958390334,732.06
1586958429127,736.96
1586958446099,737.47
1586958459269,738.24
1586958459269,738.24
1586958478240,739.34
1586958487346,739.43
1586958487346,739.43
1586958487346,739.43
1586958487346,739.43
1586958487346,739.43
1586958535691,741
1586958554631,740.96
1586958560949,740.62
1586958567493,738.36
1586958584403,738.46
1586958594519,738.46
1586958605407,737.55
1586958605407,737.55
1586958605407,737.55
1586958637616,740.06
1586958645512,740.22
1586958645512,740.22
1586958669166,738.495
1586958675186,738.395
1586958675186,738.395
1586958675186,738.395
1586958715650,735.47
1586958721889,735.705
1586958737066,735.43
1586958737066,735.43
1586958737066,735.43
1586958769472,735.06
1586958779639,735.2
1586958789974,736.8
1586958800639,737.22
1586958800639,737.22
1586958800639,737.22
1586958800639,737.22
1586958838009,739.63
1586958838009,739.63
1586958858514,737.96
1586958869409,737.06
1586958869409,737.06
1586958869409,737.06
1586958907991,737.43
1586958907991,737.43
1586958930079,735.11
1586958938528,734
1586958954947,733.22
1586958961009,733.84
1586958978366,735.37
1586958986153,734.67
1586958999360,734.64
1586959006951,735.11
1586959016404,735.99
1586959030821,735.58
1586959030821,735.58
1586959030821,735.58
1586959030821,735.58
1586959072218,739.01
1586959072218,739.01
1586959086465,740.07
1586959094771,738.005
1586959094771,738.005
1586959094771,738.005
1586959094771,738.005
1586959148512,738.145
1586959149112,738.165
1586959165836,737.26
1586959173093,737.99
1586959188923,737.93
1586959209091,735.34
1586959217464,736.03
1586959217464,736.03
1586959239090,735.91
1586959250547,733.36
1586959258959,733.79
1586959258959,733.79
1586959258959,733.79
1586959286944,734.96
1586959286944,734.96
1586959316054,736.87
1586959327505,736.51
1586959338162,735.29
1586959338162,735.29
1586959360889,736.03
1586959360889,736.03
1586959379468,735.03
1586959379468,735.03
1586959379468,735.03
1586959379468,735.03
1586959428626,736.02
1586959428626,736.02
1586959442727,736.585
1586959442727,736.585
1586959463391,738
1586959477151,737.01
1586959492209,736.01
1586959492209,736.01
1586959492209,736.01
1586959515077,737.745
1586959524889,737.54
1586959524889,737.54
1586959524889,737.54
1586959563677,740
1586959567892,740.71
1586959591611,744.41
1586959596674,744.61
1586959612351,743.93
1586959615984,743.75
1586959626051,740.01
1586959640649,740.035
1586959654278,740.14
1586959654278,740.14
1586959654278,740.14
1586959690128,742.66
1586959690128,742.66
1586959690128,742.66
1586959690128,742.66
1586959690128,742.66
1586959746609,742.54
1586959755928,742.23
1586959762505,741.51
1586959762505,741.51
1586959787234,743.765
1586959787234,743.765
1586959804849,742.86
1586959804849,742.86
1586959825687,744.285
1586959844304,746.405
1586959844304,746.405
1586959862990,746.95
1586959862990,746.95
1586959879759,746.03
1586959879759,746.03
1586959907119,746.28
1586959909690,746.455
1586959925861,745.51
1586959937444,745.25
1586959937444,745.25
1586959962014,745.42
1586959971086,745
1586959971086,745
1586959971086,745
1586960003459,745.17
1586960011038,744.39
1586960018032,744.48
1586960018032,744.48
1586960040154,745.74
1586960040154,745.74
1586960065682,745.145
1586960065682,745.145
1586960065682,745.145
1586960065682,745.145
1586960110686,744.7
1586960110686,744.7
1586960131453,744.045
1586960131453,744.045
1586960145494,745.11
1586960145494,745.11
1586960172461,741.09
1586960183874,740.39
1586960183874,740.39
1586960183874,740.39
1586960211778,741.46
1586960219775,741.01
1586960237880,741.65
1586960247987,740.635
1586960251608,740.475
1586960251608,740.475
1586960271599,739.98
1586960285452,740.81
1586960292290,741.42
1586960307536,742.02
1586960312588,742.91
1586960312588,742.91
1586960312588,742.91
1586960345189,740.98
1586960355130,740.26
1586960367909,739.28
1586960367909,739.28
1586960390616,741.19
1586960402138,740.74
1586960414159,741.82
1586960414159,741.82
1586960414159,741.82
1586960414159,741.82
1586960414159,741.82
1586960466780,742.615
1586960477848,742.75
1586960477848,742.75
1586960501817,741.73
1586960501817,741.73
1586960501817,741.73
1586960534165,741.115
1586960544204,740.44
1586960554493,739.28
1586960566339,739.28
1586960566339,739.28
1586960587709,739.065
1586960601171,738.695
1586960606003,738.065
1586960606003,738.065
1586960606003,738.065
1586960642556,737.05
1586960653753,737.1
1586960653753,737.1
1586960672228,737.27
1586960685210,738
1586960697697,740.15
1586960709973,742
1586960712070,741.77
1586960712070,741.77
1586960712070,741.77
1586960712070,741.77
1586960758840,740.76
1586960772685,740.76
1586960772685,740.76
1586960786782,740.115
1586960802397,739.58
1586960802397,739.58
1586960802397,739.58
1586960835613,740
1586960849109,741.44
1586960854961,740.815
1586960854961,740.815
1586960854961,740.815
1586960854961,740.815
1586960854961,740.815
1586960854961,740.815
1586960854961,740.815
1586960933016,737.86
1586960941480,738.335
1586960941480,738.335
1586960941480,738.335
1586960941480,738.335
1586960982943,739.61
1586960982943,739.61
1586961004392,737.13
1586961017190,737.74
1586961017190,737.74
1586961017190,737.74
1586961041222,738.27
1586961055680,739.24
1586961069693,737.81
1586961071942,737
1586961071942,737
1586961071942,737
1586961111330,740.035
1586961112922,740.025
1586961128713,740.185
1586961139322,739.76
1586961153051,738.7
1586961153051,738.7
1586961168685,738.69
1586961168685,738.69
1586961189590,738.58
1586961205318,738
1586961212136,738.09
1586961212136,738.09
1586961212136,738.09
1586961244102,738.41
1586961244102,738.41
1586961244102,738.41
1586961281156,737.86
1586961290480,736.49
1586961302006,736.235
1586961302850,736.155
1586961302850,736.155
1586961302850,736.155
1586961302850,736.155
1586961302850,736.155
1586961302850,736.155
1586961302850,736.155
1586961302850,736.155
1586961302850,736.155
1586961302850,736.155
1586961416895,736.76
1586961425016,737.2
1586961434028,736.91
1586961434028,736.91
1586961463675,736.805
1586961474141,736.57
1586961474141,736.57
1586961496677,735.01
1586961508982,733.59
1586961508982,733.59
1586961508982,733.59
1586961537490,734.46
1586961542517,734.86
1586961542517,734.86
1586961542517,734.86
1586961580105,735.47
1586961584777,734.945
1586961603257,735.97
1586961603257,735.97
1586961603257,735.97
1586961628157,734.44
1586961647577,732
1586961647577,732
1586961661336,732.16
1586961673360,732.81
1586961673360,732.81
1586961673360,732.81
1586961673360,732.81
1586961673360,732.81
1586961673360,732.81
1586961673360,732.81
1586961750512,736.37
1586961765674,736.34
1586961774438,736.2
1586961774438,736.2
1586961791484,735.12
1586961791484,735.12
1586961815864,736.435
1586961815864,736.435
1586961815864,736.435
1586961815864,736.435
1586961815864,736.435
1586961815864,736.435
1586961815864,736.435
1586961889725,735.72
1586961889725,735.72
1586961889725,735.72
1586961889725,735.72
1586961889725,735.72
1586961889725,735.72
1586961889725,735.72
1586961962634,736.66
1586961966895,736.395
1586961982516,736.57
1586961982516,736.57
1586961982516,736.57
1586961982516,736.57
1586961982516,736.57
1586961982516,736.57
1586961982516,736.57
1586962060150,736
1586962060150,736
1586962083132,736.94
1586962083132,736.94
1586962098340,736.8
1586962114240,737.25
1586962120352,737.03
1586962120352,737.03
1586962120352,737.03
1586962120352,737.03
1586962120352,737.03
1586962120352,737.03
1586962180899,738.97
1586962180899,738.97
1586962207355,738.37
1586962207355,738.37
1586962207355,738.37
1586962207355,738.37
1586962207355,738.37
1586962207355,738.37
1586962268340,737.51
1586962268340,737.51
1586962290411,738.15
1586962290411,738.15
1586962290411,738.15
1586962290411,738.15
1586962339739,739.03
1586962339739,739.03
1586962358598,740.17
1586962358598,740.17
1586962358598,740.17
1586962358598,740.17
1586962358598,740.17
1586962358598,740.17
1586962417237,738.71
1586962417237,738.71
1586962447585,737.735
1586962447585,737.735
1586962462371,736.69
1586962474776,737.19
1586962474776,737.19
1586962474776,737.19
1586962507565,737.82
1586962507565,737.82
1586962531087,737.355
1586962531087,737.355
1586962531087,737.355
1586962531087,737.355
1586962531087,737.355
1586962531087,737.355
1586962594986,739.705
1586962604273,740.035
1586962615654,740.16
1586962622238,739.67
1586962622238,739.67
1586962622238,739.67
1586962622238,739.67
1586962669549,738.825
1586962669549,738.825
1586962684630,738.83
1586962684630,738.83
1586962684630,738.83
1586962718314,739.51
1586962732859,740
1586962741528,739.755
1586962741528,739.755
1586962757387,739.155
1586962769706,738.91
1586962779992,738.28
1586962779992,738.28
1586962779992,738.28
1586962812788,737.815
1586962812788,737.815
1586962812788,737.815
1586962812788,737.815
1586962812788,737.815
1586962867902,738.39
1586962882798,735.18
1586962893716,736.24
1586962893716,736.24
1586962893716,736.24
1586962924024,736.28
1586962924024,736.28
1586962924024,736.28
1586962959017,736.045
1586962959017,736.045
1586962980846,735.48
1586962990947,736.21
1586962990947,736.21
1586962990947,736.21
1586962990947,736.21
1586962990947,736.21
1586963046105,736.51
1586963046105,736.51
1586963046105,736.51
1586963046105,736.51
1586963046105,736.51
1586963046105,736.51
1586963046105,736.51
1586963119055,734.75
1586963123386,735.07
1586963123386,735.07
1586963123386,735.07
1586963123386,735.07
1586963123386,735.07
1586963123386,735.07
1586963123386,735.07
1586963123386,735.07
1586963123386,735.07
1586963123386,735.07
1586963236013,733.82
1586963248897,733.01
1586963248897,733.01
1586963262662,733.03
1586963262662,733.03
1586963292743,732.97
1586963303882,733.37
1586963305302,733.36
1586963324838,734.66
1586963324838,734.66
1586963324838,734.66
1586963324838,734.66
1586963324838,734.66
1586963324838,734.66
1586963386175,735.435
1586963386175,735.435
1586963401643,735.86
1586963401643,735.86
1586963401643,735.86
1586963436231,737.64
1586963436231,737.64
1586963436231,737.64
1586963436231,737.64
1586963436231,737.64
1586963436231,737.64
1586963436231,737.64
1586963436231,737.64
1586963436231,737.64
1586963530688,736.28
1586963530688,736.28
1586963530688,736.28
1586963530688,736.28
1586963579996,736.75
1586963591252,737.59
1586963602201,737.85
1586963602201,737.85
1586963602201,737.85
1586963630157,737.18
1586963630157,737.18
1586963630157,737.18
1586963630157,737.18
1586963675078,735.47
1586963682389,736.17
1586963698628,735.24
1586963698628,735.24
1586963720096,734.185
1586963728112,733.235
1586963740177,730.1
1586963752466,731.62
1586963752466,731.62
1586963771891,731.14
1586963775340,730.58
1586963794044,730.05
1586963800060,730.49
1586963816059,730.45
1586963822755,730.07
1586963836195,728.53
1586963836195,728.53
1586963860217,730.52
1586963862973,730
1586963880177,731.345
1586963888673,730.88
1586963892732,731.25
1586963892732,731.25
1586963892732,731.25
1586963892732,731.25
1586963938229,730.18
1586963938229,730.18
1586963958104,728.98
1586963973446,729.95
1586963982673,727.56
1586963982673,727.56
1586964002045,727.8
1586964016842,727.53
1586964016842,727.53
1586964042358,726.01
1586964053154,726.92
1586964053154,726.92
1586964053154,726.92
1586964083716,726.37
1586964094180,726.14
1586964100036,727.41
1586964112218,728.36
1586964123967,726.54
1586964131509,724.28
1586964151180,724.835
1586964153359,724.99
1586964163501,725.19
1586964179950,723.585
1586964192856,722.78
1586964207273,722.695
1586964216241,724.54
1586964216241,724.54
1586964239273,724.98
1586964239273,724.98
1586964259280,723.035
1586964271407,723.59
1586964277810,723.395
1586964287684,722.02
1586964297991,720.83
1586964313549,720
1586964322938,718.6
1586964332709,718.79
1586964332709,718.79
1586964351458,721.57
1586964359830,721.95
1586964376245,720.87
1586964387707,720.88
1586964401191,722.655
1586964406893,722.94
1586964417826,723.4
1586964417826,723.4
1586964417826,723.4
1586964450141,723.45
1586964456640,722.465
1586964468571,722.12
1586964484321,722.04
1586964493428,722.42
1586964493428,722.42
1586964493428,722.42
1586964524760,723.7
1586964535161,722.96
1586964548012,724.615
1586964558320,724.67
1586964558320,724.67
1586964558320,724.67
1586964588008,725.425
1586964601866,726.27
1586964610886,726.49
1586964619812,726.84
1586964627094,726.64
1586964627094,726.64
1586964627094,726.64
1586964665313,727.12
1586964672260,727.41
1586964672260,727.41
1586964672260,727.41
1586964672260,727.41
1586964672260,727.41
1586964672260,727.41
1586964672260,727.41
1586964672260,727.41
1586964672260,727.41
1586964672260,727.41
1586964672260,727.41
1586964793994,725.98
1586964793994,725.98
1586964806466,726.73
1586964806466,726.73
1586964806466,726.73
1586964806466,726.73
1586964806466,726.73
1586964806466,726.73
1586964806466,726.73
1586964888708,725
1586964897566,724.005
1586964903553,723.06
1586964903553,723.06
1586964903553,723.06
1586964937793,725.695
1586964937793,725.695
1586964937793,725.695
1586964971880,725.99
1586964971880,725.99
1586964971880,725.99
1586964971880,725.99
1586965008013,725.695
1586965008013,725.695
1586965035272,725.8
1586965047536,724.63
1586965047536,724.63
1586965047536,724.63
1586965047536,724.63
1586965047536,724.63
1586965047536,724.63
1586965047536,724.63
1586965047536,724.63
1586965132955,725.08
1586965132955,725.08
1586965132955,725.08
1586965132955,725.08
1586965132955,725.08
1586965182349,723
1586965182349,723
1586965182349,723
1586965182349,723
1586965182349,723
1586965242067,721.77
1586965242067,721.77
1586965242067,721.77
1586965242067,721.77
1586965242067,721.77
1586965295700,720.91
1586965307668,720
1586965310815,720
1586965325314,720.81
1586965338782,722.54
1586965338782,722.54
1586965338782,722.54
1586965363073,723
1586965363073,723
1586965387707,723.39
1586965387707,723.39
1586965387707,723.39
1586965387707,723.39
1586965436235,723.17
1586965436235,723.17
1586965459155,722
1586965459155,722
1586965480161,722.85
1586965484166,722.93
1586965498852,722.67
1586965508442,721.535
1586965508442,721.535
1586965508442,721.535
1586965508442,721.535
1586965508442,721.535
1586965508442,721.535
1586965571679,722.32
1586965571679,722.32
1586965571679,722.32
1586965608443,723.33
1586965608443,723.33
1586965608443,723.33
1586965638010,720.1
1586965638010,720.1
1586965638010,720.1
1586965668321,718.2
1586965668321,718.2
1586965668321,718.2
1586965704733,716.89
1586965712667,714.05
1586965724495,713.52
1586965736446,712.81
1586965736446,712.81
1586965736446,712.81
1586965764085,712.21
1586965780113,710.47
1586965784996,710.35
1586965799442,712.79
1586965804056,713.84
1586965821617,714.76
1586965824892,715.45
1586965824892,715.45
1586965824892,715.45
1586965824892,715.45
1586965824892,715.45
1586965882630,716.97
1586965882630,716.97
1586965899566,716.46
1586965899566,716.46
1586965899566,716.46
1586965937598,713.73
1586965942976,715.31
1586965953482,715.49
1586965968504,715.89
1586965968504,715.89
1586965993129,716.97
1586965993129,716.97
1586966013805,716.97
1586966013805,716.97
1586966027831,715.38
1586966027831,715.38
1586966027831,715.38
1586966027831,715.38
1586966027831,715.38
1586966027831,715.38
1586966091894,717.76
1586966106830,718.25
1586966106830,718.25
1586966106830,718.25
1586966106830,718.25
1586966106830,718.25
1586966106830,718.25
1586966106830,718.25
1586966106830,718.25
1586966188276,719.33
1586966188276,719.33
1586966188276,719.33
1586966188276,719.33
1586966230637,719.06
1586966230637,719.06
1586966230637,719.06
1586966230637,719.06
1586966274735,719.02
1586966274735,719.02
1586966299391,719.04
1586966299391,719.04
1586966299391,719.04
1586966334317,717.86
1586966334317,717.86
1586966334317,717.86
1586966334317,717.86
1586966334317,717.86
1586966334317,717.86
1586966334317,717.86
1586966334317,717.86
1586966418413,719.73
1586966418413,719.73
1586966433736,718.93
1586966433736,718.93
1586966433736,718.93
1586966433736,718.93
1586966484780,718.73
1586966484780,718.73
1586966484780,718.73
1586966517387,721.64
1586966517387,721.64
1586966537285,722.01
1586966541371,722.23
1586966555398,723.36
1586966566483,723.69
1586966579208,724.39
1586966588233,724.42
1586966599431,724.03
1586966599431,724.03
1586966599431,724.03
1586966599431,724.03
1586966644096,725.79
1586966649453,725.425
1586966664770,723.25
1586966664770,723.25
1586966688939,724.59
1586966694913,724.915
1586966694913,724.915
1586966694913,724.915
1586966694913,724.915
1586966694913,724.915
1586966753464,723.2
1586966753464,723.2
1586966777380,722.86
1586966779014,722.81
1586966795587,722.56
1586966808779,722.885
1586966808779,722.885
1586966822893,722.84
1586966833138,722.5
1586966833138,722.5
1586966833138,722.5
1586966833138,722.5
1586966833138,722.5
1586966894897,724.645
1586966906890,723.26
1586966906890,723.26
1586966906890,723.26
1586966934329,723.36
1586966948961,722.26
1586966950572,722.07
1586966950572,722.07
1586966950572,722.07
1586966990666,721.74
1586966990666,721.74
1586967012950,721.93
1586967023122,721.79
1586967023122,721.79
1586967040461,721.24
1586967040461,721.24
1586967040461,721.24
1586967040461,721.24
1586967081273,721.815
1586967081273,721.815
1586967105749,723.15
1586967113594,723.33
1586967113594,723.33
1586967139256,724.16
1586967144916,724.2
1586967157039,724.19
1586967162655,724.01
1586967180902,723.44
1586967180902,723.44
1586967199787,723.785
1586967212188,723.47
1586967212188,723.47
1586967231465,723.89
1586967231465,723.89
1586967253243,724.89
1586967264011,724.42
1586967268502,724.535
1586967268502,724.535
1586967268502,724.535
1586967268502,724.535
1586967268502,724.535
1586967268502,724.535
1586967268502,724.535
1586967350963,726.6
1586967360621,728.04
1586967368900,726.61
1586967377222,727.09
1586967377222,727.09
1586967377222,727.09
1586967410783,728.58
1586967426510,729.5
1586967426510,729.5
1586967443644,728.24
1586967443644,728.24
1586967463473,727.73
1586967463473,727.73
1586967463473,727.73
1586967463473,727.73
1586967463473,727.73
1586967463473,727.73
1586967463473,727.73
1586967463473,727.73
1586967463473,727.73
1586967463473,727.73
1586967463473,727.73
1586967463473,727.73
1586967463473,727.73
1586967463473,727.73
1586967616878,726.215
1586967616878,726.215
1586967616878,726.215
1586967616878,726.215
1586967616878,726.215
1586967616878,726.215
1586967677481,727.54
1586967677481,727.54
1586967677481,727.54
1586967677481,727.54
1586967677481,727.54
1586967677481,727.54
1586967677481,727.54
1586967677481,727.54
1586967677481,727.54
1586967773771,725.77
1586967773771,725.77
1586967802528,726.245
1586967812661,726.26
1586967815934,726.47
1586967815934,726.47
1586967815934,726.47
1586967815934,726.47
1586967815934,726.47
1586967815934,726.47
1586967815934,726.47
1586967815934,726.47
1586967904068,724.44
1586967912633,724.765
1586967912633,724.765
1586967912633,724.765
1586967912633,724.765
1586967912633,724.765
1586967912633,724.765
1586967912633,724.765
1586967912633,724.765
1586967912633,724.765
1586968006457,724.51
1586968020447,723.67
1586968020447,723.67
1586968020447,723.67
1586968020447,723.67
1586968062715,722.725
1586968062715,722.725
1586968062715,722.725
1586968062715,722.725
1586968062715,722.725
1586968118430,724.96
1586968118430,724.96
1586968118430,724.96
1586968118430,724.96
1586968118430,724.96
1586968118430,724.96
1586968118430,724.96
1586968118430,724.96
1586968118430,724.96
1586968215203,724.85
1586968215203,724.85
1586968215203,724.85
1586968215203,724.85
1586968256488,725.35
1586968256488,725.35
1586968256488,725.35
1586968256488,725.35
1586968256488,725.35
1586968309422,724.02
1586968319403,723.32
1586968319403,723.32
1586968319403,723.32
1586968319403,723.32
1586968319403,723.32
1586968319403,723.32
1586968319403,723.32
1586968319403,723.32
1586968405016,723.66
1586968405016,723.66
1586968405016,723.66
1586968405016,723.66
1586968405016,723.66
1586968405016,723.66
1586968405016,723.66
1586968405016,723.66
1586968405016,723.66
1586968405016,723.66
1586968405016,723.66
1586968405016,723.66
1586968405016,723.66
1586968405016,723.66
1586968405016,723.66
1586968560076,723.04
1586968560076,723.04
1586968560076,723.04
1586968560076,723.04
1586968560076,723.04
1586968560076,723.04
1586968560076,723.04
1586968633472,722.255
1586968647086,722.48
1586968652851,722.485
1586968652851,722.485
1586968678624,722
1586968678624,722
1586968701243,722.07
1586968701243,722.07
1586968701243,722.07
1586968701243,722.07
1586968741295,720.795
1586968741295,720.795
1586968741295,720.795
1586968782497,720.05
1586968792207,719.9
1586968792207,719.9
1586968808223,718.885
1586968808223,718.885
1586968825253,719.67
1586968825253,719.67
1586968825253,719.67
1586968825253,719.67
1586968870690,719.56
1586968870690,719.56
1586968870690,719.56
1586968870690,719.56
1586968920839,720.15
1586968920839,720.15
1586968939619,721.12
1586968939619,721.12
1586968939619,721.12
1586968939619,721.12
1586968939619,721.12
1586968939619,721.12
1586968939619,721.12
1586968939619,721.12
1586969024491,722.85
1586969024491,722.85
1586969051972,723.01
1586969051972,723.01
1586969051972,723.01
1586969051972,723.01
1586969051972,723.01
1586969051972,723.01
1586969108629,723.175
1586969118812,722.33
1586969118812,722.33
1586969118812,722.33
1586969151069,722.74
1586969151069,722.74
1586969151069,722.74
1586969151069,722.74
1586969151069,722.74
1586969151069,722.74
1586969214315,721.545
1586969214315,721.545
1586969214315,721.545
1586969246182,720.16
1586969265458,720.59
1586969265458,720.59
1586969265458,720.59
1586969265458,720.59
1586969265458,720.59
1586969265458,720.59
1586969265458,720.59
1586969265458,720.59
1586969265458,720.59
1586969265458,720.59
1586969366792,723
1586969366792,723
1586969366792,723
1586969366792,723
1586969366792,723
1586969366792,723
1586969428440,723.99
1586969438552,724.985
1586969448854,725.18
1586969466392,725.75
1586969466392,725.75
1586969466392,725.75
1586969466392,725.75
1586969466392,725.75
1586969466392,725.75
1586969466392,725.75
1586969466392,725.75
1586969466392,725.75
1586969466392,725.75
1586969466392,725.75
1586969466392,725.75
1586969466392,725.75
1586969600962,725.315
1586969600962,725.315
1586969600962,725.315
1586969600962,725.315
1586969600962,725.315
1586969600962,725.315
1586969600962,725.315
1586969600962,725.315
1586969600962,725.315
1586969600962,725.315
1586969600962,725.315
1586969600962,725.315
1586969600962,725.315
1586969600962,725.315
1586969600962,725.315
1586969759281,722.54
1586969759281,722.54
1586969786172,723.92
1586969786172,723.92
1586969786172,723.92
1586969786172,723.92
1586969786172,723.92
1586969786172,723.92
1586969853904,723.605
1586969853904,723.605
1586969853904,723.605
1586969853904,723.605
1586969887988,725.01
1586969887988,725.01
1586969887988,725.01
1586969920836,725.07
1586969920836,725.07
1586969920836,725.07
1586969920836,725.07
1586969920836,725.07
1586969920836,725.07
1586969920836,725.07
1586969920836,725.07
1586969920836,725.07
1586969920836,725.07
1586969920836,725.07
1586969920836,725.07
1586969920836,725.07
1586969920836,725.07
1586969920836,725.07
1586969920836,725.07
1586969920836,725.07
1586969920836,725.07
1586969920836,725.07
1586969920836,725.07
1586970147557,726.23
1586970147557,726.23
1586970147557,726.23
1586970180567,725.5
1586970180567,725.5
1586970180567,725.5
1586970180567,725.5
1586970180567,725.5
1586970180567,725.5
1586970180567,725.5
1586970255040,726.43
1586970267247,726.97
1586970277818,727.19
1586970288665,727.33
1586970288665,727.33
1586970288665,727.33
1586970288665,727.33
1586970288665,727.33
1586970334253,726.63
1586970334253,726.63
1586970334253,726.63
1586970334253,726.63
1586970387657,729.84
1586970387657,729.84
1586970404118,730
1586970417683,730
1586970417683,730
1586970437151,729.98
1586970449745,731
1586970459399,730.59
1586970459399,730.59
1586970459399,730.59
1586970493012,731.63
1586970502491,732.64
1586970516552,733.195
1586970516552,733.195
1586970516552,733.195
1586970546325,731.85
1586970546325,731.85
1586970546325,731.85
1586970546325,731.85
1586970590060,731.11
1586970605365,731.4
1586970610742,731.87
1586970624637,732.99
1586970624637,732.99
1586970624637,732.99
1586970624637,732.99
1586970624637,732.99
1586970677660,733.3
1586970689412,732.03
1586970689412,732.03
1586970689412,732.03
1586970719870,731.87
1586970719870,731.87
1586970719870,731.87
1586970719870,731.87
1586970762725,731.335
1586970762725,731.335
1586970762725,731.335
1586970762725,731.335
1586970762725,731.335
1586970762725,731.335
1586970762725,731.335
1586970762725,731.335
1586970844628,731.89
1586970844628,731.89
1586970844628,731.89
1586970844628,731.89
1586970844628,731.89
1586970904641,733.7
1586970916548,733.825
1586970932586,733
1586970941387,732.28
1586970941387,732.28
1586970941387,732.28
1586970941387,732.28
1586970941387,732.28
1586970941387,732.28
1586970941387,732.28
1586970941387,732.28
1586970941387,732.28
1586970941387,732.28
1586970941387,732.28
1586970941387,732.28
1586971072581,733.87
1586971079538,735.355
1586971079538,735.355
1586971109724,735.27
1586971109724,735.27
1586971131049,736.73
1586971137087,736.5
1586971137087,736.5
1586971163732,735.605
1586971163732,735.605
1586971163732,735.605
1586971163732,735.605
1586971208433,734.82
1586971208433,734.82
1586971208433,734.82
1586971208433,734.82
1586971246759,735.68
1586971246759,735.68
1586971246759,735.68
1586971246759,735.68
1586971246759,735.68
1586971246759,735.68
1586971246759,735.68
1586971246759,735.68
1586971246759,735.68
1586971246759,735.68
1586971246759,735.68
1586971246759,735.68
1586971246759,735.68
1586971246759,735.68
1586971246759,735.68
1586971246759,735.68
1586971246759,735.68
1586971246759,735.68
1586971246759,735.68
1586971246759,735.68
1586971246759,735.68
1586971246759,735.68
1586971488126,735.205
1586971488126,735.205
1586971511751,733.925
1586971511751,733.925
1586971534873,733.61
1586971534873,733.61
1586971534873,733.61
1586971565490,733.03
1586971575952,733.13
1586971582178,733.06
1586971598856,731.78
1586971598856,731.78
1586971598856,731.78
1586971622375,731.02
1586971622375,731.02
1586971622375,731.02
1586971657443,729.315
1586971666011,728.685
1586971666011,728.685
1586971695023,728.485
1586971705468,728.695
1586971705468,728.695
1586971705468,728.695
1586971705468,728.695
1586971705468,728.695
1586971755610,729.53
1586971755610,729.53
1586971755610,729.53
1586971755610,729.53
1586971755610,729.53
1586971755610,729.53
1586971755610,729.53
1586971755610,729.53
1586971755610,729.53
1586971859569,728.17
1586971859569,728.17
1586971880841,728.51
1586971880841,728.51
1586971895188,729.02
1586971908499,728.63
1586971908499,728.63
1586971931144,730.11
1586971931144,730.11
1586971931144,730.11
1586971931144,730.11
1586971931144,730.11
1586971931144,730.11
1586971998397,727.845
1586971998397,727.845
1586971998397,727.845
1586972031447,729.16
1586972041595,729.27
1586972041595,729.27
1586972041595,729.27
1586972041595,729.27
1586972084928,728.38
1586972084928,728.38
1586972084928,728.38
1586972118784,728.96
1586972118784,728.96
1586972141592,730.29
1586972157021,730.7
1586972157021,730.7
1586972157021,730.7
1586972157021,730.7
1586972157021,730.7
1586972203339,729.01
1586972203339,729.01
1586972203339,729.01
1586972238914,727.37
1586972252152,727.355
1586972252152,727.355
1586972252152,727.355
1586972252152,727.355
1586972252152,727.355
1586972308766,726.08
1586972308766,726.08
1586972308766,726.08
1586972338482,727.07
1586972338482,727.07
1586972338482,727.07
1586972338482,727.07
1586972338482,727.07
1586972338482,727.07
1586972338482,727.07
1586972338482,727.07
1586972338482,727.07
1586972338482,727.07
1586972338482,727.07
1586972338482,727.07
1586972468987,727.44
1586972468987,727.44
1586972468987,727.44
1586972468987,727.44
1586972468987,727.44
1586972468987,727.44
1586972468987,727.44
1586972468987,727.44
1586972468987,727.44
1586972468987,727.44
1586972575232,726.7
1586972590706,727.63
1586972590706,727.63
1586972590706,727.63
1586972590706,727.63
1586972590706,727.63
1586972590706,727.63
1586972590706,727.63
1586972663031,726.54
1586972663031,726.54
1586972663031,726.54
1586972663031,726.54
1586972663031,726.54
1586972663031,726.54
1586972663031,726.54
1586972739767,729
1586972739767,729
1586972739767,729
1586972739767,729
1586972779610,729.08
1586972779610,729.08
1586972779610,729.08
1586972779610,729.08
1586972779610,729.08
1586972779610,729.08
1586972779610,729.08
1586972779610,729.08
1586972779610,729.08
1586972879978,728.44
1586972887490,728.25
1586972887490,728.25
1586972887490,728.25
1586972887490,728.25
1586972887490,728.25
1586972887490,728.25
1586972887490,728.25
1586972887490,728.25
1586972977768,728.23
1586972977768,728.23
1586972977768,728.23
1586972977768,728.23
1586972977768,728.23
1586972977768,728.23
1586972977768,728.23
1586972977768,728.23
1586972977768,728.23
1586972977768,728.23
1586972977768,728.23
1586972977768,728.23
1586972977768,728.23
1586973125379,727.49
1586973125379,727.49
1586973125379,727.49
1586973125379,727.49
1586973125379,727.49
1586973125379,727.49
1586973125379,727.49
1586973125379,727.49
1586973125379,727.49
1586973125379,727.49
1586973125379,727.49
1586973125379,727.49
1586973125379,727.49
1586973125379,727.49
1586973125379,727.49
1586973125379,727.49
1586973125379,727.49
1586973125379,727.49
1586973125379,727.49
1586973125379,727.49
1586973125379,727.49
1586973125379,727.49
1586973125379,727.49
1586973125379,727.49
1586973125379,727.49
1586973125379,727.49
1586973125379,727.49
1586973125379,727.49
1586973125379,727.49
1586973125379,727.49
1586973125379,727.49
1586973125379,727.49
1586973125379,727.49
1586973125379,727.49
1586973125379,727.49
1586973507931,728.89
1586973507931,728.89
1586973531058,728.91
1586973531058,728.91
1586973531058,728.91
1586973531058,728.91
1586973531058,728.91
1586973585599,727.755
1586973585599,727.755
1586973585599,727.755
1586973585599,727.755
1586973585599,727.755
1586973585599,727.755
1586973585599,727.755
1586973585599,727.755
1586973585599,727.755
1586973585599,727.755
1586973585599,727.755
1586973585599,727.755
1586973585599,727.755
1586973743675,731.5
1586973743675,731.5
1586973743675,731.5
1586973773577,731.54
1586973773577,731.54
1586973773577,731.54
1586973773577,731.54
1586973773577,731.54
1586973828262,731.63
1586973828262,731.63
1586973828262,731.63
1586973828262,731.63
1586973864882,731.99
1586973864882,731.99
1586973864882,731.99
1586973897459,731.13
1586973897459,731.13
1586973897459,731.13
1586973897459,731.13
1586973897459,731.13
1586973955879,731.03
1586973955879,731.03
1586973981700,731.78
1586973992556,731.85
1586973993049,731.84
1586973993049,731.84
1586974013668,731.89
1586974013668,731.89
1586974035528,731.31
1586974035528,731.31
1586974035528,731.31
1586974072433,733.74
1586974072433,733.74
1586974072433,733.74
1586974072433,733.74
1586974072433,733.74
1586974072433,733.74
1586974137145,731.69
1586974137145,731.69
1586974137145,731.69
1586974137145,731.69
1586974137145,731.69
1586974137145,731.69
1586974137145,731.69
1586974137145,731.69
1586974137145,731.69
1586974137145,731.69
1586974137145,731.69
1586974137145,731.69
1586974137145,731.69
1586974284131,731.83
1586974284131,731.83
1586974284131,731.83
1586974311270,731.16
1586974311270,731.16
1586974311270,731.16
1586974311270,731.16
1586974359258,731.93
1586974359258,731.93
1586974359258,731.93
1586974359258,731.93
1586974359258,731.93
1586974359258,731.93
1586974359258,731.93
1586974359258,731.93
1586974359258,731.93
1586974359258,731.93
1586974359258,731.93
1586974359258,731.93
1586974359258,731.93
1586974359258,731.93
1586974359258,731.93
1586974359258,731.93
1586974359258,731.93
1586974359258,731.93
1586974359258,731.93
1586974564727,729.7
1586974564727,729.7
1586974564727,729.7
1586974564727,729.7
1586974564727,729.7
1586974564727,729.7
1586974564727,729.7
1586974564727,729.7
1586974564727,729.7
1586974564727,729.7
1586974564727,729.7
1586974564727,729.7
1586974564727,729.7
1586974564727,729.7
1586974564727,729.7
1586974564727,729.7
1586974564727,729.7
1586974564727,729.7
1586974564727,729.7
1586974777078,729.35
1586974777078,729.35
1586974777078,729.35
1586974777078,729.35
1586974777078,729.35
1586974777078,729.35
1586974777078,729.35
1586974777078,729.35
1586974777078,729.35
1586974777078,729.35
1586974777078,729.35
1586974777078,729.35
1586974777078,729.35
1586974777078,729.35
1586974777078,729.35
1586974777078,729.35
1586974777078,729.35
1586974777078,729.35
1586974777078,729.35
1586974777078,729.35
1586974777078,729.35
1586974777078,729.35
1586975018225,729.86
1586975018225,729.86
1586975040311,730.87
1586975040696,730.785
1586975040696,730.785
1586975040696,730.785
1586975040696,730.785
1586975094751,729.255
1586975096032,729.3
1586975096032,729.3
1586975126846,729.01
1586975135080,728.17
1586975135080,728.17
1586975135080,728.17
1586975135080,728.17
1586975135080,728.17
1586975135080,728.17
1586975135080,728.17
1586975213612,728.31
1586975213612,728.31
1586975213612,728.31
1586975213612,728.31
1586975213612,728.31
1586975213612,728.31
1586975213612,728.31
1586975213612,728.31
1586975301070,728.72
1586975309198,729.18
1586975309198,729.18
1586975309198,729.18
1586975309198,729.18
1586975345276,728.51
1586975345276,728.51
1586975345276,728.51
1586975345276,728.51
1586975345276,728.51
1586975345276,728.51
1586975345276,728.51
1586975345276,728.51
1586975440411,730.28
1586975445129,730.145
1586975463658,729.735
1586975473050,729.715
1586975473050,729.715
1586975491997,730.165
1586975491997,730.165
1586975491997,730.165
1586975529257,729.745
1586975529257,729.745
1586975529257,729.745
1586975529257,729.745
1586975529257,729.745
1586975529257,729.745
1586975529257,729.745
1586975529257,729.745
1586975612982,730.87
1586975612982,730.87
1586975635070,730.745
1586975643316,730.41
1586975643316,730.41
1586975643316,730.41
1586975681877,732.18
1586975681877,732.18
1586975681877,732.18
1586975681877,732.18
1586975681877,732.18
1586975681877,732.18
1586975681877,732.18
1586975681877,732.18
1586975681877,732.18
1586975780859,733.98
1586975780859,733.98
1586975780859,733.98
1586975780859,733.98
1586975780859,733.98
1586975780859,733.98
1586975780859,733.98
1586975780859,733.98
1586975780859,733.98
1586975780859,733.98
1586975895182,733.92
1586975895182,733.92
1586975914732,733.88
1586975914732,733.88
1586975934899,735.075
1586975934899,735.075
1586975934899,735.075
1586975934899,735.075
1586975977416,734.89
1586975994547,735.25
1586976001758,733.81
1586976001758,733.81
1586976017986,734.45
1586976017986,734.45
1586976017986,734.45
1586976017986,734.45
1586976017986,734.45
1586976017986,734.45
1586976082582,735.19
1586976096875,734.56
1586976096875,734.56
1586976121120,735.38
1586976121120,735.38
1586976121120,735.38
1586976149249,735.37
1586976149249,735.37
1586976149249,735.37
1586976188425,735.065
1586976192287,734.655
1586976205018,733.87
1586976205018,733.87
1586976205018,733.87
1586976205018,733.87
1586976205018,733.87
1586976261103,734.25
1586976273054,734.16
1586976273054,734.16
1586976273054,734.16
1586976273054,734.16
1586976314698,735.1
1586976314698,735.1
1586976314698,735.1
1586976314698,735.1
1586976314698,735.1
1586976314698,735.1
1586976314698,735.1
1586976314698,735.1
1586976413134,734.48
1586976413134,734.48
1586976413134,734.48
1586976413134,734.48
1586976446854,735.73
1586976457158,735.5
1586976467401,735.15
1586976467401,735.15
1586976467401,735.15
1586976467401,735.15
1586976467401,735.15
1586976467401,735.15
1586976467401,735.15
1586976467401,735.15
1586976467401,735.15
1586976467401,735.15
1586976467401,735.15
1586976467401,735.15
1586976467401,735.15
1586976467401,735.15
1586976467401,735.15
1586976467401,735.15
1586976467401,735.15
1586976664577,731.43
1586976664577,731.43
1586976685125,731.55
1586976685125,731.55
1586976685125,731.55
1586976685125,731.55
1586976685125,731.55
1586976685125,731.55
1586976685125,731.55
1586976685125,731.55
1586976685125,731.55
1586976685125,731.55
1586976685125,731.55
1586976685125,731.55
1586976685125,731.55
1586976685125,731.55
1586976685125,731.55
1586976685125,731.55
1586976685125,731.55
1586976685125,731.55
1586976685125,731.55
1586976886120,731.8
1586976886120,731.8
1586976886120,731.8
1586976886120,731.8
1586976886120,731.8
1586976886120,731.8
1586976886120,731.8
1586976964155,732.05
1586976981068,731.535
1586976981068,731.535
1586976981068,731.535
1586976981068,731.535
1586976981068,731.535
1586976981068,731.535
1586976981068,731.535
1586976981068,731.535
1586976981068,731.535
1586976981068,731.535
1586977083109,734.32
1586977090554,734.05
1586977090554,734.05
1586977090554,734.05
1586977090554,734.05
1586977134810,734.15
1586977134810,734.15
1586977134810,734.15
1586977134810,734.15
1586977134810,734.15
1586977134810,734.15
1586977201281,732.68
1586977201281,732.68
1586977201281,732.68
1586977201281,732.68
1586977201281,732.68
1586977201281,732.68
1586977201281,732.68
1586977201281,732.68
1586977201281,732.68
1586977201281,732.68
1586977201281,732.68
1586977201281,732.68
1586977201281,732.68
1586977201281,732.68
1586977201281,732.68
1586977201281,732.68
1586977201281,732.68
1586977384761,729.99
1586977384761,729.99
1586977384761,729.99
1586977384761,729.99
1586977429440,728.43
1586977429440,728.43
1586977429440,728.43
1586977429440,728.43
1586977429440,728.43
1586977429440,728.43
1586977429440,728.43
1586977429440,728.43
1586977429440,728.43
1586977429440,728.43
1586977429440,728.43
1586977547006,729.99
1586977547006,729.99
1586977573917,729.8
1586977573917,729.8
1586977589446,729.3
1586977589446,729.3
1586977589446,729.3
1586977589446,729.3
1586977589446,729.3
1586977589446,729.3
1586977657504,725.48
1586977657504,725.48
1586977657504,725.48
1586977657504,725.48
1586977657504,725.48
1586977704065,724.91
1586977704065,724.91
1586977704065,724.91
1586977739427,725.66
1586977739427,725.66
1586977739427,725.66
1586977739427,725.66
1586977785648,727.285
1586977785648,727.285
1586977809223,726.25
1586977809223,726.25
1586977809223,726.25
1586977809223,726.25
1586977809223,726.25
1586977809223,726.25
1586977809223,726.25
1586977809223,726.25
1586977809223,726.25
1586977809223,726.25
1586977809223,726.25
1586977809223,726.25
1586977809223,726.25
1586977809223,726.25
1586977809223,726.25
1586977962039,726.36
1586977962039,726.36
1586977962039,726.36
1586977962039,726.36
1586977962039,726.36
1586977962039,726.36
1586977962039,726.36
1586978040394,727.29
1586978040394,727.29
1586978040394,727.29
1586978040394,727.29
1586978040394,727.29
1586978040394,727.29
1586978040394,727.29
1586978040394,727.29
1586978040394,727.29
1586978040394,727.29
1586978040394,727.29
1586978040394,727.29
1586978040394,727.29
1586978040394,727.29
1586978040394,727.29
1586978040394,727.29
1586978206218,727.405
1586978215516,727.925
1586978215516,727.925
1586978215516,727.925
1586978215516,727.925
1586978215516,727.925
1586978215516,727.925
1586978215516,727.925
1586978292512,729.145
1586978307334,729.35
1586978315600,729.855
1586978331234,729.69
1586978341236,730.16
1586978341236,730.16
1586978360455,728.99
1586978372707,728.965
1586978372707,728.965
1586978372707,728.965
1586978372707,728.965
1586978372707,728.965
1586978372707,728.965
1586978435625,729.83
1586978435625,729.83
1586978435625,729.83
1586978472328,728.745
1586978472328,728.745
1586978472328,728.745
1586978503221,728.465
1586978503221,728.465
1586978503221,728.465
1586978503221,728.465
1586978548448,727.76
1586978548448,727.76
1586978548448,727.76
1586978548448,727.76
1586978548448,727.76
1586978548448,727.76
1586978548448,727.76
1586978548448,727.76
1586978630827,725.71
1586978635897,725.23
1586978635897,725.23
1586978635897,725.23
1586978635897,725.23
1586978635897,725.23
1586978635897,725.23
1586978635897,725.23
1586978635897,725.23
1586978635897,725.23
1586978635897,725.23
1586978635897,725.23
1586978635897,725.23
1586978635897,725.23
1586978635897,725.23
1586978635897,725.23
1586978635897,725.23
1586978635897,725.23
1586978635897,725.23
1586978635897,725.23
1586978635897,725.23
1586978635897,725.23
1586978635897,725.23
1586978635897,725.23
1586978888841,724.435
1586978888841,724.435
1586978910755,724.765
1586978910755,724.765
1586978910755,724.765
1586978910755,724.765
1586978910755,724.765
1586978910755,724.765
1586978910755,724.765
1586978910755,724.765
1586978910755,724.765
1586979003688,724.03
1586979022748,724.445
1586979028406,724.475
1586979043442,724.225
1586979043442,724.225
1586979043442,724.225
1586979077624,724.305
1586979077624,724.305
1586979100481,724.16
1586979100481,724.16
1586979100481,724.16
1586979100481,724.16
1586979137847,723.52
1586979150975,722.99
1586979150975,722.99
1586979175413,722.875
1586979182556,723.325
1586979198521,722.295
1586979198521,722.295
1586979212545,722.2
1586979225761,721.625
1586979233911,722.095
1586979249612,722.47
1586979249612,722.47
1586979249612,722.47
1586979277437,721.26
1586979292225,722.255
1586979296783,721.89
1586979296783,721.89
1586979322760,722.11
1586979322760,722.11
1586979345258,722.485
1586979345258,722.485
1586979365126,723.75
1586979365126,723.75
1586979365126,723.75
1586979393041,723.975
1586979411791,723.565
1586979415166,723.84
1586979431853,724.64
1586979431853,724.64
1586979453034,725.88
1586979464817,726.22
1586979473757,725.69
1586979473757,725.69
1586979473757,725.69
1586979510779,725.475
1586979532850,726.24
1586979532850,726.24
1586979532850,726.24
1586979532850,726.24
1586979532850,726.24
1586979532850,726.24
1586979532850,726.24
1586979532850,726.24
1586979618695,725.47
1586979618695,725.47
1586979635396,724.305
1586979652099,723.11
1586979653939,723
1586979672345,722.61
1586979684729,723.67
1586979684729,723.67
1586979684729,723.67
1586979713435,724.115
1586979713435,724.115
1586979713435,724.115
1586979713435,724.115
1586979713435,724.115
1586979767418,722.9
1586979767418,722.9
1586979767418,722.9
1586979767418,722.9
1586979767418,722.9
1586979767418,722.9
1586979767418,722.9
1586979767418,722.9
1586979767418,722.9
1586979868407,726.4
1586979868407,726.4
1586979882741,727.14
1586979882741,727.14
1586979882741,727.14
1586979882741,727.14
1586979882741,727.14
1586979882741,727.14
1586979882741,727.14
1586979882741,727.14
1586979975116,728.07
1586979990381,728.31
1586979990381,728.31
1586979990381,728.31
1586979990381,728.31
1586979990381,728.31
1586979990381,728.31
1586979990381,728.31
1586980061766,726.99
1586980061766,726.99
1586980086162,726.955
1586980106935,728.96
1586980112822,728.99
1586980112822,728.99
1586980112822,728.99
1586980142987,728.56
1586980142987,728.56
1586980142987,728.56
1586980142987,728.56
1586980142987,728.56
1586980202223,727.59
1586980210151,726.77
1586980218558,727.45
1586980227152,727.94
1586980245470,728.24
1586980245470,728.24
1586980245470,728.24
1586980245470,728.24
1586980245470,728.24
1586980245470,728.24
1586980310143,726.88
1586980316214,726.77
1586980336739,726.25
1586980336739,726.25
1586980361503,726.4
1586980372657,726.15
1586980372657,726.15
1586980372657,726.15
1586980406670,726.915
1586980406670,726.915
1586980428125,726.96
1586980428125,726.96
1586980442064,726.39
1586980458223,726.69
1586980462339,726.89
1586980482264,726.505
1586980484912,726.595
1586980504473,727.025
1586980516287,727.71
1586980528559,727.63
1586980542610,727.885
1586980542610,727.885
1586980565675,729.51
1586980569065,728.91
1586980580067,729.6
1586980580067,729.6
1586980608198,729.41
1586980622277,729.48
1586980636397,729.68
1586980651078,729.98
1586980651078,729.98
1586980651078,729.98
1586980682963,730
1586980702055,729.98
1586980711605,730.235
1586980711605,730.235
1586980733840,730.105
1586980748901,730.3
1586980763686,730.16
1586980777224,729.64
1586980782304,729.64
