1583159428894,30.62
1583159428894,30.62
1583159482029,30.63
1583159485750,30.62
1583159502329,30.54
1583159515161,30.55
1583159516733,30.555
1583159533357,30.71
1583159533357,30.71
1583159533357,30.71
1583159557982,30.54
1583159572435,30.43
1583159572435,30.43
1583159572435,30.43
1583159604031,30.61
1583159604031,30.61
1583159604031,30.61
1583159604031,30.61
1583159641234,30.68
1583159654925,30.66
1583159654925,30.66
1583159654925,30.66
1583159654925,30.66
1583159654925,30.66
1583159654925,30.66
1583159714864,30.6
1583159714864,30.6
1583159714864,30.6
1583159714864,30.6
1583159714864,30.6
1583159714864,30.6
1583159714864,30.6
1583159714864,30.6
1583159714864,30.6
1583159810418,30.64
1583159810418,30.64
1583159839112,30.55
1583159839112,30.55
1583159860058,30.54
1583159860058,30.54
1583159873243,30.535
1583159873243,30.535
1583159900856,30.58
1583159900856,30.58
1583159900856,30.58
1583159900856,30.58
1583159900856,30.58
1583159900856,30.58
1583159900856,30.58
1583159900856,30.58
1583159900856,30.58
1583159989227,30.59
1583159989227,30.59
1583159989227,30.59
1583159989227,30.59
1583159989227,30.59
1583159989227,30.59
1583159989227,30.59
1583160061208,30.625
1583160077062,30.64
1583160083231,30.63
1583160100200,30.67
1583160100200,30.67
1583160116604,30.68
1583160132189,30.7
1583160138339,30.65
1583160145027,30.56
1583160145027,30.56
1583160145027,30.56
1583160145027,30.56
1583160145027,30.56
1583160145027,30.56
1583160206454,30.78
1583160206454,30.78
1583160206454,30.78
1583160206454,30.78
1583160255998,30.83
1583160255998,30.83
1583160276587,30.805
1583160276587,30.805
1583160276587,30.805
1583160276587,30.805
1583160276587,30.805
1583160276587,30.805
1583160276587,30.805
1583160342619,30.98
1583160342619,30.98
1583160342619,30.98
1583160371425,30.965
1583160371425,30.965
1583160371425,30.965
1583160371425,30.965
1583160371425,30.965
1583160371425,30.965
1583160443751,30.885
1583160443751,30.885
1583160443751,30.885
1583160443751,30.885
1583160443751,30.885
1583160443751,30.885
1583160443751,30.885
1583160443751,30.885
1583160443751,30.885
1583160443751,30.885
1583160443751,30.885
1583160443751,30.885
1583160568356,30.82
1583160568356,30.82
1583160568356,30.82
1583160568356,30.82
1583160568356,30.82
1583160568356,30.82
1583160568356,30.82
1583160568356,30.82
1583160568356,30.82
1583160568356,30.82
1583160568356,30.82
1583160568356,30.82
1583160692339,30.78
1583160692339,30.78
1583160692339,30.78
1583160692339,30.78
1583160692339,30.78
1583160692339,30.78
1583160692339,30.78
1583160766148,30.8
1583160766148,30.8
1583160786936,30.82
1583160795601,30.85
1583160795601,30.85
1583160795601,30.85
1583160795601,30.85
1583160795601,30.85
1583160854541,30.83
1583160854541,30.83
1583160875536,30.85
1583160875536,30.85
1583160895498,30.84
1583160895498,30.84
1583160895498,30.84
1583160920474,30.82
1583160920474,30.82
1583160920474,30.82
1583160957037,30.85
1583160957037,30.85
1583160978267,30.805
1583160984405,30.77
1583161002217,30.8
1583161004177,30.79
1583161004177,30.79
1583161004177,30.79
1583161004177,30.79
1583161004177,30.79
1583161004177,30.79
1583161004177,30.79
1583161004177,30.79
1583161086507,30.77
1583161105185,30.78
1583161113729,30.76
1583161113729,30.76
1583161113729,30.76
1583161148576,30.685
1583161149461,30.685
1583161149461,30.685
1583161149461,30.685
1583161180863,30.66
1583161180863,30.66
1583161207687,30.71
1583161207687,30.71
1583161207687,30.71
1583161207687,30.71
1583161207687,30.71
1583161207687,30.71
1583161207687,30.71
1583161207687,30.71
1583161207687,30.71
1583161207687,30.71
1583161207687,30.71
1583161322449,30.67
1583161322449,30.67
1583161322449,30.67
1583161322449,30.67
1583161322449,30.67
1583161374054,30.62
1583161374054,30.62
1583161391265,30.59
1583161402284,30.635
1583161402284,30.635
1583161425401,30.6
1583161425401,30.6
1583161425401,30.6
1583161461237,30.61
1583161470358,30.68
1583161470358,30.68
1583161470358,30.68
1583161470358,30.68
1583161470358,30.68
1583161470358,30.68
1583161470358,30.68
1583161470358,30.68
1583161549681,30.49
1583161561349,30.53
1583161561349,30.53
1583161561349,30.53
1583161561349,30.53
1583161602362,30.55
1583161602362,30.55
1583161602362,30.55
1583161602362,30.55
1583161602362,30.55
1583161659307,30.51
1583161659307,30.51
1583161659307,30.51
1583161659307,30.51
1583161659307,30.51
1583161707037,30.455
1583161716481,30.48
1583161716481,30.48
1583161716481,30.48
1583161751561,30.46
1583161751561,30.46
1583161768602,30.44
1583161768602,30.44
1583161768602,30.44
1583161768602,30.44
1583161768602,30.44
1583161824569,30.54
1583161836136,30.55
1583161836136,30.55
1583161852799,30.5
1583161852799,30.5
1583161875939,30.53
1583161875939,30.53
1583161875939,30.53
1583161875939,30.53
1583161875939,30.53
1583161875939,30.53
1583161944393,30.575
1583161985024,30.59
1583161985024,30.59
1583162004830,30.61
1583162021081,30.635
1583162021081,30.635
1583162021081,30.635
1583162021081,30.635
1583162021081,30.635
1583162072960,30.635
1583162072960,30.635
1583162072960,30.635
1583162072960,30.635
1583162106770,30.63
1583162106770,30.63
1583162133055,30.6
1583162133055,30.6
1583162151355,30.6
1583162151355,30.6
1583162151355,30.6
1583162151355,30.6
1583162151355,30.6
1583162151355,30.6
1583162151355,30.6
1583162151355,30.6
1583162151355,30.6
1583162151355,30.6
1583162151355,30.6
1583162274579,30.48
1583162283983,30.49
1583162283983,30.49
1583162283983,30.49
1583162283983,30.49
1583162327126,30.51
1583162327126,30.51
1583162347373,30.525
1583162360728,30.49
1583162369621,30.46
1583162374898,30.51
1583162374898,30.51
1583162400194,30.55
1583162400194,30.55
1583162400194,30.55
1583162400194,30.55
1583162400194,30.55
1583162400194,30.55
1583162462513,30.525
1583162462513,30.525
1583162462513,30.525
1583162462513,30.525
1583162462513,30.525
1583162462513,30.525
1583162523698,30.52
1583162523698,30.52
1583162523698,30.52
1583162523698,30.52
1583162523698,30.52
1583162523698,30.52
1583162593003,30.41
1583162602198,30.41
1583162602198,30.41
1583162602198,30.41
1583162635551,30.39
1583162635551,30.39
1583162649101,30.455
1583162662220,30.45
1583162662220,30.45
1583162662220,30.45
1583162696130,30.47
1583162700653,30.475
1583162700653,30.475
1583162700653,30.475
1583162700653,30.475
1583162700653,30.475
1583162700653,30.475
1583162700653,30.475
1583162700653,30.475
1583162700653,30.475
1583162700653,30.475
1583162700653,30.475
1583162821126,30.57
1583162821126,30.57
1583162840773,30.61
1583162852344,30.58
1583162852344,30.58
1583162852344,30.58
1583162852344,30.58
1583162895101,30.61
1583162902187,30.605
1583162902187,30.605
1583162924245,30.58
1583162933777,30.56
1583162945157,30.53
1583162945157,30.53
1583162945157,30.53
1583162945157,30.53
1583162945157,30.53
1583162945157,30.53
1583162945157,30.53
1583162945157,30.53
1583163029184,30.61
1583163036728,30.585
1583163051194,30.53
1583163056303,30.53
1583163056303,30.53
1583163081194,30.46
1583163081194,30.46
1583163101490,30.48
1583163112698,30.48
1583163112698,30.48
1583163112698,30.48
1583163145757,30.505
1583163155363,30.52
1583163155363,30.52
1583163155363,30.52
1583163184017,30.49
1583163184017,30.49
1583163184017,30.49
1583163184017,30.49
1583163184017,30.49
1583163184017,30.49
1583163184017,30.49
1583163184017,30.49
1583163184017,30.49
1583163184017,30.49
1583163184017,30.49
1583163184017,30.49
1583163184017,30.49
1583163184017,30.49
1583163184017,30.49
1583163184017,30.49
1583163184017,30.49
1583163363143,30.61
1583163363143,30.61
1583163363143,30.61
1583163363143,30.61
1583163404537,30.66
1583163426307,30.65
1583163426307,30.65
1583163426307,30.65
1583163426307,30.65
1583163469025,30.71
1583163469025,30.71
1583163469025,30.71
1583163507281,30.68
1583163507281,30.68
1583163507281,30.68
1583163507281,30.68
1583163507281,30.68
1583163507281,30.68
1583163507281,30.68
1583163507281,30.68
1583163507281,30.68
1583163507281,30.68
1583163507281,30.68
1583163620884,30.8
1583163620884,30.8
1583163620884,30.8
1583163620884,30.8
1583163665297,30.79
1583163665297,30.79
1583163665297,30.79
1583163686547,30.8
1583163686547,30.8
1583163686547,30.8
1583163686547,30.8
1583163731792,30.8
1583163745347,30.83
1583163757691,30.83
1583163757691,30.83
1583163757691,30.83
1583163788311,30.8
1583163799314,30.815
1583163799314,30.815
1583163799314,30.815
1583163826600,30.805
1583163826600,30.805
1583163853052,30.84
1583163853052,30.84
1583163866831,30.88
1583163866831,30.88
1583163891103,30.9
1583163891103,30.9
1583163891103,30.9
1583163891103,30.9
1583163891103,30.9
1583163947149,30.96
1583163947149,30.96
1583163968456,30.96
1583163968456,30.96
1583163987246,30.95
1583163987246,30.95
1583164007835,31
1583164007835,31
1583164007835,31
1583164007835,31
1583164007835,31
1583164007835,31
1583164007835,31
1583164007835,31
1583164007835,31
1583164094913,31.005
1583164094913,31.005
1583164094913,31.005
1583164094913,31.005
1583164094913,31.005
1583164094913,31.005
1583164094913,31.005
1583164094913,31.005
1583164094913,31.005
1583164094913,31.005
1583164203540,31.04
1583164203540,31.04
1583164203540,31.04
1583164203540,31.04
1583164203540,31.04
1583164203540,31.04
1583164203540,31.04
1583164273591,31.09
1583164273591,31.09
1583164273591,31.09
1583164273591,31.09
1583164273591,31.09
1583164330771,31.11
1583164330771,31.11
1583164330771,31.11
1583164330771,31.11
1583164330771,31.11
1583164384588,31.06
1583164384588,31.06
1583164384588,31.06
1583164384588,31.06
1583164384588,31.06
1583164434007,31.2
1583164443566,31.195
1583164451426,31.17
1583164470827,31.15
1583164481054,31.12
1583164491610,31.125
1583164491610,31.125
1583164509459,31.12
1583164509459,31.12
1583164509459,31.12
1583164509459,31.12
1583164509459,31.12
1583164560358,31.195
1583164573022,31.15
1583164580348,31.14
1583164588130,31.15
1583164588130,31.15
1583164616931,31.18
1583164616931,31.18
1583164635378,31.125
1583164645795,31.105
1583164645795,31.105
1583164664985,31.075
1583164664985,31.075
1583164664985,31.075
1583164664985,31.075
1583164664985,31.075
1583164664985,31.075
1583164664985,31.075
1583164664985,31.075
1583164664985,31.075
1583164664985,31.075
1583164664985,31.075
1583164778537,30.99
1583164778537,30.99
1583164797802,30.97
1583164815899,31.03
1583164815899,31.03
1583164815899,31.03
1583164815899,31.03
1583164860918,31.09
1583164860918,31.09
1583164860918,31.09
1583164890023,31.03
1583164890023,31.03
1583164890023,31.03
1583164920152,31.03
1583164920152,31.03
1583164920152,31.03
1583164953692,30.96
1583164962904,31.005
1583164962904,31.005
1583164962904,31.005
1583164994712,30.95
1583165007777,30.95
1583165007777,30.95
1583165025797,30.98
1583165031470,30.995
1583165031470,30.995
1583165031470,30.995
1583165031470,30.995
1583165031470,30.995
1583165031470,30.995
1583165031470,30.995
1583165112781,30.94
1583165112781,30.94
1583165126493,30.965
1583165126493,30.965
1583165126493,30.965
1583165126493,30.965
1583165126493,30.965
1583165185957,30.965
1583165185957,30.965
1583165205100,30.93
1583165205100,30.93
1583165205100,30.93
1583165205100,30.93
1583165245570,30.955
1583165245570,30.955
1583165264972,30.94
1583165264972,30.94
1583165264972,30.94
1583165264972,30.94
1583165264972,30.94
1583165264972,30.94
1583165326968,30.97
1583165335574,30.95
1583165351492,30.93
1583165362070,30.94
1583165362070,30.94
1583165384200,30.98
1583165384200,30.98
1583165384200,30.98
1583165407458,31
1583165407458,31
1583165407458,31
1583165407458,31
1583165450554,31.01
1583165450554,31.01
1583165450554,31.01
1583165450554,31.01
1583165450554,31.01
1583165450554,31.01
1583165505541,31.17
1583165505541,31.17
1583165505541,31.17
1583165505541,31.17
1583165505541,31.17
1583165505541,31.17
1583165563147,31.185
1583165563147,31.185
1583165563147,31.185
1583165563147,31.185
1583165563147,31.185
1583165563147,31.185
1583165642216,31.19
1583165656154,31.205
1583165666197,31.18
1583165666197,31.18
1583165688960,31.21
1583165688960,31.21
1583165702207,31.215
1583165702207,31.215
1583165702207,31.215
1583165739847,31.215
1583165746489,31.23
1583165746489,31.23
1583165773614,31.23
1583165773614,31.23
1583165773614,31.23
1583165797624,31.22
1583165797624,31.22
1583165827634,31.225
1583165827634,31.225
1583165827634,31.225
1583165827634,31.225
1583165827634,31.225
1583165827634,31.225
1583165886478,31.2
1583165886478,31.2
1583165886478,31.2
1583165886478,31.2
1583165886478,31.2
1583165886478,31.2
1583165886478,31.2
1583165958685,31.12
1583165958685,31.12
1583165958685,31.12
1583165958685,31.12
1583165958685,31.12
1583165958685,31.12
1583165958685,31.12
1583165958685,31.12
1583165958685,31.12
1583165958685,31.12
1583166067640,31.24
1583166067640,31.24
1583166067640,31.24
1583166067640,31.24
1583166067640,31.24
1583166067640,31.24
1583166067640,31.24
1583166067640,31.24
1583166145991,31.175
1583166145991,31.175
1583166145991,31.175
1583166145991,31.175
1583166145991,31.175
1583166145991,31.175
1583166145991,31.175
1583166218083,31.275
1583166227913,31.29
1583166244555,31.285
1583166244555,31.285
1583166244555,31.285
1583166244555,31.285
1583166244555,31.285
1583166244555,31.285
1583166244555,31.285
1583166313445,31.265
1583166313445,31.265
1583166313445,31.265
1583166313445,31.265
1583166313445,31.265
1583166367189,31.305
1583166367189,31.305
1583166367189,31.305
1583166401850,31.29
1583166401850,31.29
1583166401850,31.29
1583166426085,31.24
1583166439392,31.255
1583166446494,31.24
1583166446494,31.24
1583166446494,31.24
1583166446494,31.24
1583166446494,31.24
1583166501063,31.305
1583166501063,31.305
1583166501063,31.305
1583166501063,31.305
1583166501063,31.305
1583166501063,31.305
1583166565726,31.295
1583166574489,31.3
1583166574489,31.3
1583166574489,31.3
1583166574489,31.3
1583166574489,31.3
1583166574489,31.3
1583166574489,31.3
1583166574489,31.3
1583166574489,31.3
1583166574489,31.3
1583166574489,31.3
1583166574489,31.3
1583166574489,31.3
1583166574489,31.3
1583166726656,31.305
1583166726656,31.305
1583166726656,31.305
1583166726656,31.305
1583166761517,31.245
1583166777176,31.255
1583166777176,31.255
1583166777176,31.255
1583166804914,31.235
1583166804914,31.235
1583166804914,31.235
1583166804914,31.235
1583166804914,31.235
1583166858387,31.21
1583166858387,31.21
1583166858387,31.21
1583166858387,31.21
1583166858387,31.21
1583166858387,31.21
1583166858387,31.21
1583166858387,31.21
1583166858387,31.21
1583166858387,31.21
1583166858387,31.21
1583166858387,31.21
1583166858387,31.21
1583166858387,31.21
1583166858387,31.21
1583166858387,31.21
1583166858387,31.21
1583166858387,31.21
1583166858387,31.21
1583166858387,31.21
1583166858387,31.21
1583167074696,31.23
1583167085290,31.225
1583167085290,31.225
1583167085290,31.225
1583167085290,31.225
1583167085290,31.225
1583167085290,31.225
1583167085290,31.225
1583167085290,31.225
1583167085290,31.225
1583167085290,31.225
1583167085290,31.225
1583167085290,31.225
1583167085290,31.225
1583167085290,31.225
1583167239165,31.25
1583167239165,31.25
1583167239165,31.25
1583167239165,31.25
1583167239165,31.25
1583167239165,31.25
1583167239165,31.25
1583167239165,31.25
1583167239165,31.25
1583167336761,31.18
1583167347093,31.18
1583167347093,31.18
1583167347093,31.18
1583167347093,31.18
1583167347093,31.18
1583167347093,31.18
1583167347093,31.18
1583167347093,31.18
1583167347093,31.18
1583167431223,31.205
1583167441756,31.215
1583167441756,31.215
1583167441756,31.215
1583167441756,31.215
1583167441756,31.215
1583167441756,31.215
1583167441756,31.215
1583167441756,31.215
1583167529406,31.225
1583167529406,31.225
1583167549587,31.28
1583167560052,31.26
1583167560052,31.26
1583167586526,31.275
1583167591011,31.275
1583167591011,31.275
1583167609374,31.275
1583167609374,31.275
1583167609374,31.275
1583167609374,31.275
1583167609374,31.275
1583167609374,31.275
1583167673393,31.355
1583167673393,31.355
1583167673393,31.355
1583167673393,31.355
1583167673393,31.355
1583167673393,31.355
1583167735341,31.335
1583167735341,31.335
1583167735341,31.335
1583167735341,31.335
1583167735341,31.335
1583167735341,31.335
1583167735341,31.335
1583167735341,31.335
1583167826963,31.335
1583167826963,31.335
1583167826963,31.335
1583167826963,31.335
1583167826963,31.335
1583167826963,31.335
1583167826963,31.335
1583167826963,31.335
1583167826963,31.335
1583167826963,31.335
1583167826963,31.335
1583167826963,31.335
1583167826963,31.335
1583167961643,31.34
1583167961643,31.34
1583167961643,31.34
1583167961643,31.34
1583168003191,31.36
1583168003191,31.36
1583168003191,31.36
1583168003191,31.36
1583168003191,31.36
1583168003191,31.36
1583168058490,31.42
1583168058490,31.42
1583168058490,31.42
1583168058490,31.42
1583168058490,31.42
1583168058490,31.42
1583168058490,31.42
1583168058490,31.42
1583168058490,31.42
1583168058490,31.42
1583168058490,31.42
1583168058490,31.42
1583168058490,31.42
1583168058490,31.42
1583168058490,31.42
1583168058490,31.42
1583168058490,31.42
1583168238853,31.47
1583168238853,31.47
1583168238853,31.47
1583168238853,31.47
1583168238853,31.47
1583168238853,31.47
1583168238853,31.47
1583168238853,31.47
1583168238853,31.47
1583168238853,31.47
1583168238853,31.47
1583168353104,31.49
1583168353104,31.49
1583168353104,31.49
1583168353104,31.49
1583168353104,31.49
1583168353104,31.49
1583168353104,31.49
1583168353104,31.49
1583168353104,31.49
1583168353104,31.49
1583168353104,31.49
1583168353104,31.49
1583168483627,31.645
1583168483627,31.645
1583168510787,31.62
1583168510787,31.62
1583168510787,31.62
1583168538958,31.58
1583168538958,31.58
1583168538958,31.58
1583168538958,31.58
1583168538958,31.58
1583168595182,31.58
1583168595182,31.58
1583168595182,31.58
1583168595182,31.58
1583168595182,31.58
1583168595182,31.58
1583168595182,31.58
1583168667459,31.575
1583168667459,31.575
1583168667459,31.575
1583168667459,31.575
1583168706884,31.555
1583168706884,31.555
1583168727588,31.575
1583168727588,31.575
1583168746806,31.595
1583168759052,31.61
1583168759052,31.61
1583168778231,31.62
1583168789527,31.595
1583168789527,31.595
1583168789527,31.595
1583168789527,31.595
1583168789527,31.595
1583168789527,31.595
1583168789527,31.595
1583168789527,31.595
1583168789527,31.595
1583168789527,31.595
1583168894161,31.49
1583168894161,31.49
1583168894161,31.49
1583168894161,31.49
1583168894161,31.49
1583168894161,31.49
1583168894161,31.49
1583168894161,31.49
1583168894161,31.49
1583168894161,31.49
1583168894161,31.49
1583169008334,31.535
1583169008334,31.535
1583169008334,31.535
1583169008334,31.535
1583169044843,31.54
1583169044843,31.54
1583169044843,31.54
1583169044843,31.54
1583169044843,31.54
1583169044843,31.54
1583169044843,31.54
1583169044843,31.54
1583169044843,31.54
1583169044843,31.54
1583169044843,31.54
1583169044843,31.54
1583169044843,31.54
1583169044843,31.54
1583169199008,31.45
1583169199008,31.45
1583169199008,31.45
1583169199008,31.45
1583169199008,31.45
1583169199008,31.45
1583169199008,31.45
1583169199008,31.45
1583169282865,31.465
1583169282865,31.465
1583169282865,31.465
1583169282865,31.465
1583169282865,31.465
1583169282865,31.465
1583169282865,31.465
1583169282865,31.465
1583169282865,31.465
1583169282865,31.465
1583169385840,31.49
1583169385840,31.49
1583169385840,31.49
1583169385840,31.49
1583169385840,31.49
1583169385840,31.49
1583169385840,31.49
1583169385840,31.49
1583169385840,31.49
1583169385840,31.49
1583169385840,31.49
1583169385840,31.49
1583169385840,31.49
1583169385840,31.49
1583169385840,31.49
1583169385840,31.49
1583169385840,31.49
1583169385840,31.49
1583169385840,31.49
1583169385840,31.49
1583169385840,31.49
1583169385840,31.49
1583169385840,31.49
1583169385840,31.49
1583169385840,31.49
1583169385840,31.49
1583169385840,31.49
1583169385840,31.49
1583169385840,31.49
1583169385840,31.49
1583169385840,31.49
1583169385840,31.49
1583169385840,31.49
1583169385840,31.49
1583169385840,31.49
1583169385840,31.49
1583169385840,31.49
1583169768913,31.465
1583169768913,31.465
1583169768913,31.465
1583169768913,31.465
1583169768913,31.465
1583169768913,31.465
1583169836490,31.385
1583169836490,31.385
1583169836490,31.385
1583169836490,31.385
1583169836490,31.385
1583169836490,31.385
1583169836490,31.385
1583169836490,31.385
1583169836490,31.385
1583169836490,31.385
1583169836490,31.385
1583169836490,31.385
1583169962387,31.44
1583169962387,31.44
1583169962387,31.44
1583169962387,31.44
1583169962387,31.44
1583170008582,31.395
1583170008582,31.395
1583170008582,31.395
1583170008582,31.395
1583170008582,31.395
1583170008582,31.395
1583170008582,31.395
1583170008582,31.395
1583170008582,31.395
1583170008582,31.395
1583170008582,31.395
1583170008582,31.395
1583170008582,31.395
1583170008582,31.395
1583170008582,31.395
1583170008582,31.395
1583170008582,31.395
1583170008582,31.395
1583170008582,31.395
1583170008582,31.395
1583170008582,31.395
1583170008582,31.395
1583170008582,31.395
1583170008582,31.395
1583170008582,31.395
1583170008582,31.395
1583170008582,31.395
1583170008582,31.395
1583170008582,31.395
1583170008582,31.395
1583170008582,31.395
1583170008582,31.395
1583170008582,31.395
1583170008582,31.395
1583170008582,31.395
1583170008582,31.395
1583170008582,31.395
1583170008582,31.395
1583170008582,31.395
1583170008582,31.395
1583170008582,31.395
1583170008582,31.395
1583170008582,31.395
1583170467466,31.51
1583170467466,31.51
1583170467466,31.51
1583170467466,31.51
1583170467466,31.51
1583170467466,31.51
1583170521202,31.51
1583170521202,31.51
1583170521202,31.51
1583170521202,31.51
1583170521202,31.51
1583170521202,31.51
1583170521202,31.51
1583170521202,31.51
1583170521202,31.51
1583170521202,31.51
1583170521202,31.51
1583170521202,31.51
1583170521202,31.51
1583170521202,31.51
1583170521202,31.51
1583170521202,31.51
1583170521202,31.51
1583170521202,31.51
1583170521202,31.51
1583170521202,31.51
1583170521202,31.51
1583170521202,31.51
1583170521202,31.51
1583170521202,31.51
1583170521202,31.51
1583170783325,31.585
1583170783325,31.585
1583170783325,31.585
1583170783325,31.585
1583170783325,31.585
1583170783325,31.585
1583170783325,31.585
1583170783325,31.585
1583170871357,31.61
1583170871357,31.61
1583170871357,31.61
1583170871357,31.61
1583170871357,31.61
1583170918941,31.575
1583170918941,31.575
1583170918941,31.575
1583170957166,31.55
1583170957166,31.55
1583170957166,31.55
1583170957166,31.55
1583170957166,31.55
1583170957166,31.55
1583170957166,31.55
1583170957166,31.55
1583170957166,31.55
1583170957166,31.55
1583170957166,31.55
1583171072221,31.555
1583171072221,31.555
1583171072221,31.555
1583171072221,31.555
1583171072221,31.555
1583171072221,31.555
1583171072221,31.555
1583171144025,31.585
1583171144025,31.585
1583171144025,31.585
1583171144025,31.585
1583171144025,31.585
1583171144025,31.585
1583171144025,31.585
1583171144025,31.585
1583171144025,31.585
1583171144025,31.585
1583171144025,31.585
1583171144025,31.585
1583171144025,31.585
1583171144025,31.585
1583171144025,31.585
1583171144025,31.585
1583171144025,31.585
1583171144025,31.585
1583171336071,31.57
1583171336071,31.57
1583171336071,31.57
1583171336071,31.57
1583171336071,31.57
1583171384502,31.505
1583171384502,31.505
1583171384502,31.505
1583171384502,31.505
1583171384502,31.505
1583171384502,31.505
1583171384502,31.505
1583171384502,31.505
1583171384502,31.505
1583171384502,31.505
1583171384502,31.505
1583171384502,31.505
1583171384502,31.505
1583171384502,31.505
1583171384502,31.505
1583171384502,31.505
1583171384502,31.505
1583171384502,31.505
1583171384502,31.505
1583171592401,31.58
1583171592401,31.58
1583171592401,31.58
1583171592401,31.58
1583171592401,31.58
1583171592401,31.58
1583171592401,31.58
1583171592401,31.58
1583171592401,31.58
1583171592401,31.58
1583171592401,31.58
1583171592401,31.58
1583171592401,31.58
1583171592401,31.58
1583171592401,31.58
1583171592401,31.58
1583171592401,31.58
1583171592401,31.58
1583171592401,31.58
1583171592401,31.58
1583171592401,31.58
1583171592401,31.58
1583171592401,31.58
1583171831586,31.58
1583171831586,31.58
1583171831586,31.58
1583171864417,31.555
1583171864417,31.555
1583171864417,31.555
1583171864417,31.555
1583171864417,31.555
1583171864417,31.555
1583171864417,31.555
1583171864417,31.555
1583171864417,31.555
1583171864417,31.555
1583171864417,31.555
1583171864417,31.555
1583171864417,31.555
1583171864417,31.555
1583172008585,31.555
1583172008585,31.555
1583172008585,31.555
1583172044860,31.6
1583172044860,31.6
1583172044860,31.6
1583172044860,31.6
1583172044860,31.6
1583172044860,31.6
1583172044860,31.6
1583172044860,31.6
1583172044860,31.6
1583172044860,31.6
1583172044860,31.6
1583172044860,31.6
1583172044860,31.6
1583172044860,31.6
1583172044860,31.6
1583172044860,31.6
1583172044860,31.6
1583172044860,31.6
1583172044860,31.6
1583172241239,31.53
1583172241239,31.53
1583172241239,31.53
1583172241239,31.53
1583172241239,31.53
1583172241239,31.53
1583172241239,31.53
1583172241239,31.53
1583172241239,31.53
1583172241239,31.53
1583172241239,31.53
1583172241239,31.53
1583172241239,31.53
1583172241239,31.53
1583172241239,31.53
1583172241239,31.53
1583172241239,31.53
1583172417457,31.45
1583172417457,31.45
1583172417457,31.45
1583172417457,31.45
1583172417457,31.45
1583172417457,31.45
1583172481275,31.465
1583172481275,31.465
1583172481275,31.465
1583172481275,31.465
1583172481275,31.465
1583172481275,31.465
1583172481275,31.465
1583172481275,31.465
1583172481275,31.465
1583172481275,31.465
1583172481275,31.465
1583172481275,31.465
1583172481275,31.465
1583172481275,31.465
1583172481275,31.465
1583172481275,31.465
1583172481275,31.465
1583172481275,31.465
1583172481275,31.465
1583172481275,31.465
1583172481275,31.465
1583172481275,31.465
1583172481275,31.465
1583172481275,31.465
1583172481275,31.465
1583172481275,31.465
1583172481275,31.465
1583172481275,31.465
1583172481275,31.465
1583172481275,31.465
1583172481275,31.465
1583172481275,31.465
1583172481275,31.465
1583172481275,31.465
1583172481275,31.465
1583172481275,31.465
1583172481275,31.465
1583172481275,31.465
1583172481275,31.465
1583172481275,31.465
1583172481275,31.465
1583172481275,31.465
1583172481275,31.465
1583172481275,31.465
1583172481275,31.465
1583172481275,31.465
1583172481275,31.465
1583172481275,31.465
1583172481275,31.465
1583172481275,31.465
1583172481275,31.465
1583172481275,31.465
1583172481275,31.465
1583172481275,31.465
1583172481275,31.465
1583172481275,31.465
1583172481275,31.465
1583173083638,31.4
1583173083638,31.4
1583173083638,31.4
1583173083638,31.4
1583173083638,31.4
1583173083638,31.4
1583173083638,31.4
1583173083638,31.4
1583173167340,31.37
1583173167340,31.37
1583173167340,31.37
1583173167340,31.37
1583173167340,31.37
1583173167340,31.37
1583173167340,31.37
1583173167340,31.37
1583173244501,31.385
1583173244501,31.385
1583173244501,31.385
1583173244501,31.385
1583173244501,31.385
1583173244501,31.385
1583173244501,31.385
1583173244501,31.385
1583173244501,31.385
1583173348316,31.37
1583173348316,31.37
1583173348316,31.37
1583173348316,31.37
1583173348316,31.37
1583173348316,31.37
1583173348316,31.37
1583173348316,31.37
1583173348316,31.37
1583173348316,31.37
1583173348316,31.37
1583173348316,31.37
1583173348316,31.37
1583173348316,31.37
1583173348316,31.37
1583173348316,31.37
1583173348316,31.37
1583173348316,31.37
1583173348316,31.37
1583173348316,31.37
1583173348316,31.37
1583173566182,31.365
1583173566182,31.365
1583173566182,31.365
1583173566182,31.365
1583173566182,31.365
1583173566182,31.365
1583173566182,31.365
1583173566182,31.365
1583173566182,31.365
1583173566182,31.365
1583173566182,31.365
1583173566182,31.365
1583173693141,31.28
1583173693141,31.28
1583173693141,31.28
1583173693141,31.28
1583173693141,31.28
1583173693141,31.28
1583173693141,31.28
1583173693141,31.28
1583173693141,31.28
1583173693141,31.28
1583173693141,31.28
1583173800013,31.3
1583173819191,31.295
1583173819191,31.295
1583173833548,31.275
1583173833548,31.275
1583173833548,31.275
1583173833548,31.275
1583173833548,31.275
1583173888044,31.28
1583173903484,31.26
1583173913412,31.24
1583173913412,31.24
1583173926052,31.26
1583173926052,31.26
1583173926052,31.26
1583173926052,31.26
1583173972923,31.285
1583173972923,31.285
1583173995849,31.25
1583173995849,31.25
1583173995849,31.25
1583174020967,31.27
1583174020967,31.27
1583174020967,31.27
1583174020967,31.27
1583174020967,31.27
1583174071137,31.28
1583174071137,31.28
1583174071137,31.28
1583174071137,31.28
1583174071137,31.28
1583174071137,31.28
1583174071137,31.28
1583174145538,31.3
1583174145538,31.3
1583174145538,31.3
1583174145538,31.3
1583174145538,31.3
1583174145538,31.3
1583174145538,31.3
1583174145538,31.3
1583174145538,31.3
1583174145538,31.3
1583174145538,31.3
1583174145538,31.3
1583174274697,31.35
1583174274697,31.35
1583174274697,31.35
1583174274697,31.35
1583174274697,31.35
1583174274697,31.35
1583174274697,31.35
1583174274697,31.35
1583174274697,31.35
1583174274697,31.35
1583174274697,31.35
1583174274697,31.35
1583174274697,31.35
1583174274697,31.35
1583174274697,31.35
1583174274697,31.35
1583174274697,31.35
1583174274697,31.35
1583174274697,31.35
1583174274697,31.35
1583174274697,31.35
1583174274697,31.35
1583174274697,31.35
1583174518604,31.4
1583174524488,31.385
1583174524488,31.385
1583174524488,31.385
1583174524488,31.385
1583174563480,31.38
1583174563480,31.38
1583174563480,31.38
1583174563480,31.38
1583174563480,31.38
1583174563480,31.38
1583174563480,31.38
1583174563480,31.38
1583174563480,31.38
1583174563480,31.38
1583174563480,31.38
1583174563480,31.38
1583174563480,31.38
1583174563480,31.38
1583174563480,31.38
1583174563480,31.38
1583174563480,31.38
1583174563480,31.38
1583174563480,31.38
1583174563480,31.38
1583174563480,31.38
1583174563480,31.38
1583174563480,31.38
1583174563480,31.38
1583174563480,31.38
1583174563480,31.38
1583174563480,31.38
1583174563480,31.38
1583174563480,31.38
1583174873777,31.39
1583174873777,31.39
1583174873777,31.39
1583174907484,31.33
1583174907484,31.33
1583174928386,31.34
1583174932524,31.35
1583174932524,31.35
1583174932524,31.35
1583174932524,31.35
1583174972868,31.345
1583174972868,31.345
1583174972868,31.345
1583175007452,31.33
1583175007452,31.33
1583175007452,31.33
1583175007452,31.33
1583175007452,31.33
1583175007452,31.33
1583175007452,31.33
1583175007452,31.33
1583175090705,31.4
1583175090705,31.4
1583175090705,31.4
1583175090705,31.4
1583175090705,31.4
1583175090705,31.4
1583175090705,31.4
1583175165717,31.305
1583175165717,31.305
1583175165717,31.305
1583175165717,31.305
1583175207513,31.31
1583175207513,31.31
1583175225874,31.275
1583175225874,31.275
1583175225874,31.275
1583175225874,31.275
1583175225874,31.275
1583175225874,31.275
1583175225874,31.275
1583175225874,31.275
1583175225874,31.275
1583175225874,31.275
1583175331898,31.32
1583175331898,31.32
1583175331898,31.32
1583175331898,31.32
1583175331898,31.32
1583175331898,31.32
1583175331898,31.32
1583175331898,31.32
1583175331898,31.32
1583175331898,31.32
1583175331898,31.32
1583175331898,31.32
1583175331898,31.32
1583175331898,31.32
1583175331898,31.32
1583175331898,31.32
1583175502461,31.38
1583175502461,31.38
1583175502461,31.38
1583175502461,31.38
1583175502461,31.38
1583175502461,31.38
1583175502461,31.38
1583175502461,31.38
1583175502461,31.38
1583175600046,31.43
1583175600046,31.43
1583175600046,31.43
1583175600046,31.43
1583175600046,31.43
1583175653195,31.45
1583175653195,31.45
1583175653195,31.45
1583175653195,31.45
1583175653195,31.45
1583175653195,31.45
1583175653195,31.45
1583175724905,31.47
1583175724905,31.47
1583175724905,31.47
1583175724905,31.47
1583175724905,31.47
1583175724905,31.47
1583175724905,31.47
1583175724905,31.47
1583175724905,31.47
1583175724905,31.47
1583175724905,31.47
1583175724905,31.47
1583175724905,31.47
1583175724905,31.47
1583175724905,31.47
1583175724905,31.47
1583175724905,31.47
1583175724905,31.47
1583175724905,31.47
1583175724905,31.47
1583175724905,31.47
1583175724905,31.47
1583175724905,31.47
1583175724905,31.47
1583175724905,31.47
1583175724905,31.47
1583175724905,31.47
1583175724905,31.47
1583175724905,31.47
1583175724905,31.47
1583176042766,31.34
1583176042766,31.34
1583176061097,31.35
1583176061097,31.35
1583176061097,31.35
1583176088279,31.335
1583176088279,31.335
1583176088279,31.335
1583176088279,31.335
1583176088279,31.335
1583176088279,31.335
1583176088279,31.335
1583176088279,31.335
1583176171782,31.4
1583176171782,31.4
1583176171782,31.4
1583176203620,31.42
1583176203620,31.42
1583176203620,31.42
1583176203620,31.42
1583176246414,31.405
1583176258025,31.39
1583176258025,31.39
1583176258025,31.39
1583176258025,31.39
1583176258025,31.39
1583176258025,31.39
1583176258025,31.39
1583176258025,31.39
1583176258025,31.39
1583176258025,31.39
1583176365384,31.38
1583176365384,31.38
1583176365384,31.38
1583176365384,31.38
1583176365384,31.38
1583176365384,31.38
1583176365384,31.38
1583176365384,31.38
1583176450860,31.43
1583176450860,31.43
1583176450860,31.43
1583176450860,31.43
1583176450860,31.43
1583176505040,31.44
1583176505040,31.44
1583176505040,31.44
1583176541685,31.43
1583176541685,31.43
1583176541685,31.43
1583176541685,31.43
1583176541685,31.43
1583176541685,31.43
1583176541685,31.43
1583176541685,31.43
1583176541685,31.43
1583176541685,31.43
1583176541685,31.43
1583176541685,31.43
1583176541685,31.43
1583176541685,31.43
1583176541685,31.43
1583176541685,31.43
1583176541685,31.43
1583176541685,31.43
1583176541685,31.43
1583176541685,31.43
1583176541685,31.43
1583176541685,31.43
1583176541685,31.43
1583176541685,31.43
1583176541685,31.43
1583176541685,31.43
1583176541685,31.43
1583176541685,31.43
1583176835100,31.42
1583176835100,31.42
1583176835100,31.42
1583176835100,31.42
1583176835100,31.42
1583176835100,31.42
1583176835100,31.42
1583176835100,31.42
1583176835100,31.42
1583176835100,31.42
1583176835100,31.42
1583176947101,31.405
1583176947101,31.405
1583176947101,31.405
1583176947101,31.405
1583176947101,31.405
1583176947101,31.405
1583176947101,31.405
1583176947101,31.405
1583176947101,31.405
1583176947101,31.405
1583176947101,31.405
1583177067680,31.39
1583177067680,31.39
1583177067680,31.39
1583177067680,31.39
1583177067680,31.39
1583177067680,31.39
1583177067680,31.39
1583177067680,31.39
1583177067680,31.39
1583177067680,31.39
1583177067680,31.39
1583177067680,31.39
1583177067680,31.39
1583177067680,31.39
1583177067680,31.39
1583177067680,31.39
1583177067680,31.39
1583177067680,31.39
1583177067680,31.39
1583177067680,31.39
1583177067680,31.39
1583177287895,31.4
1583177287895,31.4
1583177287895,31.4
1583177320722,31.345
1583177327801,31.375
1583177327801,31.375
1583177327801,31.375
1583177327801,31.375
1583177327801,31.375
1583177327801,31.375
1583177327801,31.375
1583177327801,31.375
1583177327801,31.375
1583177327801,31.375
1583177327801,31.375
1583177327801,31.375
1583177327801,31.375
1583177327801,31.375
1583177327801,31.375
1583177327801,31.375
1583177327801,31.375
1583177327801,31.375
1583177327801,31.375
1583177327801,31.375
1583177327801,31.375
1583177327801,31.375
1583177327801,31.375
1583177327801,31.375
1583177327801,31.375
1583177327801,31.375
1583177327801,31.375
1583177327801,31.375
1583177327801,31.375
1583177327801,31.375
1583177327801,31.375
1583177327801,31.375
1583177327801,31.375
1583177327801,31.375
1583177687639,31.325
1583177699790,31.3
1583177699790,31.3
1583177699790,31.3
1583177699790,31.3
1583177699790,31.3
1583177699790,31.3
1583177699790,31.3
1583177699790,31.3
1583177774619,31.285
1583177774619,31.285
1583177774619,31.285
1583177774619,31.285
1583177774619,31.285
1583177774619,31.285
1583177774619,31.285
1583177774619,31.285
1583177774619,31.285
1583177774619,31.285
1583177774619,31.285
1583177774619,31.285
1583177774619,31.285
1583177917607,31.25
1583177917607,31.25
1583177917607,31.25
1583177917607,31.25
1583177917607,31.25
1583177917607,31.25
1583177917607,31.25
1583177917607,31.25
1583177917607,31.25
1583177917607,31.25
1583177917607,31.25
1583177917607,31.25
1583177917607,31.25
1583177917607,31.25
1583177917607,31.25
1583177917607,31.25
1583177917607,31.25
1583177917607,31.25
1583177917607,31.25
1583177917607,31.25
1583177917607,31.25
1583177917607,31.25
1583177917607,31.25
1583177917607,31.25
1583177917607,31.25
1583177917607,31.25
1583177917607,31.25
1583177917607,31.25
1583177917607,31.25
1583177917607,31.25
1583177917607,31.25
1583177917607,31.25
1583177917607,31.25
1583177917607,31.25
1583177917607,31.25
1583177917607,31.25
1583178291564,31.17
1583178291564,31.17
1583178291564,31.17
1583178291564,31.17
1583178291564,31.17
1583178291564,31.17
1583178291564,31.17
1583178291564,31.17
1583178291564,31.17
1583178291564,31.17
1583178291564,31.17
1583178291564,31.17
1583178291564,31.17
1583178291564,31.17
1583178291564,31.17
1583178291564,31.17
1583178291564,31.17
1583178291564,31.17
1583178291564,31.17
1583178291564,31.17
1583178291564,31.17
1583178291564,31.17
1583178519672,31.25
1583178530761,31.27
1583178530761,31.27
1583178530761,31.27
1583178530761,31.27
1583178530761,31.27
1583178591089,31.32
1583178591089,31.32
1583178591089,31.32
1583178591089,31.32
1583178591089,31.32
1583178591089,31.32
1583178591089,31.32
1583178591089,31.32
1583178591089,31.32
1583178591089,31.32
1583178591089,31.32
1583178591089,31.32
1583178591089,31.32
1583178591089,31.32
1583178591089,31.32
1583178591089,31.32
1583178591089,31.32
1583178591089,31.32
1583178591089,31.32
1583178591089,31.32
1583178591089,31.32
1583178591089,31.32
1583178591089,31.32
1583178591089,31.32
1583178591089,31.32
1583178591089,31.32
1583178591089,31.32
1583178591089,31.32
1583178591089,31.32
1583178591089,31.32
1583178591089,31.32
1583178908143,31.35
1583178908143,31.35
1583178908143,31.35
1583178908143,31.35
1583178908143,31.35
1583178908143,31.35
1583178908143,31.35
1583178908143,31.35
1583178908143,31.35
1583178908143,31.35
1583178908143,31.35
1583178908143,31.35
1583178908143,31.35
1583178908143,31.35
1583178908143,31.35
1583178908143,31.35
1583178908143,31.35
1583178908143,31.35
1583178908143,31.35
1583178908143,31.35
1583178908143,31.35
1583178908143,31.35
1583179142908,31.23
1583179142908,31.23
1583179142908,31.23
1583179142908,31.23
1583179142908,31.23
1583179142908,31.23
1583179142908,31.23
1583179142908,31.23
1583179142908,31.23
1583179142908,31.23
1583179142908,31.23
1583179142908,31.23
1583179142908,31.23
1583179281577,31.335
1583179298029,31.325
1583179298029,31.325
1583179298029,31.325
1583179298029,31.325
1583179298029,31.325
1583179298029,31.325
1583179298029,31.325
1583179298029,31.325
1583179298029,31.325
1583179384288,31.355
1583179384288,31.355
1583179384288,31.355
1583179384288,31.355
1583179384288,31.355
1583179384288,31.355
1583179384288,31.355
1583179384288,31.355
1583179384288,31.355
1583179483632,31.365
1583179488552,31.365
1583179488552,31.365
1583179488552,31.365
1583179488552,31.365
1583179488552,31.365
1583179488552,31.365
1583179488552,31.365
1583179488552,31.365
1583179488552,31.365
1583179488552,31.365
1583179488552,31.365
1583179488552,31.365
1583179488552,31.365
1583179488552,31.365
1583179488552,31.365
1583179488552,31.365
1583179661030,31.41
1583179661030,31.41
1583179661030,31.41
1583179661030,31.41
1583179698782,31.415
1583179716688,31.43
1583179723403,31.4
1583179723403,31.4
1583179723403,31.4
1583179723403,31.4
1583179723403,31.4
1583179723403,31.4
1583179723403,31.4
1583179798253,31.435
1583179798253,31.435
1583179798253,31.435
1583179798253,31.435
1583179798253,31.435
1583179798253,31.435
1583179798253,31.435
1583179798253,31.435
1583179798253,31.435
1583179798253,31.435
1583179905977,31.4
1583179905977,31.4
1583179905977,31.4
1583179905977,31.4
1583179905977,31.4
1583179905977,31.4
1583179905977,31.4
1583179905977,31.4
1583179905977,31.4
1583179905977,31.4
1583179905977,31.4
1583179905977,31.4
1583179905977,31.4
1583179905977,31.4
1583179905977,31.4
1583179905977,31.4
1583180069015,31.45
1583180069015,31.45
1583180069015,31.45
1583180069015,31.45
1583180069015,31.45
1583180069015,31.45
1583180069015,31.45
1583180069015,31.45
1583180160758,31.425
1583180160758,31.425
1583180160758,31.425
1583180160758,31.425
1583180200650,31.465
1583180200650,31.465
1583180224577,31.475
1583180235293,31.48
1583180235293,31.48
1583180235293,31.48
1583180235293,31.48
1583180235293,31.48
1583180235293,31.48
1583180235293,31.48
1583180235293,31.48
1583180235293,31.48
1583180235293,31.48
1583180235293,31.48
1583180235293,31.48
1583180235293,31.48
1583180235293,31.48
1583180235293,31.48
1583180385892,31.45
1583180395568,31.425
1583180395568,31.425
1583180395568,31.425
1583180395568,31.425
1583180439423,31.425
1583180439423,31.425
1583180439423,31.425
1583180439423,31.425
1583180439423,31.425
1583180439423,31.425
1583180439423,31.425
1583180520042,31.49
1583180520042,31.49
1583180520042,31.49
1583180520042,31.49
1583180520042,31.49
1583180520042,31.49
1583180520042,31.49
1583180520042,31.49
1583180520042,31.49
1583180520042,31.49
1583180520042,31.49
1583180520042,31.49
1583180520042,31.49
1583180520042,31.49
1583180520042,31.49
1583180520042,31.49
1583180520042,31.49
1583180520042,31.49
1583180520042,31.49
1583180520042,31.49
1583180724636,31.51
1583180724636,31.51
1583180724636,31.51
1583180724636,31.51
1583180724636,31.51
1583180724636,31.51
1583180724636,31.51
1583180724636,31.51
1583180724636,31.51
1583180724636,31.51
1583180724636,31.51
1583180724636,31.51
1583180724636,31.51
1583180724636,31.51
1583180724636,31.51
1583180724636,31.51
1583180724636,31.51
1583180901567,31.53
1583180914604,31.515
1583180914604,31.515
1583180914604,31.515
1583180914604,31.515
1583180914604,31.515
1583180972227,31.51
1583180982786,31.5
1583180982786,31.5
1583181000017,31.5
1583181000017,31.5
1583181000017,31.5
1583181000017,31.5
1583181000017,31.5
1583181000017,31.5
1583181000017,31.5
1583181000017,31.5
1583181000017,31.5
1583181090032,31.565
1583181090032,31.565
1583181119826,31.57
1583181127819,31.54
1583181133999,31.55
1583181133999,31.55
1583181133999,31.55
1583181167103,31.585
1583181182451,31.58
1583181182451,31.58
1583181182451,31.58
1583181182451,31.58
1583181182451,31.58
1583181230004,31.575
1583181230004,31.575
1583181246494,31.56
1583181246494,31.56
1583181246494,31.56
1583181246494,31.56
1583181246494,31.56
1583181246494,31.56
1583181318212,31.59
1583181318212,31.59
1583181318212,31.59
1583181318212,31.59
1583181318212,31.59
1583181318212,31.59
1583181318212,31.59
1583181318212,31.59
1583181318212,31.59
1583181410986,31.645
1583181424651,31.63
1583181424651,31.63
1583181424651,31.63
1583181424651,31.63
1583181424651,31.63
1583181469710,31.635
1583181469710,31.635
1583181469710,31.635
1583181469710,31.635
1583181469710,31.635
1583181469710,31.635
1583181469710,31.635
1583181549074,31.68
1583181549074,31.68
1583181549074,31.68
1583181549074,31.68
1583181589983,31.7
1583181605220,31.68
1583181605220,31.68
1583181605220,31.68
1583181605220,31.68
1583181647376,31.675
1583181650970,31.685
1583181667964,31.675
1583181674028,31.69
1583181684466,31.675
1583181699867,31.695
1583181703999,31.695
1583181703999,31.695
1583181725087,31.685
1583181725087,31.685
1583181725087,31.685
1583181725087,31.685
1583181765246,31.68
1583181782890,31.665
1583181782890,31.665
1583181802454,31.655
1583181802454,31.655
1583181821541,31.655
1583181821541,31.655
1583181843944,31.615
1583181843944,31.615
1583181860690,31.615
1583181860690,31.615
1583181860690,31.615
1583181860690,31.615
1583181860690,31.615
1583181860690,31.615
1583181860690,31.615
1583181860690,31.615
1583181944764,31.68
1583181953984,31.665
1583181953984,31.665
1583181983359,31.715
1583181983359,31.715
1583181997882,31.75
1583181997882,31.75
1583182023774,31.765
1583182037105,31.84
1583182037105,31.84
1583182053802,31.805
1583182068778,31.79
1583182081983,31.815
1583182091798,31.815
1583182091798,31.815
1583182091798,31.815
1583182124054,31.825
1583182124054,31.825
1583182141246,31.85
1583182146942,31.835
1583182146942,31.835
1583182176566,31.83
1583182179907,31.835
