1585747860170,93.02
1585747871329,92.81
1585747882733,92.88
1585747891847,93.06
1585747900438,93.29
1585747900438,93.29
1585747925327,93.67
1585747934864,94.11
1585747946021,93.855
1585747953248,94.31
1585747961515,94.13
1585747972468,94.435
1585747979414,94.38
1585747998964,93.73
1585748007115,94.02
1585748018383,93.905
1585748027435,93.97
1585748037008,94.2
1585748050008,94.37
1585748050008,94.37
1585748069804,94.7
1585748069804,94.7
1585748089643,94.185
1585748102207,94.445
1585748105787,94.37
1585748118002,94.285
1585748125222,94.345
1585748142482,93.8
1585748151009,94.01
1585748151009,94.01
1585748173947,94.255
1585748185386,93.88
1585748190040,93.73
1585748206770,94.155
1585748218059,94.27
1585748224913,94.405
1585748239475,94.4
1585748239990,94.43
1585748239990,94.43
1585748239990,94.43
1585748279531,94.61
1585748286877,94.7
1585748286877,94.7
1585748304315,94.8
1585748320121,94.83
1585748327569,95.01
1585748341262,94.99
1585748341262,94.99
1585748356916,95
1585748356916,95
1585748384276,94.99
1585748384276,94.99
1585748402603,94.76
1585748414292,94.795
1585748421024,95
1585748432938,95.07
1585748432938,95.07
1585748432938,95.07
1585748432938,95.07
1585748432938,95.07
1585748432938,95.07
1585748497094,95.13
1585748508722,95.085
1585748518852,95
1585748530728,94.985
1585748534677,95
1585748545241,95.13
1585748561834,95.39
1585748561834,95.39
1585748561834,95.39
1585748561834,95.39
1585748606416,95.59
1585748615099,95.59
1585748623893,95.705
1585748638144,95.75
1585748638144,95.75
1585748638144,95.75
1585748661694,95.41
1585748679063,95.76
1585748679063,95.76
1585748695582,95.67
1585748709672,95.5
1585748721788,95.3
1585748731333,95.395
1585748736585,95.165
1585748745752,95.195
1585748760152,95.115
1585748770510,95.095
1585748770510,95.095
1585748792780,95.005
1585748805038,94.985
1585748810943,94.975
1585748810943,94.975
1585748830006,95.34
1585748830006,95.34
1585748857629,94.93
1585748868183,95.03
1585748873300,94.975
1585748886907,95.08
1585748898981,94.975
1585748903473,95.03
1585748919637,94.99
1585748929276,94.995
1585748929276,94.995
1585748942317,95.05
1585748942317,95.05
1585748972099,95.125
1585748973899,95.055
1585748985638,95.06
1585749003443,95.315
1585749011986,95.45
1585749024674,95.655
1585749031344,95.57
1585749038907,95.655
1585749052184,95.645
1585749058566,95.705
1585749075666,95.57
1585749086672,95.615
1585749096853,95.5
1585749101409,95.63
1585749101409,95.63
1585749101409,95.63
1585749101409,95.63
1585749143701,95.455
1585749160453,95.375
1585749171514,95.38
1585749182000,95.335
1585749189567,95.22
1585749197409,95.32
1585749197409,95.32
1585749222592,95.47
1585749233096,95.575
1585749241344,95.59
1585749253080,95.645
1585749263765,95.67
1585749271142,95.705
1585749281147,95.72
1585749281147,95.72
1585749281147,95.72
1585749314657,95.67
1585749322711,95.635
1585749322711,95.635
1585749322711,95.635
1585749356024,95.72
1585749364703,95.755
1585749381262,95.89
1585749387162,96.03
1585749400376,95.91
1585749403802,95.915
1585749423811,95.92
1585749426045,95.845
1585749426045,95.845
1585749426045,95.845
1585749465183,95.795
1585749465183,95.795
1585749465183,95.795
1585749490009,95.845
1585749506351,95.835
1585749516163,95.6
1585749516163,95.6
1585749516163,95.6
1585749541054,95.66
1585749557198,95.72
1585749569994,95.41
1585749579526,95.45
1585749587913,95.225
1585749596989,95.37
1585749596989,95.37
1585749619898,95.48
1585749632271,95.52
1585749637028,95.6
1585749637028,95.6
1585749663199,95.105
1585749670801,95.185
1585749684419,94.94
1585749685751,94.835
1585749698529,94.92
1585749698529,94.92
1585749698529,94.92
1585749698529,94.92
1585749741602,94.62
1585749741602,94.62
1585749741602,94.62
1585749772259,94.615
1585749787670,94.66
1585749787670,94.66
1585749787670,94.66
1585749816216,94.685
1585749829579,94.73
1585749835441,94.64
1585749848548,94.56
1585749861914,94.71
1585749873946,94.68
1585749883666,94.59
1585749883666,94.59
1585749900681,94.495
1585749913557,94.46
1585749917324,94.38
1585749917324,94.38
1585749943699,94.59
1585749958993,94.49
1585749961551,94.45
1585749961551,94.45
1585749961551,94.45
1585749991486,94.485
1585750009484,94.64
1585750018664,94.82
1585750030689,94.78
1585750043509,94.72
1585750052440,94.67
1585750059345,94.75
1585750069799,94.885
1585750069799,94.885
1585750092067,94.885
1585750105224,94.82
1585750112162,94.87
1585750112162,94.87
1585750137237,95.05
1585750148711,95.285
1585750157306,95.13
1585750162076,95.095
1585750180414,95.075
1585750191310,95.075
1585750191310,95.075
1585750210872,95.01
1585750221032,94.97
1585750225796,95
1585750234332,95.1
1585750234332,95.1
1585750234332,95.1
1585750234332,95.1
1585750281316,95.13
1585750295221,95.045
1585750300151,95.09
1585750315595,95.11
1585750324271,95.11
1585750333122,95.115
1585750341198,95.075
1585750354185,95.02
1585750363161,95.1
1585750363161,95.1
1585750363161,95.1
1585750363161,95.1
1585750363161,95.1
1585750363161,95.1
1585750422984,95.36
1585750441442,95.33
1585750447173,95.335
1585750447173,95.335
1585750469872,95.365
1585750478642,95.24
1585750491747,95.315
1585750497873,95.13
1585750508410,95.13
1585750508410,95.13
1585750534313,95.24
1585750543386,95.165
1585750543386,95.165
1585750543386,95.165
1585750543386,95.165
1585750543386,95.165
1585750592522,95.31
1585750601952,95.42
1585750601952,95.42
1585750624409,95.215
1585750624409,95.215
1585750645481,95.34
1585750658067,95.365
1585750668960,95.385
1585750677446,95.33
1585750691230,95.29
1585750698174,95.285
1585750714845,95.44
1585750714845,95.44
1585750735221,95.47
1585750742293,95.57
1585750755628,95.49
1585750766707,95.375
1585750776984,95.335
1585750786040,95.34
1585750790105,95.175
1585750808999,95.16
1585750814086,95.11
1585750825726,95.075
1585750839848,95.125
1585750841722,95.065
1585750857333,95.17
1585750857333,95.17
1585750881489,95.32
1585750884454,95.2
1585750884454,95.2
1585750907957,95.28
1585750907957,95.28
1585750929676,95.155
1585750942147,95.15
1585750942147,95.15
1585750962561,95.18
1585750973213,95.085
1585750973213,95.085
1585750973213,95.085
1585751002875,95.01
1585751002875,95.01
1585751027452,95.18
1585751027452,95.18
1585751027452,95.18
1585751054406,94.965
1585751054406,94.965
1585751054406,94.965
1585751084403,94.925
1585751101045,95.15
1585751110309,95.12
1585751119331,95.05
1585751119331,95.05
1585751119331,95.05
1585751149933,95.065
1585751149933,95.065
1585751164319,95.08
1585751164319,95.08
1585751186870,95.145
1585751199432,95.09
1585751199432,95.09
1585751219037,95.03
1585751229639,95.02
1585751239499,95.07
1585751239499,95.07
1585751263151,95.09
1585751263151,95.09
1585751288964,94.995
1585751288964,94.995
1585751288964,94.995
1585751320993,95.05
1585751327651,95.045
1585751338739,94.975
1585751344528,95.045
1585751355906,95
1585751371867,94.95
1585751382099,94.995
1585751392023,95.015
1585751399617,94.985
1585751413463,94.805
1585751413463,94.805
1585751428471,94.86
1585751428471,94.86
1585751456122,94.815
1585751467044,94.975
1585751467572,94.975
1585751467572,94.975
1585751467572,94.975
1585751505245,95.07
1585751513487,95.13
1585751529555,95.22
1585751539765,95.28
1585751548209,95.21
1585751548209,95.21
1585751548209,95.21
1585751548209,95.21
1585751590437,95.265
1585751602292,95.255
1585751610561,95.215
1585751617436,95.275
1585751625737,95.27
1585751642508,95.265
1585751654750,95.235
1585751663960,95.135
1585751672570,95.19
1585751682846,95.38
1585751689246,95.29
1585751689246,95.29
1585751715873,95.35
1585751726473,95.42
1585751736312,95.455
1585751748346,95.52
1585751758336,95.53
1585751766966,95.475
1585751766966,95.475
1585751786491,95.5
1585751786491,95.5
1585751807762,95.48
1585751820026,95.39
1585751820026,95.39
1585751820026,95.39
1585751820026,95.39
1585751856682,95.54
1585751870277,95.55
1585751870277,95.55
1585751888827,95.535
1585751888827,95.535
1585751888827,95.535
1585751927732,95.63
1585751937202,95.565
1585751945123,95.54
1585751952507,95.52
1585751952507,95.52
1585751972130,95.555
1585751972130,95.555
1585751972130,95.555
1585752002047,95.41
1585752017095,95.48
1585752017095,95.48
1585752042579,95.425
1585752044494,95.395
1585752044494,95.395
1585752066311,95.34
1585752083866,95.33
1585752092389,95.45
1585752104695,95.34
1585752104695,95.34
1585752124795,95.34
1585752129164,95.325
1585752129164,95.325
1585752149567,95.3
1585752160323,95.39
1585752176725,95.475
1585752176725,95.475
1585752190042,95.485
1585752190042,95.485
1585752190042,95.485
1585752190042,95.485
1585752239056,95.36
1585752249060,95.48
1585752249060,95.48
1585752269818,95.575
1585752269818,95.575
1585752286294,95.46
1585752303945,95.44
1585752303945,95.44
1585752322172,95.53
1585752333623,95.5
1585752333623,95.5
1585752356461,95.765
1585752360565,95.65
1585752360565,95.65
1585752360565,95.65
1585752397926,95.84
1585752408073,95.82
1585752415718,95.87
1585752424179,95.8
1585752424179,95.8
1585752442595,95.855
1585752442595,95.855
1585752442595,95.855
1585752482341,95.775
1585752485972,95.765
1585752485972,95.765
1585752485972,95.765
1585752485972,95.765
1585752528804,95.79
1585752528804,95.79
1585752528804,95.79
1585752528804,95.79
1585752575677,95.8
1585752585016,95.83
1585752593049,95.855
1585752599540,95.89
1585752617180,95.8
1585752617180,95.8
1585752617180,95.8
1585752617180,95.8
1585752660888,95.805
1585752661977,95.75
1585752661977,95.75
1585752661977,95.75
1585752693971,95.775
1585752705971,95.76
1585752724971,95.63
1585752731014,95.6
1585752749972,95.675
1585752749972,95.675
1585752749972,95.675
1585752749972,95.675
1585752749972,95.675
1585752794971,95.785
1585752794971,95.785
1585752815675,95.8
1585752815675,95.8
1585752842790,95.81
1585752846971,95.775
1585752846971,95.775
1585752846971,95.775
1585752881971,95.79
1585752881971,95.79
1585752881971,95.79
1585752881971,95.79
1585752925761,95.76
1585752939223,95.74
1585752939223,95.74
1585752959673,95.795
1585752969972,95.79
1585752979525,95.76
1585752987125,95.735
1585752999971,95.745
1585753005748,95.77
1585753015794,95.795
1585753015794,95.795
1585753015794,95.795
1585753046971,95.785
1585753058972,95.765
1585753066693,95.845
1585753066693,95.845
1585753095194,95.855
1585753108200,95.945
1585753113439,95.915
1585753123528,95.93
1585753123528,95.93
1585753148564,95.82
1585753154865,95.87
1585753162765,95.825
1585753176201,95.895
1585753191082,95.885
1585753197611,95.9
1585753197611,95.9
1585753197611,95.9
1585753197611,95.9
1585753197611,95.9
1585753197611,95.9
1585753197611,95.9
1585753278361,96.17
1585753286781,96.205
1585753298014,96.33
1585753302148,96.4
1585753316481,96.26
1585753316481,96.26
1585753316481,96.26
1585753347395,96.225
1585753347395,96.225
1585753347395,96.225
1585753347395,96.225
1585753383675,96.1
1585753383675,96.1
1585753414090,96.11
1585753414090,96.11
1585753414090,96.11
1585753446147,96.2
1585753447187,96.23
1585753447187,96.23
1585753447187,96.23
1585753447187,96.23
1585753447187,96.23
1585753501554,96.485
1585753513281,96.44
1585753525817,96.36
1585753525817,96.36
1585753525817,96.36
1585753525817,96.36
1585753525817,96.36
1585753525817,96.36
1585753525817,96.36
1585753525817,96.36
1585753525817,96.36
1585753525817,96.36
1585753525817,96.36
1585753644407,96.565
1585753650609,96.64
1585753657473,96.64
1585753657473,96.64
1585753680978,96.76
1585753680978,96.76
1585753680978,96.76
1585753680978,96.76
1585753680978,96.76
1585753733550,96.68
1585753746784,96.725
1585753759594,96.84
1585753759594,96.84
1585753773041,96.72
1585753786619,96.725
1585753786619,96.725
1585753786619,96.725
1585753786619,96.725
1585753786619,96.725
1585753786619,96.725
1585753850772,96.885
1585753850772,96.885
1585753865886,96.9
1585753865886,96.9
1585753893184,96.88
1585753893184,96.88
1585753911640,96.92
1585753928165,96.95
1585753928165,96.95
1585753928165,96.95
1585753928165,96.95
1585753967580,96.93
1585753980049,96.915
1585753980049,96.915
1585753980049,96.915
1585753980049,96.915
1585754014143,96.89
1585754033893,96.72
1585754040702,96.84
1585754050719,96.84
1585754050719,96.84
1585754070160,96.9
1585754070160,96.9
1585754070160,96.9
1585754070160,96.9
1585754112489,96.88
1585754120892,96.845
1585754136744,96.64
1585754146774,96.665
1585754146774,96.665
1585754168273,96.675
1585754168273,96.675
1585754188566,96.635
1585754197009,96.685
1585754210859,96.625
1585754222094,96.67
1585754228989,96.7
1585754228989,96.7
1585754252183,96.71
1585754252183,96.71
1585754252183,96.71
1585754281416,96.825
1585754286735,96.845
1585754304960,96.95
1585754311253,96.99
1585754324796,97.135
1585754330878,97.15
1585754330878,97.15
1585754355082,96.95
1585754367336,96.94
1585754367336,96.94
1585754367336,96.94
1585754398405,96.99
1585754398405,96.99
1585754412793,96.935
1585754412793,96.935
1585754432093,97.075
1585754445186,97.25
1585754445186,97.25
1585754445186,97.25
1585754476044,97.18
1585754491114,97.24
1585754491114,97.24
1585754491114,97.24
1585754491114,97.24
1585754491114,97.24
1585754542849,97.13
1585754542849,97.13
1585754542849,97.13
1585754542849,97.13
1585754542849,97.13
1585754597846,97.06
1585754597846,97.06
1585754597846,97.06
1585754628573,96.97
1585754632842,96.94
1585754632842,96.94
1585754661090,96.98
1585754661090,96.98
1585754661090,96.98
1585754685498,96.88
1585754685498,96.88
1585754712577,96.78
1585754720960,96.73
1585754734113,96.695
1585754734113,96.695
1585754748723,96.7
1585754766978,96.62
1585754776363,96.465
1585754778593,96.4
1585754778593,96.4
1585754778593,96.4
1585754813510,96.37
1585754822193,96.31
1585754822193,96.31
1585754822193,96.31
1585754822193,96.31
1585754866693,96.22
1585754866693,96.22
1585754891294,96.17
1585754891294,96.17
1585754891294,96.17
1585754891294,96.17
1585754927171,96.15
1585754945349,96.08
1585754947128,96.135
1585754962017,96.09
1585754973638,95.99
1585754984543,95.99
1585754996148,95.985
1585755003105,95.975
1585755020447,95.95
1585755020447,95.95
1585755020447,95.95
1585755049647,96.025
1585755061786,95.975
1585755072524,96
1585755077710,96.065
1585755093377,96.07
1585755100279,96.165
1585755100279,96.165
1585755119590,96.115
1585755133753,96.275
1585755133753,96.275
1585755148457,96.29
1585755148457,96.29
1585755148457,96.29
1585755148457,96.29
1585755148457,96.29
1585755204636,96.245
1585755204636,96.245
1585755204636,96.245
1585755240556,96.08
1585755240556,96.08
1585755240556,96.08
1585755272155,96.025
1585755278385,96.08
1585755292569,96.105
1585755292569,96.105
1585755314003,96.18
1585755322797,96.3
1585755322797,96.3
1585755343403,96.41
1585755354403,96.37
1585755364575,96.39
1585755376810,96.465
1585755388789,96.42
1585755395260,96.42
1585755407301,96.325
1585755416338,96.275
1585755424875,96.285
1585755439241,96.35
1585755439241,96.35
1585755456065,96.445
1585755456065,96.445
1585755483097,96.425
1585755486117,96.385
1585755486117,96.385
1585755486117,96.385
1585755486117,96.385
1585755528157,96.59
1585755528157,96.59
1585755528157,96.59
1585755528157,96.59
1585755573715,96.17
1585755573715,96.17
1585755591675,96.055
1585755591675,96.055
1585755609138,96.07
1585755609138,96.07
1585755609138,96.07
1585755609138,96.07
1585755609138,96.07
1585755609138,96.07
1585755609138,96.07
1585755609138,96.07
1585755609138,96.07
1585755609138,96.07
1585755609138,96.07
1585755728218,95.42
1585755745427,95.465
1585755752092,95.43
1585755760304,95.39
1585755769427,95.4
1585755769427,95.4
1585755796003,95.535
1585755796003,95.535
1585755813804,95.5
1585755813804,95.5
1585755813804,95.5
1585755813804,95.5
1585755860861,95.51
1585755860861,95.51
1585755878394,95.515
1585755878394,95.515
1585755904061,95.49
1585755914751,95.595
1585755924848,95.515
1585755928047,95.52
1585755928047,95.52
1585755928047,95.52
1585755965729,95.21
1585755968248,95.19
1585755968248,95.19
1585755968248,95.19
1585755968248,95.19
1585755968248,95.19
1585756026050,95.21
1585756026050,95.21
1585756026050,95.21
1585756059645,95.27
1585756059645,95.27
1585756059645,95.27
1585756083852,95.165
1585756099401,95.125
1585756099401,95.125
1585756099401,95.125
1585756126324,95.29
1585756140362,95.12
1585756147966,94.985
1585756161370,95
1585756161370,95
1585756161370,95
1585756195864,95.15
1585756195864,95.15
1585756212589,95.1
1585756212589,95.1
1585756212589,95.1
1585756212589,95.1
1585756260487,95.195
1585756260487,95.195
1585756272786,95.44
1585756286810,95.33
1585756286810,95.33
1585756286810,95.33
1585756286810,95.33
1585756331517,95.39
1585756341634,95.22
1585756344759,95.25
1585756362572,95.285
1585756369946,95.23
1585756369946,95.23
1585756369946,95.23
1585756369946,95.23
1585756369946,95.23
1585756369946,95.23
1585756430464,95.14
1585756446456,95.19
1585756446456,95.19
1585756446456,95.19
1585756446456,95.19
1585756487250,94.955
1585756499901,94.945
1585756508087,94.965
1585756519732,95.02
1585756531178,95.205
1585756531178,95.205
1585756531178,95.205
1585756561914,95.085
1585756563939,95.095
1585756582809,95.09
1585756582809,95.09
1585756582809,95.09
1585756582809,95.09
1585756582809,95.09
1585756582809,95.09
1585756636737,95.145
1585756649216,95.205
1585756649216,95.205
1585756649216,95.205
1585756649216,95.205
1585756649216,95.205
1585756649216,95.205
1585756719417,95.255
1585756729316,95.22
1585756729316,95.22
1585756751492,95.185
1585756761224,95.305
1585756761224,95.305
1585756761224,95.305
1585756761224,95.305
1585756761224,95.305
1585756761224,95.305
1585756825276,95.015
1585756825276,95.015
1585756825276,95.015
1585756825276,95.015
1585756825276,95.015
1585756877425,94.91
1585756887010,94.96
1585756896061,94.97
1585756896061,94.97
1585756921460,94.9
1585756925675,94.875
1585756944197,94.835
1585756947749,94.81
1585756965517,94.785
1585756969272,94.72
1585756969272,94.72
1585756992260,94.75
1585756992260,94.75
1585756992260,94.75
1585757027826,94.82
1585757035361,94.83
1585757035361,94.83
1585757052701,94.81
1585757068324,94.745
1585757079676,94.73
1585757079676,94.73
1585757093010,94.72
1585757093010,94.72
1585757122920,94.75
1585757130302,94.75
1585757130302,94.75
1585757148131,94.75
1585757164223,94.66
1585757164223,94.66
1585757164223,94.66
1585757196406,94.65
1585757196406,94.65
1585757217675,94.77
1585757217675,94.77
1585757217675,94.77
1585757217675,94.77
1585757217675,94.77
1585757217675,94.77
1585757217675,94.77
1585757290034,94.655
1585757299839,94.555
1585757299839,94.555
1585757299839,94.555
1585757325560,94.57
1585757341046,94.62
1585757341046,94.62
1585757360058,94.38
1585757360058,94.38
1585757379607,94.51
1585757395044,94.6
1585757395044,94.6
1585757395044,94.6
1585757431767,94.63
1585757431767,94.63
1585757431767,94.63
1585757431767,94.63
1585757431767,94.63
1585757431767,94.63
1585757494431,94.75
1585757504514,94.835
1585757504514,94.835
1585757521758,94.865
1585757521758,94.865
1585757521758,94.865
1585757552797,94.915
1585757552797,94.915
1585757552797,94.915
1585757588959,94.915
1585757597853,95.03
1585757597853,95.03
1585757621409,95
1585757623295,94.95
1585757623295,94.95
1585757623295,94.95
1585757662605,94.94
1585757668296,94.92
1585757668296,94.92
1585757687644,94.98
1585757703408,95.03
1585757703408,95.03
1585757703408,95.03
1585757703408,95.03
1585757703408,95.03
1585757703408,95.03
1585757759308,95.105
1585757759308,95.105
1585757759308,95.105
1585757790326,94.99
1585757790326,94.99
1585757820699,95.07
1585757830697,95.07
1585757830697,95.07
1585757847292,94.97
1585757859645,94.915
1585757872683,94.935
1585757877114,94.975
1585757893353,94.965
1585757893353,94.965
1585757912850,94.97
1585757921675,94.945
1585757921675,94.945
1585757940089,94.845
1585757956785,94.83
1585757964549,94.845
1585757974288,94.81
1585757988213,94.725
1585757992455,94.71
1585757992455,94.71
1585757992455,94.71
1585757992455,94.71
1585757992455,94.71
1585758046120,94.79
1585758058378,94.795
1585758073100,94.845
1585758073100,94.845
1585758094454,94.895
1585758098348,94.895
1585758098348,94.895
1585758098348,94.895
1585758136003,94.99
1585758145470,95.045
1585758145470,95.045
1585758145470,95.045
1585758145470,95.045
1585758145470,95.045
1585758197675,95.055
1585758197675,95.055
1585758214801,95.15
1585758229777,95.2
1585758237031,95.195
1585758237031,95.195
1585758237031,95.195
1585758237031,95.195
1585758237031,95.195
1585758237031,95.195
1585758237031,95.195
1585758311890,95.035
1585758322079,94.955
1585758322079,94.955
1585758322079,94.955
1585758322079,94.955
1585758322079,94.955
1585758322079,94.955
1585758384621,94.94
1585758384621,94.94
1585758384621,94.94
1585758384621,94.94
1585758384621,94.94
1585758434267,94.88
1585758443675,94.87
1585758459096,94.81
1585758459096,94.81
1585758459096,94.81
1585758491268,94.73
1585758495204,94.65
1585758495204,94.65
1585758518554,94.78
1585758533085,94.865
1585758540451,94.83
1585758555204,94.78
1585758559558,94.78
1585758575432,94.69
1585758586021,94.665
1585758590320,94.685
1585758600518,94.715
1585758618015,94.8
1585758625829,94.79
1585758633596,94.79
1585758633596,94.79
1585758657912,94.94
1585758669580,94.915
1585758669580,94.915
1585758687590,94.91
1585758693718,94.92
1585758705844,94.985
1585758705844,94.985
1585758727675,95.05
1585758727675,95.05
1585758752054,95.06
1585758752054,95.06
1585758767178,95.05
1585758767178,95.05
1585758787784,94.995
1585758787784,94.995
1585758816094,94.95
1585758821902,94.98
1585758836039,94.96
1585758840688,94.95
1585758840688,94.95
1585758860163,95.08
1585758860163,95.08
1585758860163,95.08
1585758894544,95.12
1585758908093,95
1585758921772,94.965
1585758933066,94.955
1585758933066,94.955
1585758933066,94.955
1585758955903,94.925
1585758955903,94.925
1585758984100,94.8
1585758995023,94.795
1585758995023,94.795
1585759013290,94.9
1585759027835,94.825
1585759032208,94.815
1585759043468,94.815
1585759057676,94.785
1585759068238,94.8
1585759068238,94.8
1585759089343,94.715
1585759098167,94.735
1585759108725,94.675
1585759119436,94.585
1585759128714,94.585
1585759128714,94.585
1585759128714,94.585
1585759157797,94.525
1585759173103,94.445
1585759173103,94.445
1585759186835,94.44
1585759201675,94.495
1585759201675,94.495
1585759201675,94.495
1585759201675,94.495
1585759201675,94.495
1585759201675,94.495
1585759201675,94.495
1585759201675,94.495
1585759201675,94.495
1585759201675,94.495
1585759303170,94.59
1585759303170,94.59
1585759303170,94.59
1585759337405,94.555
1585759351696,94.43
1585759351696,94.43
1585759369495,94.39
1585759369495,94.39
1585759369495,94.39
1585759403358,94.2
1585759403358,94.2
1585759403358,94.2
1585759436877,94.34
1585759436877,94.34
1585759458815,94.455
1585759466469,94.515
1585759466469,94.515
1585759488399,94.44
1585759494377,94.44
1585759494377,94.44
1585759516379,94.47
1585759531520,94.51
1585759531520,94.51
1585759531520,94.51
1585759531520,94.51
1585759531520,94.51
1585759585823,94.375
1585759590728,94.38
1585759598240,94.44
1585759611444,94.36
1585759624619,94.32
1585759624619,94.32
1585759624619,94.32
1585759624619,94.32
1585759665829,94.225
1585759665829,94.225
1585759665829,94.225
1585759665829,94.225
1585759665829,94.225
1585759719677,94.22
1585759719677,94.22
1585759719677,94.22
1585759749568,94.11
1585759749568,94.11
1585759749568,94.11
1585759749568,94.11
1585759749568,94.11
1585759803507,94.205
1585759803507,94.205
1585759803507,94.205
1585759803507,94.205
1585759843095,94.16
1585759843095,94.16
1585759843095,94.16
1585759843095,94.16
1585759843095,94.16
1585759892891,94.25
1585759909370,94.4
1585759909370,94.4
1585759925912,94.4
1585759925912,94.4
1585759947111,94.375
1585759959846,94.32
1585759959846,94.32
1585759959846,94.32
1585759959846,94.32
1585759959846,94.32
1585759959846,94.32
1585760021662,94.17
1585760021662,94.17
1585760021662,94.17
1585760021662,94.17
1585760021662,94.17
1585760079421,94.39
1585760079421,94.39
1585760079421,94.39
1585760102682,94.255
1585760102682,94.255
1585760102682,94.255
1585760102682,94.255
1585760102682,94.255
1585760102682,94.255
1585760102682,94.255
1585760102682,94.255
1585760102682,94.255
1585760102682,94.255
1585760102682,94.255
1585760102682,94.255
1585760102682,94.255
1585760102682,94.255
1585760247895,94.7
1585760260835,94.63
1585760269612,94.705
1585760287031,94.69
1585760287031,94.69
1585760287031,94.69
1585760287031,94.69
1585760287031,94.69
1585760287031,94.69
1585760287031,94.69
1585760287031,94.69
1585760287031,94.69
1585760373856,94.47
1585760373856,94.47
1585760396933,94.485
1585760396933,94.485
1585760396933,94.485
1585760430743,94.435
1585760430743,94.435
1585760430743,94.435
1585760430743,94.435
1585760430743,94.435
1585760489355,94.42
1585760489355,94.42
1585760509848,94.39
1585760509848,94.39
1585760509848,94.39
1585760536754,94.485
1585760536754,94.485
1585760536754,94.485
1585760536754,94.485
1585760536754,94.485
1585760584697,94.575
1585760584697,94.575
1585760584697,94.575
1585760584697,94.575
1585760636379,94.885
1585760645358,94.93
1585760650284,94.79
1585760650284,94.79
1585760670802,94.735
1585760670802,94.735
1585760691317,94.72
1585760691317,94.72
1585760691317,94.72
1585760691317,94.72
1585760691317,94.72
1585760691317,94.72
1585760760786,94.685
1585760760786,94.685
1585760784159,94.825
1585760784159,94.825
1585760784159,94.825
1585760784159,94.825
1585760825240,94.825
1585760825240,94.825
1585760838534,94.79
1585760856413,94.925
1585760862171,94.905
1585760874122,94.92
1585760874122,94.92
1585760897380,95.03
1585760897380,95.03
1585760897380,95.03
1585760928223,94.795
1585760928223,94.795
1585760928223,94.795
1585760928223,94.795
1585760968674,94.815
1585760968674,94.815
1585760968674,94.815
1585760968674,94.815
1585761010742,94.735
1585761010742,94.735
1585761030761,94.765
1585761041356,94.645
1585761041356,94.645
1585761041356,94.645
1585761074301,94.8
1585761083930,94.785
1585761083930,94.785
1585761083930,94.785
1585761083930,94.785
1585761125631,94.735
1585761125631,94.735
1585761125631,94.735
1585761162726,94.89
1585761162726,94.89
1585761162726,94.89
1585761162726,94.89
1585761162726,94.89
1585761211155,94.705
1585761211155,94.705
1585761233675,94.785
1585761233675,94.785
1585761254626,94.86
1585761267146,94.85
1585761272256,94.815
1585761280748,94.86
1585761294335,94.86
1585761307998,94.8
1585761320046,94.695
1585761320046,94.695
1585761334828,94.79
1585761349443,94.765
1585761359882,94.73
1585761372557,94.725
1585761383108,94.735
1585761391588,94.785
1585761403061,94.795
1585761410798,94.825
1585761410798,94.825
1585761435592,94.87
1585761446930,94.945
1585761454512,94.96
1585761459150,94.96
1585761475945,94.915
1585761480986,94.88
1585761497007,94.83
1585761509021,94.91
1585761517054,94.935
1585761530683,94.98
1585761530683,94.98
1585761530683,94.98
1585761530683,94.98
1585761530683,94.98
1585761530683,94.98
1585761592496,95.005
1585761592496,95.005
1585761592496,95.005
1585761592496,95.005
1585761634733,95.085
1585761637641,95.11
1585761637641,95.11
1585761637641,95.11
1585761672891,95.08
1585761682625,95.06
1585761682625,95.06
1585761682625,95.06
1585761682625,95.06
1585761682625,95.06
1585761738807,95.08
1585761749457,95.12
1585761749457,95.12
1585761768337,95.115
1585761779288,95.23
1585761785095,95.29
1585761785095,95.29
1585761785095,95.29
1585761785095,95.29
1585761832646,95.165
1585761832646,95.165
1585761853955,95.2
1585761857410,95.2
1585761865586,95.23
1585761876690,95.25
1585761888962,95.18
1585761888962,95.18
1585761888962,95.18
1585761925574,95.3
1585761925574,95.3
1585761939262,95.3
1585761939262,95.3
1585761961742,95.375
1585761979397,95.29
1585761979397,95.29
1585761979397,95.29
1585762006207,95.185
1585762006207,95.185
1585762029469,95.07
1585762029469,95.07
1585762029469,95.07
1585762029469,95.07
1585762029469,95.07
1585762082474,95.18
1585762091456,95.16
1585762103844,95.135
1585762103844,95.135
1585762103844,95.135
1585762136222,95.155
1585762144027,95.1
1585762144027,95.1
1585762144027,95.1
1585762144027,95.1
1585762144027,95.1
1585762144027,95.1
1585762144027,95.1
1585762144027,95.1
1585762226572,95.11
1585762226572,95.11
1585762226572,95.11
1585762226572,95.11
1585762271201,95
1585762281134,95.02
1585762294970,95.14
1585762299679,95.135
1585762315315,95.12
1585762319058,95.1
1585762319058,95.1
1585762344372,95.06
1585762358763,95.03
1585762358763,95.03
1585762376061,95.045
1585762388449,95.165
1585762395631,95.145
1585762408392,95.24
1585762408392,95.24
1585762408392,95.24
1585762437439,95.15
1585762454307,95.17
1585762465898,95.085
1585762473503,95.065
1585762484986,94.98
1585762484986,94.98
1585762484986,94.98
1585762484986,94.98
1585762484986,94.98
1585762484986,94.98
1585762484986,94.98
1585762557214,95.09
1585762557214,95.09
1585762573658,95.155
1585762590504,95.07
1585762590504,95.07
1585762590504,95.07
1585762618310,95.03
1585762618310,95.03
1585762618310,95.03
1585762618310,95.03
1585762618310,95.03
1585762618310,95.03
1585762676765,95.07
1585762696005,95.08
1585762705718,95.04
1585762714846,95.13
1585762726069,95.135
1585762733833,95.135
1585762746437,95.075
1585762755195,95.14
1585762762295,95.165
1585762781258,95.15
1585762783807,95.21
1585762795166,95.245
1585762812142,95.3
1585762812142,95.3
1585762826062,95.43
1585762826062,95.43
1585762826062,95.43
1585762862975,95.365
1585762874443,95.29
1585762882402,95.38
1585762882402,95.38
1585762882402,95.38
1585762882402,95.38
1585762923537,95.46
1585762923537,95.46
1585762949240,95.385
1585762954934,95.42
1585762969787,95.435
1585762974412,95.43
1585762974412,95.43
1585762974412,95.43
1585762974412,95.43
1585762974412,95.43
1585763031202,95.435
1585763044937,95.355
1585763044937,95.355
1585763057095,95.35
1585763057095,95.35
1585763057095,95.35
1585763093294,95.425
1585763104054,95.4
1585763104054,95.4
1585763122758,95.28
1585763137757,95.285
1585763149260,95.13
1585763161000,95.13
1585763161000,95.13
1585763180702,95.175
1585763180702,95.175
1585763197934,95.35
1585763197934,95.35
1585763197934,95.35
1585763197934,95.35
1585763197934,95.35
1585763197934,95.35
1585763197934,95.35
1585763197934,95.35
1585763285953,95.465
1585763285953,95.465
1585763285953,95.465
1585763285953,95.465
1585763322470,95.51
1585763322470,95.51
1585763322470,95.51
1585763322470,95.51
1585763322470,95.51
1585763380557,95.5
1585763381675,95.51
1585763381675,95.51
1585763381675,95.51
1585763381675,95.51
1585763381675,95.51
1585763381675,95.51
1585763381675,95.51
1585763381675,95.51
1585763381675,95.51
1585763381675,95.51
1585763489352,95.85
1585763489352,95.85
1585763516353,95.825
1585763523176,95.83
1585763537801,95.84
1585763537801,95.84
1585763552221,95.84
1585763567629,95.88
1585763567629,95.88
1585763587510,95.97
1585763587510,95.97
1585763587510,95.97
1585763618955,95.905
1585763618955,95.905
1585763640157,96.03
1585763640157,96.03
1585763660479,95.89
1585763660479,95.89
1585763660479,95.89
1585763660479,95.89
1585763660479,95.89
1585763660479,95.89
1585763723717,95.96
1585763738377,95.93
1585763747912,96.02
1585763758423,95.975
1585763758423,95.975
1585763774996,95.94
1585763790540,95.86
1585763790540,95.86
1585763811706,95.885
1585763814946,95.885
1585763829800,95.97
1585763843058,95.94
1585763851031,95.93
1585763864542,95.95
1585763873340,95.995
1585763878041,95.91
1585763892646,95.805
1585763902330,95.82
1585763912094,95.805
1585763918319,95.835
1585763932081,95.85
1585763941004,95.8
1585763958017,95.75
1585763958017,95.75
1585763958017,95.75
1585763958017,95.75
1585763993675,95.73
1585763993675,95.73
1585763993675,95.73
1585764032402,95.71
1585764043850,95.675
1585764051584,95.7
1585764064406,95.58
1585764064406,95.58
1585764081304,95.63
1585764081304,95.63
1585764101691,95.685
1585764101691,95.685
1585764101691,95.685
1585764136656,95.65
1585764143374,95.635
1585764151488,95.63
1585764171358,95.635
1585764180112,95.7
1585764180112,95.7
1585764199005,95.825
1585764212092,95.88
1585764212092,95.88
1585764212092,95.88
1585764244937,95.865
1585764249660,95.83
1585764261644,95.78
1585764261644,95.78
1585764284341,95.77
1585764292663,95.695
1585764308313,95.835
1585764315676,95.785
1585764315676,95.785
1585764333173,95.925
1585764333173,95.925
1585764333173,95.925
1585764333173,95.925
1585764378865,95.925
1585764378865,95.925
1585764378865,95.925
1585764412551,96.01
1585764412551,96.01
1585764412551,96.01
1585764412551,96.01
1585764457046,96.06
1585764463230,96.075
1585764463230,96.075
1585764463230,96.075
1585764463230,96.075
1585764463230,96.075
1585764463230,96.075
1585764463230,96.075
1585764533567,96.08
1585764533567,96.08
1585764533567,96.08
1585764562872,95.94
1585764562872,95.94
1585764589400,95.98
1585764589400,95.98
1585764589400,95.98
1585764623108,95.97
1585764625913,95.985
1585764637098,95.92
1585764637098,95.92
1585764637098,95.92
1585764637098,95.92
1585764637098,95.92
1585764637098,95.92
1585764701432,95.84
1585764714736,95.9
1585764726654,95.885
1585764726654,95.885
1585764745680,95.65
1585764745680,95.65
1585764745680,95.65
1585764775960,95.72
1585764775960,95.72
1585764775960,95.72
1585764813405,95.76
1585764813405,95.76
1585764813405,95.76
1585764813405,95.76
1585764813405,95.76
1585764813405,95.76
1585764813405,95.76
1585764813405,95.76
1585764899968,95.535
1585764907541,95.575
1585764907541,95.575
1585764930755,95.5
1585764930755,95.5
1585764930755,95.5
1585764930755,95.5
1585764930755,95.5
1585764990097,95.67
1585764990097,95.67
1585764990097,95.67
1585764990097,95.67
1585764990097,95.67
1585765040213,95.57
1585765040213,95.57
1585765040213,95.57
1585765040213,95.57
1585765040213,95.57
1585765040213,95.57
1585765097675,95.59
1585765108831,95.56
1585765118142,95.54
1585765118142,95.54
1585765118142,95.54
1585765118142,95.54
1585765165572,95.52
1585765165572,95.52
1585765165572,95.52
1585765165572,95.52
1585765203329,95.55
1585765203329,95.55
1585765203329,95.55
1585765203329,95.55
1585765247747,95.535
1585765264009,95.48
1585765271429,95.465
1585765271429,95.465
1585765288114,95.47
1585765301267,95.49
1585765301267,95.49
1585765322341,95.44
1585765322341,95.44
1585765322341,95.44
1585765322341,95.44
1585765322341,95.44
1585765322341,95.44
1585765322341,95.44
1585765322341,95.44
1585765402806,95.24
1585765420607,95.3
1585765420607,95.3
1585765420607,95.3
1585765420607,95.3
1585765465078,95.235
1585765465078,95.235
1585765478718,95.225
1585765478718,95.225
1585765506925,95.28
1585765513420,95.275
1585765513420,95.275
1585765513420,95.275
1585765513420,95.275
1585765513420,95.275
1585765570098,95.48
1585765570098,95.48
1585765570098,95.48
1585765570098,95.48
1585765570098,95.48
1585765621453,95.405
1585765623449,95.41
1585765643140,95.33
1585765643140,95.33
1585765643140,95.33
1585765643140,95.33
1585765681406,95.335
1585765681406,95.335
1585765699127,95.35
1585765699127,95.35
1585765699127,95.35
1585765732026,95.45
1585765743720,95.415
1585765753200,95.39
1585765753200,95.39
1585765776280,95.415
1585765787798,95.305
1585765787798,95.305
1585765787798,95.305
1585765822181,95.015
1585765824623,95.025
1585765824623,95.025
1585765849219,95.09
1585765849219,95.09
1585765849219,95.09
1585765849219,95.09
1585765896031,95.025
1585765896031,95.025
1585765896031,95.025
1585765896031,95.025
1585765933124,94.965
1585765946402,94.895
1585765959129,94.945
1585765959129,94.945
1585765979919,94.775
1585765982800,94.82
1585765982800,94.82
1585766011876,94.94
1585766011876,94.94
1585766011876,94.94
1585766034045,95.03
1585766051369,95.085
1585766059153,95.06
1585766059153,95.06
1585766059153,95.06
1585766059153,95.06
1585766101948,94.905
1585766110626,94.885
1585766123891,94.78
1585766123891,94.78
1585766123891,94.78
1585766123891,94.78
1585766168224,94.88
1585766168224,94.88
1585766168224,94.88
1585766168224,94.88
1585766168224,94.88
1585766219040,95.135
1585766235404,95.115
1585766241746,95.13
1585766247640,95.095
1585766263043,95.115
1585766277568,95.18
1585766277568,95.18
1585766277568,95.18
1585766277568,95.18
1585766277568,95.18
1585766277568,95.18
1585766342735,95.17
1585766342735,95.17
1585766363528,95.24
1585766370336,95.22
1585766370336,95.22
1585766387286,95.205
1585766387286,95.205
1585766411143,95.23
1585766411143,95.23
1585766436140,95.145
1585766436140,95.145
1585766456202,95.07
1585766456202,95.07
1585766456202,95.07
1585766486744,95.095
1585766486744,95.095
1585766486744,95.095
1585766518917,95.23
1585766518917,95.23
1585766543742,95.53
1585766546299,95.5
1585766564075,95.3
1585766564075,95.3
1585766564075,95.3
1585766597848,95.165
1585766597848,95.165
1585766612476,95.23
1585766612476,95.23
1585766612476,95.23
1585766612476,95.23
1585766652662,95.22
1585766652662,95.22
1585766652662,95.22
1585766687769,95.155
1585766698227,95.125
1585766698227,95.125
1585766722400,95.075
1585766728055,95.11
1585766728055,95.11
1585766728055,95.11
1585766764860,94.96
1585766764860,94.96
1585766764860,94.96
1585766764860,94.96
1585766764860,94.96
1585766764860,94.96
1585766764860,94.96
1585766764860,94.96
1585766847211,95.12
1585766857396,95.17
1585766865784,95.135
1585766865784,95.135
1585766883212,95.06
1585766892443,95.1
1585766910193,95.08
1585766915034,95.01
1585766915034,95.01
1585766939745,95.08
1585766939745,95.08
1585766958955,95.175
1585766958955,95.175
1585766958955,95.175
1585766958955,95.175
1585767003038,94.99
1585767003038,94.99
1585767016865,95.03
1585767035978,94.99
1585767039725,94.97
1585767054549,94.925
1585767065438,94.73
1585767079721,94.83
1585767090181,94.875
1585767098914,94.845
1585767102360,94.78
1585767102360,94.78
1585767126338,94.665
1585767136313,94.805
1585767153958,94.775
1585767156767,94.72
1585767167675,94.71
1585767182207,94.655
1585767191843,94.635
1585767205816,94.56
1585767205816,94.56
1585767226323,94.705
1585767226323,94.705
1585767247490,94.745
1585767258740,94.75
1585767258740,94.75
1585767276977,94.76
1585767276977,94.76
1585767276977,94.76
1585767311528,94.71
1585767322058,94.65
1585767325581,94.615
1585767325581,94.615
1585767354394,94.63
1585767354394,94.63
1585767366563,94.615
1585767384633,94.5
1585767384633,94.5
1585767384633,94.5
1585767415041,94.53
1585767426058,94.58
1585767426058,94.58
1585767443675,94.63
1585767459565,94.615
1585767471107,94.67
1585767476481,94.68
1585767488862,94.72
1585767488862,94.72
1585767488862,94.72
1585767518743,94.65
1585767527320,94.655
1585767541120,94.485
1585767547944,94.385
1585767547944,94.385
1585767571746,94.32
1585767571746,94.32
