1586266263655,104.82
1586266264147,104.62
1586266282154,104.48
1586266285232,104.54
1586266305359,105.02
1586266305359,105.02
1586266323410,105.145
1586266323410,105.145
1586266338838,104.665
1586266338838,104.665
1586266338838,104.665
1586266381724,104.03
1586266381724,104.03
1586266401121,103.82
1586266401121,103.82
1586266417815,103.545
1586266426875,103.29
1586266444746,103.57
1586266453425,103.365
1586266456320,103.46
1586266472325,103.125
1586266485027,102.88
1586266485027,102.88
1586266509833,103.01
1586266509833,103.01
1586266509833,103.01
1586266509833,103.01
1586266551980,103.095
1586266562772,103.12
1586266572273,103.085
1586266582932,102.96
1586266582932,102.96
1586266582932,102.96
1586266615530,103.14
1586266615530,103.14
1586266638909,103.06
1586266638909,103.06
1586266660383,103.17
1586266660383,103.17
1586266660383,103.17
1586266660383,103.17
1586266699981,102.91
1586266699981,102.91
1586266699981,102.91
1586266726242,102.825
1586266742516,102.65
1586266755032,102.725
1586266755032,102.725
1586266755032,102.725
1586266786005,102.5
1586266790982,102.49
1586266790982,102.49
1586266790982,102.49
1586266790982,102.49
1586266831984,102.535
1586266831984,102.535
1586266860638,102.63
1586266868664,102.76
1586266879894,102.71
1586266894206,102.425
1586266898680,102.34
1586266909564,102.32
1586266920418,102.46
1586266935383,102.67
1586266935383,102.67
1586266958722,102.56
1586266968363,102.635
1586266973176,102.615
1586266973176,102.615
1586266995671,102.74
1586266995671,102.74
1586267017878,102.825
1586267030748,103.045
1586267034226,103.05
1586267048236,102.99
1586267064340,102.97
1586267075761,103.05
1586267085441,103.28
1586267096205,103.38
1586267096205,103.38
1586267116872,103.34
1586267127617,103.21
1586267127617,103.21
1586267127617,103.21
1586267157224,103.505
1586267157224,103.505
1586267176691,103.62
1586267188511,103.74
1586267198696,103.73
1586267198696,103.73
1586267198696,103.73
1586267237853,103.47
1586267241166,103.47
1586267257882,103.56
1586267257882,103.56
1586267257882,103.56
1586267257882,103.56
1586267257882,103.56
1586267304403,103.72
1586267304403,103.72
1586267333139,103.75
1586267344453,103.675
1586267350356,103.73
1586267367602,103.67
1586267377778,103.8
1586267385104,103.61
1586267399088,103.575
1586267409351,103.61
1586267418112,103.59
1586267423328,103.57
1586267440957,103.82
1586267445433,103.82
1586267452562,103.97
1586267468522,104.075
1586267484500,104.17
1586267491565,104.25
1586267504392,104.25
1586267515610,104.41
1586267515610,104.41
1586267515610,104.41
1586267541243,104.3
1586267557367,104.49
1586267563403,104.535
1586267563403,104.535
1586267591246,104.46
1586267591246,104.46
1586267591246,104.46
1586267591246,104.46
1586267631606,104.64
1586267639299,104.58
1586267649862,104.625
1586267658656,104.555
1586267658656,104.555
1586267677178,104.86
1586267677178,104.86
1586267706636,105.07
1586267709532,105.17
1586267724156,105.31
1586267731715,105.33
1586267746635,105.32
1586267761164,105.44
1586267764245,105.46
1586267775124,105.49
1586267788200,105.445
1586267788200,105.445
1586267813986,105.7
1586267825580,105.67
1586267837584,105.79
1586267844964,105.75
1586267844964,105.75
1586267870072,105.875
1586267873359,105.81
1586267885802,105.49
1586267900598,105.53
1586267900598,105.53
1586267920381,105.345
1586267936536,105.27
1586267936536,105.27
1586267936536,105.27
1586267961885,105.34
1586267977057,105.2
1586267987762,105.21
1586267996898,105.11
1586268002207,105.155
1586268022448,105.16
1586268031172,105.23
1586268039690,105.32
1586268052084,105.435
1586268059789,105.59
1586268079562,105.45
1586268079562,105.45
1586268097808,105.645
1586268112045,105.63
1586268124204,105.67
1586268133704,105.75
1586268133704,105.75
1586268154577,105.75
1586268160731,105.71
1586268160731,105.71
1586268160731,105.71
1586268160731,105.71
1586268209273,105.43
1586268211481,105.41
1586268227269,105.375
1586268234096,105.39
1586268252176,105.13
1586268252176,105.13
1586268266099,105.265
1586268266099,105.265
1586268292547,105.26
1586268300855,105.3
1586268312441,105.245
1586268327514,105.39
1586268327514,105.39
1586268347584,105.46
1586268352298,105.49
1586268359570,105.48
1586268359570,105.48
1586268389657,105.42
1586268399391,105.415
1586268410780,105.31
1586268421466,105.375
1586268431002,105.365
1586268444626,105.305
1586268453037,105.245
1586268468711,105.135
1586268468711,105.135
1586268468711,105.135
1586268501630,105.15
1586268501630,105.15
1586268518097,105.025
1586268533238,105
1586268542334,105.075
1586268554205,105.07
1586268564408,104.98
1586268564408,104.98
1586268564408,104.98
1586268564408,104.98
1586268564408,104.98
1586268617886,104.67
1586268631628,104.69
1586268639731,104.735
1586268639731,104.735
1586268661715,104.71
1586268676560,104.47
1586268685865,104.48
1586268698235,104.44
1586268705927,104.35
1586268709536,104.3
1586268709536,104.3
1586268739506,104.3
1586268739506,104.3
1586268739506,104.3
1586268763930,104.355
1586268781762,104.44
1586268791254,104.48
1586268791254,104.48
1586268813728,104.65
1586268821653,104.59
1586268831851,104.53
1586268845783,104.45
1586268856342,104.33
1586268864648,104.24
1586268874790,104.2
1586268878994,104.19
1586268878994,104.19
1586268908107,104.07
1586268918147,104
1586268918147,104
1586268918147,104
1586268918147,104
1586268963194,103.835
1586268963194,103.835
1586268963194,103.835
1586268963194,103.835
1586268963194,103.835
1586268963194,103.835
1586269023033,103.575
1586269038326,103.595
1586269038326,103.595
1586269050795,103.54
1586269066783,103.65
1586269066783,103.65
1586269088019,103.28
1586269088019,103.28
1586269108604,103.29
1586269119728,103.24
1586269119728,103.24
1586269119728,103.24
1586269154903,103.16
1586269154903,103.16
1586269154903,103.16
1586269154903,103.16
1586269197204,103.18
1586269203570,103.2
1586269217098,103.13
1586269226935,103.145
1586269237939,103.12
1586269237939,103.12
1586269237939,103.12
1586269263288,103.3
1586269263288,103.3
1586269263288,103.3
1586269307387,103.375
1586269307387,103.375
1586269327974,103.2
1586269327974,103.2
1586269327974,103.2
1586269327974,103.2
1586269327974,103.2
1586269378317,102.775
1586269388952,102.765
1586269396741,102.69
1586269412125,102.535
1586269425699,102.525
1586269425699,102.525
1586269445128,102.68
1586269445128,102.68
1586269463412,102.695
1586269477715,102.67
1586269477715,102.67
1586269477715,102.67
1586269505651,102.385
1586269505651,102.385
1586269531584,102.22
1586269542160,102.18
1586269546352,102.2
1586269563037,102.23
1586269570334,102.205
1586269584427,102.205
1586269593321,102.285
1586269605099,102.21
1586269617311,102.25
1586269627896,102.13
1586269637821,102.18
1586269649145,102.335
1586269649145,102.335
1586269649145,102.335
1586269675094,102.645
1586269675094,102.645
1586269675094,102.645
1586269675094,102.645
1586269675094,102.645
1586269734764,102.665
1586269738660,102.67
1586269747382,102.55
1586269747382,102.55
1586269747382,102.55
1586269747382,102.55
1586269747382,102.55
1586269806454,102.37
1586269813334,102.42
1586269832073,102.52
1586269847765,102.73
1586269856938,102.69
1586269869869,102.46
1586269882190,102.465
1586269882190,102.465
1586269899129,102.765
1586269899129,102.765
1586269921541,102.77
1586269932662,102.885
1586269947356,102.98
1586269955086,102.97
1586269963525,103.005
1586269978032,103.1
1586269987134,103.055
1586269990946,103.12
1586270010094,103.225
1586270020985,103.23
1586270020985,103.23
1586270038720,103.165
1586270052650,102.99
1586270059433,102.945
1586270067988,102.875
1586270067988,102.875
1586270067988,102.875
1586270067988,102.875
1586270108643,102.68
1586270128021,102.555
1586270137212,102.565
1586270137212,102.565
1586270158771,102.5
1586270158771,102.5
1586270158771,102.5
1586270188273,102.265
1586270200662,102.175
1586270203148,102.18
1586270203148,102.18
1586270228294,101.925
1586270228294,101.925
1586270228294,101.925
1586270228294,101.925
1586270264713,102.29
1586270283340,102.16
1586270285399,102.205
1586270285399,102.205
1586270310909,102.175
1586270318295,102.09
1586270318295,102.09
1586270343300,101.98
1586270343300,101.98
1586270343300,101.98
1586270378846,102.005
1586270385344,101.995
1586270392415,101.945
1586270403278,101.94
1586270403278,101.94
1586270403278,101.94
1586270403278,101.94
1586270403278,101.94
1586270403278,101.94
1586270403278,101.94
1586270477836,101.76
1586270486581,101.76
1586270486581,101.76
1586270514721,101.69
1586270514721,101.69
1586270514721,101.69
1586270514721,101.69
1586270556499,101.67
1586270556499,101.67
1586270556499,101.67
1586270586872,101.52
1586270596375,101.58
1586270596375,101.58
1586270596375,101.58
1586270596375,101.58
1586270596375,101.58
1586270596375,101.58
1586270596375,101.58
1586270670753,101.48
1586270679740,101.37
1586270679740,101.37
1586270679740,101.37
1586270679740,101.37
1586270722799,101.215
1586270722799,101.215
1586270722799,101.215
1586270722799,101.215
1586270722799,101.215
1586270775673,101.5
1586270780320,101.515
1586270797341,101.39
1586270801809,101.435
1586270813861,101.2
1586270828150,101.12
1586270828150,101.12
1586270844076,101.17
1586270844076,101.17
1586270861638,101.16
1586270861638,101.16
1586270882078,100.985
1586270882078,100.985
1586270908549,100.97
1586270908549,100.97
1586270908549,100.97
1586270908549,100.97
1586270951341,100.91
1586270951341,100.91
1586270951341,100.91
1586270951341,100.91
1586270986480,100.575
1586270986480,100.575
1586270986480,100.575
1586271023778,100.68
1586271023778,100.68
1586271023778,100.68
1586271023778,100.68
1586271023778,100.68
1586271023778,100.68
1586271023778,100.68
1586271023778,100.68
1586271023778,100.68
1586271115823,100.995
1586271124625,101
1586271136188,101.06
1586271136188,101.06
1586271136188,101.06
1586271136188,101.06
1586271136188,101.06
1586271193334,101.475
1586271197779,101.56
1586271214274,101.59
1586271226718,101.515
1586271232831,101.6
1586271245006,101.835
1586271256881,101.79
1586271256881,101.79
1586271279047,101.605
1586271280220,101.67
1586271290460,101.79
1586271290460,101.79
1586271316647,101.9
1586271316647,101.9
1586271334563,102.045
1586271351568,102.15
1586271354312,102.16
1586271354312,102.16
1586271377958,102.285
1586271389948,102.315
1586271396309,102.3
1586271411556,102.37
1586271411556,102.37
1586271411556,102.37
1586271441223,102.39
1586271456037,102.235
1586271456037,102.235
1586271456037,102.235
1586271456037,102.235
1586271499754,102.62
1586271510028,102.62
1586271517940,102.655
1586271528823,102.88
1586271541571,102.885
1586271551859,102.84
1586271562134,102.8
1586271562134,102.8
1586271562134,102.8
1586271585296,102.71
1586271605337,102.72
1586271605337,102.72
1586271624921,102.78
1586271624921,102.78
1586271646581,102.77
1586271658257,102.78
1586271658257,102.78
1586271676006,102.66
1586271686487,102.635
1586271686487,102.635
1586271702141,102.64
1586271713155,102.5
1586271724844,102.345
1586271739267,102.38
1586271739267,102.38
1586271739267,102.38
1586271764801,102.48
1586271784275,102.37
1586271784275,102.37
1586271801763,102.46
1586271801763,102.46
1586271824323,102.58
1586271824323,102.58
1586271839786,102.765
1586271852040,102.67
1586271868183,102.43
1586271879686,102.47
1586271879686,102.47
1586271895460,102.81
1586271895460,102.81
1586271917494,102.87
1586271927274,102.895
1586271940483,102.94
1586271950796,102.94
1586271950796,102.94
1586271964384,102.905
1586271984173,102.87
1586271990590,102.89
1586271990590,102.89
1586272015455,102.895
1586272022312,102.85
1586272038605,102.9
1586272045583,102.835
1586272057293,102.98
1586272061878,102.98
1586272061878,102.98
1586272061878,102.98
1586272099257,103.01
1586272104407,103
1586272121109,102.905
1586272121109,102.905
1586272143012,102.93
1586272146857,102.89
1586272146857,102.89
1586272146857,102.89
1586272182731,102.88
1586272182731,102.88
1586272203491,103.03
1586272203491,103.03
1586272203491,103.03
1586272240325,103
1586272246317,103.02
1586272246317,103.02
1586272266104,102.98
1586272272290,102.985
1586272286832,102.915
1586272294798,102.81
1586272311688,102.815
1586272311688,102.815
1586272311688,102.815
1586272342099,103.02
1586272342099,103.02
1586272342099,103.02
1586272370669,103.01
1586272370669,103.01
1586272370669,103.01
1586272370669,103.01
1586272416250,102.87
1586272416250,102.87
1586272416250,102.87
1586272450015,102.66
1586272456998,102.66
1586272456998,102.66
1586272456998,102.66
1586272456998,102.66
1586272456998,102.66
1586272456998,102.66
1586272456998,102.66
1586272456998,102.66
1586272545944,103.105
1586272547478,103.14
1586272558662,103.205
1586272558662,103.205
1586272558662,103.205
1586272591329,103.045
1586272591329,103.045
1586272591329,103.045
1586272591329,103.045
1586272591329,103.045
1586272591329,103.045
1586272661718,102.79
1586272661718,102.79
1586272661718,102.79
1586272661718,102.79
1586272661718,102.79
1586272709360,102.79
1586272709360,102.79
1586272709360,102.79
1586272709360,102.79
1586272755734,102.765
1586272765252,102.74
1586272774924,102.65
1586272782614,102.72
1586272782614,102.72
1586272807372,102.595
1586272817046,102.51
1586272817046,102.51
1586272836583,102.54
1586272847442,102.515
1586272858811,102.555
1586272866437,102.565
1586272874483,102.545
1586272888308,102.5
1586272888308,102.5
1586272888308,102.5
1586272914767,102.52
1586272914767,102.52
1586272914767,102.52
1586272914767,102.52
1586272964086,102.53
1586272964086,102.53
1586272964086,102.53
1586272964086,102.53
1586273006678,102.66
1586273017892,102.615
1586273017892,102.615
1586273017892,102.615
1586273045337,102.565
1586273045337,102.565
1586273045337,102.565
1586273045337,102.565
1586273045337,102.565
1586273045337,102.565
1586273112345,102.77
1586273121264,102.69
1586273121264,102.69
1586273136672,102.65
1586273136672,102.65
1586273136672,102.65
1586273169141,102.56
1586273169141,102.56
1586273191160,102.505
1586273191160,102.505
1586273191160,102.505
1586273191160,102.505
1586273191160,102.505
1586273191160,102.505
1586273256245,102.755
1586273256245,102.755
1586273278925,102.765
1586273290868,102.83
1586273302553,102.93
1586273302553,102.93
1586273322094,102.86
1586273332222,102.87
1586273332222,102.87
1586273356586,103.005
1586273356586,103.005
1586273356586,103.005
1586273356586,103.005
1586273356586,103.005
1586273356586,103.005
1586273414544,102.96
1586273414544,102.96
1586273431750,102.995
1586273431750,102.995
1586273431750,102.995
1586273431750,102.995
1586273431750,102.995
1586273485618,103.07
1586273485618,103.07
1586273485618,103.07
1586273485618,103.07
1586273535791,103.325
1586273535791,103.325
1586273535791,103.325
1586273535791,103.325
1586273535791,103.325
1586273586978,103.325
1586273586978,103.325
1586273586978,103.325
1586273586978,103.325
1586273627570,103.445
1586273627570,103.445
1586273627570,103.445
1586273662999,103.495
1586273668876,103.495
1586273668876,103.495
1586273668876,103.495
1586273668876,103.495
1586273715046,103.595
1586273725521,103.655
1586273735817,103.685
1586273740614,103.675
1586273740614,103.675
1586273765022,103.77
1586273768387,103.795
1586273768387,103.795
1586273768387,103.795
1586273768387,103.795
1586273820065,104
1586273820065,104
1586273820065,104
1586273846867,104.01
1586273859364,103.98
1586273869082,104.01
1586273869082,104.01
1586273887639,103.985
1586273896845,103.99
1586273914711,104.03
1586273914711,104.03
1586273914711,104.03
1586273937740,104
1586273937740,104
1586273964534,104.175
1586273971013,104.1
1586273986013,104.125
1586273986013,104.125
1586274001595,104.235
1586274001595,104.235
1586274001595,104.235
1586274042636,104.3
1586274042636,104.3
1586274056937,104.375
1586274056937,104.375
1586274056937,104.375
1586274056937,104.375
1586274104953,104.305
1586274104953,104.305
1586274104953,104.305
1586274104953,104.305
1586274104953,104.305
1586274104953,104.305
1586274165814,104.44
1586274179307,104.39
1586274182317,104.34
1586274182317,104.34
1586274182317,104.34
1586274182317,104.34
1586274230137,104.4
1586274230137,104.4
1586274230137,104.4
1586274230137,104.4
1586274269537,104.295
1586274269537,104.295
1586274291989,104.305
1586274299353,104.275
1586274299353,104.275
1586274321900,104.295
1586274337883,104.19
1586274346746,104.185
1586274351281,104.145
1586274351281,104.145
1586274377648,104.21
1586274380696,104.225
1586274380696,104.225
1586274380696,104.225
1586274380696,104.225
1586274380696,104.225
1586274380696,104.225
1586274450966,104.57
1586274450966,104.57
1586274474186,104.47
1586274474186,104.47
1586274474186,104.47
1586274502736,104.3
1586274516272,104.28
1586274525482,104.28
1586274538215,104.285
1586274544011,104.335
1586274544011,104.335
1586274544011,104.335
1586274544011,104.335
1586274544011,104.335
1586274601990,104.39
1586274611614,104.355
1586274620058,104.405
1586274620058,104.405
1586274644596,104.45
1586274653714,104.455
1586274660613,104.385
1586274660613,104.385
1586274660613,104.385
1586274693200,104.48
1586274693200,104.48
1586274693200,104.48
1586274727104,104.485
1586274735647,104.49
1586274735647,104.49
1586274735647,104.49
1586274735647,104.49
1586274779205,104.44
1586274786918,104.405
1586274786918,104.405
1586274803981,104.37
1586274818308,104.3
1586274829605,104.34
1586274837262,104.33
1586274837262,104.33
1586274837262,104.33
1586274837262,104.33
1586274837262,104.33
1586274837262,104.33
1586274837262,104.33
1586274911906,104.435
1586274911906,104.435
1586274911906,104.435
1586274951921,104.48
1586274951921,104.48
1586274951921,104.48
1586274976026,104.585
1586274976026,104.585
1586274995643,104.585
1586275012287,104.71
1586275017082,104.81
1586275029400,104.7
1586275029400,104.7
1586275029400,104.7
1586275066492,104.785
1586275066492,104.785
1586275066492,104.785
1586275099753,104.53
1586275110205,104.405
1586275117113,104.415
1586275129081,104.37
1586275129081,104.37
1586275151235,104.435
1586275155643,104.445
1586275155643,104.445
1586275173823,104.47
1586275193477,104.52
1586275193477,104.52
1586275193477,104.52
1586275193477,104.52
1586275193477,104.52
1586275241824,104.655
1586275256415,104.625
1586275256415,104.625
1586275280201,104.5
1586275280201,104.5
1586275280201,104.5
1586275315188,104.485
1586275315188,104.485
1586275315188,104.485
1586275315188,104.485
1586275315188,104.485
1586275315188,104.485
1586275375747,104.595
1586275389897,104.58
1586275389897,104.58
1586275411439,104.49
1586275411439,104.49
1586275428901,104.495
1586275441133,104.52
1586275441133,104.52
1586275455880,104.635
1586275455880,104.635
1586275455880,104.635
1586275489239,104.66
1586275489239,104.66
1586275489239,104.66
1586275525692,104.85
1586275528856,104.865
1586275528856,104.865
1586275557906,105
1586275567111,104.865
1586275571502,104.835
1586275571502,104.835
1586275571502,104.835
1586275571502,104.835
1586275571502,104.835
1586275571502,104.835
1586275571502,104.835
1586275571502,104.835
1586275571502,104.835
1586275571502,104.835
1586275684292,104.65
1586275684292,104.65
1586275684292,104.65
1586275684292,104.65
1586275684292,104.65
1586275684292,104.65
1586275737718,104.665
1586275737718,104.665
1586275737718,104.665
1586275737718,104.665
1586275782255,104.76
1586275782255,104.76
1586275782255,104.76
1586275782255,104.76
1586275782255,104.76
1586275842466,104.92
1586275842466,104.92
1586275842466,104.92
1586275842466,104.92
1586275842466,104.92
1586275895213,104.61
1586275898737,104.62
1586275898737,104.62
1586275926300,104.705
1586275926300,104.705
1586275926300,104.705
1586275926300,104.705
1586275926300,104.705
1586275926300,104.705
1586275926300,104.705
1586275926300,104.705
1586275926300,104.705
1586275926300,104.705
1586275926300,104.705
1586276036115,104.71
1586276036115,104.71
1586276036115,104.71
1586276036115,104.71
1586276036115,104.71
1586276036115,104.71
1586276104750,104.77
1586276104750,104.77
1586276104750,104.77
1586276104750,104.77
1586276104750,104.77
1586276151192,104.82
1586276151192,104.82
1586276180301,104.98
1586276185795,104.975
1586276203522,105.01
1586276203522,105.01
1586276215244,104.98
1586276231093,104.985
1586276240353,104.99
1586276240353,104.99
1586276240353,104.99
1586276240353,104.99
1586276240353,104.99
1586276293476,104.86
1586276293476,104.86
1586276293476,104.86
1586276322857,104.935
1586276322857,104.935
1586276322857,104.935
1586276322857,104.935
1586276322857,104.935
1586276322857,104.935
1586276389267,104.89
1586276389267,104.89
1586276389267,104.89
1586276389267,104.89
1586276389267,104.89
1586276389267,104.89
1586276457157,104.76
1586276457157,104.76
1586276471627,104.78
1586276471627,104.78
1586276471627,104.78
1586276471627,104.78
1586276517949,104.78
1586276517949,104.78
1586276517949,104.78
1586276517949,104.78
1586276563027,104.865
1586276563027,104.865
1586276563027,104.865
1586276584731,104.73
1586276605476,104.51
1586276605476,104.51
1586276605476,104.51
1586276637122,104.49
1586276643570,104.515
1586276643570,104.515
1586276643570,104.515
1586276643570,104.515
1586276643570,104.515
1586276643570,104.515
1586276643570,104.515
1586276643570,104.515
1586276643570,104.515
1586276643570,104.515
1586276643570,104.515
1586276643570,104.515
1586276643570,104.515
1586276643570,104.515
1586276643570,104.515
1586276643570,104.515
1586276643570,104.515
1586276825767,104.36
1586276838531,104.285
1586276838531,104.285
1586276838531,104.285
1586276838531,104.285
1586276838531,104.285
1586276838531,104.285
1586276838531,104.285
1586276838531,104.285
1586276838531,104.285
1586276838531,104.285
1586276838531,104.285
1586276838531,104.285
1586276838531,104.285
1586276967970,104.49
1586276967970,104.49
1586276967970,104.49
1586276967970,104.49
1586276967970,104.49
1586276967970,104.49
1586277031473,104.66
1586277031473,104.66
1586277054886,104.7
1586277054886,104.7
1586277054886,104.7
1586277054886,104.7
1586277054886,104.7
1586277054886,104.7
1586277120315,104.64
1586277120315,104.64
1586277120315,104.64
1586277120315,104.64
1586277120315,104.64
1586277171337,104.595
1586277171337,104.595
1586277171337,104.595
1586277204822,104.32
1586277204822,104.32
1586277204822,104.32
1586277238205,104.265
1586277242447,104.17
1586277242447,104.17
1586277242447,104.17
1586277242447,104.17
1586277242447,104.17
1586277242447,104.17
1586277242447,104.17
1586277242447,104.17
1586277328924,104.01
1586277328924,104.01
1586277328924,104.01
1586277366211,104.05
1586277372204,104.03
1586277372204,104.03
1586277372204,104.03
1586277372204,104.03
1586277372204,104.03
1586277420592,103.98
1586277420592,103.98
1586277420592,103.98
1586277459936,104.18
1586277459936,104.18
1586277459936,104.18
1586277459936,104.18
1586277459936,104.18
1586277459936,104.18
1586277459936,104.18
1586277459936,104.18
1586277459936,104.18
1586277459936,104.18
1586277459936,104.18
1586277459936,104.18
1586277585104,104.02
1586277585104,104.02
1586277606429,104.1
1586277606429,104.1
1586277629457,104.07
1586277641627,103.93
1586277646068,103.885
1586277646068,103.885
1586277646068,103.885
1586277685853,103.97
1586277685853,103.97
1586277685853,103.97
1586277685853,103.97
1586277685853,103.97
1586277685853,103.97
1586277685853,103.97
1586277685853,103.97
1586277685853,103.97
1586277685853,103.97
1586277685853,103.97
1586277685853,103.97
1586277685853,103.97
1586277685853,103.97
1586277685853,103.97
1586277685853,103.97
1586277685853,103.97
1586277685853,103.97
1586277685853,103.97
1586277685853,103.97
1586277888642,104.19
1586277888642,104.19
1586277888642,104.19
1586277926284,104.31
1586277926284,104.31
1586277926284,104.31
1586277926284,104.31
1586277926284,104.31
1586277926284,104.31
1586277926284,104.31
1586278003395,104.42
1586278009654,104.4
1586278009654,104.4
1586278009654,104.4
1586278009654,104.4
1586278051206,104.39
1586278051206,104.39
1586278051206,104.39
1586278051206,104.39
1586278096307,104.23
1586278096307,104.23
1586278116968,104.34
1586278128043,104.34
1586278128043,104.34
1586278128043,104.34
1586278163382,104.335
1586278163382,104.335
1586278179469,104.345
1586278179469,104.345
1586278179469,104.345
1586278179469,104.345
1586278179469,104.345
1586278179469,104.345
1586278243479,104.25
1586278243479,104.25
1586278265241,104.18
1586278265241,104.18
1586278265241,104.18
1586278265241,104.18
1586278265241,104.18
1586278265241,104.18
1586278265241,104.18
1586278265241,104.18
1586278351270,104.14
1586278363061,104.15
1586278363061,104.15
1586278363061,104.15
1586278392043,104.13
1586278392043,104.13
1586278392043,104.13
1586278392043,104.13
1586278392043,104.13
1586278450509,104.1
1586278450509,104.1
1586278450509,104.1
1586278450509,104.1
1586278450509,104.1
1586278450509,104.1
1586278513703,104.025
1586278524250,104.15
1586278524250,104.15
1586278524250,104.15
1586278524250,104.15
1586278524250,104.15
1586278524250,104.15
1586278524250,104.15
1586278524250,104.15
1586278524250,104.15
1586278524250,104.15
1586278524250,104.15
1586278524250,104.15
1586278524250,104.15
1586278524250,104.15
1586278524250,104.15
1586278677015,104.22
1586278696741,104.205
1586278696741,104.205
1586278696741,104.205
1586278727832,104.23
1586278740240,104.21
1586278740240,104.21
1586278759074,104.08
1586278759074,104.08
1586278759074,104.08
1586278759074,104.08
1586278759074,104.08
1586278813834,104.02
1586278813834,104.02
1586278813834,104.02
1586278848420,104.04
1586278848420,104.04
1586278848420,104.04
1586278879665,104.04
1586278879665,104.04
1586278879665,104.04
1586278879665,104.04
1586278924954,104.07
1586278924954,104.07
1586278924954,104.07
1586278924954,104.07
1586278924954,104.07
1586278924954,104.07
1586278924954,104.07
1586278924954,104.07
1586278924954,104.07
1586278924954,104.07
1586278924954,104.07
1586278924954,104.07
1586278924954,104.07
1586278924954,104.07
1586278924954,104.07
1586278924954,104.07
1586278924954,104.07
1586278924954,104.07
1586278924954,104.07
1586278924954,104.07
1586278924954,104.07
1586279148719,104.125
1586279148719,104.125
1586279148719,104.125
1586279148719,104.125
1586279197208,104.27
1586279197208,104.27
1586279197208,104.27
1586279197208,104.27
1586279197208,104.27
1586279197208,104.27
1586279197208,104.27
1586279197208,104.27
1586279282079,104.14
1586279282079,104.14
1586279282079,104.14
1586279282079,104.14
1586279282079,104.14
1586279337250,103.79
1586279337250,103.79
1586279337250,103.79
1586279366893,103.85
1586279366893,103.85
1586279366893,103.85
1586279392935,103.84
1586279410964,103.82
1586279410964,103.82
1586279410964,103.82
1586279410964,103.82
1586279410964,103.82
1586279410964,103.82
1586279476702,103.68
1586279476702,103.68
1586279476702,103.68
1586279476702,103.68
1586279511981,103.63
1586279511981,103.63
1586279511981,103.63
1586279511981,103.63
1586279511981,103.63
1586279511981,103.63
1586279511981,103.63
1586279511981,103.63
1586279597065,103.455
1586279597065,103.455
1586279597065,103.455
1586279597065,103.455
1586279597065,103.455
1586279597065,103.455
1586279597065,103.455
1586279597065,103.455
1586279597065,103.455
1586279701562,103.695
1586279710115,103.65
1586279710115,103.65
1586279729100,103.51
1586279736319,103.5
1586279736319,103.5
1586279736319,103.5
1586279736319,103.5
1586279736319,103.5
1586279736319,103.5
1586279736319,103.5
1586279736319,103.5
1586279736319,103.5
1586279736319,103.5
1586279736319,103.5
1586279736319,103.5
1586279736319,103.5
1586279736319,103.5
1586279736319,103.5
1586279901350,103.45
1586279916245,103.37
1586279916245,103.37
1586279916245,103.37
1586279916245,103.37
1586279916245,103.37
1586279916245,103.37
1586279916245,103.37
1586279916245,103.37
1586280003356,103.12
1586280003356,103.12
1586280003356,103.12
1586280034308,103.125
1586280034308,103.125
1586280034308,103.125
1586280068266,102.99
1586280080821,102.94
1586280080821,102.94
1586280080821,102.94
1586280107962,103.08
1586280107962,103.08
1586280137061,103.24
1586280140082,103.25
1586280156478,103.335
1586280156478,103.335
1586280156478,103.335
1586280156478,103.335
1586280156478,103.335
1586280156478,103.335
1586280156478,103.335
1586280225873,103.25
1586280225873,103.25
1586280251521,103.25
1586280251521,103.25
1586280251521,103.25
1586280277766,103.21
1586280277766,103.21
1586280277766,103.21
1586280316925,103.175
1586280318379,103.16
1586280318379,103.16
1586280345476,103.195
1586280345476,103.195
1586280368608,103.21
1586280368608,103.21
1586280368608,103.21
1586280368608,103.21
1586280368608,103.21
1586280368608,103.21
1586280429213,103.34
1586280429213,103.34
1586280429213,103.34
1586280429213,103.34
1586280470223,103.425
1586280479590,103.425
1586280487386,103.405
1586280500920,103.34
1586280514474,103.32
1586280514474,103.32
1586280514474,103.32
1586280514474,103.32
1586280514474,103.32
1586280514474,103.32
1586280514474,103.32
1586280514474,103.32
1586280514474,103.32
1586280514474,103.32
1586280514474,103.32
1586280514474,103.32
1586280514474,103.32
1586280514474,103.32
1586280514474,103.32
1586280514474,103.32
1586280514474,103.32
1586280514474,103.32
1586280514474,103.32
1586280514474,103.32
1586280514474,103.32
1586280746205,103.27
1586280756529,103.32
1586280756529,103.32
1586280756529,103.32
1586280756529,103.32
1586280797469,103.12
1586280797469,103.12
1586280797469,103.12
1586280797469,103.12
1586280797469,103.12
1586280853803,103.025
1586280854084,103.02
1586280854084,103.02
1586280854084,103.02
1586280887863,103.15
1586280905470,103.17
1586280905470,103.17
1586280905470,103.17
1586280905470,103.17
1586280905470,103.17
1586280905470,103.17
1586280905470,103.17
1586280905470,103.17
1586280905470,103.17
1586280905470,103.17
1586280905470,103.17
1586280905470,103.17
1586280905470,103.17
1586280905470,103.17
1586280905470,103.17
1586280905470,103.17
1586280905470,103.17
1586281081022,103.18
1586281081022,103.18
1586281081022,103.18
1586281081022,103.18
1586281081022,103.18
1586281081022,103.18
1586281081022,103.18
1586281081022,103.18
1586281081022,103.18
1586281081022,103.18
1586281189894,103.015
1586281189894,103.015
1586281211079,102.895
1586281211079,102.895
1586281211079,102.895
1586281211079,102.895
1586281255513,102.855
1586281255513,102.855
1586281255513,102.855
1586281287326,103.08
1586281287326,103.08
1586281287326,103.08
1586281287326,103.08
1586281287326,103.08
1586281287326,103.08
1586281344274,103.22
1586281344274,103.22
1586281368347,103.18
1586281368347,103.18
1586281368347,103.18
1586281368347,103.18
1586281368347,103.18
1586281424983,103.14
1586281432366,103.11
1586281432366,103.11
1586281432366,103.11
1586281432366,103.11
1586281432366,103.11
1586281432366,103.11
1586281432366,103.11
1586281432366,103.11
1586281432366,103.11
1586281432366,103.11
1586281432366,103.11
1586281432366,103.11
1586281432366,103.11
1586281432366,103.11
1586281432366,103.11
1586281432366,103.11
1586281432366,103.11
1586281432366,103.11
1586281432366,103.11
1586281432366,103.11
1586281645282,103.165
1586281645282,103.165
1586281645282,103.165
1586281645282,103.165
1586281645282,103.165
1586281645282,103.165
1586281710134,103.04
1586281710134,103.04
1586281710134,103.04
1586281710134,103.04
1586281710134,103.04
1586281710134,103.04
1586281710134,103.04
1586281710134,103.04
1586281710134,103.04
1586281811447,102.88
1586281811447,102.88
1586281811447,102.88
1586281811447,102.88
1586281811447,102.88
1586281811447,102.88
1586281811447,102.88
1586281811447,102.88
1586281811447,102.88
1586281908749,102.765
1586281923356,102.745
1586281929906,102.72
1586281940393,102.75
1586281940393,102.75
1586281940393,102.75
1586281940393,102.75
1586281983648,102.655
1586281983648,102.655
1586281983648,102.655
1586281983648,102.655
1586281983648,102.655
1586281983648,102.655
1586281983648,102.655
1586282061170,102.83
1586282072211,102.83
1586282072211,102.83
1586282072211,102.83
1586282072211,102.83
1586282118774,102.83
1586282122119,102.8
1586282134487,102.83
1586282134487,102.83
1586282134487,102.83
1586282134487,102.83
1586282134487,102.83
1586282134487,102.83
1586282134487,102.83
1586282134487,102.83
1586282134487,102.83
1586282134487,102.83
1586282134487,102.83
1586282260132,102.69
1586282260132,102.69
1586282260132,102.69
1586282286526,102.61
1586282286526,102.61
1586282286526,102.61
1586282320904,102.52
1586282320904,102.52
1586282320904,102.52
1586282357229,102.575
1586282357229,102.575
1586282370285,102.58
1586282370285,102.58
1586282370285,102.58
1586282370285,102.58
1586282370285,102.58
1586282370285,102.58
1586282370285,102.58
1586282451690,102.57
1586282457921,102.5
1586282457921,102.5
1586282457921,102.5
1586282457921,102.5
1586282457921,102.5
1586282457921,102.5
1586282457921,102.5
1586282457921,102.5
1586282457921,102.5
1586282457921,102.5
1586282574779,102.47
1586282574779,102.47
1586282590167,102.5
1586282590167,102.5
1586282590167,102.5
1586282590167,102.5
1586282634510,102.375
1586282634510,102.375
1586282634510,102.375
1586282634510,102.375
1586282675144,102.36
1586282675144,102.36
1586282675144,102.36
1586282714102,102.3
1586282714102,102.3
1586282714102,102.3
1586282714102,102.3
1586282752185,102.095
1586282770495,102.075
1586282770495,102.075
1586282770495,102.075
1586282802036,102.05
1586282803740,102.04
1586282824020,102.045
1586282824020,102.045
1586282841626,102.02
1586282855095,102.03
1586282865147,102
1586282865147,102
1586282865147,102
1586282865147,102
1586282865147,102
1586282865147,102
1586282865147,102
1586282865147,102
1586282865147,102
1586282865147,102
1586282865147,102
1586282975520,102.12
1586282975520,102.12
1586282975520,102.12
1586283016907,102.26
1586283030020,102.09
1586283036553,102.115
1586283036553,102.115
1586283036553,102.115
1586283036553,102.115
1586283036553,102.115
1586283036553,102.115
1586283094097,102.285
1586283110160,102.29
1586283115520,102.26
1586283115520,102.26
1586283115520,102.26
1586283115520,102.26
1586283115520,102.26
1586283175484,102.2
1586283175484,102.2
1586283175484,102.2
1586283175484,102.2
1586283175484,102.2
1586283236727,102.25
1586283236727,102.25
1586283236727,102.25
1586283236727,102.25
1586283280520,102.155
1586283280520,102.155
1586283280520,102.155
1586283280520,102.155
1586283280520,102.155
1586283280520,102.155
1586283280520,102.155
1586283280520,102.155
1586283280520,102.155
1586283280520,102.155
1586283391366,101.96
1586283393672,101.96
1586283410341,101.91
1586283415932,101.89
1586283425763,101.86
1586283425763,101.86
1586283425763,101.86
1586283425763,101.86
1586283474880,101.86
1586283483011,101.855
1586283496749,101.94
1586283496749,101.94
1586283514828,101.895
1586283514828,101.895
1586283514828,101.895
1586283514828,101.895
1586283514828,101.895
1586283573209,101.77
1586283574420,101.72
1586283574420,101.72
1586283574420,101.72
1586283574420,101.72
1586283574420,101.72
1586283574420,101.72
1586283643821,101.56
1586283656630,101.64
1586283656630,101.64
1586283679053,101.83
1586283679053,101.83
1586283679053,101.83
1586283679053,101.83
1586283721529,101.905
1586283737378,101.875
1586283737378,101.875
1586283737378,101.875
1586283737378,101.875
1586283737378,101.875
1586283737378,101.875
1586283797924,102.075
1586283797924,102.075
1586283797924,102.075
1586283797924,102.075
1586283797924,102.075
1586283797924,102.075
1586283797924,102.075
1586283797924,102.075
1586283889550,102.34
1586283898240,102.3
1586283908943,102.235
1586283908943,102.235
1586283929659,102.26
1586283929659,102.26
1586283929659,102.26
1586283962391,102.37
1586283962391,102.37
1586283962391,102.37
1586283993120,102.54
1586284009576,102.555
1586284009576,102.555
1586284032676,102.55
1586284039279,102.58
1586284039279,102.58
1586284039279,102.58
1586284039279,102.58
1586284039279,102.58
1586284039279,102.58
1586284039279,102.58
1586284118686,102.66
1586284118686,102.66
1586284118686,102.66
1586284118686,102.66
1586284118686,102.66
1586284118686,102.66
1586284118686,102.66
1586284118686,102.66
1586284118686,102.66
1586284206934,102.29
1586284206934,102.29
1586284206934,102.29
1586284242931,102.25
1586284242931,102.25
1586284242931,102.25
1586284242931,102.25
1586284242931,102.25
1586284242931,102.25
1586284242931,102.25
1586284242931,102.25
1586284242931,102.25
1586284242931,102.25
1586284356923,102.42
1586284356923,102.42
1586284356923,102.42
1586284356923,102.42
1586284356923,102.42
1586284356923,102.42
1586284356923,102.42
1586284356923,102.42
1586284356923,102.42
1586284451597,102.21
1586284451597,102.21
1586284451597,102.21
1586284451597,102.21
1586284495000,102.35
1586284507162,102.295
1586284507162,102.295
1586284507162,102.295
1586284507162,102.295
1586284541205,102.105
1586284541205,102.105
1586284541205,102.105
1586284541205,102.105
1586284541205,102.105
1586284600212,102.11
1586284608387,102.07
1586284623691,102.07
1586284623691,102.07
1586284623691,102.07
1586284623691,102.07
1586284623691,102.07
1586284623691,102.07
1586284686637,102.09
1586284705442,102.17
1586284705442,102.17
1586284705442,102.17
1586284728552,102.13
1586284728552,102.13
1586284753309,102.08
1586284767067,102.1
1586284767067,102.1
1586284781270,101.945
1586284781270,101.945
1586284781270,101.945
1586284781270,101.945
1586284832496,101.875
1586284832496,101.875
1586284832496,101.875
1586284867845,101.87
1586284867845,101.87
1586284867845,101.87
1586284867845,101.87
1586284867845,101.87
1586284916381,101.73
1586284933999,101.73
1586284933999,101.73
1586284933999,101.73
1586284960464,101.705
1586284978474,101.65
1586284985631,101.64
1586284995859,101.59
1586284995859,101.59
1586284995859,101.59
1586284995859,101.59
1586285041363,101.63
1586285041363,101.63
1586285065313,101.595
1586285076575,101.62
1586285087302,101.62
1586285092691,101.62
1586285092691,101.62
1586285125806,101.74
1586285127641,101.755
1586285145500,101.8
1586285151033,101.77
1586285167272,101.895
1586285171248,101.86
1586285181706,101.86
1586285181706,101.86
1586285212906,101.85
1586285212906,101.85
1586285231395,101.83
1586285231395,101.83
1586285249906,101.8
1586285249906,101.8
1586285249906,101.8
1586285249906,101.8
1586285288664,101.76
1586285301432,101.695
1586285301432,101.695
1586285326092,101.7
1586285326092,101.7
1586285326092,101.7
1586285356273,101.795
1586285364494,101.715
1586285364494,101.715
1586285388513,101.69
1586285388513,101.69
1586285388513,101.69
1586285388513,101.69
1586285437268,101.65
1586285443565,101.69
1586285443565,101.69
1586285462332,101.6
1586285462332,101.6
1586285491934,101.52
1586285491934,101.52
1586285491934,101.52
1586285491934,101.52
1586285491934,101.52
1586285546738,101.5
1586285546738,101.5
1586285560536,101.51
1586285560536,101.51
1586285588998,101.49
1586285596040,101.42
1586285596040,101.42
1586285596040,101.42
1586285631024,101.16
1586285631024,101.16
1586285631024,101.16
1586285631024,101.16
1586285631024,101.16
1586285681205,101.035
1586285681205,101.035
1586285681205,101.035
1586285681205,101.035
1586285681205,101.035
1586285736993,100.87
1586285743191,100.785
1586285743191,100.785
1586285743191,100.785
1586285743191,100.785
1586285790851,100.88
1586285795469,100.92
1586285811659,100.955
1586285823386,101
1586285833087,100.96
1586285848250,100.93
1586285853663,100.92
1586285853663,100.92
1586285880265,100.92
1586285880265,100.92
1586285896723,100.9
1586285896723,100.9
1586285914916,100.915
1586285914916,100.915
1586285914916,100.915
1586285949159,100.765
1586285949159,100.765
1586285973542,100.76
1586285985870,100.735
1586285985870,100.735
