1586179860767,55.63
1586179873051,55.65
1586179883077,55.63
1586179894518,55.58
1586179894518,55.58
1586179914208,55.58
1586179924771,55.63
1586179937001,55.62
1586179947288,55.61
1586179954770,55.585
1586179968062,55.585
1586179978009,55.705
1586179978009,55.705
1586179998827,55.59
1586180005104,55.555
1586180005104,55.555
1586180031673,55.375
1586180040710,55.365
1586180044144,55.35
1586180059966,55.435
1586180059966,55.435
1586180082142,55.295
1586180090897,55.295
1586180103360,55.365
1586180115106,55.325
1586180124589,55.17
1586180126795,55.205
1586180141359,55.115
1586180151778,55.125
1586180166665,55.055
1586180176121,55.025
1586180180052,55.065
1586180180052,55.065
1586180207976,55.065
1586180218894,55.06
1586180222258,55.03
1586180240693,54.99
1586180240693,54.99
1586180260627,55.055
1586180269856,55.03
1586180280315,55.085
1586180280315,55.085
1586180295342,55.115
1586180306674,55.155
1586180322111,55.25
1586180331521,55.18
1586180340085,55.175
1586180355321,55.185
1586180367014,55.25
1586180367014,55.25
1586180385524,55.24
1586180394429,55.245
1586180399165,55.27
1586180418742,55.335
1586180426657,55.315
1586180437837,55.24
1586180442657,55.23
1586180457253,55.275
1586180457253,55.275
1586180475259,55.305
1586180487894,55.355
1586180502013,55.32
1586180502013,55.32
1586180521272,55.355
1586180529881,55.395
1586180541755,55.43
1586180549729,55.43
1586180560745,55.395
1586180573939,55.395
1586180573939,55.395
1586180592511,55.395
1586180605040,55.415
1586180605040,55.415
1586180625062,55.4
1586180638840,55.425
1586180643834,55.425
1586180655811,55.495
1586180655811,55.495
1586180680150,55.495
1586180689059,55.475
1586180692818,55.47
1586180712031,55.54
1586180712801,55.54
1586180732457,55.53
1586180735549,55.525
1586180747718,55.52
1586180759796,55.53
1586180770746,55.545
1586180770746,55.545
1586180795678,55.555
1586180795678,55.555
1586180795678,55.555
1586180825396,55.565
1586180832558,55.55
1586180832558,55.55
1586180832558,55.55
1586180862656,55.575
1586180862656,55.575
1586180888408,55.575
1586180898319,55.585
1586180909221,55.585
1586180921219,55.56
1586180921219,55.56
1586180938897,55.575
1586180951287,55.595
1586180954961,55.605
1586180954961,55.605
1586180954961,55.605
1586180954961,55.605
1586180954961,55.605
1586181010434,55.61
1586181021170,55.555
1586181033819,55.625
1586181045116,55.61
1586181045116,55.61
1586181061537,55.7
1586181073609,55.675
1586181073609,55.675
1586181094250,55.765
1586181108753,55.77
1586181112987,55.755
1586181124449,55.75
1586181135643,55.73
1586181151862,55.755
1586181156464,55.725
1586181169696,55.68
1586181177003,55.66
1586181192219,55.7
1586181200007,55.65
1586181204939,55.705
1586181224395,55.72
1586181234671,55.725
1586181240744,55.775
1586181256871,55.825
1586181264358,55.825
1586181277999,55.825
1586181286505,55.88
1586181298036,55.865
1586181300065,55.88
1586181316503,55.865
1586181321901,55.87
1586181340039,55.885
1586181347759,55.865
1586181354486,55.83
1586181354486,55.83
1586181383002,55.82
1586181383002,55.82
1586181401164,55.825
1586181401164,55.825
1586181424470,55.855
1586181425485,55.835
1586181425485,55.835
1586181447009,55.885
1586181447009,55.885
1586181473083,55.88
1586181485977,55.855
1586181493800,55.825
1586181504484,55.815
1586181518430,55.83
1586181526732,55.845
1586181526732,55.845
1586181550075,55.845
1586181556417,55.855
1586181567356,55.85
1586181567356,55.85
1586181567356,55.85
1586181600531,55.845
1586181611967,55.795
1586181611967,55.795
1586181627379,55.75
1586181640777,55.73
1586181640777,55.73
1586181663264,55.73
1586181663264,55.73
1586181663264,55.73
1586181697826,55.825
1586181701302,55.825
1586181711791,55.85
1586181711791,55.85
1586181737352,55.905
1586181746846,55.925
1586181757779,55.945
1586181757779,55.945
1586181782378,55.945
1586181782932,55.945
1586181799377,55.925
1586181813111,55.86
1586181819422,55.855
1586181834780,55.825
1586181834780,55.825
1586181855455,55.82
1586181862558,55.835
1586181876362,55.785
1586181884111,55.83
1586181891467,55.795
1586181901178,55.805
1586181915750,55.8
1586181915750,55.8
1586181936460,55.85
1586181948513,55.815
1586181951358,55.815
1586181969430,55.835
1586181980567,55.845
1586181980567,55.845
1586181999107,55.8
1586182012146,55.765
1586182020226,55.8
1586182029741,55.775
1586182029741,55.775
1586182048560,55.785
1586182048560,55.785
1586182048560,55.785
1586182086773,55.835
1586182093387,55.805
1586182093387,55.805
1586182116812,55.84
1586182116812,55.84
1586182138802,55.83
1586182140762,55.83
1586182155470,55.83
1586182167607,55.845
1586182167607,55.845
1586182185226,55.875
1586182185226,55.875
1586182209458,55.88
1586182220941,55.905
1586182223778,55.895
1586182243244,55.905
1586182251239,55.885
1586182259133,55.875
1586182259133,55.875
1586182283225,55.89
1586182295482,55.875
1586182298307,55.865
1586182313350,55.81
1586182324027,55.805
1586182324027,55.805
1586182347751,55.88
1586182353999,55.895
1586182365516,55.835
1586182377451,55.81
1586182387150,55.83
1586182398897,55.815
1586182398897,55.815
1586182418295,55.76
1586182421441,55.75
1586182437493,55.72
1586182447519,55.705
1586182456840,55.67
1586182456840,55.67
1586182483415,55.625
1586182483415,55.625
1586182504074,55.665
1586182504074,55.665
1586182518804,55.635
1586182518804,55.635
1586182518804,55.635
1586182518804,55.635
1586182566778,55.68
1586182569344,55.69
1586182569344,55.69
1586182569344,55.69
1586182609732,55.725
1586182619088,55.745
1586182624089,55.735
1586182639588,55.74
1586182639588,55.74
1586182661046,55.75
1586182672634,55.76
1586182677894,55.775
1586182692791,55.795
1586182692791,55.795
1586182708444,55.845
1586182708444,55.845
1586182735816,55.86
1586182735816,55.86
1586182755488,55.825
1586182755488,55.825
1586182776130,55.85
1586182785660,55.875
1586182800023,55.875
1586182800023,55.875
1586182821008,55.945
1586182830881,55.975
1586182830881,55.975
1586182843486,55.945
1586182861908,55.925
1586182872108,55.91
1586182879510,55.92
1586182879510,55.92
1586182895811,55.865
1586182909224,55.865
1586182917078,55.885
1586182917078,55.885
1586182941740,55.925
1586182941740,55.925
1586182941740,55.925
1586182977041,55.94
1586182984980,55.92
1586182984980,55.92
1586183002931,55.915
1586183002931,55.915
1586183002931,55.915
1586183035873,55.9
1586183050427,55.875
1586183050427,55.875
1586183069428,55.87
1586183078828,55.875
1586183078828,55.875
1586183078828,55.875
1586183078828,55.875
1586183121008,55.915
1586183125438,55.925
1586183125438,55.925
1586183155752,55.925
1586183157324,55.925
1586183157324,55.925
1586183157324,55.925
1586183195762,55.895
1586183198378,55.885
1586183219041,55.865
1586183219041,55.865
1586183219041,55.865
1586183250271,55.865
1586183250271,55.865
1586183268523,55.865
1586183276886,55.88
1586183276886,55.88
1586183302228,55.905
1586183310689,55.905
1586183310689,55.905
1586183331445,55.835
1586183331445,55.835
1586183350822,55.895
1586183358565,55.88
1586183358565,55.88
1586183380818,55.935
1586183380818,55.935
1586183405225,55.945
1586183417756,55.915
1586183424772,55.9
1586183424772,55.9
1586183424772,55.9
1586183424772,55.9
1586183461199,55.885
1586183461199,55.885
1586183485752,55.875
1586183497659,55.885
1586183497659,55.885
1586183520065,55.905
1586183520065,55.905
1586183520065,55.905
1586183553495,55.905
1586183553495,55.905
1586183553495,55.905
1586183578018,55.915
1586183578018,55.915
1586183578018,55.915
1586183611337,55.925
1586183627769,55.915
1586183627769,55.915
1586183646510,55.985
1586183650730,56.02
1586183667270,55.99
1586183675597,55.955
1586183685985,55.965
1586183685985,55.965
1586183685985,55.965
1586183721554,55.94
1586183724553,55.945
1586183741540,55.95
1586183750164,55.945
1586183756015,55.945
1586183770815,55.945
1586183770815,55.945
1586183786755,55.945
1586183798232,55.93
1586183798232,55.93
1586183820798,55.935
1586183830583,55.96
1586183843090,55.96
1586183855266,55.91
1586183866074,55.935
1586183879368,55.9
1586183888353,55.935
1586183888353,55.935
1586183888353,55.935
1586183918270,55.96
1586183918270,55.96
1586183918270,55.96
1586183952167,56.03
1586183954200,56.015
1586183954200,56.015
1586183973878,56.04
1586183991393,56.065
1586184000494,56.085
1586184013780,56.07
1586184013780,56.07
1586184013780,56.07
1586184046110,56.085
1586184052017,56.105
1586184052017,56.105
1586184077035,56.09
1586184077035,56.09
1586184100716,56.095
1586184111992,56.085
1586184113329,56.09
1586184113329,56.09
1586184140689,56.145
1586184148926,56.15
1586184160499,56.105
1586184169246,56.12
1586184183048,56.095
1586184194878,56.12
1586184204052,56.125
1586184204052,56.125
1586184223647,56.115
1586184237719,56.12
1586184247884,56.125
1586184257873,56.105
1586184265649,56.105
1586184273543,56.105
1586184287945,56.09
1586184299851,56.085
1586184308826,56.065
1586184322278,56.06
1586184326495,56.065
1586184340771,56.075
1586184350297,56.06
1586184356765,56.06
1586184371214,56.055
1586184385815,56.04
1586184387827,56.035
1586184403688,56.03
1586184403688,56.03
1586184422609,56.035
1586184422609,56.035
1586184440778,56.03
1586184440778,56.03
1586184467524,56.035
1586184473567,56.045
1586184484197,56.005
1586184484197,56.005
1586184507444,56.005
1586184507444,56.005
1586184507444,56.005
1586184507444,56.005
1586184507444,56.005
1586184556947,56
1586184556947,56
1586184556947,56
1586184556947,56
1586184556947,56
1586184613006,55.985
1586184625539,56.005
1586184625539,56.005
1586184625539,56.005
1586184625539,56.005
1586184665063,55.915
1586184683310,55.895
1586184683310,55.895
1586184683310,55.895
1586184683310,55.895
1586184719764,55.93
1586184735246,55.9
1586184735246,55.9
1586184735246,55.9
1586184735246,55.9
1586184735246,55.9
1586184735246,55.9
1586184789655,55.925
1586184789655,55.925
1586184789655,55.925
1586184825476,55.935
1586184839648,55.925
1586184839648,55.925
1586184839648,55.925
1586184839648,55.925
1586184839648,55.925
1586184892272,55.915
1586184897061,55.92
1586184897061,55.92
1586184897061,55.92
1586184935629,55.93
1586184935629,55.93
1586184935629,55.93
1586184935629,55.93
1586184935629,55.93
1586184986354,55.97
1586184988523,55.945
1586184988523,55.945
1586184988523,55.945
1586184988523,55.945
1586185039980,56.005
1586185039980,56.005
1586185039980,56.005
1586185068448,55.965
1586185068448,55.965
1586185068448,55.965
1586185095283,55.975
1586185095283,55.975
1586185119619,55.985
1586185132381,55.97
1586185132381,55.97
1586185146817,55.945
1586185146817,55.945
1586185146817,55.945
1586185184958,55.915
1586185184958,55.915
1586185184958,55.915
1586185208718,55.925
1586185208718,55.925
1586185208718,55.925
1586185208718,55.925
1586185208718,55.925
1586185208718,55.925
1586185208718,55.925
1586185291336,55.885
1586185291336,55.885
1586185291336,55.885
1586185291336,55.885
1586185291336,55.885
1586185291336,55.885
1586185291336,55.885
1586185291336,55.885
1586185291336,55.885
1586185384110,55.975
1586185384110,55.975
1586185403432,56.005
1586185412130,56.02
1586185427146,56.005
1586185427146,56.005
1586185447023,56
1586185447023,56
1586185447023,56
1586185447023,56
1586185487449,56.025
1586185497073,56.005
1586185497073,56.005
1586185497073,56.005
1586185497073,56.005
1586185497073,56.005
1586185497073,56.005
1586185497073,56.005
1586185574565,56.045
1586185574565,56.045
1586185574565,56.045
1586185574565,56.045
1586185618296,56.045
1586185618296,56.045
1586185632733,56.035
1586185650564,56.03
1586185663693,56.025
1586185663693,56.025
1586185684041,56.045
1586185690248,56.03
1586185698781,56.015
1586185711058,56.025
1586185711058,56.025
1586185733068,56.025
1586185733068,56.025
1586185733068,56.025
1586185733068,56.025
1586185769969,56.015
1586185781463,56.02
1586185781463,56.02
1586185805527,56.05
1586185805527,56.05
1586185805527,56.05
1586185842146,56.035
1586185843579,56.035
1586185853130,56.045
1586185871555,56.045
1586185871555,56.045
1586185890054,56.01
1586185890054,56.01
1586185890054,56.01
1586185916275,56.065
1586185916275,56.065
1586185942369,56.085
1586185951174,56.085
1586185951174,56.085
1586185951174,56.085
1586185986341,56.09
1586185995586,56.105
1586186003318,56.11
1586186003318,56.11
1586186003318,56.11
1586186037144,56.125
1586186037144,56.125
1586186055388,56.145
1586186073278,56.145
1586186079429,56.145
1586186089105,56.145
1586186101815,56.135
1586186114592,56.145
1586186114592,56.145
1586186114592,56.145
1586186114592,56.145
1586186156966,56.085
1586186158144,56.08
1586186158144,56.08
1586186181981,56.085
1586186192183,56.095
1586186192183,56.095
1586186214044,56.095
1586186226896,56.095
1586186230777,56.095
1586186241376,56.105
1586186258029,56.115
1586186265990,56.11
1586186277259,56.105
1586186286721,56.115
1586186295003,56.135
1586186311295,56.155
1586186315647,56.155
1586186334399,56.155
1586186334399,56.155
1586186351715,56.165
1586186360944,56.17
1586186360944,56.17
1586186387163,56.185
1586186392156,56.185
1586186408972,56.185
1586186412085,56.175
1586186427975,56.175
1586186431617,56.175
1586186450512,56.175
1586186458904,56.165
1586186462823,56.175
1586186477516,56.155
1586186477516,56.155
1586186477516,56.155
1586186507006,56.185
1586186507006,56.185
1586186528578,56.225
1586186528578,56.225
1586186528578,56.225
1586186559373,56.245
1586186559373,56.245
1586186584230,56.295
1586186584230,56.295
1586186604297,56.3
1586186613161,56.275
1586186613161,56.275
1586186613161,56.275
1586186647953,56.24
1586186647953,56.24
1586186647953,56.24
1586186678746,56.225
1586186678746,56.225
1586186678746,56.225
1586186678746,56.225
1586186714634,56.235
1586186714634,56.235
1586186714634,56.235
1586186714634,56.235
1586186714634,56.235
1586186714634,56.235
1586186714634,56.235
1586186714634,56.235
1586186714634,56.235
1586186714634,56.235
1586186823717,56.225
1586186823717,56.225
1586186823717,56.225
1586186823717,56.225
1586186823717,56.225
1586186823717,56.225
1586186823717,56.225
1586186823717,56.225
1586186823717,56.225
1586186914441,56.255
1586186914441,56.255
1586186914441,56.255
1586186945567,56.24
1586186945567,56.24
1586186972047,56.195
1586186972047,56.195
1586186972047,56.195
1586186972047,56.195
1586186972047,56.195
1586186972047,56.195
1586186972047,56.195
1586187047117,56.225
1586187055316,56.245
1586187055316,56.245
1586187055316,56.245
1586187085870,56.225
1586187090753,56.225
1586187090753,56.225
1586187090753,56.225
1586187090753,56.225
1586187090753,56.225
1586187090753,56.225
1586187090753,56.225
1586187090753,56.225
1586187090753,56.225
1586187190761,56.295
1586187190761,56.295
1586187206455,56.29
1586187206455,56.29
1586187225896,56.245
1586187240293,56.245
1586187240293,56.245
1586187240293,56.245
1586187272092,56.215
1586187272092,56.215
1586187297489,56.205
1586187297489,56.205
1586187297489,56.205
1586187297489,56.205
1586187297489,56.205
1586187297489,56.205
1586187351542,56.135
1586187351542,56.135
1586187373420,56.115
1586187373420,56.115
1586187373420,56.115
1586187373420,56.115
1586187373420,56.115
1586187373420,56.115
1586187442246,56.075
1586187442246,56.075
1586187442246,56.075
1586187442246,56.075
1586187442246,56.075
1586187493350,56.105
1586187501714,56.125
1586187501714,56.125
1586187501714,56.125
1586187501714,56.125
1586187501714,56.125
1586187501714,56.125
1586187571504,56.185
1586187580428,56.21
1586187580428,56.21
1586187580428,56.21
1586187609809,56.165
1586187609809,56.165
1586187609809,56.165
1586187641385,56.205
1586187652417,56.215
1586187665191,56.235
1586187676398,56.245
1586187676398,56.245
1586187676398,56.245
1586187676398,56.245
1586187714112,56.285
1586187714112,56.285
1586187714112,56.285
1586187714112,56.285
1586187714112,56.285
1586187714112,56.285
1586187714112,56.285
1586187714112,56.285
1586187714112,56.285
1586187714112,56.285
1586187821009,56.295
1586187821009,56.295
1586187821009,56.295
1586187821009,56.295
1586187821009,56.295
1586187866327,56.305
1586187866327,56.305
1586187866327,56.305
1586187866327,56.305
1586187918069,56.265
1586187918069,56.265
1586187937882,56.275
1586187937882,56.275
1586187937882,56.275
1586187937882,56.275
1586187937882,56.275
1586187937882,56.275
1586187996074,56.245
1586187996074,56.245
1586188018760,56.285
1586188018760,56.285
1586188036609,56.315
1586188036609,56.315
1586188056709,56.305
1586188056709,56.305
1586188056709,56.305
1586188089662,56.295
1586188107554,56.315
1586188107554,56.315
1586188126012,56.315
1586188139439,56.355
1586188149979,56.325
1586188155195,56.325
1586188155195,56.325
1586188181609,56.335
1586188187382,56.325
1586188187382,56.325
1586188187382,56.325
1586188187382,56.325
1586188187382,56.325
1586188242434,56.295
1586188242434,56.295
1586188242434,56.295
1586188274184,56.265
1586188274184,56.265
1586188293907,56.28
1586188293907,56.28
1586188293907,56.28
1586188293907,56.28
1586188332036,56.235
1586188342819,56.255
1586188342819,56.255
1586188368996,56.265
1586188368996,56.265
1586188384858,56.26
1586188384858,56.26
1586188384858,56.26
1586188416916,56.23
1586188430141,56.225
1586188437057,56.23
1586188446082,56.21
1586188457510,56.215
1586188457510,56.215
1586188457510,56.215
1586188457510,56.215
1586188505993,56.25
1586188518293,56.225
1586188518293,56.225
1586188518293,56.225
1586188518293,56.225
1586188518293,56.225
1586188518293,56.225
1586188574717,56.205
1586188574717,56.205
1586188574717,56.205
1586188610197,56.175
1586188610197,56.175
1586188610197,56.175
1586188635616,56.195
1586188635616,56.195
1586188635616,56.195
1586188674461,56.14
1586188674461,56.14
1586188674461,56.14
1586188674461,56.14
1586188713200,56.145
1586188727142,56.165
1586188727142,56.165
1586188749951,56.125
1586188755273,56.125
1586188767159,56.105
1586188767159,56.105
1586188791502,56.105
1586188791502,56.105
1586188791502,56.105
1586188823165,56.105
1586188829790,56.085
1586188829790,56.085
1586188829790,56.085
1586188829790,56.085
1586188829790,56.085
1586188829790,56.085
1586188897286,56.095
1586188897286,56.095
1586188912403,56.055
1586188912403,56.055
1586188912403,56.055
1586188912403,56.055
1586188962307,56.08
1586188972304,56.095
1586188972304,56.095
1586188972304,56.095
1586188972304,56.095
1586189008906,56.105
1586189008906,56.105
1586189008906,56.105
1586189008906,56.105
1586189053785,56.085
1586189053785,56.085
1586189053785,56.085
1586189053785,56.085
1586189095606,56.095
1586189095606,56.095
1586189095606,56.095
1586189095606,56.095
1586189142625,56.075
1586189156303,56.05
1586189165916,56.055
1586189174543,56.025
1586189174543,56.025
1586189174543,56.025
1586189202806,56.08
1586189202806,56.08
1586189229731,56.105
1586189237999,56.085
1586189243037,56.085
1586189243037,56.085
1586189243037,56.085
1586189279025,56.075
1586189285758,56.085
1586189285758,56.085
1586189285758,56.085
1586189285758,56.085
1586189285758,56.085
1586189345122,56.095
1586189345122,56.095
1586189358622,56.105
1586189358622,56.105
1586189386737,56.095
1586189386737,56.095
1586189386737,56.095
1586189386737,56.095
1586189429518,56.105
1586189439485,56.1
1586189450841,56.105
1586189456675,56.09
1586189456675,56.09
1586189474240,56.105
1586189491295,56.105
1586189497630,56.105
1586189497630,56.105
1586189519059,56.065
1586189519059,56.065
1586189519059,56.065
1586189519059,56.065
1586189559588,56.055
1586189571395,56.075
1586189587041,56.065
1586189596053,56.065
1586189596053,56.065
1586189596053,56.065
1586189626647,56.085
1586189637639,56.085
1586189637639,56.085
1586189662449,56.115
1586189673924,56.125
1586189681179,56.115
1586189695094,56.125
1586189702227,56.115
1586189714338,56.105
1586189724565,56.105
1586189724565,56.105
1586189743369,56.125
1586189753178,56.135
1586189753178,56.135
1586189772532,56.135
1586189787446,56.125
1586189787446,56.125
1586189811385,56.115
1586189822042,56.115
1586189831956,56.12
1586189848133,56.145
1586189856617,56.135
1586189865431,56.145
1586189876593,56.165
1586189884826,56.175
1586189892331,56.155
1586189912026,56.195
1586189919116,56.205
1586189931487,56.22
1586189939141,56.225
1586189954312,56.255
1586189961838,56.245
1586189972538,56.245
1586189985164,56.275
1586189988939,56.29
1586190004811,56.295
1586190016253,56.285
1586190016253,56.285
1586190030924,56.295
1586190030924,56.295
1586190054618,56.295
1586190054618,56.295
1586190074586,56.305
1586190083861,56.3
1586190083861,56.3
1586190101712,56.32
1586190119777,56.325
1586190119777,56.325
1586190119777,56.325
1586190151907,56.365
1586190151907,56.365
1586190172013,56.365
1586190178498,56.34
1586190191520,56.37
1586190200977,56.385
1586190200977,56.385
1586190200977,56.385
1586190230937,56.375
1586190248123,56.4
1586190248123,56.4
1586190263930,56.375
1586190263930,56.375
1586190288181,56.395
1586190292823,56.395
1586190292823,56.395
1586190292823,56.395
1586190331727,56.365
1586190331727,56.365
1586190331727,56.365
1586190331727,56.365
1586190370915,56.325
1586190370915,56.325
1586190370915,56.325
1586190370915,56.325
1586190416268,56.365
1586190416268,56.365
1586190433063,56.335
1586190433063,56.335
1586190449811,56.325
1586190467749,56.295
1586190467749,56.295
1586190467749,56.295
1586190467749,56.295
1586190501971,56.305
1586190501971,56.305
1586190501971,56.305
1586190501971,56.305
1586190550729,56.305
1586190550729,56.305
1586190550729,56.305
1586190580917,56.335
1586190586007,56.345
1586190586007,56.345
1586190586007,56.345
1586190626356,56.33
1586190636187,56.32
1586190647525,56.305
1586190647525,56.305
1586190647525,56.305
1586190647525,56.305
1586190687360,56.33
1586190695000,56.335
1586190710808,56.315
1586190710808,56.315
1586190730854,56.295
1586190735900,56.285
1586190748369,56.27
1586190748369,56.27
1586190748369,56.27
1586190773968,56.21
1586190787560,56.2
1586190802836,56.175
1586190802836,56.175
1586190802836,56.175
1586190802836,56.175
1586190802836,56.175
1586190850824,56.225
1586190850824,56.225
1586190850824,56.225
1586190850824,56.225
1586190895505,56.235
1586190895505,56.235
1586190916986,56.235
1586190922515,56.23
1586190922515,56.23
1586190944479,56.295
1586190955543,56.275
1586190955543,56.275
1586190979713,56.275
1586190987731,56.255
1586190987731,56.255
1586191011303,56.255
1586191011303,56.255
1586191011303,56.255
1586191011303,56.255
1586191047301,56.275
1586191047301,56.275
1586191069043,56.305
1586191069043,56.305
1586191093793,56.335
1586191107258,56.355
1586191107258,56.355
1586191127199,56.365
1586191133009,56.36
1586191133009,56.36
1586191159367,56.35
1586191164787,56.325
1586191164787,56.325
1586191164787,56.325
1586191164787,56.325
1586191164787,56.325
1586191164787,56.325
1586191223876,56.305
1586191237311,56.305
1586191249275,56.3
1586191249275,56.3
1586191249275,56.3
1586191249275,56.3
1586191249275,56.3
1586191304587,56.275
1586191315287,56.285
1586191315287,56.285
1586191315287,56.285
1586191315287,56.285
1586191353636,56.245
1586191353636,56.245
1586191353636,56.245
1586191353636,56.245
1586191401642,56.265
1586191401642,56.265
1586191421436,56.29
1586191421436,56.29
1586191421436,56.29
1586191454253,56.295
1586191454253,56.295
1586191454253,56.295
1586191454253,56.295
1586191454253,56.295
1586191508783,56.295
1586191519626,56.295
1586191520085,56.295
1586191534729,56.295
1586191544743,56.295
1586191559258,56.295
1586191559258,56.295
1586191559258,56.295
1586191559258,56.295
1586191596287,56.335
1586191596287,56.335
1586191613716,56.37
1586191613716,56.37
1586191644154,56.36
1586191644154,56.36
1586191644154,56.36
1586191676513,56.385
1586191676513,56.385
1586191676513,56.385
1586191676513,56.385
1586191715037,56.38
1586191723668,56.37
1586191738183,56.335
1586191746285,56.345
1586191746285,56.345
1586191746285,56.345
1586191746285,56.345
1586191789739,56.325
1586191789739,56.325
1586191789739,56.325
1586191789739,56.325
1586191832089,56.295
1586191832089,56.295
1586191844875,56.295
1586191844875,56.295
1586191868391,56.315
1586191868391,56.315
1586191868391,56.315
1586191868391,56.315
1586191868391,56.315
1586191868391,56.315
1586191868391,56.315
1586191950799,56.315
1586191950799,56.315
1586191950799,56.315
1586191950799,56.315
1586191987943,56.325
1586191987943,56.325
1586191987943,56.325
1586191987943,56.325
1586192026055,56.345
1586192035600,56.335
1586192035600,56.335
1586192065333,56.325
1586192065333,56.325
1586192085687,56.335
1586192085687,56.335
1586192106644,56.325
1586192106644,56.325
1586192106644,56.325
1586192131544,56.305
1586192131544,56.305
1586192131544,56.305
1586192131544,56.305
1586192131544,56.305
1586192191299,56.305
1586192197450,56.335
1586192209301,56.375
1586192209301,56.375
1586192230734,56.36
1586192245215,56.345
1586192254652,56.34
1586192260427,56.325
1586192272478,56.335
1586192280870,56.315
1586192280870,56.315
1586192280870,56.315
1586192315166,56.335
1586192319951,56.345
1586192319951,56.345
1586192319951,56.345
1586192359251,56.32
1586192359251,56.32
1586192359251,56.32
1586192359251,56.32
1586192395414,56.35
1586192395414,56.35
1586192416743,56.355
1586192416743,56.355
1586192416743,56.355
1586192416743,56.355
1586192416743,56.355
1586192469412,56.375
1586192469412,56.375
1586192493123,56.36
1586192493123,56.36
1586192493123,56.36
1586192493123,56.36
1586192493123,56.36
1586192493123,56.36
1586192552293,56.38
1586192565916,56.36
1586192565916,56.36
1586192586362,56.345
1586192586362,56.345
1586192586362,56.345
1586192586362,56.345
1586192625898,56.315
1586192625898,56.315
1586192653655,56.3
1586192661756,56.285
1586192668908,56.285
1586192684713,56.295
1586192684713,56.295
1586192708696,56.285
1586192708696,56.285
1586192708696,56.285
1586192732029,56.295
1586192741010,56.295
1586192741010,56.295
1586192741010,56.295
1586192778363,56.295
1586192778363,56.295
1586192778363,56.295
1586192778363,56.295
1586192821550,56.295
1586192825817,56.28
1586192845287,56.28
1586192853292,56.275
1586192865266,56.275
1586192876246,56.29
1586192876246,56.29
1586192876246,56.29
1586192900957,56.295
1586192917505,56.295
1586192930317,56.285
1586192933606,56.285
1586192933606,56.285
1586192933606,56.285
1586192972101,56.295
1586192972101,56.295
1586192985518,56.295
1586192985518,56.295
1586192985518,56.295
1586193019922,56.32
1586193019922,56.32
1586193019922,56.32
1586193055289,56.3
1586193062103,56.285
1586193076781,56.285
1586193076781,56.285
1586193076781,56.285
1586193107759,56.285
1586193114333,56.29
1586193114333,56.29
1586193114333,56.29
1586193147033,56.295
1586193147033,56.295
1586193162858,56.295
1586193176516,56.3
1586193176516,56.3
1586193176516,56.3
1586193209325,56.305
1586193209325,56.305
1586193226302,56.295
1586193240005,56.295
1586193254749,56.265
1586193254749,56.265
1586193254749,56.265
1586193286213,56.245
1586193293346,56.255
1586193293346,56.255
1586193293346,56.255
1586193293346,56.255
1586193335647,56.225
1586193335647,56.225
1586193362270,56.255
1586193373115,56.28
1586193382395,56.27
1586193391524,56.265
1586193391524,56.265
1586193405605,56.275
1586193420972,56.255
1586193432083,56.235
1586193432083,56.235
1586193432083,56.235
1586193465963,56.245
1586193465963,56.245
1586193465963,56.245
1586193499188,56.25
1586193506631,56.275
1586193506631,56.275
1586193506631,56.275
1586193506631,56.275
1586193553628,56.285
1586193553628,56.285
1586193573505,56.295
1586193573505,56.295
1586193590417,56.295
1586193590417,56.295
1586193612190,56.285
1586193612190,56.285
1586193635441,56.285
1586193648871,56.295
1586193657359,56.295
1586193657359,56.295
1586193677259,56.285
1586193677259,56.285
1586193699986,56.295
1586193699986,56.295
1586193714447,56.295
1586193732405,56.315
1586193732405,56.315
1586193753945,56.305
1586193753945,56.305
1586193765538,56.285
1586193786312,56.295
1586193791322,56.295
1586193791322,56.295
1586193812383,56.305
1586193823183,56.305
1586193836010,56.31
1586193846284,56.31
1586193860130,56.305
1586193860130,56.305
1586193879025,56.305
1586193889006,56.295
1586193898299,56.3
1586193898299,56.3
1586193898299,56.3
1586193934721,56.285
1586193934721,56.285
1586193955990,56.275
1586193964967,56.27
1586193976928,56.275
1586193976928,56.275
1586193976928,56.275
1586194000411,56.29
1586194018643,56.305
1586194018643,56.305
1586194039209,56.315
1586194047266,56.315
1586194058019,56.295
1586194058019,56.295
1586194058019,56.295
1586194058019,56.295
1586194104806,56.3
1586194104806,56.3
1586194126268,56.31
1586194137729,56.335
1586194137729,56.335
1586194137729,56.335
1586194160890,56.315
1586194175346,56.315
1586194175346,56.315
1586194175346,56.315
1586194212873,56.335
1586194219144,56.345
1586194233958,56.35
1586194233958,56.35
1586194253036,56.365
1586194253036,56.365
1586194253036,56.365
1586194253036,56.365
1586194294838,56.355
1586194294838,56.355
1586194294838,56.355
1586194294838,56.355
1586194294838,56.355
1586194294838,56.355
1586194352321,56.315
1586194366648,56.31
1586194366648,56.31
1586194366648,56.31
1586194396130,56.32
1586194412016,56.335
1586194412016,56.335
1586194432253,56.315
1586194436591,56.315
1586194446999,56.34
1586194446999,56.34
1586194472427,56.265
1586194472427,56.265
1586194472427,56.265
1586194500833,56.245
1586194500833,56.245
1586194521662,56.255
1586194536898,56.285
1586194536898,56.285
1586194556853,56.255
1586194556853,56.255
1586194581770,56.23
1586194584835,56.24
1586194596962,56.26
1586194596962,56.26
1586194596962,56.26
1586194632555,56.24
1586194632555,56.24
1586194632555,56.24
1586194663871,56.28
1586194663871,56.28
1586194686306,56.285
1586194695342,56.285
1586194701836,56.3
1586194701836,56.3
1586194723417,56.31
1586194737878,56.325
1586194749035,56.315
1586194755452,56.305
1586194769786,56.325
1586194769786,56.325
1586194786408,56.31
1586194786408,56.31
1586194803513,56.305
1586194818693,56.32
1586194828096,56.315
1586194834294,56.33
1586194853196,56.365
1586194864475,56.355
1586194873938,56.365
1586194877631,56.365
1586194888293,56.365
1586194888293,56.365
1586194912730,56.365
1586194923864,56.375
1586194923864,56.375
1586194944367,56.36
1586194944367,56.36
1586194944367,56.36
1586194976344,56.325
1586194976344,56.325
1586194976344,56.325
1586195006707,56.29
1586195015075,56.275
1586195015075,56.275
1586195015075,56.275
1586195015075,56.275
1586195065975,56.285
1586195065975,56.285
1586195082616,56.285
1586195082616,56.285
1586195082616,56.285
1586195082616,56.285
1586195124592,56.295
1586195124592,56.295
1586195124592,56.295
1586195160844,56.295
1586195165926,56.295
1586195180270,56.31
1586195180270,56.31
1586195180270,56.31
1586195210217,56.305
1586195210217,56.305
1586195210217,56.305
1586195210217,56.305
1586195256260,56.32
1586195256260,56.32
1586195275983,56.34
1586195282420,56.335
1586195282420,56.335
1586195282420,56.335
1586195282420,56.335
1586195321219,56.375
1586195321219,56.375
1586195321219,56.375
1586195359567,56.375
1586195367812,56.365
1586195382813,56.375
1586195391669,56.375
1586195399060,56.375
1586195399060,56.375
1586195424591,56.365
1586195429729,56.365
1586195429729,56.365
1586195454475,56.375
1586195464342,56.375
1586195464342,56.375
1586195479978,56.365
1586195494902,56.36
1586195494902,56.36
1586195510446,56.345
1586195523158,56.355
1586195535629,56.365
1586195541507,56.355
1586195541507,56.355
1586195567868,56.355
1586195582701,56.345
1586195583408,56.345
1586195583408,56.345
1586195609018,56.33
1586195620820,56.335
1586195620820,56.335
1586195645591,56.345
1586195645591,56.345
1586195658863,56.345
1586195672339,56.345
1586195682378,56.325
1586195682378,56.325
1586195709304,56.345
1586195716359,56.35
1586195716359,56.35
1586195736594,56.35
1586195747772,56.345
1586195753688,56.35
1586195773533,56.345
1586195773533,56.345
1586195773533,56.345
1586195798992,56.345
1586195798992,56.345
1586195822692,56.345
1586195836352,56.345
1586195836352,56.345
1586195836352,56.345
1586195867000,56.345
1586195877375,56.34
1586195880164,56.35
1586195896060,56.365
1586195904041,56.37
1586195921098,56.385
1586195929795,56.375
1586195939913,56.365
1586195948611,56.365
1586195959739,56.365
1586195959739,56.365
1586195982322,56.385
1586195990979,56.38
1586196004356,56.375
1586196016713,56.365
1586196025322,56.345
1586196036317,56.355
1586196047799,56.345
1586196059142,56.355
1586196069152,56.365
1586196075307,56.365
1586196087835,56.365
1586196097552,56.345
1586196110177,56.355
1586196110177,56.355
1586196126969,56.345
1586196126969,56.345
1586196148567,56.355
1586196161506,56.355
1586196165776,56.355
1586196176822,56.355
1586196196002,56.345
1586196203479,56.355
1586196217204,56.355
1586196217204,56.355
1586196238607,56.355
1586196247440,56.355
1586196256970,56.355
1586196256970,56.355
1586196274726,56.345
1586196274726,56.345
1586196297550,56.345
1586196297550,56.345
1586196316632,56.345
1586196316632,56.345
1586196339236,56.355
1586196339236,56.355
1586196361530,56.355
1586196361530,56.355
1586196381308,56.345
1586196394313,56.345
1586196408011,56.345
1586196411674,56.355
1586196411674,56.355
1586196436828,56.355
1586196453952,56.335
1586196453952,56.335
1586196472481,56.335
1586196484708,56.335
1586196489619,56.355
1586196489619,56.355
1586196514372,56.335
1586196528249,56.34
1586196528249,56.34
1586196542258,56.335
1586196542258,56.335
1586196542258,56.335
1586196580317,56.345
1586196585225,56.355
1586196596917,56.345
1586196603493,56.345
1586196623311,56.335
1586196634323,56.355
1586196642366,56.345
1586196655170,56.345
1586196663290,56.345
1586196663290,56.345
1586196684343,56.325
1586196684343,56.325
1586196699657,56.315
1586196716760,56.31
1586196720390,56.315
1586196732085,56.335
1586196732085,56.335
1586196757078,56.365
1586196766041,56.355
1586196782357,56.35
1586196792274,56.375
1586196792274,56.375
1586196812395,56.375
1586196823504,56.375
1586196826457,56.375
1586196844055,56.355
1586196851251,56.355
1586196861837,56.355
1586196861837,56.355
1586196889081,56.295
1586196892597,56.285
1586196899920,56.285
1586196899920,56.285
1586196926308,56.275
1586196941697,56.295
1586196951902,56.295
1586196951902,56.295
1586196973891,56.295
1586196981860,56.295
1586196989832,56.295
1586196989832,56.295
1586197015297,56.29
1586197015297,56.29
1586197015297,56.29
1586197044966,56.285
1586197050862,56.285
1586197065719,56.295
1586197079445,56.295
1586197085983,56.295
1586197100702,56.315
1586197112700,56.305
1586197115185,56.305
1586197132411,56.29
1586197146000,56.295
1586197157834,56.305
1586197157834,56.305
1586197168805,56.305
1586197187262,56.305
1586197187262,56.305
1586197200363,56.305
1586197220668,56.29
1586197220668,56.29
1586197236804,56.3
1586197250333,56.295
1586197261237,56.295
1586197267760,56.285
1586197277004,56.295
1586197287341,56.285
1586197303713,56.255
1586197313384,56.275
1586197322085,56.275
1586197335010,56.275
1586197345008,56.255
1586197345008,56.255
1586197364777,56.255
1586197378617,56.265
1586197389613,56.285
1586197399075,56.29
1586197410670,56.305
1586197420032,56.305
1586197420032,56.305
1586197442166,56.305
1586197448793,56.305
1586197448793,56.305
1586197468305,56.315
1586197484394,56.325
1586197484394,56.325
1586197501901,56.335
1586197517621,56.315
1586197527329,56.305
1586197527329,56.305
1586197549315,56.32
1586197555270,56.33
1586197555270,56.33
1586197576635,56.325
1586197591206,56.325
1586197602396,56.325
1586197607557,56.315
1586197623727,56.345
1586197623727,56.345
1586197637675,56.335
1586197647811,56.305
1586197647811,56.305
1586197670107,56.305
1586197670107,56.305
1586197687089,56.3
1586197687089,56.3
1586197716317,56.31
1586197716317,56.31
1586197716317,56.31
1586197745402,56.305
1586197745402,56.305
1586197770942,56.315
1586197770942,56.315
1586197770942,56.315
1586197794649,56.305
1586197815728,56.33
1586197815728,56.33
1586197815728,56.33
1586197839979,56.335
1586197855765,56.33
1586197861008,56.335
1586197873194,56.335
1586197873194,56.335
1586197901676,56.345
1586197910698,56.335
1586197916741,56.325
1586197916741,56.325
1586197938850,56.345
1586197947342,56.345
1586197947342,56.345
1586197975626,56.355
1586197986658,56.325
1586197986658,56.325
1586198006544,56.315
1586198006544,56.315
1586198024332,56.32
1586198024332,56.32
1586198046436,56.325
1586198059833,56.325
1586198069855,56.325
1586198081502,56.335
1586198083347,56.335
1586198098105,56.33
1586198111633,56.355
1586198122245,56.355
1586198129458,56.355
1586198143133,56.36
1586198143133,56.36
1586198157914,56.365
1586198171500,56.365
1586198184941,56.38
1586198190353,56.38
1586198190353,56.38
1586198216334,56.385
1586198216334,56.385
1586198238298,56.36
1586198238298,56.36
1586198252013,56.37
1586198269037,56.375
1586198275751,56.375
1586198275751,56.375
1586198300311,56.375
1586198304055,56.365
1586198304055,56.365
1586198304055,56.365
1586198342046,56.375
1586198342046,56.375
1586198342046,56.375
1586198370030,56.365
1586198370030,56.365
1586198370030,56.365
1586198400864,56.395
1586198400864,56.395
1586198400864,56.395
1586198400864,56.395
1586198400864,56.395
1586198457332,56.41
1586198457332,56.41
1586198479504,56.375
1586198479504,56.375
1586198499861,56.38
1586198499861,56.38
1586198499861,56.38
1586198526352,56.415
1586198543647,56.43
1586198543647,56.43
1586198561373,56.45
1586198561373,56.45
1586198561373,56.45
1586198593325,56.435
1586198593325,56.435
1586198611316,56.46
1586198626700,56.46
1586198626700,56.46
1586198626700,56.46
1586198626700,56.46
1586198673708,56.435
1586198673708,56.435
1586198692587,56.46
1586198692587,56.46
1586198713153,56.415
1586198713153,56.415
1586198713153,56.415
1586198713153,56.415
1586198753376,56.415
1586198753376,56.415
1586198753376,56.415
1586198753376,56.415
1586198753376,56.415
1586198753376,56.415
1586198818293,56.475
1586198825816,56.47
1586198825816,56.47
1586198843572,56.495
1586198843572,56.495
1586198843572,56.495
1586198843572,56.495
1586198843572,56.495
1586198900996,56.45
1586198917082,56.465
1586198917082,56.465
1586198917082,56.465
1586198946283,56.465
1586198946283,56.465
1586198972147,56.465
1586198972147,56.465
1586198972147,56.465
1586199000625,56.465
1586199000625,56.465
1586199025542,56.445
1586199034567,56.455
1586199034567,56.455
1586199034567,56.455
1586199034567,56.455
1586199070297,56.44
1586199070297,56.44
1586199070297,56.44
1586199103329,56.425
1586199103329,56.425
1586199123887,56.45
1586199138388,56.465
1586199146438,56.47
1586199146438,56.47
1586199165398,56.475
1586199165398,56.475
1586199193262,56.485
1586199193262,56.485
1586199193262,56.485
1586199193262,56.485
1586199236227,56.455
1586199236227,56.455
1586199251634,56.425
1586199266413,56.445
1586199274107,56.46
1586199291309,56.43
1586199294775,56.425
1586199294775,56.425
1586199315012,56.435
1586199315012,56.435
1586199339993,56.45
1586199346635,56.45
1586199356937,56.445
1586199356937,56.445
1586199382458,56.445
1586199382458,56.445
1586199400719,56.465
1586199400719,56.465
1586199400719,56.465
1586199440718,56.465
1586199440718,56.465
1586199459670,56.49
1586199459670,56.49
1586199481213,56.485
1586199489384,56.49
1586199489384,56.49
1586199512370,56.51
1586199512370,56.51
1586199512370,56.51
1586199546175,56.55
1586199546175,56.55
1586199563122,56.545
1586199563122,56.545
1586199586102,56.55
