1586957423011,198.66
1586957423011,198.66
1586957423011,198.66
1586957423011,198.66
1586957423011,198.66
1586957423011,198.66
1586957423011,198.66
1586957423011,198.66
1586957423011,198.66
1586957423011,198.66
1586957566469,200.855
1586957566469,200.855
1586957584921,201.08
1586957584921,201.08
1586957584921,201.08
1586957584921,201.08
1586957584921,201.08
1586957584921,201.08
1586957584921,201.08
1586957584921,201.08
1586957584921,201.08
1586957584921,201.08
1586957584921,201.08
1586957584921,201.08
1586957584921,201.08
1586957722839,200.44
1586957739625,200.43
1586957739625,200.43
1586957739625,200.43
1586957768901,200.61
1586957768901,200.61
1586957786165,200.84
1586957798821,201.04
1586957811459,201.21
1586957811459,201.21
1586957811459,201.21
1586957811459,201.21
1586957849505,201.3
1586957849505,201.3
1586957849505,201.3
1586957849505,201.3
1586957849505,201.3
1586957849505,201.3
1586957849505,201.3
1586957849505,201.3
1586957849505,201.3
1586957942639,201.925
1586957954136,202
1586957971278,201.79
1586957971278,201.79
1586957988741,201.97
1586958003720,202.11
1586958015422,202.11
1586958023970,201.95
1586958035755,202.12
1586958040978,202.23
1586958053989,201.915
1586958062288,201.94
1586958071974,201.775
1586958084798,201.49
1586958090906,201.5
1586958107093,201.41
1586958114223,201.4
1586958114223,201.4
1586958130922,201.21
1586958145158,201.05
1586958145158,201.05
1586958167096,200.78
1586958167096,200.78
1586958167096,200.78
1586958167096,200.78
1586958167096,200.78
1586958167096,200.78
1586958167096,200.78
1586958167096,200.78
1586958167096,200.78
1586958167096,200.78
1586958167096,200.78
1586958284674,200.41
1586958302161,200.5
1586958305702,200.52
1586958319753,200.27
1586958319753,200.27
1586958343311,200.33
1586958358605,200.345
1586958358605,200.345
1586958358605,200.345
1586958386437,199.9
1586958386437,199.9
1586958386437,199.9
1586958423965,199.71
1586958423965,199.71
1586958423965,199.71
1586958458065,199.69
1586958458065,199.69
1586958473578,199.66
1586958473578,199.66
1586958473578,199.66
1586958473578,199.66
1586958473578,199.66
1586958473578,199.66
1586958473578,199.66
1586958473578,199.66
1586958473578,199.66
1586958473578,199.66
1586958473578,199.66
1586958473578,199.66
1586958473578,199.66
1586958473578,199.66
1586958625936,199.94
1586958633158,200.02
1586958633158,200.02
1586958633158,200.02
1586958633158,200.02
1586958633158,200.02
1586958633158,200.02
1586958633158,200.02
1586958716222,200
1586958716222,200
1586958736904,199.9
1586958736904,199.9
1586958736904,199.9
1586958736904,199.9
1586958736904,199.9
1586958736904,199.9
1586958736904,199.9
1586958811514,199.53
1586958814813,199.525
1586958814813,199.525
1586958814813,199.525
1586958814813,199.525
1586958814813,199.525
1586958871478,199.32
1586958871478,199.32
1586958897287,199.495
1586958906859,199.36
1586958906859,199.36
1586958924771,199.195
1586958937855,199.41
1586958950368,199.33
1586958959020,199.3
1586958972455,199.24
1586958979580,199.1
1586958992150,198.96
1586959003207,199.19
1586959008549,199.215
1586959026845,199.345
1586959029008,199.29
1586959049880,199.355
1586959065882,199.405
1586959077619,199.285
1586959089904,199.51
1586959099198,199.49
1586959111300,199.43
1586959121904,199.18
1586959132494,199.36
1586959142099,199.39
1586959152710,199.44
1586959164869,199.28
1586959174101,199.33
1586959184013,199.36
1586959195130,199.25
1586959204491,199.24
1586959217483,199.28
1586959224482,199.24
1586959233009,199.29
1586959249290,199.12
1586959249290,199.12
1586959262173,199.05
1586959262173,199.05
1586959291267,199.28
1586959291267,199.28
1586959291267,199.28
1586959291267,199.28
1586959328539,199.38
1586959328539,199.38
1586959358277,199.3
1586959365065,199.25
1586959380632,199.055
1586959393705,199.21
1586959395347,199.25
1586959395347,199.25
1586959424772,198.97
1586959427884,198.82
1586959444386,198.925
1586959444386,198.925
1586959444386,198.925
1586959444386,198.925
1586959481612,198.66
1586959493931,198.43
1586959493931,198.43
1586959493931,198.43
1586959493931,198.43
1586959493931,198.43
1586959493931,198.43
1586959493931,198.43
1586959572297,198.98
1586959572297,198.98
1586959590626,199.155
1586959590626,199.155
1586959590626,199.155
1586959623435,199.42
1586959633626,199.155
1586959651400,199.005
1586959651400,199.005
1586959666334,199
1586959666334,199
1586959666334,199
1586959666334,199
1586959666334,199
1586959666334,199
1586959731078,198.62
1586959738528,198.69
1586959753999,198.5
1586959762451,198.38
1586959778169,198.505
1586959779512,198.48
1586959802381,198.66
1586959806886,198.5
1586959817561,198.605
1586959828267,198.75
1586959839625,198.74
1586959839625,198.74
1586959858224,198.75
1586959858224,198.75
1586959858224,198.75
1586959858224,198.75
1586959858224,198.75
1586959858224,198.75
1586959858224,198.75
1586959942603,198.805
1586959942603,198.805
1586959942603,198.805
1586959942603,198.805
1586959942603,198.805
1586959996924,198.8
1586959998687,198.7
1586959998687,198.7
1586960029573,198.66
1586960029573,198.66
1586960029573,198.66
1586960029573,198.66
1586960029573,198.66
1586960029573,198.66
1586960029573,198.66
1586960029573,198.66
1586960029573,198.66
1586960029573,198.66
1586960029573,198.66
1586960143321,198.215
1586960143321,198.215
1586960158846,198.135
1586960171152,197.96
1586960187908,198.04
1586960187908,198.04
1586960187908,198.04
1586960187908,198.04
1586960187908,198.04
1586960187908,198.04
1586960254411,198.19
1586960254411,198.19
1586960254411,198.19
1586960254411,198.19
1586960254411,198.19
1586960254411,198.19
1586960254411,198.19
1586960254411,198.19
1586960340367,197.77
1586960340367,197.77
1586960340367,197.77
1586960340367,197.77
1586960340367,197.77
1586960396584,198.01
1586960396584,198.01
1586960396584,198.01
1586960396584,198.01
1586960396584,198.01
1586960396584,198.01
1586960396584,198.01
1586960396584,198.01
1586960479857,198.16
1586960479857,198.16
1586960479857,198.16
1586960479857,198.16
1586960479857,198.16
1586960479857,198.16
1586960479857,198.16
1586960479857,198.16
1586960479857,198.16
1586960479857,198.16
1586960588847,198.03
1586960605358,197.96
1586960605358,197.96
1586960605358,197.96
1586960605358,197.96
1586960605358,197.96
1586960657446,198.035
1586960657446,198.035
1586960679008,198.13
1586960679008,198.13
1586960694897,198.08
1586960709147,198.115
1586960723871,198.29
1586960735265,198.385
1586960745492,198.46
1586960748637,198.38
1586960766754,198.555
1586960771983,198.43
1586960780747,198.375
1586960789229,198.33
1586960789229,198.33
1586960815952,198.36
1586960815952,198.36
1586960834215,198.52
1586960843436,198.68
1586960859495,198.72
1586960862159,198.66
1586960879854,198.585
1586960888984,198.515
1586960899918,198.54
1586960915719,198.43
1586960915719,198.43
1586960915719,198.43
1586960915719,198.43
1586960952974,198.32
1586960966233,198.315
1586960966233,198.315
1586960992403,198.28
1586961000200,198.285
1586961010204,198.155
1586961018434,198.335
1586961018434,198.335
1586961018434,198.335
1586961018434,198.335
1586961018434,198.335
1586961018434,198.335
1586961085307,198.355
1586961085307,198.355
1586961085307,198.355
1586961085307,198.355
1586961085307,198.355
1586961085307,198.355
1586961151268,198.515
1586961159164,198.535
1586961163694,198.52
1586961163694,198.52
1586961187531,198.62
1586961187531,198.62
1586961187531,198.62
1586961222129,198.475
1586961228541,198.53
1586961228541,198.53
1586961228541,198.53
1586961266509,198.33
1586961266509,198.33
1586961266509,198.33
1586961266509,198.33
1586961304012,198.275
1586961304012,198.275
1586961324115,198.17
1586961336213,198.21
1586961336213,198.21
1586961336213,198.21
1586961336213,198.21
1586961382927,198.385
1586961382927,198.385
1586961382927,198.385
1586961414225,198.14
1586961414225,198.14
1586961439844,198.07
1586961448605,198.08
1586961448605,198.08
1586961471278,198.05
1586961480847,198.045
1586961483298,198.07
1586961500268,197.845
1586961511717,197.76
1586961511717,197.76
1586961528585,197.735
1586961542954,197.585
1586961552403,197.57
1586961564159,197.645
1586961564159,197.645
1586961579157,197.68
1586961579157,197.68
1586961600939,197.85
1586961600939,197.85
1586961630059,197.69
1586961634020,197.69
1586961642835,197.69
1586961642835,197.69
1586961642835,197.69
1586961685455,197.555
1586961690945,197.555
1586961707451,197.59
1586961707451,197.59
1586961719396,197.59
1586961739180,197.65
1586961739180,197.65
1586961739180,197.65
1586961739180,197.65
1586961781353,197.77
1586961781353,197.77
1586961801515,197.72
1586961801515,197.72
1586961820495,197.8
1586961830909,197.72
1586961830909,197.72
1586961857355,198.105
1586961857355,198.105
1586961879913,197.81
1586961888392,197.84
1586961898318,197.815
1586961905494,197.96
1586961905494,197.96
1586961926946,197.95
1586961926946,197.95
1586961947684,197.965
1586961947684,197.965
1586961947684,197.965
1586961947684,197.965
1586961947684,197.965
1586961947684,197.965
1586961947684,197.965
1586962023135,197.81
1586962023135,197.81
1586962023135,197.81
1586962023135,197.81
1586962023135,197.81
1586962082056,197.75
1586962082056,197.75
1586962101255,197.645
1586962101255,197.645
1586962115327,197.74
1586962125329,197.74
1586962125329,197.74
1586962125329,197.74
1586962125329,197.74
1586962176535,197.65
1586962176535,197.65
1586962176535,197.65
1586962176535,197.65
1586962176535,197.65
1586962176535,197.65
1586962176535,197.65
1586962176535,197.65
1586962176535,197.65
1586962271044,197.6
1586962271044,197.6
1586962292700,197.7
1586962292700,197.7
1586962292700,197.7
1586962324776,197.67
1586962324776,197.67
1586962324776,197.67
1586962359657,197.57
1586962367073,197.615
1586962367073,197.615
1586962367073,197.615
1586962399976,197.785
1586962399976,197.785
1586962399976,197.785
1586962425950,197.575
1586962445169,197.595
1586962447870,197.56
1586962447870,197.56
1586962476072,197.555
1586962488762,197.59
1586962497438,197.61
1586962509057,197.69
1586962509057,197.69
1586962509057,197.69
1586962509057,197.69
1586962550259,197.69
1586962550259,197.69
1586962565471,197.705
1586962581507,197.79
1586962593857,197.89
1586962593857,197.89
1586962593857,197.89
1586962593857,197.89
1586962593857,197.89
1586962593857,197.89
1586962593857,197.89
1586962660255,198.185
1586962680032,198.21
1586962680032,198.21
1586962695534,198.18
1586962695534,198.18
1586962695534,198.18
1586962725765,198.54
1586962725765,198.54
1586962748935,198.345
1586962748935,198.345
1586962748935,198.345
1586962781737,198.28
1586962793496,198.25
1586962804888,198.25
1586962804888,198.25
1586962826330,198.055
1586962826330,198.055
1586962843328,198.05
1586962860157,198.01
1586962860157,198.01
1586962860157,198.01
1586962860157,198.01
1586962860157,198.01
1586962860157,198.01
1586962921259,197.86
1586962921259,197.86
1586962939569,197.765
1586962955459,197.72
1586962955459,197.72
1586962955459,197.72
1586962993100,197.65
1586962998725,197.845
1586962998725,197.845
1586962998725,197.845
1586962998725,197.845
1586962998725,197.845
1586963047349,197.79
1586963065765,197.715
1586963075019,197.74
1586963092476,197.88
1586963092476,197.88
1586963116061,197.82
1586963119121,197.805
1586963135390,197.74
1586963146673,197.71
1586963151773,197.66
1586963151773,197.66
1586963173254,197.72
1586963173254,197.72
1586963173254,197.72
1586963173254,197.72
1586963173254,197.72
1586963173254,197.72
1586963173254,197.72
1586963173254,197.72
1586963173254,197.72
1586963173254,197.72
1586963284051,197.7
1586963295050,197.685
1586963295050,197.685
1586963295050,197.685
1586963295050,197.685
1586963330314,197.75
1586963330314,197.75
1586963330314,197.75
1586963330314,197.75
1586963330314,197.75
1586963330314,197.75
1586963330314,197.75
1586963330314,197.75
1586963416925,197.81
1586963416925,197.81
1586963416925,197.81
1586963457996,197.8
1586963457996,197.8
1586963457996,197.8
1586963457996,197.8
1586963457996,197.8
1586963457996,197.8
1586963457996,197.8
1586963457996,197.8
1586963457996,197.8
1586963457996,197.8
1586963564992,197.89
1586963564992,197.89
1586963564992,197.89
1586963564992,197.89
1586963564992,197.89
1586963610729,197.74
1586963610729,197.74
1586963610729,197.74
1586963610729,197.74
1586963659228,197.82
1586963666258,197.66
1586963682592,197.77
1586963682592,197.77
1586963682592,197.77
1586963682592,197.77
1586963719395,197.77
1586963719395,197.77
1586963746840,197.615
1586963746840,197.615
1586963746840,197.615
1586963746840,197.615
1586963787975,197.38
1586963787975,197.38
1586963803418,197.32
1586963803418,197.32
1586963838728,197.295
1586963838728,197.295
1586963859355,197.085
1586963869095,197.085
1586963869095,197.085
1586963869095,197.085
1586963869095,197.085
1586963869095,197.085
1586963869095,197.085
1586963932895,196.89
1586963941496,196.8
1586963941496,196.8
1586963961885,196.63
1586963961885,196.63
1586963991098,196.86
1586963997212,197.03
1586963997212,197.03
1586963997212,197.03
1586963997212,197.03
1586963997212,197.03
1586963997212,197.03
1586963997212,197.03
1586963997212,197.03
1586964086674,197.2
1586964086674,197.2
1586964086674,197.2
1586964115028,197.43
1586964115028,197.43
1586964115028,197.43
1586964150356,197.475
1586964150356,197.475
1586964150356,197.475
1586964150356,197.475
1586964194384,197.45
1586964194384,197.45
1586964217234,197.63
1586964217234,197.63
1586964229935,197.51
1586964229935,197.51
1586964229935,197.51
1586964263740,197.23
1586964263740,197.23
1586964263740,197.23
1586964263740,197.23
1586964304802,197.15
1586964304802,197.15
1586964304802,197.15
1586964304802,197.15
1586964304802,197.15
1586964358265,197.35
1586964378411,197.57
1586964378411,197.57
1586964378411,197.57
1586964378411,197.57
1586964413613,197.545
1586964413613,197.545
1586964413613,197.545
1586964413613,197.545
1586964413613,197.545
1586964413613,197.545
1586964413613,197.545
1586964413613,197.545
1586964413613,197.545
1586964413613,197.545
1586964413613,197.545
1586964413613,197.545
1586964413613,197.545
1586964413613,197.545
1586964413613,197.545
1586964413613,197.545
1586964586502,197.64
1586964586502,197.64
1586964611364,197.7
1586964611364,197.7
1586964631963,197.88
1586964631963,197.88
1586964631963,197.88
1586964631963,197.88
1586964631963,197.88
1586964631963,197.88
1586964631963,197.88
1586964631963,197.88
1586964631963,197.88
1586964731623,198.17
1586964745219,198.36
1586964745219,198.36
1586964745219,198.36
1586964767146,198.51
1586964787165,198.5
1586964787165,198.5
1586964805869,198.535
1586964805869,198.535
1586964832594,198.5
1586964832594,198.5
1586964832594,198.5
1586964832594,198.5
1586964832594,198.5
1586964887041,197.99
1586964887041,197.99
1586964887041,197.99
1586964887041,197.99
1586964887041,197.99
1586964887041,197.99
1586964887041,197.99
1586964887041,197.99
1586964973215,197.77
1586964973215,197.77
1586964973215,197.77
1586964973215,197.77
1586964973215,197.77
1586965025161,197.59
1586965025161,197.59
1586965025161,197.59
1586965025161,197.59
1586965025161,197.59
1586965025161,197.59
1586965025161,197.59
1586965025161,197.59
1586965025161,197.59
1586965025161,197.59
1586965025161,197.59
1586965025161,197.59
1586965151489,197.22
1586965151489,197.22
1586965151489,197.22
1586965151489,197.22
1586965151489,197.22
1586965211798,197.23
1586965229088,197.28
1586965229088,197.28
1586965229088,197.28
1586965229088,197.28
1586965229088,197.28
1586965279521,197.34
1586965285200,197.2
1586965285200,197.2
1586965315109,197.15
1586965325659,197.175
1586965325659,197.175
1586965325659,197.175
1586965325659,197.175
1586965325659,197.175
1586965325659,197.175
1586965325659,197.175
1586965325659,197.175
1586965325659,197.175
1586965325659,197.175
1586965325659,197.175
1586965325659,197.175
1586965325659,197.175
1586965325659,197.175
1586965325659,197.175
1586965325659,197.175
1586965325659,197.175
1586965325659,197.175
1586965510571,197.21
1586965526103,197.255
1586965529823,197.27
1586965540942,197.29
1586965540942,197.29
1586965563874,197.31
1586965563874,197.31
1586965563874,197.31
1586965597309,197.465
1586965610104,197.52
1586965610104,197.52
1586965610104,197.52
1586965640742,197.36
1586965648769,197.335
1586965648769,197.335
1586965648769,197.335
1586965682442,197.48
1586965682442,197.48
1586965682442,197.48
1586965715375,197.33
1586965715375,197.33
1586965715375,197.33
1586965747278,197.355
1586965747278,197.355
1586965747278,197.355
1586965747278,197.355
1586965747278,197.355
1586965747278,197.355
1586965806746,197.47
1586965823559,197.56
1586965823559,197.56
1586965823559,197.56
1586965850444,197.67
1586965850444,197.67
1586965850444,197.67
1586965850444,197.67
1586965850444,197.67
1586965850444,197.67
1586965917911,197.42
1586965917911,197.42
1586965917911,197.42
1586965955401,197.27
1586965955401,197.27
1586965975109,197.335
1586965975109,197.335
1586965975109,197.335
1586965975109,197.335
1586965975109,197.335
1586965975109,197.335
1586965975109,197.335
1586965975109,197.335
1586965975109,197.335
1586965975109,197.335
1586965975109,197.335
1586965975109,197.335
1586965975109,197.335
1586966117948,197.6
1586966117948,197.6
1586966117948,197.6
1586966117948,197.6
1586966117948,197.6
1586966117948,197.6
1586966172581,197.725
1586966172581,197.725
1586966172581,197.725
1586966172581,197.725
1586966218076,197.82
1586966218076,197.82
1586966218076,197.82
1586966253195,197.76
1586966253195,197.76
1586966270745,197.76
1586966283231,197.87
1586966283231,197.87
1586966283231,197.87
1586966283231,197.87
1586966283231,197.87
1586966283231,197.87
1586966283231,197.87
1586966283231,197.87
1586966373179,197.495
1586966373179,197.495
1586966373179,197.495
1586966373179,197.495
1586966373179,197.495
1586966373179,197.495
1586966430850,197.29
1586966430850,197.29
1586966430850,197.29
1586966461388,197.33
1586966461388,197.33
1586966461388,197.33
1586966461388,197.33
1586966461388,197.33
1586966461388,197.33
1586966533574,197.49
1586966533574,197.49
1586966555255,197.505
1586966555255,197.505
1586966568146,197.66
1586966583107,197.97
1586966583107,197.97
1586966583107,197.97
1586966583107,197.97
1586966628556,197.94
1586966635104,197.915
1586966635104,197.915
1586966635104,197.915
1586966665361,197.875
1586966675412,197.96
1586966675412,197.96
1586966675412,197.96
1586966675412,197.96
1586966675412,197.96
1586966675412,197.96
1586966675412,197.96
1586966675412,197.96
1586966675412,197.96
1586966675412,197.96
1586966675412,197.96
1586966675412,197.96
1586966675412,197.96
1586966675412,197.96
1586966675412,197.96
1586966675412,197.96
1586966844842,197.69
1586966844842,197.69
1586966873228,197.7
1586966873228,197.7
1586966892190,197.66
1586966892190,197.66
1586966892190,197.66
1586966892190,197.66
1586966892190,197.66
1586966892190,197.66
1586966892190,197.66
1586966892190,197.66
1586966892190,197.66
1586966892190,197.66
1586966892190,197.66
1586966892190,197.66
1586967017048,197.45
1586967017048,197.45
1586967047369,197.26
1586967058546,197.28
1586967067974,197.2
1586967067974,197.2
1586967092159,197.2
1586967092159,197.2
1586967113933,197.24
1586967113933,197.24
1586967113933,197.24
1586967140788,197.36
1586967147044,197.39
1586967147044,197.39
1586967168548,197.51
1586967168548,197.51
1586967195437,197.35
1586967195437,197.35
1586967213772,197.31
1586967213772,197.31
1586967213772,197.31
1586967247836,197.29
1586967247836,197.29
1586967247836,197.29
1586967279981,197.385
1586967279981,197.385
1586967297582,197.58
1586967297582,197.58
1586967297582,197.58
1586967335804,197.655
1586967343281,197.67
1586967343281,197.67
1586967343281,197.67
1586967343281,197.67
1586967343281,197.67
1586967343281,197.67
1586967409376,197.81
1586967409376,197.81
1586967409376,197.81
1586967409376,197.81
1586967409376,197.81
1586967462164,197.56
1586967466112,197.595
1586967466112,197.595
1586967493364,197.59
1586967493364,197.59
1586967508217,197.59
1586967508217,197.59
1586967528925,197.62
1586967543967,197.665
1586967543967,197.665
1586967543967,197.665
1586967543967,197.665
1586967543967,197.665
1586967602999,197.56
1586967602999,197.56
1586967617766,197.765
1586967617766,197.765
1586967645919,197.785
1586967653374,197.91
1586967660495,197.84
1586967669368,197.87
1586967669368,197.87
1586967698234,197.97
1586967703127,197.95
1586967715207,197.96
1586967715207,197.96
1586967738299,198.11
1586967738299,198.11
1586967738299,198.11
1586967738299,198.11
1586967738299,198.11
1586967738299,198.11
1586967738299,198.11
1586967738299,198.11
1586967738299,198.11
1586967738299,198.11
1586967841874,198.315
1586967841874,198.315
1586967841874,198.315
1586967841874,198.315
1586967887879,198.195
1586967895545,198.21
1586967895545,198.21
1586967895545,198.21
1586967895545,198.21
1586967895545,198.21
1586967895545,198.21
1586967895545,198.21
1586967895545,198.21
1586967895545,198.21
1586967895545,198.21
1586967895545,198.21
1586968014865,198.22
1586968022680,198.24
1586968035969,198.22
1586968047989,198.24
1586968047989,198.24
1586968047989,198.24
1586968047989,198.24
1586968047989,198.24
1586968047989,198.24
1586968047989,198.24
1586968047989,198.24
1586968047989,198.24
1586968142475,198.4
1586968142475,198.4
1586968160203,198.6
1586968160203,198.6
1586968188154,198.71
1586968188154,198.71
1586968210021,198.74
1586968210021,198.74
1586968210021,198.74
1586968210021,198.74
1586968210021,198.74
1586968210021,198.74
1586968210021,198.74
1586968210021,198.74
1586968210021,198.74
1586968210021,198.74
1586968210021,198.74
1586968330783,198.495
1586968333661,198.52
1586968333661,198.52
1586968353373,198.475
1586968353373,198.475
1586968353373,198.475
1586968353373,198.475
1586968353373,198.475
1586968353373,198.475
1586968420421,198.52
1586968420421,198.52
1586968420421,198.52
1586968420421,198.52
1586968420421,198.52
1586968420421,198.52
1586968420421,198.52
1586968420421,198.52
1586968420421,198.52
1586968517424,198.61
1586968517424,198.61
1586968517424,198.61
1586968517424,198.61
1586968517424,198.61
1586968517424,198.61
1586968517424,198.61
1586968517424,198.61
1586968517424,198.61
1586968609988,198.39
1586968609988,198.39
1586968609988,198.39
1586968609988,198.39
1586968609988,198.39
1586968674178,198.365
1586968676373,198.31
1586968676373,198.31
1586968676373,198.31
1586968676373,198.31
1586968676373,198.31
1586968676373,198.31
1586968741547,198.4
1586968756197,198.35
1586968756197,198.35
1586968782545,198.33
1586968794800,198.48
1586968794800,198.48
1586968808005,198.435
1586968808005,198.435
1586968808005,198.435
1586968808005,198.435
1586968808005,198.435
1586968864417,198.5
1586968864417,198.5
1586968864417,198.5
1586968894326,198.59
1586968894326,198.59
1586968894326,198.59
1586968894326,198.59
1586968894326,198.59
1586968894326,198.59
1586968894326,198.59
1586968894326,198.59
1586968894326,198.59
1586968894326,198.59
1586968894326,198.59
1586968894326,198.59
1586968894326,198.59
1586968894326,198.59
1586968894326,198.59
1586968894326,198.59
1586968894326,198.59
1586968894326,198.59
1586968894326,198.59
1586968894326,198.59
1586968894326,198.59
1586968894326,198.59
1586968894326,198.59
1586968894326,198.59
1586968894326,198.59
1586968894326,198.59
1586968894326,198.59
1586968894326,198.59
1586968894326,198.59
1586969203398,199.1
1586969213517,199
1586969213517,199
1586969213517,199
1586969213517,199
1586969213517,199
1586969213517,199
1586969213517,199
1586969213517,199
1586969213517,199
1586969213517,199
1586969213517,199
1586969213517,199
1586969213517,199
1586969213517,199
1586969213517,199
1586969213517,199
1586969387911,199.2
1586969387911,199.2
1586969387911,199.2
1586969387911,199.2
1586969387911,199.2
1586969387911,199.2
1586969387911,199.2
1586969466393,199.55
1586969466393,199.55
1586969466393,199.55
1586969466393,199.55
1586969466393,199.55
1586969466393,199.55
1586969466393,199.55
1586969542009,199.42
1586969542009,199.42
1586969565714,199.34
1586969567276,199.33
1586969567276,199.33
1586969567276,199.33
1586969567276,199.33
1586969567276,199.33
1586969567276,199.33
1586969567276,199.33
1586969567276,199.33
1586969567276,199.33
1586969567276,199.33
1586969567276,199.33
1586969567276,199.33
1586969567276,199.33
1586969567276,199.33
1586969720033,199.13
1586969720033,199.13
1586969744416,199.12
1586969744416,199.12
1586969765123,199.1
1586969765123,199.1
1586969785784,199.17
1586969785784,199.17
1586969809217,199.175
1586969814862,199.15
1586969814862,199.15
1586969814862,199.15
1586969853126,199.245
1586969862211,199.315
1586969874192,199.305
1586969874192,199.305
1586969895140,199.29
1586969895140,199.29
1586969895140,199.29
1586969924969,199.415
1586969924969,199.415
1586969943989,199.445
1586969943989,199.445
1586969964852,199.44
1586969976947,199.315
1586969985024,199.295
1586970006646,199.195
1586970016836,199.14
1586970016836,199.14
1586970036610,199.075
1586970040894,199.085
1586970053456,199.15
1586970053456,199.15
1586970082715,199.44
1586970082715,199.44
1586970108761,199.52
1586970108761,199.52
1586970124958,199.5
1586970139452,199.56
1586970139452,199.56
1586970139452,199.56
1586970139452,199.56
1586970139452,199.56
1586970187736,199.295
1586970206294,199.35
1586970206294,199.35
1586970206294,199.35
1586970206294,199.35
1586970246880,199.31
1586970263147,199.24
1586970266156,199.27
1586970284857,199.37
1586970284857,199.37
1586970284857,199.37
1586970284857,199.37
1586970320031,199.345
1586970333155,199.225
1586970333155,199.225
1586970333155,199.225
1586970333155,199.225
1586970375609,199.115
1586970382489,199.08
1586970398194,199.06
1586970402858,199.105
1586970418843,199.04
1586970425329,198.975
1586970435632,198.93
1586970454326,198.985
1586970460795,198.935
1586970460795,198.935
1586970460795,198.935
1586970494231,199.34
1586970494231,199.34
1586970513329,199.435
1586970525367,199.52
1586970536121,199.47
1586970544087,199.41
1586970544087,199.41
1586970567439,199.43
1586970578692,199.44
1586970590010,199.505
1586970600018,199.465
1586970600018,199.465
1586970600018,199.465
1586970600018,199.465
1586970644481,199.56
1586970644481,199.56
1586970644481,199.56
1586970644481,199.56
1586970644481,199.56
1586970696925,199.54
1586970708081,199.43
1586970708081,199.43
1586970708081,199.43
1586970708081,199.43
1586970747593,199.44
1586970747593,199.44
1586970764846,199.445
1586970764846,199.445
1586970787623,199.46
1586970787623,199.46
1586970787623,199.46
1586970824991,199.52
1586970824991,199.52
1586970824991,199.52
1586970855754,199.63
1586970855754,199.63
1586970873476,199.63
1586970886088,199.635
1586970895955,199.63
1586970911986,199.7
1586970911986,199.7
1586970932424,199.675
1586970932424,199.675
1586970944234,199.61
1586970944234,199.61
1586970972975,199.705
1586970972975,199.705
1586970972975,199.705
1586971006703,199.75
1586971007709,199.735
1586971023136,199.73
1586971023136,199.73
1586971023136,199.73
1586971057970,199.83
1586971069236,199.935
1586971078020,199.98
1586971092028,200.125
1586971098300,200.205
1586971098300,200.205
1586971125655,200.195
1586971125655,200.195
1586971125655,200.195
1586971125655,200.195
1586971125655,200.195
1586971125655,200.195
1586971125655,200.195
1586971197053,200.09
1586971197053,200.09
1586971197053,200.09
1586971197053,200.09
1586971197053,200.09
1586971197053,200.09
1586971197053,200.09
1586971197053,200.09
1586971197053,200.09
1586971197053,200.09
1586971197053,200.09
1586971197053,200.09
1586971197053,200.09
1586971342193,199.705
1586971349109,199.73
1586971364486,199.74
1586971370609,199.765
1586971370609,199.765
1586971396583,199.725
1586971400389,199.7
1586971418112,199.67
1586971426290,199.68
1586971426290,199.68
1586971449602,199.71
1586971449602,199.71
1586971449602,199.71
1586971478509,199.68
1586971486427,199.665
1586971497473,199.59
1586971497473,199.59
1586971525412,199.73
1586971525412,199.73
1586971546554,199.71
1586971546554,199.71
1586971561052,199.605
1586971561052,199.605
1586971592837,199.43
1586971602515,199.355
1586971611937,199.29
1586971625579,199.19
1586971634437,199.165
1586971634437,199.165
1586971650242,199.14
1586971666658,199.18
1586971669988,199.15
1586971691222,199.11
1586971691222,199.11
1586971691222,199.11
1586971691222,199.11
1586971691222,199.11
1586971744568,199.14
1586971744568,199.14
1586971760125,199.175
1586971760125,199.175
1586971787005,199.195
1586971798021,199.265
1586971805151,199.26
1586971823798,199.175
1586971823798,199.175
1586971835890,199.21
1586971846959,199.16
1586971857903,199.205
1586971857903,199.205
1586971857903,199.205
1586971857903,199.205
1586971857903,199.205
1586971924550,199.09
1586971924550,199.09
1586971945005,199.11
1586971958530,199.065
1586971963231,199.125
1586971979079,199.075
1586971979079,199.075
1586972007875,199.12
1586972019364,198.94
1586972019364,198.94
1586972019364,198.94
1586972019364,198.94
1586972019364,198.94
1586972019364,198.94
1586972080571,198.895
1586972088288,198.975
1586972088288,198.975
1586972088288,198.975
1586972119115,199.08
1586972119115,199.08
1586972119115,199.08
1586972119115,199.08
1586972164565,199.13
1586972164565,199.13
1586972164565,199.13
1586972164565,199.13
1586972210199,199
1586972220360,198.94
1586972220360,198.94
1586972220360,198.94
1586972249022,198.97
1586972263896,199
1586972263896,199
1586972263896,199
1586972263896,199
1586972263896,199
1586972263896,199
1586972330731,198.46
1586972342697,198.455
1586972342697,198.455
1586972342697,198.455
1586972342697,198.455
1586972342697,198.455
1586972342697,198.455
1586972342697,198.455
1586972342697,198.455
1586972424324,198.56
1586972424324,198.56
1586972448550,198.61
1586972448550,198.61
1586972468143,198.55
1586972468143,198.55
1586972468143,198.55
1586972509719,198.335
1586972509719,198.335
1586972509719,198.335
1586972509719,198.335
1586972509719,198.335
1586972509719,198.335
1586972574017,198.205
1586972574017,198.205
1586972599949,198.47
1586972599949,198.47
1586972599949,198.47
1586972599949,198.47
1586972599949,198.47
1586972656178,198.54
1586972659801,198.54
1586972674469,198.64
1586972674469,198.64
1586972674469,198.64
1586972708864,198.675
1586972715392,198.64
1586972730901,198.54
1586972736385,198.49
1586972745964,198.425
1586972745964,198.425
1586972766884,198.61
1586972766884,198.61
1586972766884,198.61
1586972766884,198.61
1586972766884,198.61
1586972827140,198.665
1586972827140,198.665
1586972827140,198.665
1586972858656,198.66
1586972858656,198.66
1586972858656,198.66
1586972858656,198.66
1586972858656,198.66
1586972858656,198.66
1586972858656,198.66
1586972926727,198.735
1586972926727,198.735
1586972926727,198.735
1586972926727,198.735
1586972926727,198.735
1586972926727,198.735
1586972998859,198.935
1586973010371,199
1586973010371,199
1586973023903,198.98
1586973040753,199.07
1586973040753,199.07
1586973057277,199.02
1586973072860,198.89
1586973090219,199.05
1586973090219,199.05
1586973090219,199.05
1586973090219,199.05
1586973127978,198.725
1586973127978,198.725
1586973153694,198.65
1586973153694,198.65
1586973153694,198.65
1586973189010,198.645
1586973201087,198.6
1586973201087,198.6
1586973201087,198.6
1586973225384,198.695
1586973225384,198.695
1586973247966,198.59
1586973247966,198.59
1586973247966,198.59
1586973287264,198.585
1586973287264,198.585
1586973307884,198.59
1586973307884,198.59
1586973325971,198.66
1586973325971,198.66
1586973347502,198.685
1586973360972,198.685
1586973375882,198.405
1586973375882,198.405
1586973397786,198.3
1586973406606,198.305
1586973417314,198.335
1586973424598,198.345
1586973424598,198.345
1586973424598,198.345
1586973424598,198.345
1586973471089,198.39
1586973481618,198.39
1586973490664,198.345
1586973500440,198.375
1586973500440,198.375
1586973519188,198.42
1586973519188,198.42
1586973519188,198.42
1586973519188,198.42
1586973564108,198.415
1586973564108,198.415
1586973583048,198.365
1586973595420,198.375
1586973595420,198.375
1586973595420,198.375
1586973634158,198.46
1586973634158,198.46
1586973648154,198.4
1586973662462,198.425
1586973673953,198.385
1586973673953,198.385
1586973693762,198.53
1586973701439,198.58
1586973716455,198.56
1586973716455,198.56
1586973740603,198.68
1586973740603,198.68
1586973740603,198.68
1586973768824,198.945
1586973789098,198.865
1586973791756,198.93
1586973791756,198.93
1586973791756,198.93
1586973834119,199.03
1586973841541,199.05
1586973841541,199.05
1586973863550,199.08
1586973870146,199.01
1586973870146,199.01
1586973892974,198.985
1586973898420,199.005
1586973898420,199.005
1586973919474,199
1586973939314,198.91
1586973946562,198.875
1586973957855,198.81
1586973974674,198.595
1586973985793,198.69
1586973998608,198.705
1586974007141,198.7
1586974011700,198.7
1586974011700,198.7
1586974011700,198.7
1586974052196,198.67
1586974058237,198.625
1586974058237,198.625
1586974058237,198.625
1586974058237,198.625
1586974058237,198.625
1586974115301,198.5
1586974129532,198.475
1586974129532,198.475
1586974142520,198.45
1586974142520,198.45
1586974142520,198.45
1586974142520,198.45
1586974142520,198.45
1586974142520,198.45
1586974142520,198.45
1586974142520,198.45
1586974142520,198.45
1586974249818,198.41
1586974249818,198.41
1586974249818,198.41
1586974279651,198.475
1586974286906,198.63
1586974286906,198.63
1586974286906,198.63
1586974286906,198.63
1586974286906,198.63
1586974349175,198.67
1586974349175,198.67
1586974349175,198.67
1586974349175,198.67
1586974391928,198.975
1586974391928,198.975
1586974410509,199.005
1586974410509,199.005
1586974437482,198.925
1586974437482,198.925
1586974437482,198.925
1586974437482,198.925
1586974437482,198.925
1586974437482,198.925
1586974437482,198.925
1586974437482,198.925
1586974437482,198.925
1586974437482,198.925
1586974547538,198.85
1586974547538,198.85
1586974547538,198.85
1586974547538,198.85
1586974547538,198.85
1586974547538,198.85
1586974547538,198.85
1586974622252,198.89
1586974639353,199
1586974653357,199.03
1586974655549,199.03
1586974655549,199.03
1586974655549,199.03
1586974693177,199.335
1586974709240,199.37
1586974709240,199.37
1586974721916,199.5
1586974732664,199.475
1586974732664,199.475
1586974732664,199.475
1586974732664,199.475
1586974732664,199.475
1586974732664,199.475
1586974732664,199.475
1586974732664,199.475
1586974732664,199.475
1586974732664,199.475
1586974732664,199.475
1586974732664,199.475
1586974732664,199.475
1586974882303,199.2
1586974882303,199.2
1586974882303,199.2
1586974882303,199.2
1586974882303,199.2
1586974941090,199.3
1586974941090,199.3
1586974941090,199.3
1586974941090,199.3
1586974941090,199.3
1586974941090,199.3
1586975005360,199.265
1586975005360,199.265
1586975005360,199.265
1586975005360,199.265
1586975005360,199.265
1586975005360,199.265
1586975005360,199.265
1586975081309,199.435
1586975087668,199.415
1586975093333,199.34
1586975093333,199.34
1586975121747,199.155
1586975131966,199.095
1586975147897,198.99
1586975151433,198.985
1586975162526,198.97
1586975178072,198.96
1586975187055,199.1
1586975187055,199.1
1586975208163,198.97
1586975208163,198.97
1586975208163,198.97
1586975208163,198.97
1586975249692,198.86
1586975249692,198.86
1586975272350,198.88
1586975272350,198.88
1586975272350,198.88
1586975272350,198.88
1586975272350,198.88
1586975328399,199.135
1586975328399,199.135
1586975328399,199.135
1586975328399,199.135
1586975328399,199.135
1586975382386,199.285
1586975382386,199.285
1586975382386,199.285
1586975414006,199.6
1586975414006,199.6
1586975414006,199.6
1586975414006,199.6
1586975414006,199.6
1586975414006,199.6
1586975414006,199.6
1586975480217,199.21
1586975480217,199.21
1586975480217,199.21
1586975516273,199.335
1586975530319,199.315
1586975538836,199.32
1586975553204,199.405
1586975560621,199.435
1586975571325,199.46
1586975571325,199.46
1586975571325,199.46
1586975605808,199.62
1586975605808,199.62
1586975605808,199.62
1586975605808,199.62
1586975605808,199.62
1586975605808,199.62
1586975672429,199.79
1586975676355,199.795
1586975694382,199.72
1586975694382,199.72
1586975694382,199.72
1586975722997,199.7
1586975735791,199.74
1586975735791,199.74
1586975756494,199.95
1586975764734,199.91
1586975764734,199.91
1586975764734,199.91
1586975764734,199.91
1586975764734,199.91
1586975764734,199.91
1586975831589,199.845
1586975831589,199.845
1586975831589,199.845
1586975831589,199.845
1586975831589,199.845
1586975831589,199.845
1586975831589,199.845
1586975831589,199.845
1586975831589,199.845
1586975831589,199.845
1586975940130,200
1586975940130,200
1586975940130,200
1586975940130,200
1586975989250,199.98
1586975990829,199.98
1586975990829,199.98
1586975990829,199.98
1586975990829,199.98
1586975990829,199.98
1586975990829,199.98
1586975990829,199.98
1586975990829,199.98
1586975990829,199.98
1586975990829,199.98
1586975990829,199.98
1586975990829,199.98
1586975990829,199.98
1586976130199,199.85
1586976130199,199.85
1586976155502,199.86
1586976155502,199.86
1586976155502,199.86
1586976155502,199.86
1586976155502,199.86
1586976155502,199.86
1586976155502,199.86
1586976231333,199.68
1586976241358,199.63
1586976241358,199.63
1586976241358,199.63
1586976241358,199.63
1586976241358,199.63
1586976241358,199.63
1586976241358,199.63
1586976241358,199.63
1586976241358,199.63
1586976241358,199.63
1586976241358,199.63
1586976241358,199.63
1586976241358,199.63
1586976382679,199.55
1586976382679,199.55
1586976407191,199.68
1586976407191,199.68
1586976429155,199.805
1586976429155,199.805
1586976429155,199.805
1586976463707,199.77
1586976463707,199.77
1586976463707,199.77
1586976463707,199.77
1586976511160,199.48
1586976511160,199.48
1586976511160,199.48
1586976511160,199.48
1586976511160,199.48
1586976511160,199.48
1586976578489,199.68
1586976578489,199.68
1586976578489,199.68
1586976578489,199.68
1586976578489,199.68
1586976578489,199.68
1586976578489,199.68
1586976578489,199.68
1586976661901,199.4
1586976661901,199.4
1586976661901,199.4
1586976661901,199.4
1586976661901,199.4
1586976661901,199.4
1586976661901,199.4
1586976661901,199.4
1586976661901,199.4
1586976661901,199.4
1586976764265,199.3
1586976764265,199.3
1586976764265,199.3
1586976764265,199.3
1586976764265,199.3
1586976764265,199.3
1586976764265,199.3
1586976764265,199.3
1586976848866,199.39
1586976848866,199.39
1586976848866,199.39
1586976889296,199.375
1586976889296,199.375
1586976889296,199.375
1586976922348,199.44
1586976928849,199.46
1586976928849,199.46
1586976949468,199.45
1586976949468,199.45
1586976949468,199.45
1586976949468,199.45
1586976949468,199.45
1586977009599,199.37
1586977021690,199.415
1586977025846,199.46
1586977025846,199.46
1586977050354,199.56
1586977050354,199.56
1586977074349,199.865
1586977082041,199.87
1586977082041,199.87
1586977082041,199.87
1586977118405,199.965
1586977118405,199.965
1586977133848,200.03
1586977133848,200.03
1586977159017,200
1586977166708,200.1
1586977180506,200.105
1586977188092,200.105
1586977193337,200.06
1586977193337,200.06
1586977193337,200.06
1586977193337,200.06
1586977193337,200.06
1586977254731,199.87
1586977254731,199.87
1586977254731,199.87
1586977254731,199.87
1586977254731,199.87
1586977254731,199.87
1586977317242,200.045
1586977317242,200.045
1586977317242,200.045
1586977317242,200.045
1586977317242,200.045
1586977317242,200.045
1586977317242,200.045
1586977317242,200.045
1586977317242,200.045
1586977317242,200.045
1586977317242,200.045
1586977317242,200.045
1586977317242,200.045
1586977317242,200.045
1586977317242,200.045
1586977317242,200.045
1586977483826,199.635
1586977483826,199.635
1586977511378,199.61
1586977511378,199.61
1586977526724,199.5
1586977526724,199.5
1586977526724,199.5
1586977559183,199.44
1586977559183,199.44
1586977588149,199.27
1586977588149,199.27
1586977609279,199.1
1586977617416,199.17
1586977633261,198.96
1586977640547,198.95
1586977653163,198.95
1586977658479,198.94
1586977669442,199.015
1586977669442,199.015
1586977669442,199.015
1586977669442,199.015
1586977669442,199.015
1586977669442,199.015
1586977669442,199.015
1586977669442,199.015
1586977669442,199.015
1586977669442,199.015
1586977669442,199.015
1586977669442,199.015
1586977669442,199.015
1586977669442,199.015
1586977821267,198.65
1586977821267,198.65
1586977821267,198.65
1586977821267,198.65
1586977821267,198.65
1586977821267,198.65
1586977821267,198.65
1586977821267,198.65
1586977899333,198.58
1586977899333,198.58
1586977899333,198.58
1586977899333,198.58
1586977899333,198.58
1586977899333,198.58
1586977899333,198.58
1586977899333,198.58
1586977899333,198.58
1586977999354,198.71
1586977999354,198.71
1586977999354,198.71
1586977999354,198.71
1586977999354,198.71
1586977999354,198.71
1586977999354,198.71
1586977999354,198.71
1586977999354,198.71
1586978089044,198.67
1586978089044,198.67
1586978089044,198.67
1586978128808,198.63
1586978128808,198.63
1586978128808,198.63
1586978128808,198.63
1586978128808,198.63
1586978128808,198.63
1586978128808,198.63
1586978128808,198.63
1586978211750,198.685
1586978218968,198.745
1586978229267,198.74
1586978245359,198.73
1586978245359,198.73
1586978245359,198.73
1586978245359,198.73
1586978280847,198.94
1586978280847,198.94
1586978280847,198.94
1586978321229,199
1586978321229,199
1586978321229,199
1586978353630,198.85
1586978353630,198.85
1586978353630,198.85
1586978382724,198.96
1586978382724,198.96
1586978382724,198.96
1586978416492,199.03
1586978425848,198.96
1586978425848,198.96
1586978425848,198.96
1586978458333,198.975
1586978471906,198.985
1586978471906,198.985
1586978471906,198.985
1586978471906,198.985
1586978471906,198.985
1586978471906,198.985
1586978534133,199
1586978534133,199
1586978534133,199
1586978534133,199
1586978534133,199
1586978534133,199
1586978534133,199
1586978534133,199
1586978534133,199
1586978534133,199
1586978534133,199
1586978534133,199
1586978663874,198.615
1586978663874,198.615
1586978663874,198.615
1586978663874,198.615
1586978663874,198.615
1586978663874,198.615
1586978663874,198.615
1586978744024,198.7
1586978755054,198.64
1586978759353,198.64
1586978759353,198.64
1586978759353,198.64
1586978800796,198.725
1586978802032,198.74
1586978802032,198.74
1586978802032,198.74
1586978802032,198.74
1586978802032,198.74
1586978802032,198.74
1586978802032,198.74
1586978802032,198.74
1586978886634,198.56
1586978905638,198.555
1586978918660,198.51
1586978923119,198.375
1586978930289,198.315
1586978939975,198.22
1586978939975,198.22
1586978939975,198.22
1586978978865,198.46
1586978978865,198.46
1586979001017,198.58
1586979001017,198.58
1586979001017,198.58
1586979001017,198.58
1586979001017,198.58
1586979050500,198.545
1586979065610,198.63
1586979065610,198.63
1586979065610,198.63
1586979065610,198.63
1586979104967,198.69
1586979126144,198.625
1586979126144,198.625
1586979126144,198.625
1586979126144,198.625
1586979170821,198.43
1586979170821,198.43
1586979191023,198.43
1586979191023,198.43
1586979214087,198.44
1586979214087,198.44
1586979214087,198.44
1586979214087,198.44
1586979214087,198.44
1586979214087,198.44
1586979214087,198.44
1586979214087,198.44
1586979299686,198.53
1586979299686,198.53
1586979314916,198.39
1586979314916,198.39
1586979341332,198.585
1586979357080,198.64
1586979357080,198.64
1586979357080,198.64
1586979357080,198.64
1586979357080,198.64
1586979357080,198.64
1586979357080,198.64
1586979357080,198.64
1586979357080,198.64
1586979357080,198.64
1586979357080,198.64
1586979357080,198.64
1586979357080,198.64
1586979357080,198.64
1586979505848,198.62
1586979505848,198.62
1586979505848,198.62
1586979505848,198.62
1586979541654,198.78
1586979560909,198.78
1586979569098,198.73
1586979583867,198.71
1586979583867,198.71
1586979603050,198.6
1586979603050,198.6
1586979603050,198.6
1586979603050,198.6
1586979646495,198.4
1586979650451,198.38
1586979650451,198.38
1586979650451,198.38
1586979650451,198.38
1586979698704,198.32
1586979711687,198.3
1586979720136,198.28
1586979733280,198.255
1586979747692,198.255
1586979756607,198.16
1586979764970,198.155
1586979764970,198.155
1586979764970,198.155
1586979764970,198.155
1586979764970,198.155
1586979764970,198.155
1586979764970,198.155
1586979849149,198.41
1586979850599,198.41
1586979850599,198.41
1586979874002,198.405
1586979892139,198.31
1586979892139,198.31
1586979907717,198.63
1586979907717,198.63
1586979937972,198.6
1586979937972,198.6
1586979954309,198.53
1586979954309,198.53
1586979980320,198.6
1586979986385,198.67
1586979998778,198.665
1586979998778,198.665
1586979998778,198.665
1586979998778,198.665
1586980053568,198.5
1586980053568,198.5
1586980053568,198.5
1586980053568,198.5
1586980053568,198.5
1586980107719,198.53
1586980107719,198.53
1586980127991,198.61
1586980138190,198.545
1586980138190,198.545
1586980160725,198.66
1586980170796,198.585
1586980183031,198.55
1586980196365,198.48
1586980200325,198.35
1586980212579,198.29
1586980229916,198.445
1586980233732,198.42
1586980252011,198.43
1586980258075,198.425
1586980258075,198.425
1586980279525,198.29
1586980279525,198.29
1586980306240,198.2
1586980313347,198.125
1586980319679,198.08
1586980342278,198.15
1586980358154,198.22
1586980358154,198.22
1586980369369,198.11
1586980384207,198.07
1586980396508,198.18
1586980409236,198.12
1586980418219,198.08
1586980432288,198.07
1586980438138,198.11
1586980453711,198.105
1586980464447,198.05
1586980475266,198.08
1586980489774,198.06
1586980493248,198.01
1586980510366,198.11
1586980524314,198.15
1586980542459,198.16
1586980549550,198.24
1586980562354,198.26
1586980576232,198.22
1586980585631,198.15
1586980585631,198.15
1586980607533,198.275
1586980620832,198.215
1586980631209,198.16
1586980644000,198.22
1586980653780,198.2
1586980658340,198.18
1586980674315,198.135
1586980688711,198.08
1586980697985,198.155
1586980710443,198.13
1586980720744,198.23
1586980732214,198.16
1586980732214,198.16
1586980756986,198.26
1586980764579,198.22
1586980776504,198.26
1586980782872,198.3
