1585834250781,79.72
1585834250781,79.72
1585834280808,79.86
1585834290527,79.46
1585834290527,79.46
1585834290527,79.46
1585834323212,79.27
1585834323212,79.27
1585834339114,79.295
1585834347470,79.14
1585834347470,79.14
1585834347470,79.14
1585834347470,79.14
1585834391451,79.62
1585834402895,79.77
1585834402895,79.77
1585834402895,79.77
1585834402895,79.77
1585834449375,79.45
1585834449375,79.45
1585834468436,79.78
1585834468436,79.78
1585834485911,79.97
1585834500110,79.735
1585834504527,79.75
1585834504527,79.75
1585834504527,79.75
1585834536411,80.46
1585834536411,80.46
1585834536411,80.46
1585834536411,80.46
1585834580943,79.93
1585834595114,79.84
1585834597950,79.71
1585834610315,79.75
1585834623145,79.815
1585834623145,79.815
1585834645295,79.61
1585834655444,79.5
1585834667186,79.53
1585834670901,79.58
1585834691056,79.75
1585834699656,79.905
1585834699656,79.905
1585834718721,79.965
1585834718721,79.965
1585834742821,79.8
1585834742821,79.8
1585834742821,79.8
1585834742821,79.8
1585834742821,79.8
1585834785511,79.845
1585834785511,79.845
1585834814853,80.075
1585834814853,80.075
1585834814853,80.075
1585834814853,80.075
1585834855209,79.99
1585834855209,79.99
1585834874288,79.95
1585834886615,79.855
1585834898380,79.845
1585834909342,79.9
1585834912488,79.87
1585834926647,79.84
1585834926647,79.84
1585834926647,79.84
1585834926647,79.84
1585834967327,79.83
1585834967327,79.83
1585834984788,79.81
1585835001432,79.54
1585835012570,79.27
1585835012570,79.27
1585835012570,79.27
1585835012570,79.27
1585835012570,79.27
1585835012570,79.27
1585835066411,79.125
1585835066411,79.125
1585835094566,79.27
1585835094566,79.27
1585835094566,79.27
1585835122725,79.32
1585835140627,79.3
1585835140627,79.3
1585835140627,79.3
1585835140627,79.3
1585835182189,79.325
1585835182594,79.28
1585835182594,79.28
1585835208782,79.1
1585835223717,79.03
1585835223717,79.03
1585835223717,79.03
1585835223717,79.03
1585835223717,79.03
1585835223717,79.03
1585835223717,79.03
1585835223717,79.03
1585835223717,79.03
1585835223717,79.03
1585835223717,79.03
1585835223717,79.03
1585835223717,79.03
1585835223717,79.03
1585835223717,79.03
1585835223717,79.03
1585835223717,79.03
1585835395823,79.1
1585835410864,79.01
1585835416808,79
1585835424992,78.855
1585835424992,78.855
1585835445043,78.98
1585835461687,79.03
1585835467501,79.155
1585835467501,79.155
1585835467501,79.155
1585835467501,79.155
1585835509518,79.175
1585835519352,79.215
1585835534456,79.275
1585835534456,79.275
1585835553957,79.175
1585835553957,79.175
1585835577093,79.18
1585835577093,79.18
1585835577093,79.18
1585835577093,79.18
1585835577093,79.18
1585835632402,79.325
1585835643924,79.29
1585835648731,79.22
1585835661844,79.09
1585835661844,79.09
1585835661844,79.09
1585835661844,79.09
1585835661844,79.09
1585835711051,79.255
1585835725754,79.37
1585835738595,79.275
1585835738595,79.275
1585835738595,79.275
1585835738595,79.275
1585835738595,79.275
1585835738595,79.275
1585835738595,79.275
1585835812613,79.32
1585835812613,79.32
1585835812613,79.32
1585835812613,79.32
1585835812613,79.32
1585835862630,79.525
1585835869714,79.51
1585835869714,79.51
1585835869714,79.51
1585835869714,79.51
1585835869714,79.51
1585835922928,79.395
1585835922928,79.395
1585835941661,79.64
1585835948817,79.82
1585835948817,79.82
1585835948817,79.82
1585835948817,79.82
1585835948817,79.82
1585836001307,79.79
1585836016682,80.11
1585836016682,80.11
1585836039820,79.795
1585836039820,79.795
1585836039820,79.795
1585836039820,79.795
1585836039820,79.795
1585836039820,79.795
1585836100977,79.86
1585836100977,79.86
1585836120675,79.9
1585836120675,79.9
1585836147395,80.275
1585836147395,80.275
1585836147395,80.275
1585836175595,80.285
1585836184315,80.17
1585836199547,79.85
1585836199547,79.85
1585836199547,79.85
1585836225841,79.905
1585836225841,79.905
1585836246149,79.77
1585836246149,79.77
1585836271122,79.77
1585836271122,79.77
1585836289401,79.645
1585836303702,79.665
1585836310499,79.565
1585836321667,79.75
1585836321667,79.75
1585836321667,79.75
1585836350838,79.75
1585836366484,79.72
1585836366484,79.72
1585836382551,79.66
1585836382551,79.66
1585836382551,79.66
1585836382551,79.66
1585836382551,79.66
1585836382551,79.66
1585836382551,79.66
1585836382551,79.66
1585836382551,79.66
1585836382551,79.66
1585836382551,79.66
1585836493769,79.765
1585836493769,79.765
1585836493769,79.765
1585836493769,79.765
1585836493769,79.765
1585836553357,79.92
1585836553357,79.92
1585836553357,79.92
1585836553357,79.92
1585836553357,79.92
1585836553357,79.92
1585836617810,80.05
1585836620030,80.08
1585836620030,80.08
1585836641122,80.245
1585836651906,80.18
1585836663232,80.18
1585836675087,80.16
1585836675087,80.16
1585836675087,80.16
1585836675087,80.16
1585836675087,80.16
1585836675087,80.16
1585836675087,80.16
1585836675087,80.16
1585836675087,80.16
1585836675087,80.16
1585836784477,80.085
1585836784477,80.085
1585836784477,80.085
1585836784477,80.085
1585836784477,80.085
1585836784477,80.085
1585836842112,80.01
1585836842112,80.01
1585836842112,80.01
1585836873704,80.175
1585836887763,80.18
1585836887763,80.18
1585836887763,80.18
1585836911170,80.205
1585836929129,80.215
1585836929129,80.215
1585836929129,80.215
1585836929129,80.215
1585836972447,80.35
1585836972447,80.35
1585836972447,80.35
1585836996583,80.21
1585836996583,80.21
1585836996583,80.21
1585836996583,80.21
1585836996583,80.21
1585836996583,80.21
1585836996583,80.21
1585837071370,80.08
1585837071370,80.08
1585837071370,80.08
1585837071370,80.08
1585837071370,80.08
1585837071370,80.08
1585837130321,80.32
1585837147759,80.26
1585837152754,80.27
1585837152754,80.27
1585837152754,80.27
1585837184103,80.43
1585837184103,80.43
1585837184103,80.43
1585837220538,80.47
1585837220538,80.47
1585837235162,80.42
1585837247096,80.47
1585837261531,80.41
1585837261531,80.41
1585837277808,80.28
1585837277808,80.28
1585837306286,80.65
1585837311834,80.62
1585837323743,80.71
1585837329806,80.605
1585837329806,80.605
1585837329806,80.605
1585837361342,80.755
1585837373144,80.87
1585837373144,80.87
1585837373144,80.87
1585837408070,80.86
1585837408070,80.86
1585837421853,80.725
1585837441461,80.585
1585837441461,80.585
1585837441461,80.585
1585837441461,80.585
1585837441461,80.585
1585837441461,80.585
1585837503707,80.575
1585837511694,80.57
1585837511694,80.57
1585837511694,80.57
1585837511694,80.57
1585837553345,80.46
1585837567667,80.52
1585837567667,80.52
1585837567667,80.52
1585837567667,80.52
1585837567667,80.52
1585837567667,80.52
1585837567667,80.52
1585837567667,80.52
1585837641923,80.49
1585837641923,80.49
1585837641923,80.49
1585837641923,80.49
1585837641923,80.49
1585837641923,80.49
1585837707355,80.66
1585837715236,80.62
1585837715236,80.62
1585837715236,80.62
1585837715236,80.62
1585837715236,80.62
1585837767009,80.71
1585837767009,80.71
1585837798062,80.87
1585837806462,80.9
1585837816154,81.09
1585837816154,81.09
1585837816154,81.09
1585837816154,81.09
1585837816154,81.09
1585837816154,81.09
1585837879578,81.375
1585837885605,81.41
1585837885605,81.41
1585837885605,81.41
1585837885605,81.41
1585837885605,81.41
1585837939286,81.55
1585837957286,81.435
1585837957286,81.435
1585837973691,81.42
1585837973691,81.42
1585837973691,81.42
1585838009149,81.21
1585838017341,81.155
1585838017341,81.155
1585838017341,81.155
1585838017341,81.155
1585838017341,81.155
1585838073302,81.125
1585838079898,81.04
1585838087328,81
1585838087328,81
1585838087328,81
1585838087328,81
1585838135945,81.05
1585838135945,81.05
1585838156224,81.205
1585838156224,81.205
1585838175048,81.165
1585838183470,81.13
1585838183470,81.13
1585838200807,81.12
1585838217543,81.235
1585838230144,81.34
1585838235410,81.22
1585838245031,81.17
1585838245031,81.17
1585838245031,81.17
1585838245031,81.17
1585838287356,81.3
1585838302584,81.37
1585838302584,81.37
1585838302584,81.37
1585838328582,81.245
1585838344371,81.33
1585838355319,81.34
1585838355319,81.34
1585838373019,81.26
1585838373019,81.26
1585838373019,81.26
1585838407699,81.21
1585838412016,81.195
1585838412016,81.195
1585838437964,81.12
1585838445649,81.02
1585838445649,81.02
1585838468116,81.03
1585838468116,81.03
1585838468116,81.03
1585838468116,81.03
1585838468116,81.03
1585838518844,81
1585838518844,81
1585838536348,81
1585838536348,81
1585838536348,81
1585838536348,81
1585838536348,81
1585838536348,81
1585838536348,81
1585838536348,81
1585838536348,81
1585838536348,81
1585838536348,81
1585838657744,80.82
1585838663182,80.78
1585838674585,80.82
1585838674585,80.82
1585838674585,80.82
1585838674585,80.82
1585838722353,80.85
1585838724510,80.84
1585838743492,80.635
1585838745148,80.695
1585838745148,80.695
1585838768255,80.88
1585838783340,80.8
1585838783340,80.8
1585838801736,80.54
1585838801736,80.54
1585838801736,80.54
1585838801736,80.54
1585838801736,80.54
1585838801736,80.54
1585838868977,80.195
1585838874804,80.23
1585838885128,80.2
1585838895335,80.31
1585838895335,80.31
1585838895335,80.31
1585838895335,80.31
1585838895335,80.31
1585838895335,80.31
1585838895335,80.31
1585838895335,80.31
1585838895335,80.31
1585838895335,80.31
1585838895335,80.31
1585838895335,80.31
1585838895335,80.31
1585838895335,80.31
1585838895335,80.31
1585838895335,80.31
1585838895335,80.31
1585838895335,80.31
1585838895335,80.31
1585838895335,80.31
1585838895335,80.31
1585838895335,80.31
1585839123504,80.155
1585839123504,80.155
1585839123504,80.155
1585839123504,80.155
1585839170323,79.81
1585839170323,79.81
1585839192626,79.795
1585839203374,79.85
1585839211434,79.845
1585839221083,79.87
1585839231154,79.985
1585839240914,79.945
1585839253224,79.81
1585839253224,79.81
1585839253224,79.81
1585839253224,79.81
1585839253224,79.81
1585839303649,79.83
1585839313583,79.93
1585839313583,79.93
1585839313583,79.93
1585839348663,80.015
1585839348663,80.015
1585839368501,80.27
1585839368501,80.27
1585839392009,80.245
1585839392009,80.245
1585839392009,80.245
1585839392009,80.245
1585839392009,80.245
1585839435165,80.065
1585839435165,80.065
1585839435165,80.065
1585839435165,80.065
1585839482861,80.275
1585839494950,80.29
1585839494950,80.29
1585839510649,80.34
1585839510649,80.34
1585839510649,80.34
1585839510649,80.34
1585839510649,80.34
1585839510649,80.34
1585839510649,80.34
1585839510649,80.34
1585839597476,80.28
1585839597476,80.28
1585839617820,80.26
1585839617820,80.26
1585839637317,80.1
1585839637317,80.1
1585839661780,80.1
1585839661780,80.1
1585839661780,80.1
1585839661780,80.1
1585839661780,80.1
1585839661780,80.1
1585839661780,80.1
1585839661780,80.1
1585839743507,80.185
1585839758503,80.29
1585839758503,80.29
1585839776392,80.225
1585839776392,80.225
1585839776392,80.225
1585839807414,80.285
1585839807414,80.285
1585839828182,80.23
1585839828182,80.23
1585839848826,80.435
1585839848826,80.435
1585839848826,80.435
1585839876150,80.36
1585839890322,80.22
1585839904152,80.34
1585839904152,80.34
1585839920778,80.26
1585839928356,80.345
1585839942277,80.265
1585839942277,80.265
1585839942277,80.265
1585839942277,80.265
1585839942277,80.265
1585839942277,80.265
1585839942277,80.265
1585839942277,80.265
1585839942277,80.265
1585839942277,80.265
1585839942277,80.265
1585839942277,80.265
1585839942277,80.265
1585839942277,80.265
1585839942277,80.265
1585840101815,80.21
1585840111527,80.295
1585840117066,80.265
1585840117066,80.265
1585840117066,80.265
1585840117066,80.265
1585840117066,80.265
1585840117066,80.265
1585840185582,80.395
1585840190143,80.39
1585840201482,80.385
1585840201482,80.385
1585840201482,80.385
1585840201482,80.385
1585840201482,80.385
1585840201482,80.385
1585840201482,80.385
1585840275724,80.275
1585840275724,80.275
1585840296451,80.29
1585840296451,80.29
1585840313822,80.25
1585840313822,80.25
1585840313822,80.25
1585840313822,80.25
1585840356164,80.395
1585840356164,80.395
1585840356164,80.395
1585840356164,80.395
1585840400682,80.295
1585840413277,80.33
1585840425431,80.29
1585840425431,80.29
1585840448180,80.11
1585840448180,80.11
1585840448180,80.11
1585840478029,79.95
1585840490723,79.84
1585840490723,79.84
1585840490723,79.84
1585840490723,79.84
1585840530390,80.09
1585840530390,80.09
1585840530390,80.09
1585840530390,80.09
1585840530390,80.09
1585840530390,80.09
1585840587027,80.28
1585840587027,80.28
1585840587027,80.28
1585840623021,80.14
1585840623021,80.14
1585840623021,80.14
1585840649995,80.14
1585840649995,80.14
1585840649995,80.14
1585840649995,80.14
1585840649995,80.14
1585840707934,80.43
1585840707934,80.43
1585840707934,80.43
1585840739464,80.325
1585840739464,80.325
1585840758041,80.27
1585840758041,80.27
1585840775272,80.315
1585840775272,80.315
1585840801309,80.26
1585840808642,80.235
1585840818295,80.245
1585840832503,80.23
1585840844799,80.19
1585840855043,80.155
1585840866555,80.145
1585840876044,80.12
1585840886690,80.105
1585840894946,80.13
1585840908046,80.03
1585840916837,80.025
1585840916837,80.025
1585840936887,80.025
1585840946350,80
1585840953635,79.98
1585840969478,79.89
1585840982066,79.88
1585840988783,79.885
1585840988783,79.885
1585840988783,79.885
1585841018647,79.995
1585841032918,79.945
1585841032918,79.945
1585841055166,80
1585841055166,80
1585841072714,80.005
1585841087403,79.945
1585841089141,79.945
1585841089141,79.945
1585841089141,79.945
1585841089141,79.945
1585841134181,79.8
1585841142294,79.9
1585841142294,79.9
1585841142294,79.9
1585841175259,79.71
1585841183512,79.675
1585841183512,79.675
1585841183512,79.675
1585841183512,79.675
1585841183512,79.675
1585841183512,79.675
1585841246137,79.595
1585841246137,79.595
1585841246137,79.595
1585841285529,79.64
1585841285529,79.64
1585841285529,79.64
1585841285529,79.64
1585841319957,79.76
1585841328663,79.77
1585841328663,79.77
1585841354617,79.58
1585841354617,79.58
1585841354617,79.58
1585841354617,79.58
1585841392408,79.65
1585841392408,79.65
1585841392408,79.65
1585841426299,79.625
1585841426299,79.625
1585841446321,79.605
1585841446321,79.605
1585841464920,79.62
1585841464920,79.62
1585841464920,79.62
1585841464920,79.62
1585841464920,79.62
1585841524062,79.61
1585841524062,79.61
1585841524062,79.61
1585841556198,79.69
1585841556198,79.69
1585841556198,79.69
1585841556198,79.69
1585841592357,79.805
1585841592357,79.805
1585841610432,79.75
1585841624492,79.76
1585841624492,79.76
1585841647608,79.82
1585841654361,79.785
1585841654361,79.785
1585841654361,79.785
1585841689425,79.77
1585841689425,79.77
1585841706319,79.79
1585841706319,79.79
1585841706319,79.79
1585841706319,79.79
1585841756525,79.96
1585841756525,79.96
1585841775691,80.01
1585841787017,79.98
1585841794747,79.9
1585841809981,79.92
1585841809981,79.92
1585841809981,79.92
1585841809981,79.92
1585841809981,79.92
1585841809981,79.92
1585841872651,79.735
1585841878037,79.725
1585841888469,79.76
1585841888469,79.76
1585841908492,79.62
1585841922573,79.54
1585841931629,79.645
1585841931629,79.645
1585841947568,79.55
1585841966811,79.56
1585841966811,79.56
1585841984396,79.685
1585841997319,79.705
1585841997319,79.705
1585842016778,79.64
1585842024277,79.725
1585842024277,79.725
1585842041966,79.725
1585842056216,79.725
1585842068827,79.73
1585842068827,79.73
1585842068827,79.73
1585842100812,79.73
1585842109576,79.84
1585842117725,79.935
1585842117725,79.935
1585842117725,79.935
1585842117725,79.935
1585842157503,79.86
1585842172119,79.905
1585842184006,80.05
1585842193085,80.13
1585842206977,80.16
1585842215967,80.035
1585842215967,80.035
1585842239534,80.015
1585842245576,80.04
1585842259411,80.155
1585842268681,80.125
1585842279681,80.13
1585842279681,80.13
1585842293925,80.125
1585842310541,80.05
1585842320470,80.01
1585842325254,80.07
1585842339963,80.095
1585842351301,80.205
1585842351301,80.205
1585842375180,80.205
1585842377185,80.25
1585842388437,80.235
1585842406216,80.21
1585842406216,80.21
1585842423635,80.295
1585842437317,80.16
1585842439739,80.175
1585842450219,80.255
1585842450219,80.255
1585842480954,80.21
1585842481379,80.215
1585842481379,80.215
1585842481379,80.215
1585842513486,80.225
1585842513486,80.225
1585842536059,80.14
1585842536059,80.14
1585842536059,80.14
1585842571520,80.175
1585842581808,80.135
1585842581808,80.135
1585842604347,80.125
1585842617409,80.165
1585842621504,80.2
1585842630953,80.195
1585842645186,80.2
1585842658325,80.19
1585842667473,80.22
1585842667473,80.22
1585842688917,80.115
1585842700510,80.16
1585842710040,80.16
1585842710040,80.16
1585842731779,80.15
1585842731779,80.15
1585842754667,80.21
1585842761589,80.21
1585842766959,80.18
1585842785762,80.145
1585842791322,80.125
1585842791322,80.125
1585842818287,80.1
1585842824446,80.13
1585842835192,80.055
1585842848930,80.06
1585842851125,80.055
1585842865355,80.085
1585842871533,80.005
1585842888086,79.85
1585842900924,79.89
1585842905966,79.925
1585842922717,80.01
1585842922717,80.01
1585842941097,80.025
1585842941097,80.025
1585842964628,80.11
1585842969528,80.115
1585842981910,80.205
1585842996457,80.26
1585843004841,80.235
1585843010837,80.255
1585843026783,80.285
1585843036904,80.225
1585843047389,80.285
1585843053990,80.285
1585843067066,80.39
1585843067066,80.39
1585843086640,80.395
1585843097425,80.345
1585843108615,80.315
1585843120062,80.33
1585843120062,80.33
1585843120062,80.33
1585843148690,80.28
1585843156025,80.29
1585843167172,80.28
1585843181581,80.25
1585843190203,80.23
1585843190203,80.23
1585843190203,80.23
1585843190203,80.23
1585843231811,80.29
1585843231811,80.29
1585843257477,80.24
1585843264753,80.21
1585843264753,80.21
1585843264753,80.21
1585843295736,80.24
1585843295736,80.24
1585843295736,80.24
1585843295736,80.24
1585843295736,80.24
1585843295736,80.24
1585843356594,80.45
1585843356594,80.45
1585843376754,80.525
1585843376754,80.525
1585843376754,80.525
1585843376754,80.525
1585843418295,80.47
1585843418295,80.47
1585843418295,80.47
1585843418295,80.47
1585843418295,80.47
1585843418295,80.47
1585843418295,80.47
1585843418295,80.47
1585843418295,80.47
1585843418295,80.47
1585843418295,80.47
1585843541761,80.69
1585843541761,80.69
1585843541761,80.69
1585843541761,80.69
1585843575831,80.81
1585843585349,80.755
1585843585349,80.755
1585843613598,80.675
1585843624316,80.56
1585843624316,80.56
1585843639819,80.53
1585843653845,80.48
1585843653845,80.48
1585843653845,80.48
1585843681399,80.51
1585843681399,80.51
1585843705541,80.64
1585843717369,80.575
1585843717369,80.575
1585843732362,80.53
1585843732362,80.53
1585843759798,80.575
1585843772197,80.61
1585843772197,80.61
1585843793059,80.66
1585843793059,80.66
1585843793059,80.66
1585843820032,80.57
1585843820032,80.57
1585843820032,80.57
1585843820032,80.57
1585843863565,80.71
1585843868842,80.72
1585843868842,80.72
1585843888084,80.805
1585843907841,80.73
1585843907841,80.73
1585843923887,80.765
1585843936855,80.83
1585843947710,80.915
1585843959983,80.93
1585843965989,81.01
1585843980915,80.97
1585843980915,80.97
1585843998610,80.85
1585844011813,80.855
1585844023191,80.84
1585844023191,80.84
1585844041605,80.77
1585844053528,80.79
1585844053528,80.79
1585844074485,80.78
1585844074485,80.78
1585844074485,80.78
1585844074485,80.78
1585844110638,80.705
1585844130211,80.79
1585844130211,80.79
1585844149469,80.69
1585844149469,80.69
1585844169258,80.665
1585844182371,80.62
1585844191780,80.605
1585844191780,80.605
1585844212944,80.715
1585844212944,80.715
1585844227916,80.83
1585844236767,80.805
1585844249719,80.87
1585844260429,80.935
1585844260429,80.935
1585844286254,80.915
1585844295722,80.92
1585844301686,80.925
1585844310162,80.865
1585844325294,80.91
1585844338401,80.945
1585844349228,80.935
1585844355103,80.92
1585844367077,80.905
1585844379174,80.81
1585844387840,80.82
1585844397582,80.755
1585844409637,80.745
1585844416217,80.795
1585844430960,80.725
1585844436844,80.85
1585844436844,80.85
1585844455596,80.845
1585844473702,80.82
1585844479704,80.85
1585844479704,80.85
1585844506511,80.8
1585844514879,80.825
1585844524424,80.775
1585844528915,80.8
1585844547755,80.785
1585844557259,80.68
1585844569419,80.725
1585844576610,80.735
1585844580719,80.77
1585844580719,80.77
1585844607147,80.845
1585844618968,80.81
1585844625324,80.765
1585844638391,80.715
1585844645284,80.675
1585844661597,80.675
1585844672337,80.65
1585844684544,80.59
1585844692457,80.58
1585844692457,80.58
1585844715538,80.58
1585844715538,80.58
1585844735481,80.56
1585844735481,80.56
1585844756227,80.575
1585844768220,80.485
1585844778670,80.57
1585844787162,80.575
1585844793862,80.6
1585844793862,80.6
1585844814425,80.64
1585844827368,80.575
1585844840169,80.625
1585844851096,80.59
1585844857985,80.605
1585844869640,80.61
1585844877015,80.585
1585844877015,80.585
1585844896246,80.53
1585844896246,80.53
1585844924060,80.455
1585844924060,80.455
1585844936447,80.505
1585844949549,80.58
1585844949549,80.58
1585844949549,80.58
1585844985196,80.46
1585844988005,80.43
1585844988005,80.43
1585845015470,80.525
1585845028704,80.505
1585845028704,80.505
1585845028704,80.505
1585845062060,80.54
1585845062960,80.495
1585845082201,80.51
1585845082201,80.51
1585845082201,80.51
1585845112446,80.33
1585845118360,80.385
1585845129795,80.44
1585845129795,80.44
1585845154482,80.525
1585845154482,80.525
1585845174093,80.47
1585845187242,80.47
1585845190657,80.515
1585845207634,80.565
1585845213576,80.58
1585845226284,80.535
1585845226284,80.535
1585845245536,80.47
1585845245536,80.47
1585845245536,80.47
1585845245536,80.47
1585845289400,80.47
1585845297440,80.41
1585845305793,80.435
1585845305793,80.435
1585845335336,80.44
1585845335336,80.44
1585845352237,80.355
1585845352237,80.355
1585845369103,80.42
1585845381719,80.425
1585845396699,80.425
1585845400375,80.385
1585845418974,80.45
1585845428898,80.415
1585845437597,80.485
1585845450522,80.4
1585845456819,80.395
1585845466417,80.46
1585845481287,80.545
1585845481287,80.545
1585845501383,80.53
1585845507037,80.43
1585845520670,80.425
1585845520670,80.425
1585845536878,80.46
1585845536878,80.46
1585845561554,80.44
1585845572560,80.425
1585845582380,80.46
1585845589958,80.42
1585845606782,80.325
1585845606782,80.325
1585845624222,80.365
1585845636295,80.405
1585845642253,80.4
1585845642253,80.4
1585845669495,80.36
1585845676453,80.405
1585845691796,80.33
1585845691796,80.33
1585845710852,80.39
1585845723448,80.38
1585845723448,80.38
1585845723448,80.38
1585845723448,80.38
1585845761791,80.485
1585845769793,80.52
1585845781302,80.53
1585845793977,80.53
1585845793977,80.53
1585845819017,80.45
1585845821378,80.48
1585845834708,80.53
1585845834708,80.53
1585845834708,80.53
1585845866239,80.52
1585845875756,80.47
1585845884652,80.43
1585845884652,80.43
1585845903551,80.485
1585845918983,80.435
1585845918983,80.435
1585845918983,80.435
1585845918983,80.435
1585845965595,80.515
1585845973095,80.54
1585845984447,80.555
1585845984447,80.555
1585845998822,80.575
1585846015376,80.575
1585846024362,80.59
1585846039629,80.54
1585846039629,80.54
1585846039629,80.54
1585846065228,80.58
1585846065228,80.58
1585846065228,80.58
1585846065228,80.58
1585846114512,80.45
1585846114512,80.45
1585846114512,80.45
1585846145044,80.47
1585846145044,80.47
1585846145044,80.47
1585846175569,80.57
1585846175569,80.57
1585846194505,80.49
1585846194505,80.49
1585846213391,80.485
1585846229564,80.46
1585846239723,80.48
1585846239723,80.48
1585846260516,80.61
1585846264261,80.605
1585846264261,80.605
1585846292568,80.57
1585846292568,80.57
1585846292568,80.57
1585846292568,80.57
1585846292568,80.57
1585846292568,80.57
1585846292568,80.57
1585846356491,80.63
1585846356491,80.63
1585846356491,80.63
1585846356491,80.63
1585846401675,80.61
1585846413355,80.57
1585846413355,80.57
1585846436950,80.54
1585846443982,80.53
1585846443982,80.53
1585846443982,80.53
1585846443982,80.53
1585846443982,80.53
1585846492939,80.485
1585846512792,80.365
1585846512792,80.365
1585846534911,80.32
1585846538156,80.34
1585846538156,80.34
1585846538156,80.34
1585846538156,80.34
1585846538156,80.34
1585846538156,80.34
1585846538156,80.34
1585846538156,80.34
1585846538156,80.34
1585846538156,80.34
1585846538156,80.34
1585846538156,80.34
1585846669235,80.385
1585846669235,80.385
1585846692228,80.46
1585846700254,80.41
1585846706486,80.38
1585846706486,80.38
1585846706486,80.38
1585846706486,80.38
1585846706486,80.38
1585846706486,80.38
1585846769853,80.37
1585846769853,80.37
1585846795446,80.29
1585846795446,80.29
1585846795446,80.29
1585846795446,80.29
1585846795446,80.29
1585846795446,80.29
1585846795446,80.29
1585846795446,80.29
1585846795446,80.29
1585846795446,80.29
1585846795446,80.29
1585846795446,80.29
1585846923767,80.36
1585846923767,80.36
1585846923767,80.36
1585846954002,80.415
1585846962349,80.425
1585846978137,80.455
1585846978137,80.455
1585846978137,80.455
1585846978137,80.455
1585846978137,80.455
1585846978137,80.455
1585846978137,80.455
1585846978137,80.455
1585846978137,80.455
1585846978137,80.455
1585846978137,80.455
1585847091593,80.295
1585847091593,80.295
1585847091593,80.295
1585847091593,80.295
1585847131550,80.17
1585847131550,80.17
1585847158620,79.95
1585847158620,79.95
1585847158620,79.95
1585847158620,79.95
1585847198510,79.925
1585847204851,79.945
1585847221834,79.945
1585847221834,79.945
1585847221834,79.945
1585847249417,79.75
1585847261177,79.795
1585847261177,79.795
1585847283910,79.805
1585847291209,79.88
1585847291209,79.88
1585847291209,79.88
1585847291209,79.88
1585847291209,79.88
1585847291209,79.88
1585847357199,79.915
1585847365557,79.88
1585847365557,79.88
1585847365557,79.88
1585847365557,79.88
1585847365557,79.88
1585847418350,79.91
1585847427549,79.755
1585847427549,79.755
1585847427549,79.755
1585847427549,79.755
1585847427549,79.755
1585847427549,79.755
1585847427549,79.755
1585847427549,79.755
1585847510675,79.71
1585847510675,79.71
1585847510675,79.71
1585847510675,79.71
1585847510675,79.71
1585847568513,79.615
1585847573336,79.7
1585847573336,79.7
1585847573336,79.7
1585847573336,79.7
1585847573336,79.7
1585847573336,79.7
1585847573336,79.7
1585847653514,79.615
1585847665601,79.645
1585847665601,79.645
1585847665601,79.645
1585847692471,79.545
1585847700715,79.57
1585847710212,79.57
1585847726420,79.565
1585847730532,79.605
1585847730532,79.605
1585847730532,79.605
1585847730532,79.605
1585847776534,79.42
1585847790406,79.36
1585847801440,79.37
1585847811755,79.395
1585847821860,79.395
1585847829970,79.37
1585847829970,79.37
1585847847460,79.36
1585847863568,79.225
1585847873505,79.215
1585847883941,79.245
1585847893820,79.35
1585847893820,79.35
1585847893820,79.35
1585847893820,79.35
1585847893820,79.35
1585847944300,79.22
1585847950051,79.17
1585847950051,79.17
1585847979122,79.02
1585847987162,78.995
1585848000759,79.02
1585848006490,79.06
1585848019630,79.01
1585848019630,79.01
1585848033820,79.07
1585848033820,79.07
1585848033820,79.07
1585848073598,79.035
1585848073598,79.035
1585848090898,79.025
1585848101942,79
1585848101942,79
1585848101942,79
1585848101942,79
1585848101942,79
1585848152107,79.04
1585848152107,79.04
1585848152107,79.04
1585848152107,79.04
1585848152107,79.04
1585848152107,79.04
1585848152107,79.04
1585848152107,79.04
1585848152107,79.04
1585848246757,79.03
1585848246757,79.03
1585848246757,79.03
1585848279228,78.87
1585848293205,78.72
1585848302318,78.83
1585848302318,78.83
1585848319493,78.83
1585848337342,78.645
1585848337342,78.645
1585848354450,78.705
1585848354450,78.705
1585848354450,78.705
1585848354450,78.705
1585848354450,78.705
1585848354450,78.705
1585848420341,78.685
1585848420341,78.685
1585848433814,78.71
1585848433814,78.71
1585848462765,78.57
1585848467587,78.595
1585848481144,78.545
1585848484990,78.575
1585848503303,78.62
1585848503303,78.62
1585848522048,78.615
1585848522048,78.615
1585848522048,78.615
1585848558254,78.645
1585848558254,78.645
1585848558254,78.645
1585848588664,78.585
1585848593643,78.61
1585848609090,78.57
1585848620130,78.53
1585848620130,78.53
1585848643565,78.485
1585848646137,78.505
1585848655878,78.495
1585848674978,78.455
1585848683807,78.515
1585848691095,78.535
1585848691095,78.535
1585848713645,78.535
1585848728290,78.545
1585848728290,78.545
1585848744684,78.5
1585848758436,78.52
1585848758436,78.52
1585848758436,78.52
1585848758436,78.52
1585848758436,78.52
1585848806112,78.485
1585848806112,78.485
1585848832463,78.525
1585848838700,78.465
1585848838700,78.465
1585848861582,78.64
1585848872349,78.615
1585848881910,78.585
1585848881910,78.585
1585848881910,78.585
1585848881910,78.585
1585848881910,78.585
1585848938630,78.53
1585848939802,78.57
1585848939802,78.57
1585848967217,78.46
1585848976721,78.475
1585848987719,78.475
1585848996360,78.45
1585849002390,78.52
1585849019510,78.44
1585849027164,78.48
1585849043025,78.47
1585849043025,78.47
1585849062983,78.37
1585849071486,78.34
1585849071486,78.34
1585849094577,78.37
1585849104027,78.35
1585849113988,78.27
1585849125029,78.255
1585849125029,78.255
1585849148021,78.21
1585849148021,78.21
1585849169647,78.31
1585849179242,78.4
1585849187049,78.385
1585849200171,78.29
1585849208286,78.275
1585849221213,78.265
1585849231937,78.205
1585849232916,78.235
1585849232916,78.235
1585849232916,78.235
1585849274596,78.18
1585849274596,78.18
1585849274596,78.18
1585849274596,78.18
1585849310896,78.175
1585849328417,78.21
1585849334639,78.21
1585849349931,78.225
1585849349931,78.225
1585849366664,78.155
1585849366664,78.155
1585849389601,78.3
1585849401348,78.215
1585849412918,78.11
1585849418209,78.22
1585849418209,78.22
1585849435406,78.21
1585849452632,78.235
1585849459642,78.235
1585849472323,78.27
1585849482385,78.265
1585849492342,78.16
1585849502571,78.12
1585849513384,78.155
1585849513384,78.155
1585849537901,78.18
1585849537901,78.18
1585849560780,78.11
1585849560780,78.11
1585849560780,78.11
1585849582613,78.195
1585849598341,78.14
1585849598341,78.14
1585849598341,78.14
1585849598341,78.14
1585849598341,78.14
1585849598341,78.14
1585849598341,78.14
1585849598341,78.14
1585849598341,78.14
1585849598341,78.14
1585849598341,78.14
1585849598341,78.14
1585849598341,78.14
1585849598341,78.14
1585849598341,78.14
1585849598341,78.14
1585849770084,78.215
1585849770084,78.215
1585849770084,78.215
1585849770084,78.215
1585849770084,78.215
1585849770084,78.215
1585849770084,78.215
1585849770084,78.215
1585849853712,78.08
1585849864906,78.11
1585849868582,78.17
1585849868582,78.17
1585849868582,78.17
1585849868582,78.17
1585849868582,78.17
1585849925410,78.27
1585849925410,78.27
1585849925410,78.27
1585849961367,78.345
1585849961367,78.345
1585849961367,78.345
1585849961367,78.345
1585849961367,78.345
1585849961367,78.345
1585849961367,78.345
1585849961367,78.345
1585849961367,78.345
1585850054300,78.45
1585850054300,78.45
1585850054300,78.45
1585850054300,78.45
1585850054300,78.45
1585850054300,78.45
1585850054300,78.45
1585850054300,78.45
1585850054300,78.45
1585850054300,78.45
1585850153633,78.47
1585850153633,78.47
1585850153633,78.47
1585850189448,78.41
1585850198890,78.445
1585850198890,78.445
1585850198890,78.445
1585850198890,78.445
1585850198890,78.445
1585850198890,78.445
1585850198890,78.445
1585850198890,78.445
1585850198890,78.445
1585850298269,78.36
1585850298269,78.36
1585850320990,78.37
1585850330846,78.355
1585850330846,78.355
1585850330846,78.355
1585850330846,78.355
1585850330846,78.355
1585850330846,78.355
1585850330846,78.355
1585850330846,78.355
1585850414708,78.36
1585850414708,78.36
1585850414708,78.36
1585850414708,78.36
1585850455127,78.285
1585850455127,78.285
1585850455127,78.285
1585850455127,78.285
1585850455127,78.285
1585850455127,78.285
1585850455127,78.285
1585850455127,78.285
1585850455127,78.285
1585850455127,78.285
1585850455127,78.285
1585850455127,78.285
1585850455127,78.285
1585850455127,78.285
1585850455127,78.285
1585850455127,78.285
1585850621827,78.03
1585850633281,78.07
1585850648830,78.02
1585850648830,78.02
1585850648830,78.02
1585850684289,77.99
1585850691953,77.985
1585850691953,77.985
1585850691953,77.985
1585850691953,77.985
1585850734083,77.86
1585850734083,77.86
1585850734083,77.86
1585850734083,77.86
1585850734083,77.86
1585850782062,77.75
1585850782062,77.75
1585850808818,77.575
1585850814105,77.7
1585850814105,77.7
1585850814105,77.7
1585850854120,77.675
1585850854120,77.675
1585850854120,77.675
1585850883203,77.6
1585850883203,77.6
1585850911618,77.54
1585850911618,77.54
1585850923651,77.53
1585850923651,77.53
1585850923651,77.53
1585850961842,77.49
1585850961842,77.49
1585850961842,77.49
1585850961842,77.49
1585850961842,77.49
1585850961842,77.49
1585850961842,77.49
1585850961842,77.49
1585850961842,77.49
1585850961842,77.49
1585850961842,77.49
1585850961842,77.49
1585850961842,77.49
1585850961842,77.49
1585850961842,77.49
1585850961842,77.49
1585851132675,77.28
1585851132675,77.28
1585851146509,77.31
1585851157258,77.32
1585851157258,77.32
1585851157258,77.32
1585851157258,77.32
1585851157258,77.32
1585851218076,77.54
1585851228078,77.575
1585851228078,77.575
1585851228078,77.575
1585851254187,77.7
1585851254187,77.7
1585851254187,77.7
1585851254187,77.7
1585851254187,77.7
1585851304557,77.8
1585851322507,77.795
1585851328985,77.775
1585851339352,77.795
1585851339352,77.795
1585851339352,77.795
1585851339352,77.795
1585851387061,77.905
1585851397401,77.835
1585851397401,77.835
1585851397401,77.835
1585851420285,77.99
1585851435371,77.97
1585851440823,77.825
1585851440823,77.825
1585851465031,77.855
1585851480607,77.79
1585851487796,77.775
1585851494541,77.74
1585851494541,77.74
1585851515147,77.805
1585851515147,77.805
1585851515147,77.805
1585851549170,77.87
1585851549170,77.87
1585851567910,77.6
1585851567910,77.6
1585851597313,77.66
1585851603301,77.54
1585851620286,77.505
1585851620286,77.505
1585851638238,77.53
1585851648089,77.5
1585851661744,77.625
1585851661744,77.625
1585851680865,77.67
1585851690619,77.65
1585851705483,77.57
1585851705483,77.57
1585851719045,77.6
1585851719045,77.6
1585851719045,77.6
1585851719045,77.6
1585851763869,77.7
1585851763869,77.7
1585851788766,77.74
1585851801641,77.85
1585851801641,77.85
1585851801641,77.85
1585851801641,77.85
1585851801641,77.85
1585851801641,77.85
1585851801641,77.85
1585851801641,77.85
1585851801641,77.85
1585851801641,77.85
1585851801641,77.85
1585851909826,77.86
1585851909826,77.86
1585851909826,77.86
1585851909826,77.86
1585851909826,77.86
1585851962398,78.15
1585851973456,78.18
1585851973456,78.18
1585851973456,78.18
1585851973456,78.18
1585851973456,78.18
1585851973456,78.18
1585851973456,78.18
1585851973456,78.18
1585851973456,78.18
1585851973456,78.18
1585851973456,78.18
1585851973456,78.18
1585851973456,78.18
1585851973456,78.18
1585852126200,78.35
1585852126200,78.35
1585852126200,78.35
1585852126200,78.35
1585852126200,78.35
1585852126200,78.35
1585852126200,78.35
1585852203978,78.435
1585852214550,78.46
1585852214981,78.45
1585852214981,78.45
1585852214981,78.45
1585852256040,78.19
1585852263130,78.28
1585852263130,78.28
1585852263130,78.28
1585852288536,78.295
1585852288536,78.295
1585852288536,78.295
1585852319336,78.355
1585852319336,78.355
1585852319336,78.355
1585852356228,78.515
1585852356228,78.515
1585852356228,78.515
1585852356228,78.515
1585852401972,78.88
1585852412606,78.935
1585852412606,78.935
1585852424890,78.88
1585852424890,78.88
1585852454967,78.76
1585852464070,78.79
1585852472673,78.765
1585852486936,78.875
1585852494210,78.9
1585852498862,78.93
1585852520158,79.08
1585852520158,79.08
1585852520158,79.08
1585852520158,79.08
1585852520158,79.08
1585852564868,79.035
1585852564868,79.035
1585852594062,78.985
1585852597772,78.95
1585852597772,78.95
1585852623085,79.02
1585852628887,79.05
1585852646812,79.17
1585852646812,79.17
1585852646812,79.17
1585852646812,79.17
1585852688282,79.23
1585852688282,79.23
1585852701410,79.31
1585852715355,79.33
1585852729998,79.165
1585852729998,79.165
1585852729998,79.165
1585852758414,79.095
1585852758414,79.095
1585852758414,79.095
1585852758414,79.095
1585852758414,79.095
1585852758414,79.095
1585852758414,79.095
1585852836670,79.06
1585852838333,79.055
1585852838333,79.055
1585852868585,79.055
1585852879139,79.02
1585852879139,79.02
1585852879139,79.02
1585852879139,79.02
1585852879139,79.02
1585852879139,79.02
1585852935312,78.895
1585852935312,78.895
1585852955266,78.91
1585852955266,78.91
1585852980839,78.93
1585852980839,78.93
1585852998571,78.99
1585852998571,78.99
1585853018174,78.98
1585853018174,78.98
1585853044904,78.95
1585853044904,78.95
1585853059035,78.965
1585853059035,78.965
1585853059035,78.965
1585853097567,78.855
1585853108943,78.88
1585853108943,78.88
1585853108943,78.88
1585853141991,78.74
1585853141991,78.74
1585853141991,78.74
1585853141991,78.74
1585853141991,78.74
1585853190455,78.845
1585853190455,78.845
1585853190455,78.845
1585853225052,79.03
1585853232502,78.96
1585853232502,78.96
1585853232502,78.96
1585853232502,78.96
1585853276036,79.075
1585853276036,79.075
1585853276036,79.075
1585853276036,79.075
1585853276036,79.075
1585853276036,79.075
1585853276036,79.075
1585853343760,79.035
1585853343760,79.035
1585853343760,79.035
1585853343760,79.035
1585853389300,78.91
1585853404033,78.93
1585853404033,78.93
1585853404033,78.93
1585853433536,78.995
1585853433536,78.995
1585853433536,78.995
1585853460487,79.1
1585853478160,79.09
1585853478160,79.09
1585853478160,79.09
1585853504643,78.98
1585853504643,78.98
1585853534303,79.14
1585853539846,79.13
1585853553644,79.1
1585853553644,79.1
1585853575205,79.17
1585853586373,79.33
1585853586373,79.33
1585853586373,79.33
1585853586373,79.33
1585853586373,79.33
1585853642449,79.65
1585853646952,79.52
1585853646952,79.52
1585853673805,79.39
1585853673805,79.39
1585853689823,79.38
1585853702870,79.37
1585853719676,79.35
1585853719676,79.35
1585853719676,79.35
1585853744130,79.53
1585853760313,79.565
1585853760313,79.565
1585853781701,79.635
1585853784030,79.595
1585853784030,79.595
1585853805920,79.77
1585853823939,79.595
1585853823939,79.595
1585853840216,79.63
1585853854191,79.53
1585853866380,79.61
1585853871453,79.61
1585853885710,79.735
1585853885710,79.735
1585853885710,79.735
1585853914953,79.63
1585853926802,79.6
1585853926802,79.6
1585853944589,79.64
1585853959586,79.765
1585853972272,79.85
1585853976992,79.8
1585853976992,79.8
