1585920658502,243.04
1585920658502,243.04
1585920658502,243.04
1585920658502,243.04
1585920704096,243.52
1585920709336,243.75
1585920724960,243.53
1585920730857,243.8
1585920741620,243.91
1585920741620,243.91
1585920766024,244.02
1585920766024,244.02
1585920766024,244.02
1585920766024,244.02
1585920766024,244.02
1585920815522,243.67
1585920815522,243.67
1585920833899,244.06
1585920833899,244.06
1585920833899,244.06
1585920865669,244.22
1585920865669,244.22
1585920865669,244.22
1585920865669,244.22
1585920908981,244.18
1585920916086,244.005
1585920930847,244.06
1585920943568,243.93
1585920953860,243.92
1585920960167,243.885
1585920960167,243.885
1585920984312,243.535
1585920989336,243.7
1585920989336,243.7
1585921016005,243.63
1585921016005,243.63
1585921035738,243.8
1585921045492,243.81
1585921057815,243.66
1585921057815,243.66
1585921074522,243.755
1585921074522,243.755
1585921074522,243.755
1585921107990,243.47
1585921113541,243.48
1585921113541,243.48
1585921138311,243.35
1585921147579,243.54
1585921157840,243.65
1585921174005,243.72
1585921185036,243.815
1585921185036,243.815
1585921206464,244.2
1585921215291,244.14
1585921226519,244.155
1585921226519,244.155
1585921247435,244.28
1585921247435,244.28
1585921247435,244.28
1585921273446,244.68
1585921288140,244.61
1585921288140,244.61
1585921288140,244.61
1585921288140,244.61
1585921328941,245.34
1585921339617,245.68
1585921350974,245.52
1585921362990,245.5
1585921363619,245.535
1585921383120,245.43
1585921390970,245.28
1585921404485,245.375
1585921414267,245.16
1585921421011,245.22
1585921434122,245.15
1585921446159,245.08
1585921455703,244.975
1585921458694,244.88
1585921475873,244.7
1585921475873,244.7
1585921475873,244.7
1585921475873,244.7
1585921475873,244.7
1585921528998,244.595
1585921530370,244.575
1585921542762,244.58
1585921552546,244.63
1585921565370,244.86
1585921565370,244.86
1585921585370,245.03
1585921585370,245.03
1585921607357,244.99
1585921607357,244.99
1585921607357,244.99
1585921643999,244.46
1585921645967,244.49
1585921645967,244.49
1585921675173,244.53
1585921675173,244.53
1585921675173,244.53
1585921675173,244.53
1585921675173,244.53
1585921728205,244.575
1585921728205,244.575
1585921748677,244.57
1585921748677,244.57
1585921769369,244.83
1585921774635,244.82
1585921774635,244.82
1585921774635,244.82
1585921805582,244.83
1585921823732,244.88
1585921831383,244.74
1585921831383,244.74
1585921846784,244.91
1585921859917,244.6
1585921859917,244.6
1585921888485,244.3
1585921888485,244.3
1585921907131,244.375
1585921917387,244.24
1585921925552,244.275
1585921925552,244.275
1585921925552,244.275
1585921925552,244.275
1585921925552,244.275
1585921979670,244.235
1585921979670,244.235
1585922001395,244.32
1585922001395,244.32
1585922001395,244.32
1585922029001,244.22
1585922041890,244.155
1585922050580,244.39
1585922050580,244.39
1585922076028,244.34
1585922078615,244.43
1585922078615,244.43
1585922107010,244.68
1585922118399,244.64
1585922128517,244.82
1585922139674,244.82
1585922146812,244.81
1585922159287,244.955
1585922168973,244.9
1585922168973,244.9
1585922185619,245.07
1585922185619,245.07
1585922205916,245.1
1585922205916,245.1
1585922205916,245.1
1585922242625,245.055
1585922256293,245.24
1585922256293,245.24
1585922267076,245.085
1585922267076,245.085
1585922289756,245.28
1585922307444,245.1
1585922316010,244.98
1585922316010,244.98
1585922316010,244.98
1585922316010,244.98
1585922316010,244.98
1585922371204,244.56
1585922380647,244.7
1585922380647,244.7
1585922403194,244.88
1585922413902,245.14
1585922413902,245.14
1585922441416,244.985
1585922441416,244.985
1585922457111,245.025
1585922468688,245.24
1585922482490,245.24
1585922492035,245.27
1585922492035,245.27
1585922514646,245.28
1585922514646,245.28
1585922534023,245.285
1585922546192,245.22
1585922553262,245.16
1585922553262,245.16
1585922572287,245.16
1585922585296,245.095
1585922595655,244.9
1585922595655,244.9
1585922618481,244.84
1585922623468,244.73
1585922623468,244.73
1585922623468,244.73
1585922623468,244.73
1585922668313,244.55
1585922668313,244.55
1585922668313,244.55
1585922700597,244.32
1585922716179,244.53
1585922726452,244.515
1585922733400,244.56
1585922747053,244.8
1585922756031,244.785
1585922768720,244.7
1585922778168,244.72
1585922788450,244.69
1585922801238,244.66
1585922804310,244.46
1585922821523,244.75
1585922827095,244.54
1585922832824,244.74
1585922852754,244.8
1585922852754,244.8
1585922870479,245.01
1585922877973,245.16
1585922890212,245.175
1585922905290,245.3
1585922905290,245.3
1585922925883,245.59
1585922930622,245.465
1585922947283,245.49
1585922947283,245.49
1585922964995,245.34
1585922973617,245.43
1585922985711,245.46
1585922985711,245.46
1585923005992,245.32
1585923017744,244.99
1585923032531,245.18
1585923032531,245.18
1585923032531,245.18
1585923061251,245.19
1585923061251,245.19
1585923061251,245.19
1585923061251,245.19
1585923061251,245.19
1585923061251,245.19
1585923121940,245.26
1585923121940,245.26
1585923143198,245.24
1585923156217,245.2
1585923156217,245.2
1585923156217,245.2
1585923185923,245.07
1585923185923,245.07
1585923205872,245.24
1585923217932,245.15
1585923230279,245.105
1585923237962,245.04
1585923250895,244.68
1585923261878,244.78
1585923266720,244.925
1585923266720,244.925
1585923290247,244.83
1585923299253,244.84
1585923308701,244.62
1585923316548,244.61
1585923316548,244.61
1585923316548,244.61
1585923316548,244.61
1585923316548,244.61
1585923373729,244.28
1585923373729,244.28
1585923373729,244.28
1585923373729,244.28
1585923416878,244.12
1585923416878,244.12
1585923416878,244.12
1585923416878,244.12
1585923416878,244.12
1585923416878,244.12
1585923474640,243.895
1585923474640,243.895
1585923474640,243.895
1585923506899,243.6
1585923516382,243.45
1585923527483,243.35
1585923542788,243.425
1585923542788,243.425
1585923560469,243.26
1585923560469,243.26
1585923560469,243.26
1585923560469,243.26
1585923560469,243.26
1585923560469,243.26
1585923624166,243.4
1585923624166,243.4
1585923645913,243.34
1585923645913,243.34
1585923663675,243.46
1585923663675,243.46
1585923663675,243.46
1585923697655,243.5
1585923709124,243.345
1585923709124,243.345
1585923709124,243.345
1585923732108,243
1585923732108,243
1585923732108,243
1585923732108,243
1585923780803,242.76
1585923790096,242.81
1585923797086,242.78
1585923812793,242.78
1585923824750,242.86
1585923824750,242.86
1585923845574,242.885
1585923854785,242.87
1585923854785,242.87
1585923877985,243.105
1585923886525,243.03
1585923893161,243.02
1585923893161,243.02
1585923912567,243.09
1585923922750,243.02
1585923922750,243.02
1585923922750,243.02
1585923955940,242.98
1585923972257,242.98
1585923972257,242.98
1585923972257,242.98
1585923972257,242.98
1585923972257,242.98
1585923972257,242.98
1585923972257,242.98
1585923972257,242.98
1585924046017,242.78
1585924057982,242.9
1585924057982,242.9
1585924057982,242.9
1585924057982,242.9
1585924101427,242.82
1585924101427,242.82
1585924101427,242.82
1585924140244,242.51
1585924140244,242.51
1585924154457,242.5
1585924169230,242.62
1585924175166,242.82
1585924175166,242.82
1585924175166,242.82
1585924175166,242.82
1585924213766,243.03
1585924213766,243.03
1585924213766,243.03
1585924213766,243.03
1585924213766,243.03
1585924271057,242.84
1585924271057,242.84
1585924298245,242.42
1585924307512,242.44
1585924307512,242.44
1585924324112,242.58
1585924324112,242.58
1585924350193,242.585
1585924350193,242.585
1585924350193,242.585
1585924350193,242.585
1585924391050,242.58
1585924393152,242.605
1585924393152,242.605
1585924393152,242.605
1585924429831,242.43
1585924429831,242.43
1585924429831,242.43
1585924464107,242.54
1585924464107,242.54
1585924464107,242.54
1585924495579,242.22
1585924495579,242.22
1585924495579,242.22
1585924495579,242.22
1585924495579,242.22
1585924543117,242.325
1585924557934,242.27
1585924557934,242.27
1585924557934,242.27
1585924557934,242.27
1585924557934,242.27
1585924612069,242.66
1585924612069,242.66
1585924632154,242.55
1585924632154,242.55
1585924648617,242.18
1585924648617,242.18
1585924648617,242.18
1585924684634,242.01
1585924684634,242.01
1585924707205,241.96
1585924717769,241.92
1585924725996,241.87
1585924725996,241.87
1585924725996,241.87
1585924725996,241.87
1585924725996,241.87
1585924778811,241.86
1585924778811,241.86
1585924778811,241.86
1585924812103,242.145
1585924816899,242.09
1585924816899,242.09
1585924816899,242.09
1585924853099,242.15
1585924865329,242.08
1585924869218,242.11
1585924869218,242.11
1585924895128,242.04
1585924905367,241.95
1585924911055,242.08
1585924927273,242.07
1585924938718,241.975
1585924938718,241.975
1585924938718,241.975
1585924938718,241.975
1585924978660,241.75
1585924990523,241.76
1585924994662,241.59
1585925010049,241.71
1585925010049,241.71
1585925022350,241.765
1585925022350,241.765
1585925050420,242.23
1585925050420,242.23
1585925050420,242.23
1585925050420,242.23
1585925050420,242.23
1585925100958,242.27
1585925100958,242.27
1585925123105,242.22
1585925123105,242.22
1585925123105,242.22
1585925123105,242.22
1585925158408,242.4
1585925158408,242.4
1585925158408,242.4
1585925200044,242.49
1585925200044,242.49
1585925214339,242.52
1585925214339,242.52
1585925241420,242.67
1585925241420,242.67
1585925241420,242.67
1585925241420,242.67
1585925282645,242.605
1585925282645,242.605
1585925295786,242.58
1585925295786,242.58
1585925315366,242.65
1585925315366,242.65
1585925344369,242.665
1585925344369,242.665
1585925366939,242.525
1585925368125,242.485
1585925368125,242.485
1585925396100,242.47
1585925396100,242.47
1585925396100,242.47
1585925396100,242.47
1585925396100,242.47
1585925396100,242.47
1585925460873,242.5
1585925470996,242.35
1585925475661,242.435
1585925475661,242.435
1585925496367,242.6
1585925509905,242.695
1585925509905,242.695
1585925534165,242.76
1585925543466,242.78
1585925550576,242.78
1585925563671,242.785
1585925563671,242.785
1585925586907,242.835
1585925596079,242.78
1585925596079,242.78
1585925596079,242.78
1585925630685,242.69
1585925630685,242.69
1585925648638,242.35
1585925648638,242.35
1585925669815,242.37
1585925669815,242.37
1585925669815,242.37
1585925669815,242.37
1585925709908,242.28
1585925709908,242.28
1585925709908,242.28
1585925739066,242.335
1585925739066,242.335
1585925756835,242.555
1585925756835,242.555
1585925782348,242.855
1585925795113,242.74
1585925795113,242.74
1585925795113,242.74
1585925795113,242.74
1585925795113,242.74
1585925795113,242.74
1585925795113,242.74
1585925870236,242.905
1585925879128,243.02
1585925887259,242.96
1585925899227,242.83
1585925899227,242.83
1585925899227,242.83
1585925899227,242.83
1585925899227,242.83
1585925899227,242.83
1585925964003,242.83
1585925970876,242.93
1585925977916,242.9
1585925977916,242.9
1585926005542,243.095
1585926005542,243.095
1585926022830,243.18
1585926039480,243.335
1585926050735,243.45
1585926061017,243.4
1585926072037,243.495
1585926074787,243.5
1585926087026,243.52
1585926101501,243.5
1585926101501,243.5
1585926118066,243.335
1585926131934,243.415
1585926136053,243.39
1585926154500,243.335
1585926154500,243.335
1585926175327,243.23
1585926179219,243.115
1585926179219,243.115
1585926179219,243.115
1585926179219,243.115
1585926222965,242.85
1585926222965,242.85
1585926222965,242.85
1585926260964,243.08
1585926260964,243.08
1585926260964,243.08
1585926287516,242.865
1585926287516,242.865
1585926287516,242.865
1585926287516,242.865
1585926287516,242.865
1585926287516,242.865
1585926287516,242.865
1585926361904,242.91
1585926361904,242.91
1585926361904,242.91
1585926396006,242.63
1585926401527,242.6
1585926410825,242.4
1585926423341,242.27
1585926423341,242.27
1585926445808,242.415
1585926451180,242.515
1585926461353,242.38
1585926461353,242.38
1585926461353,242.38
1585926493914,242.53
1585926493914,242.53
1585926516524,242.58
1585926530765,242.385
1585926540854,242.38
1585926540854,242.38
1585926540854,242.38
1585926540854,242.38
1585926581130,242.645
1585926581130,242.645
1585926581130,242.645
1585926581130,242.645
1585926581130,242.645
1585926581130,242.645
1585926581130,242.645
1585926654776,242.91
1585926654776,242.91
1585926654776,242.91
1585926688987,242.85
1585926688987,242.85
1585926688987,242.85
1585926688987,242.85
1585926688987,242.85
1585926741893,242.635
1585926753164,242.54
1585926760250,242.41
1585926766816,242.44
1585926777970,242.315
1585926777970,242.315
1585926777970,242.315
1585926811653,242.295
1585926824683,242.25
1585926824683,242.25
1585926841111,242.22
1585926853082,242.13
1585926867246,242.195
1585926876174,242.195
1585926885035,242.065
1585926900032,241.94
1585926900032,241.94
1585926900032,241.94
1585926932957,242.09
1585926932957,242.09
1585926946140,242.025
1585926964774,242
1585926964774,242
1585926977062,241.91
1585926995904,242.14
1585926995904,242.14
1585927014373,242.165
1585927014373,242.165
1585927037192,242.28
1585927044054,242.25
1585927044054,242.25
1585927044054,242.25
1585927044054,242.25
1585927044054,242.25
1585927100690,242.13
1585927100690,242.13
1585927100690,242.13
1585927100690,242.13
1585927100690,242.13
1585927148668,241.895
1585927148668,241.895
1585927148668,241.895
1585927148668,241.895
1585927148668,241.895
1585927196789,242.175
1585927196789,242.175
1585927196789,242.175
1585927196789,242.175
1585927196789,242.175
1585927256612,242.18
1585927256612,242.18
1585927272514,242.095
1585927272514,242.095
1585927300337,242.135
1585927300337,242.135
1585927315353,242.265
1585927326701,242.275
1585927326701,242.275
1585927346325,242.17
1585927346325,242.17
1585927372161,242.255
1585927381342,242.26
1585927388516,242.105
1585927388516,242.105
1585927388516,242.105
1585927423128,242.055
1585927427610,242.01
1585927447413,242.03
1585927457378,241.86
1585927463026,241.77
1585927471630,241.7
1585927479917,241.77
1585927479917,241.77
1585927479917,241.77
1585927520472,242.04
1585927520472,242.04
1585927520472,242.04
1585927548304,241.98
1585927560352,242.015
1585927560352,242.015
1585927560352,242.015
1585927560352,242.015
1585927560352,242.015
1585927560352,242.015
1585927615455,242.07
1585927615455,242.07
1585927636829,242.18
1585927636829,242.18
1585927661731,242.165
1585927661731,242.165
1585927661731,242.165
1585927661731,242.165
1585927710065,242.2
1585927710065,242.2
1585927726884,242.18
1585927726884,242.18
1585927744383,242.285
1585927762510,242.395
1585927769413,242.28
1585927777792,242.51
1585927777792,242.51
1585927804539,242.225
1585927809378,242.16
1585927822091,242.065
1585927831921,241.99
1585927845701,241.995
1585927845701,241.995
1585927864270,241.87
1585927864270,241.87
1585927879247,241.825
1585927890982,241.89
1585927900738,241.925
1585927900738,241.925
1585927929966,242.105
1585927941888,242.17
1585927949564,242.25
1585927960453,242.275
1585927972515,242.32
1585927980972,242.37
1585927980972,242.37
1585927980972,242.37
1585927980972,242.37
1585928026189,242.355
1585928040203,242.46
1585928050468,242.39
1585928058012,242.465
1585928066857,242.365
1585928072995,242.43
1585928084348,242.45
1585928099449,242.485
1585928110890,242.28
1585928121973,242.26
1585928121973,242.26
1585928142273,242.34
1585928142273,242.34
1585928164419,242.12
1585928164419,242.12
1585928182739,242.2
1585928182739,242.2
1585928182739,242.2
1585928218426,242.02
1585928218426,242.02
1585928218426,242.02
1585928247041,242.07
1585928247041,242.07
1585928247041,242.07
1585928247041,242.07
1585928247041,242.07
1585928247041,242.07
1585928247041,242.07
1585928247041,242.07
1585928334217,242.74
1585928334217,242.74
1585928348332,242.895
1585928365213,242.72
1585928365213,242.72
1585928384358,242.69
1585928384358,242.69
1585928384358,242.69
1585928384358,242.69
1585928419490,242.67
1585928433241,242.685
1585928433241,242.685
1585928433241,242.685
1585928471063,242.6
1585928479392,242.52
1585928479392,242.52
1585928479392,242.52
1585928479392,242.52
1585928518989,242.58
1585928518989,242.58
1585928518989,242.58
1585928547243,242.575
1585928561580,242.48
1585928574809,242.325
1585928574809,242.325
1585928595763,242.23
1585928595763,242.23
1585928595763,242.23
1585928619896,242.2
1585928619896,242.2
1585928647894,242
1585928647894,242
1585928662932,242.115
1585928677429,242.17
1585928677429,242.17
1585928695824,242.225
1585928695824,242.225
1585928695824,242.225
1585928730398,241.97
1585928730398,241.97
1585928749937,242.02
1585928749937,242.02
1585928749937,242.02
1585928749937,242.02
1585928795729,241.84
1585928802672,241.6
1585928802672,241.6
1585928802672,241.6
1585928802672,241.6
1585928802672,241.6
1585928802672,241.6
1585928802672,241.6
1585928874913,241.71
1585928874913,241.71
1585928898761,241.78
1585928898761,241.78
1585928898761,241.78
1585928898761,241.78
1585928898761,241.78
1585928898761,241.78
1585928898761,241.78
1585928898761,241.78
1585928979273,241.84
1585928990778,241.78
1585928990778,241.78
1585929007851,242.02
1585929022876,241.79
1585929034286,241.87
1585929046919,241.8
1585929046919,241.8
1585929046919,241.8
1585929078316,241.9
1585929078316,241.9
1585929091486,241.91
1585929091486,241.91
1585929091486,241.91
1585929091486,241.91
1585929091486,241.91
1585929091486,241.91
1585929155892,241.96
1585929171164,242.07
1585929180120,242
1585929190437,241.9
1585929198640,241.835
1585929198640,241.835
1585929198640,241.835
1585929198640,241.835
1585929238115,241.785
1585929238115,241.785
1585929262277,241.645
1585929276728,241.89
1585929276728,241.89
1585929295262,242.05
1585929299937,241.98
1585929312077,242
1585929322638,242.04
1585929322638,242.04
1585929322638,242.04
1585929322638,242.04
1585929322638,242.04
1585929371849,242.295
1585929386142,242.18
1585929401431,242.09
1585929401431,242.09
1585929401431,242.09
1585929401431,242.09
1585929433894,242.13
1585929446554,242.345
1585929446554,242.345
1585929475358,242.355
1585929475358,242.355
1585929491065,242.275
1585929491065,242.275
1585929516705,242.29
1585929516705,242.29
1585929530589,242.44
1585929546878,242.3
1585929546878,242.3
1585929546878,242.3
1585929546878,242.3
1585929546878,242.3
1585929600044,242.31
1585929605706,242.24
1585929614543,242.47
1585929614543,242.47
1585929634541,242.46
1585929649817,242.535
1585929659527,242.44
1585929668732,242.49
1585929679502,242.49
1585929679502,242.49
1585929702443,242.345
1585929709886,242.395
1585929709886,242.395
1585929731600,242.3
1585929737182,242.2
1585929737182,242.2
1585929737182,242.2
1585929774421,242.18
1585929774421,242.18
1585929774421,242.18
1585929808840,242.14
1585929808840,242.14
1585929808840,242.14
1585929808840,242.14
1585929808840,242.14
1585929808840,242.14
1585929808840,242.14
1585929879551,242.51
1585929885654,242.445
1585929896305,242.41
1585929896305,242.41
1585929919992,242.29
1585929919992,242.29
1585929919992,242.29
1585929952760,242.155
1585929965809,242.04
1585929976915,241.89
1585929976915,241.89
1585929997136,241.885
1585929997136,241.885
1585930010730,241.815
1585930026036,241.745
1585930031218,241.63
1585930049475,241.59
1585930049475,241.59
1585930066814,241.57
1585930079748,241.5
1585930079748,241.5
1585930079748,241.5
1585930110967,241.46
1585930110967,241.46
1585930110967,241.46
1585930137288,241.39
1585930137288,241.39
1585930165295,241.68
1585930170252,241.58
1585930170252,241.58
1585930170252,241.58
1585930170252,241.58
1585930170252,241.58
1585930220748,241.71
1585930220748,241.71
1585930220748,241.71
1585930220748,241.71
1585930270952,241.7
1585930281479,241.79
1585930291369,241.71
1585930291369,241.71
1585930312554,241.62
1585930312554,241.62
1585930312554,241.62
1585930340830,241.345
1585930354901,241.27
1585930360390,241.2
1585930368203,241.27
1585930384517,241.22
1585930384517,241.22
1585930402405,241.245
1585930408121,241.19
1585930423486,241.19
1585930423486,241.19
1585930448618,241.155
1585930448618,241.155
1585930448618,241.155
1585930448618,241.155
1585930448618,241.155
1585930448618,241.155
1585930448618,241.155
1585930448618,241.155
1585930448618,241.155
1585930542149,241.53
1585930550812,241.54
1585930565679,241.54
1585930566887,241.535
1585930566887,241.535
1585930589615,241.48
1585930603316,241.435
1585930603316,241.435
1585930627884,241.135
1585930627884,241.135
1585930643537,241.085
1585930643537,241.085
1585930665331,240.985
1585930679105,241.04
1585930690616,241.13
1585930690616,241.13
1585930690616,241.13
1585930690616,241.13
1585930728570,240.96
1585930736904,240.84
1585930736904,240.84
1585930759156,240.88
1585930759156,240.88
1585930780867,240.87
1585930798053,240.835
1585930804306,240.83
1585930804306,240.83
1585930828654,240.815
1585930835907,240.86
1585930851831,240.865
1585930862456,240.975
1585930870235,241.05
1585930880899,241.18
1585930883974,241.075
1585930898716,241.105
1585930911257,241.055
1585930911257,241.055
1585930911257,241.055
1585930944977,241.185
1585930944977,241.185
1585930964862,241.035
1585930974727,241.15
1585930987965,241.13
1585930996254,241.19
1585931001766,241.285
1585931016745,241.29
1585931025344,241.33
1585931025344,241.33
1585931050746,241.175
1585931058960,241.07
1585931070941,241.18
1585931078729,241.155
1585931089455,241.11
1585931100521,241.03
1585931100521,241.03
1585931124844,240.935
1585931134203,241.06
1585931144566,241.03
1585931156807,240.92
1585931166920,240.845
1585931173097,240.76
1585931183386,240.765
1585931183386,240.765
1585931183386,240.765
1585931183386,240.765
1585931183386,240.765
1585931183386,240.765
1585931183386,240.765
1585931183386,240.765
1585931183386,240.765
1585931277348,241.16
1585931277348,241.16
1585931300063,241.265
1585931308283,241.255
1585931321213,241.35
1585931330195,241.255
1585931342542,241.2
1585931352120,241.335
1585931361125,241.385
1585931376823,241.485
1585931387279,241.425
1585931389471,241.395
1585931409261,241.4
1585931419520,241.62
1585931428405,241.735
1585931439825,241.69
1585931449577,241.725
1585931452495,241.79
1585931468483,241.63
1585931478238,241.56
1585931492092,241.52
1585931495628,241.485
1585931504403,241.64
1585931522719,241.525
1585931528572,241.465
1585931528572,241.465
1585931557372,241.19
1585931557372,241.19
1585931568458,241.31
1585931580112,241.28
1585931597185,241.49
1585931604231,241.43
1585931604231,241.43
1585931626358,241.375
1585931626358,241.375
1585931651118,241.58
1585931657902,241.485
1585931670869,241.525
1585931670869,241.525
1585931690867,241.405
1585931700473,241.34
1585931700473,241.34
1585931700473,241.34
1585931730299,241.67
1585931744935,241.615
1585931754393,241.56
1585931763021,241.665
1585931763021,241.665
1585931763021,241.665
1585931792723,241.55
1585931802179,241.63
1585931817054,241.61
1585931830589,241.64
1585931841180,241.67
1585931851415,241.7
1585931857991,241.64
1585931864533,241.65
1585931879965,241.605
1585931879965,241.605
1585931879965,241.605
1585931913907,241.655
1585931915799,241.645
1585931915799,241.645
1585931915799,241.645
1585931915799,241.645
1585931959433,241.835
1585931959433,241.835
1585931959433,241.835
1585931959433,241.835
1585932006453,241.9
1585932006453,241.9
1585932030146,241.71
1585932040666,241.77
1585932040666,241.77
1585932063606,241.78
1585932065506,241.755
1585932065506,241.755
1585932084909,241.615
1585932084909,241.615
1585932107491,241.71
1585932123385,241.64
1585932123385,241.64
1585932123385,241.64
1585932149608,241.81
1585932162024,241.97
1585932169767,242.02
1585932169767,242.02
1585932197623,242.065
1585932201719,242.105
1585932201719,242.105
1585932226574,242.135
1585932226574,242.135
1585932252549,242.11
1585932258699,242.1
1585932267287,242.085
1585932267287,242.085
1585932290002,242.07
1585932290002,242.07
1585932290002,242.07
1585932318875,242.09
1585932318875,242.09
1585932345553,241.97
1585932347305,241.95
1585932366085,241.79
1585932366085,241.79
1585932366085,241.79
1585932399496,241.67
1585932407700,241.81
1585932411829,241.85
1585932430305,241.47
1585932437104,241.4
1585932437104,241.4
1585932460543,241.495
1585932460543,241.495
1585932460543,241.495
1585932460543,241.495
1585932500627,241.305
1585932500627,241.305
1585932519548,241.39
1585932532605,241.21
1585932541588,241.19
1585932551998,241.115
1585932551998,241.115
1585932551998,241.115
1585932551998,241.115
1585932598825,241.21
1585932598825,241.21
1585932598825,241.21
1585932598825,241.21
1585932598825,241.21
1585932598825,241.21
1585932598825,241.21
1585932598825,241.21
1585932598825,241.21
1585932598825,241.21
1585932598825,241.21
1585932598825,241.21
1585932725561,241.38
1585932733814,241.43
1585932733814,241.43
1585932733814,241.43
1585932769405,241.12
1585932769405,241.12
1585932789712,241.12
1585932796029,241.16
1585932803974,241.19
1585932803974,241.19
1585932827927,241.2
1585932827927,241.2
1585932827927,241.2
1585932855892,241.385
1585932876213,241.33
1585932876213,241.33
1585932895118,241.3
1585932895118,241.3
1585932895118,241.3
1585932930010,241.37
1585932939304,241.34
1585932941538,241.31
1585932941538,241.31
1585932941538,241.31
1585932941538,241.31
1585932984764,241.61
1585933000998,241.375
1585933009665,241.325
1585933009665,241.325
1585933009665,241.325
1585933036392,241.34
1585933036392,241.34
1585933065185,241.355
1585933073350,241.4
1585933087725,241.46
1585933087725,241.46
1585933087725,241.46
1585933087725,241.46
1585933087725,241.46
1585933087725,241.46
1585933087725,241.46
1585933087725,241.46
1585933087725,241.46
1585933175871,241.68
1585933184313,241.68
1585933184313,241.68
1585933209547,241.775
1585933219531,241.73
1585933219531,241.73
1585933242477,241.58
1585933250526,241.605
1585933250526,241.605
1585933250526,241.605
1585933286697,241.7
1585933286697,241.7
1585933303282,241.77
1585933303282,241.77
1585933327953,241.65
1585933327953,241.65
1585933327953,241.65
1585933327953,241.65
1585933327953,241.65
1585933383703,241.59
1585933390082,241.595
1585933390082,241.595
1585933390082,241.595
1585933390082,241.595
1585933390082,241.595
1585933390082,241.595
1585933450498,241.89
1585933450498,241.89
1585933480056,241.935
1585933480056,241.935
1585933480056,241.935
1585933480056,241.935
1585933522144,242.03
1585933522144,242.03
1585933522144,242.03
1585933551108,242.085
1585933551108,242.085
1585933572346,242.01
1585933572346,242.01
1585933572346,242.01
1585933597402,241.95
1585933617466,242.005
1585933622997,241.98
1585933622997,241.98
1585933622997,241.98
1585933622997,241.98
1585933622997,241.98
1585933622997,241.98
1585933622997,241.98
1585933699701,242.09
1585933699701,242.09
1585933699701,242.09
1585933699701,242.09
1585933742704,242.12
1585933747908,242.02
1585933747908,242.02
1585933772484,242.25
1585933778778,242.48
1585933793154,242.34
1585933793154,242.34
1585933813557,242.255
1585933825980,242.32
1585933825980,242.32
1585933839909,242.3
1585933839909,242.3
1585933839909,242.3
1585933839909,242.3
1585933888095,242.075
1585933888095,242.075
1585933906204,241.95
1585933906204,241.95
1585933928617,242.025
1585933928617,242.025
1585933945436,241.89
1585933961524,241.9
1585933961524,241.9
1585933961524,241.9
1585933991343,241.845
1585933997692,241.76
1585934010978,241.8
1585934023852,241.79
1585934032650,241.8
1585934032650,241.8
1585934053282,241.63
1585934053282,241.63
1585934053282,241.63
1585934085875,241.63
1585934100355,241.625
1585934110246,241.715
1585934110246,241.715
1585934129240,241.675
1585934141620,241.825
1585934143784,241.825
1585934143784,241.825
1585934143784,241.825
1585934185279,241.83
1585934185279,241.83
1585934185279,241.83
1585934185279,241.83
1585934185279,241.83
1585934236821,241.86
1585934236821,241.86
1585934236821,241.86
1585934236821,241.86
1585934236821,241.86
1585934288380,241.84
1585934288380,241.84
1585934288380,241.84
1585934314814,241.985
1585934329376,242.16
1585934329376,242.16
1585934352673,242.01
1585934352673,242.01
1585934369513,242.05
1585934369513,242.05
1585934369513,242.05
1585934369513,242.05
1585934369513,242.05
1585934369513,242.05
1585934431964,242.065
1585934431964,242.065
1585934431964,242.065
1585934468719,242.005
1585934478380,241.985
1585934485133,241.92
1585934496704,241.98
1585934496704,241.98
1585934496704,241.98
1585934496704,241.98
1585934537980,241.82
1585934537980,241.82
1585934561742,241.79
1585934561742,241.79
1585934575039,241.91
1585934575039,241.91
1585934600719,241.89
1585934615032,241.77
1585934615032,241.77
1585934615032,241.77
1585934644632,241.715
1585934654156,241.68
1585934654156,241.68
1585934654156,241.68
1585934683811,241.585
1585934683811,241.585
1585934683811,241.585
1585934716975,241.33
1585934716975,241.33
1585934716975,241.33
1585934716975,241.33
1585934759157,241.3
1585934759157,241.3
1585934759157,241.3
1585934759157,241.3
1585934800887,241.28
1585934808689,241.195
1585934815926,241.2
1585934815926,241.2
1585934844174,241.15
1585934849450,241.18
1585934860778,241.095
1585934860778,241.095
1585934880367,241.09
1585934892640,241.08
1585934904058,241.06
1585934921172,241.14
1585934925446,241.075
1585934925446,241.075
1585934925446,241.075
1585934925446,241.075
1585934967876,241.13
1585934967876,241.13
1585934967876,241.13
1585934967876,241.13
1585935007374,241.06
1585935022942,240.96
1585935031163,240.83
1585935047996,240.785
1585935049942,240.77
1585935067280,240.63
1585935081368,240.65
1585935081368,240.65
1585935081368,240.65
1585935081368,240.65
1585935118394,240.715
1585935124846,240.705
1585935124846,240.705
1585935145517,240.765
1585935145517,240.765
1585935166938,240.75
1585935166938,240.75
1585935194038,240.535
1585935194038,240.535
1585935194038,240.535
1585935226860,240.6
1585935226860,240.6
1585935226860,240.6
1585935226860,240.6
1585935263444,240.66
1585935263444,240.66
1585935263444,240.66
1585935263444,240.66
1585935263444,240.66
1585935263444,240.66
1585935329838,240.76
1585935329838,240.76
1585935347799,240.785
1585935363321,240.59
1585935363321,240.59
1585935363321,240.59
1585935363321,240.59
1585935405849,240.75
1585935405849,240.75
1585935405849,240.75
1585935405849,240.75
1585935405849,240.75
1585935405849,240.75
1585935405849,240.75
1585935405849,240.75
1585935485728,240.52
1585935501627,240.43
1585935501627,240.43
1585935501627,240.43
1585935530884,240.49
1585935530884,240.49
1585935530884,240.49
1585935530884,240.49
1585935530884,240.49
1585935530884,240.49
1585935593216,240.505
1585935601999,240.385
1585935601999,240.385
1585935601999,240.385
1585935632333,240.16
1585935648404,240.08
1585935661278,240.09
1585935669445,240.08
1585935678294,240.135
1585935684751,240.225
1585935684751,240.225
1585935684751,240.225
1585935684751,240.225
1585935684751,240.225
1585935740471,240.225
1585935740471,240.225
1585935740471,240.225
1585935740471,240.225
1585935784709,240.185
1585935796815,240.145
1585935796815,240.145
1585935796815,240.145
1585935796815,240.145
1585935837014,240.1
1585935842947,240.115
1585935842947,240.115
1585935869002,240.17
1585935869002,240.17
1585935869002,240.17
1585935892812,240.32
1585935913776,240.53
1585935913776,240.53
1585935934263,240.655
1585935938292,240.67
1585935945493,240.535
1585935945493,240.535
1585935945493,240.535
1585935945493,240.535
1585935945493,240.535
1585936001443,240.75
1585936001443,240.75
1585936001443,240.75
1585936001443,240.75
1585936001443,240.75
1585936060072,240.6
1585936060072,240.6
1585936080512,240.74
1585936080512,240.74
1585936099752,240.79
1585936099752,240.79
1585936099752,240.79
1585936099752,240.79
1585936099752,240.79
1585936099752,240.79
1585936099752,240.79
1585936099752,240.79
1585936099752,240.79
1585936099752,240.79
1585936205777,240.635
1585936214870,240.67
1585936214870,240.67
1585936214870,240.67
1585936214870,240.67
1585936261640,240.61
1585936261640,240.61
1585936261640,240.61
1585936261640,240.61
1585936261640,240.61
1585936261640,240.61
1585936261640,240.61
1585936335441,240.37
1585936341184,240.32
1585936352196,240.245
1585936364274,240.305
1585936369226,240.24
1585936382260,240.22
1585936382260,240.22
1585936408731,240.345
1585936408731,240.345
1585936408731,240.345
1585936408731,240.345
1585936408731,240.345
1585936460614,240.365
1585936460614,240.365
1585936460614,240.365
1585936492351,240.46
1585936494291,240.41
1585936512210,240.27
1585936512210,240.27
1585936526125,240.2
1585936535291,240.265
1585936535291,240.265
1585936562014,240.135
1585936575201,240
1585936583530,240.025
1585936583530,240.025
1585936583530,240.025
1585936618631,240.25
1585936618631,240.25
1585936618631,240.25
1585936618631,240.25
1585936652697,240.19
1585936669246,240.155
1585936669246,240.155
1585936669246,240.155
1585936669246,240.155
1585936669246,240.155
1585936715264,240.085
1585936715264,240.085
1585936715264,240.085
1585936715264,240.085
1585936764745,240.165
1585936764745,240.165
1585936764745,240.165
1585936764745,240.165
1585936805985,240.31
1585936821014,240.42
1585936821014,240.42
1585936821014,240.42
1585936851217,240.62
1585936860681,240.53
1585936867159,240.5
1585936879246,240.61
1585936879246,240.61
1585936900165,240.66
1585936900165,240.66
1585936916415,240.675
1585936928478,240.51
1585936928478,240.51
1585936948297,240.44
1585936948297,240.44
1585936977368,240.325
1585936977368,240.325
1585936997651,240.07
1585936997651,240.07
1585937018298,240.15
1585937024896,240.01
1585937024896,240.01
1585937024896,240.01
1585937059369,240.1
1585937065933,240.12
1585937065933,240.12
1585937086136,240.185
1585937094887,240.16
1585937094887,240.16
1585937094887,240.16
1585937094887,240.16
1585937144369,240.025
1585937144369,240.025
1585937165562,239.72
1585937165562,239.72
1585937187568,239.63
1585937196692,239.64
1585937210159,239.6
1585937216592,239.595
1585937216592,239.595
1585937216592,239.595
1585937247288,239.66
1585937260486,239.705
1585937266824,239.715
1585937266824,239.715
1585937288254,239.745
1585937297386,239.875
1585937311420,239.855
1585937311420,239.855
1585937311420,239.855
1585937311420,239.855
1585937311420,239.855
1585937359000,239.81
1585937359000,239.81
1585937384969,239.74
1585937384969,239.74
1585937384969,239.74
1585937416014,239.675
1585937416014,239.675
1585937416014,239.675
1585937416014,239.675
1585937456413,239.64
1585937456413,239.64
1585937481675,239.74
1585937481675,239.74
1585937481675,239.74
1585937481675,239.74
1585937524948,239.61
1585937528764,239.62
1585937543610,239.6
1585937543610,239.6
1585937568604,239.58
1585937568604,239.58
1585937568604,239.58
1585937568604,239.58
1585937603144,239.8
1585937603144,239.8
1585937603144,239.8
1585937603144,239.8
1585937603144,239.8
1585937603144,239.8
1585937665444,239.79
1585937665444,239.79
1585937665444,239.79
1585937665444,239.79
1585937715596,240.01
1585937715596,240.01
1585937731443,239.99
1585937745694,239.89
1585937745694,239.89
1585937763996,239.715
1585937763996,239.715
1585937786209,239.745
1585937786209,239.745
1585937801006,239.69
1585937801006,239.69
1585937801006,239.69
1585937839771,239.67
1585937844835,239.83
1585937844835,239.83
1585937871878,239.77
1585937871878,239.77
1585937887414,239.82
1585937902413,239.935
1585937913800,239.955
1585937917919,239.94
1585937917919,239.94
1585937917919,239.94
1585937917919,239.94
1585937966937,239.98
1585937966937,239.98
1585937984463,239.82
1585937997523,239.885
1585937997523,239.885
1585938013026,239.97
1585938028071,239.94
1585938035046,239.98
1585938044623,239.985
1585938062430,240.11
1585938065306,240.185
1585938086808,240.155
1585938093716,240.185
1585938093716,240.185
1585938116367,240.135
1585938126461,239.99
1585938126461,239.99
1585938126461,239.99
1585938157132,239.96
1585938170300,239.98
1585938170300,239.98
1585938188396,239.88
1585938200838,239.85
1585938206175,239.855
1585938218083,239.845
1585938234126,239.92
1585938234126,239.92
1585938250101,239.965
1585938256861,240.01
1585938269803,240.12
1585938284800,240.005
1585938284800,240.005
1585938298570,240.03
1585938316080,239.91
1585938316080,239.91
1585938330732,239.945
1585938330732,239.945
1585938330732,239.945
1585938364680,240.155
1585938376237,240.095
1585938391743,240.17
1585938402412,240.11
1585938411820,240.165
1585938423251,240.16
1585938432186,240.135
1585938439255,240.11
1585938453563,240.12
1585938459894,240.085
1585938473553,240.225
1585938486297,240.155
1585938496530,240.305
1585938507672,240.37
1585938518788,240.385
1585938518788,240.385
1585938535704,240.55
1585938549317,240.48
1585938560165,240.47
1585938567221,240.48
1585938581332,240.585
1585938586357,240.645
1585938597713,240.755
1585938612850,240.625
1585938612850,240.625
1585938628359,240.665
1585938644381,240.52
1585938644381,240.52
1585938660384,240.49
1585938668089,240.46
1585938686365,240.42
1585938696717,240.395
1585938707919,240.34
1585938709421,240.345
1585938726273,240.4
1585938731963,240.3
1585938739927,240.405
1585938755947,240.385
1585938755947,240.385
1585938779437,240.31
1585938791359,240.405
1585938802112,240.27
1585938812597,240.17
1585938823368,240.21
1585938832977,240.09
1585938837746,240.18
1585938837746,240.18
1585938860366,240.175
1585938875867,240.28
1585938883582,240.3
1585938883582,240.3
1585938900762,240.455
1585938917752,240.45
1585938931667,240.45
1585938940014,240.395
1585938953640,240.52
1585938953640,240.52
1585938953640,240.52
1585938985590,240.39
1585938985590,240.39
1585939007022,240.325
1585939014616,240.26
1585939018822,240.16
1585939018822,240.16
1585939043219,240.305
1585939043219,240.305
1585939043219,240.305
1585939043219,240.305
1585939087009,240.41
1585939094865,240.485
1585939107520,240.48
1585939107520,240.48
1585939131263,240.27
1585939131263,240.27
1585939131263,240.27
1585939162525,240.28
1585939162525,240.28
1585939162525,240.28
1585939196390,240.08
1585939199616,240.095
1585939210309,240.25
1585939219754,240.175
1585939219754,240.175
1585939248718,240.305
1585939248718,240.305
1585939263194,240.15
1585939263194,240.15
1585939290770,240.11
1585939290770,240.11
1585939290770,240.11
1585939290770,240.11
1585939327116,240.145
1585939338780,239.99
1585939338780,239.99
1585939338780,239.99
1585939338780,239.99
1585939378726,239.795
1585939391329,239.785
1585939400589,239.745
1585939417538,239.66
1585939419323,239.7
1585939419323,239.7
1585939419323,239.7
1585939452328,239.56
1585939452328,239.56
1585939452328,239.56
1585939452328,239.56
1585939501131,239.425
1585939513690,239.505
1585939518660,239.45
1585939529241,239.56
1585939542274,239.75
1585939542274,239.75
1585939558237,239.665
1585939577231,239.585
1585939587040,239.585
1585939598439,239.585
1585939608657,239.595
1585939608657,239.595
1585939628819,239.69
1585939637801,239.63
1585939637801,239.63
1585939656452,239.59
1585939656452,239.59
1585939656452,239.59
1585939683776,239.65
1585939698349,239.555
1585939710817,239.51
1585939710817,239.51
1585939728331,239.54
1585939743326,239.58
1585939755358,239.6
1585939763787,239.73
1585939763787,239.73
1585939778994,239.675
1585939794478,239.82
1585939808780,239.815
1585939818427,239.94
1585939818427,239.94
1585939834825,239.87
1585939850830,239.905
1585939861564,239.83
1585939873494,239.845
1585939873494,239.845
1585939873494,239.845
1585939873494,239.845
1585939913485,240.34
1585939913485,240.34
1585939928962,240.445
1585939928962,240.445
1585939952941,240.76
1585939957817,240.77
1585939957817,240.77
1585939980767,240.62
1585939980767,240.62
1585940003985,240.6
1585940003985,240.6
1585940003985,240.6
1585940003985,240.6
1585940003985,240.6
1585940003985,240.6
1585940003985,240.6
1585940083727,240.3
1585940083727,240.3
1585940083727,240.3
1585940083727,240.3
1585940083727,240.3
1585940127883,240.47
1585940127883,240.47
1585940154113,240.415
1585940154113,240.415
1585940171128,240.59
1585940189950,240.61
1585940196260,240.55
1585940207950,240.51
1585940207950,240.51
1585940227135,240.635
1585940239622,240.75
1585940253041,240.77
1585940258472,240.85
1585940273419,240.72
1585940273419,240.72
1585940287172,240.69
1585940287172,240.69
1585940314445,240.79
1585940314445,240.79
1585940333672,240.65
1585940333672,240.65
1585940333672,240.65
1585940333672,240.65
1585940375014,240.735
1585940375014,240.735
