1586179857906,132.61
1586179857906,132.61
1586179880773,132.81
1586179890446,132.75
1586179896507,132.75
1586179914161,133.13
1586179914161,133.13
1586179914161,133.13
1586179946804,133.09
1586179957601,133.1
1586179965384,133.075
1586179968443,133.06
1586179968443,133.06
1586179968443,133.06
1586180007717,132.75
1586180011554,132.74
1586180022245,132.94
1586180031976,132.3
1586180051015,132.09
1586180051015,132.09
1586180068451,131.52
1586180078368,131.35
1586180078368,131.35
1586180102298,131.18
1586180102298,131.18
1586180120299,131.27
1586180120299,131.27
1586180120299,131.27
1586180120299,131.27
1586180120299,131.27
1586180120299,131.27
1586180120299,131.27
1586180193733,131.585
1586180193733,131.585
1586180211327,131.95
1586180220316,132.065
1586180220316,132.065
1586180220316,132.065
1586180220316,132.065
1586180220316,132.065
1586180220316,132.065
1586180220316,132.065
1586180302055,130.715
1586180307043,130.775
1586180307043,130.775
1586180307043,130.775
1586180307043,130.775
1586180348012,130.53
1586180348012,130.53
1586180348012,130.53
1586180381341,130.81
1586180381341,130.81
1586180405290,130.3
1586180410979,130
1586180410979,130
1586180432297,129.46
1586180432297,129.46
1586180456081,129.96
1586180456081,129.96
1586180456081,129.96
1586180489059,130
1586180500533,130.155
1586180503956,130.095
1586180513756,130.175
1586180513756,130.175
1586180541362,130.08
1586180541362,130.08
1586180541362,130.08
1586180569147,130.015
1586180569147,130.015
1586180591808,129.92
1586180603917,129.66
1586180612957,129.775
1586180623390,129.765
1586180633611,129.63
1586180642059,129.63
1586180655349,129.56
1586180655349,129.56
1586180675020,129.61
1586180687271,129.69
1586180695827,129.725
1586180708835,130.185
1586180717657,130.34
1586180722765,130.55
1586180734084,130.49
1586180745533,130.52
1586180753796,130.67
1586180772332,130.43
1586180773016,130.5
1586180785414,130.71
1586180785414,130.71
1586180785414,130.71
1586180785414,130.71
1586180785414,130.71
1586180845785,131.06
1586180846742,130.905
1586180857642,130.905
1586180868986,131.01
1586180883185,131.29
1586180883185,131.29
1586180883185,131.29
1586180914438,131.99
1586180914438,131.99
1586180914438,131.99
1586180945369,132.14
1586180954020,131.95
1586180954020,131.95
1586180973841,132.04
1586180982635,131.45
1586180992136,131.31
1586180992136,131.31
1586180992136,131.31
1586180992136,131.31
1586181039479,131.74
1586181048232,131.84
1586181063720,132.09
1586181063720,132.09
1586181063720,132.09
1586181094383,131.83
1586181094383,131.83
1586181107350,132.4
1586181126111,131.88
1586181126111,131.88
1586181126111,131.88
1586181155239,132.23
1586181166630,131.97
1586181166630,131.97
1586181187231,132.7
1586181187231,132.7
1586181187231,132.7
1586181187231,132.7
1586181187231,132.7
1586181187231,132.7
1586181187231,132.7
1586181254204,132.84
1586181254204,132.84
1586181254204,132.84
1586181254204,132.84
1586181297418,132.93
1586181297418,132.93
1586181297418,132.93
1586181297418,132.93
1586181297418,132.93
1586181355922,132.68
1586181363684,132.46
1586181373887,132.63
1586181373887,132.63
1586181373887,132.63
1586181373887,132.63
1586181373887,132.63
1586181424986,132.45
1586181433301,132.315
1586181433301,132.315
1586181433301,132.315
1586181433301,132.315
1586181433301,132.315
1586181491636,132.5
1586181491636,132.5
1586181491636,132.5
1586181523702,132.11
1586181532528,132.06
1586181532528,132.06
1586181532528,132.06
1586181562892,132.23
1586181562892,132.23
1586181562892,132.23
1586181562892,132.23
1586181562892,132.23
1586181562892,132.23
1586181562892,132.23
1586181562892,132.23
1586181562892,132.23
1586181660491,133.495
1586181666483,133.5
1586181666483,133.5
1586181666483,133.5
1586181666483,133.5
1586181666483,133.5
1586181666483,133.5
1586181738176,133.865
1586181738176,133.865
1586181750126,133.84
1586181750126,133.84
1586181780486,134.06
1586181780486,134.06
1586181800246,134.215
1586181806071,134.22
1586181816663,134.3
1586181816663,134.3
1586181843380,134.79
1586181853260,134.72
1586181862234,134.62
1586181868494,134.7
1586181868494,134.7
1586181868494,134.7
1586181868494,134.7
1586181868494,134.7
1586181917516,134.185
1586181917516,134.185
1586181940793,134.21
1586181957026,134.505
1586181967896,134.895
1586181967896,134.895
1586181989598,134.92
1586181989598,134.92
1586181989598,134.92
1586182013269,135.06
1586182013269,135.06
1586182013269,135.06
1586182013269,135.06
1586182013269,135.06
1586182013269,135.06
1586182013269,135.06
1586182013269,135.06
1586182102222,134.76
1586182102222,134.76
1586182118628,135.03
1586182118628,135.03
1586182148210,135.15
1586182150777,135.09
1586182150777,135.09
1586182150777,135.09
1586182181514,135.79
1586182190522,136
1586182190522,136
1586182190522,136
1586182190522,136
1586182236525,135.51
1586182236525,135.51
1586182236525,135.51
1586182273621,135.505
1586182281461,135.85
1586182281461,135.85
1586182301486,135.845
1586182308318,135.72
1586182308318,135.72
1586182334731,136.275
1586182334731,136.275
1586182334731,136.275
1586182364101,136.28
1586182372714,136.07
1586182386043,136.155
1586182386043,136.155
1586182399852,136.075
1586182414493,135.98
1586182429105,135.85
1586182429105,135.85
1586182449154,135.75
1586182462250,135.765
1586182462250,135.765
1586182462250,135.765
1586182462250,135.765
1586182462250,135.765
1586182512846,135.78
1586182512846,135.78
1586182512846,135.78
1586182512846,135.78
1586182512846,135.78
1586182512846,135.78
1586182512846,135.78
1586182512846,135.78
1586182512846,135.78
1586182606725,136.28
1586182606725,136.28
1586182606725,136.28
1586182632563,136.27
1586182632563,136.27
1586182632563,136.27
1586182632563,136.27
1586182632563,136.27
1586182632563,136.27
1586182699378,136.29
1586182699378,136.29
1586182722972,136.4
1586182732240,136.66
1586182732240,136.66
1586182732240,136.66
1586182732240,136.66
1586182777408,137
1586182777408,137
1586182796259,136.945
1586182804651,136.965
1586182820606,137.31
1586182820606,137.31
1586182820606,137.31
1586182845386,137.29
1586182862220,136.895
1586182870471,136.54
1586182870471,136.54
1586182870471,136.54
1586182870471,136.54
1586182870471,136.54
1586182870471,136.54
1586182870471,136.54
1586182870471,136.54
1586182957890,137.39
1586182963624,137.58
1586182963624,137.58
1586182963624,137.58
1586182963624,137.58
1586182963624,137.58
1586182963624,137.58
1586182963624,137.58
1586182963624,137.58
1586183042504,137.38
1586183042504,137.38
1586183042504,137.38
1586183074045,137.31
1586183074045,137.31
1586183074045,137.31
1586183074045,137.31
1586183074045,137.31
1586183074045,137.31
1586183074045,137.31
1586183074045,137.31
1586183074045,137.31
1586183074045,137.31
1586183074045,137.31
1586183194112,135.995
1586183207092,135.66
1586183217154,135.505
1586183225838,135.635
1586183240047,135.9
1586183247115,135.875
1586183255841,135.87
1586183255841,135.87
1586183279902,136.17
1586183290119,135.895
1586183295548,135.875
1586183307200,135.91
1586183319381,135.885
1586183325869,135.8
1586183343877,135.78
1586183353049,135.795
1586183366094,135.635
1586183376687,135.55
1586183381984,135.495
1586183398136,135.33
1586183408581,135.46
1586183411946,135.27
1586183427900,134.69
1586183434534,135.09
1586183444496,134.8
1586183457851,134.64
1586183457851,134.64
1586183457851,134.64
1586183491355,134.23
1586183494325,134.12
1586183512566,133.94
1586183521513,133.765
1586183533957,133.63
1586183545036,133.74
1586183548189,133.6
1586183548189,133.6
1586183573094,134.18
1586183578881,134.13
1586183590133,133.87
1586183590133,133.87
1586183590133,133.87
1586183590133,133.87
1586183639491,134.67
1586183647619,134.82
1586183647619,134.82
1586183647619,134.82
1586183647619,134.82
1586183647619,134.82
1586183698772,134.705
1586183709685,134.415
1586183709685,134.415
1586183732807,134.2
1586183743124,133.95
1586183743124,133.95
1586183743124,133.95
1586183743124,133.95
1586183743124,133.95
1586183788567,134.15
1586183800458,134.21
1586183800458,134.21
1586183820678,134.01
1586183820678,134.01
1586183840824,134.25
1586183857531,134.53
1586183861884,134.64
1586183872045,134.525
1586183872045,134.525
1586183894124,134.35
1586183901732,134.22
1586183901732,134.22
1586183901732,134.22
1586183941462,135.45
1586183947750,135.46
1586183958742,135.61
1586183958742,135.61
1586183981259,135.83
1586183991939,135.79
1586183991939,135.79
1586184013181,135.85
1586184013181,135.85
1586184013181,135.85
1586184043870,135.61
1586184043870,135.61
1586184063537,135.675
1586184063537,135.675
1586184088003,135.705
1586184088003,135.705
1586184088003,135.705
1586184088003,135.705
1586184088003,135.705
1586184088003,135.705
1586184088003,135.705
1586184159203,135.41
1586184162805,135.33
1586184162805,135.33
1586184162805,135.33
1586184162805,135.33
1586184206109,135.29
1586184206109,135.29
1586184206109,135.29
1586184206109,135.29
1586184206109,135.29
1586184206109,135.29
1586184206109,135.29
1586184288472,135.14
1586184296058,135.225
1586184305790,135.42
1586184305790,135.42
1586184305790,135.42
1586184305790,135.42
1586184305790,135.42
1586184305790,135.42
1586184305790,135.42
1586184380637,134.9
1586184380637,134.9
1586184380637,134.9
1586184406907,134.43
1586184406907,134.43
1586184406907,134.43
1586184406907,134.43
1586184406907,134.43
1586184460592,134.49
1586184460592,134.49
1586184487521,134.32
1586184487521,134.32
1586184487521,134.32
1586184487521,134.32
1586184487521,134.32
1586184487521,134.32
1586184487521,134.32
1586184487521,134.32
1586184487521,134.32
1586184487521,134.32
1586184487521,134.32
1586184487521,134.32
1586184487521,134.32
1586184487521,134.32
1586184487521,134.32
1586184641643,134.76
1586184641643,134.76
1586184666885,134.81
1586184666885,134.81
1586184666885,134.81
1586184666885,134.81
1586184666885,134.81
1586184666885,134.81
1586184722549,134.59
1586184734946,134.16
1586184743183,134.33
1586184743183,134.33
1586184743183,134.33
1586184743183,134.33
1586184789259,134.515
1586184789259,134.515
1586184789259,134.515
1586184789259,134.515
1586184789259,134.515
1586184789259,134.515
1586184848375,134.955
1586184848375,134.955
1586184848375,134.955
1586184848375,134.955
1586184892222,135.36
1586184907189,135.34
1586184915991,135.225
1586184927583,135.7
1586184927583,135.7
1586184927583,135.7
1586184927583,135.7
1586184964114,135.705
1586184975158,136
1586184975158,136
1586184999472,136.25
1586185010092,136.215
1586185010092,136.215
1586185026991,136.415
1586185045847,136.18
1586185045847,136.18
1586185045847,136.18
1586185075704,136.25
1586185082818,136.17
1586185098908,136.26
1586185100761,136.24
1586185117550,136.51
1586185117550,136.51
1586185117550,136.51
1586185143841,136.49
1586185143841,136.49
1586185143841,136.49
1586185143841,136.49
1586185189749,136.21
1586185189749,136.21
1586185214897,136.465
1586185214897,136.465
1586185238658,136.26
1586185248565,136.125
1586185256720,136.18
1586185267855,136.11
1586185276638,135.87
1586185288250,135.95
1586185298923,136.01
1586185312697,135.9
1586185314688,135.86
1586185314688,135.86
1586185339631,136.1
1586185353575,135.93
1586185358992,135.96
1586185367483,135.9
1586185381845,136.045
1586185389518,135.67
1586185389518,135.67
1586185389518,135.67
1586185389518,135.67
1586185437444,136.41
1586185437444,136.41
1586185453973,136.535
1586185453973,136.535
1586185453973,136.535
1586185453973,136.535
1586185453973,136.535
1586185453973,136.535
1586185453973,136.535
1586185524731,136.57
1586185524731,136.57
1586185524731,136.57
1586185524731,136.57
1586185524731,136.57
1586185524731,136.57
1586185590438,136.11
1586185606494,135.95
1586185606494,135.95
1586185606494,135.95
1586185636784,135.74
1586185639330,135.81
1586185657430,136.025
1586185657430,136.025
1586185657430,136.025
1586185657430,136.025
1586185657430,136.025
1586185657430,136.025
1586185657430,136.025
1586185723809,135.915
1586185723809,135.915
1586185723809,135.915
1586185762866,135.74
1586185762866,135.74
1586185762866,135.74
1586185762866,135.74
1586185802806,135.845
1586185815815,135.85
1586185815815,135.85
1586185830228,135.96
1586185841090,135.83
1586185856377,135.79
1586185856377,135.79
1586185856377,135.79
1586185888428,135.685
1586185899520,135.6
1586185908355,135.605
1586185908355,135.605
1586185923596,135.76
1586185923596,135.76
1586185945690,136.2
1586185957376,136.15
1586185968242,136.135
1586185979768,136.035
1586185993366,136.08
1586185993366,136.08
1586186013071,136.24
1586186022932,136.5
1586186022932,136.5
1586186039541,136.2
1586186039541,136.2
1586186039541,136.2
1586186039541,136.2
1586186039541,136.2
1586186039541,136.2
1586186107126,136.3
1586186107126,136.3
1586186125790,136.14
1586186134159,136.17
1586186134159,136.17
1586186134159,136.17
1586186134159,136.17
1586186134159,136.17
1586186134159,136.17
1586186134159,136.17
1586186134159,136.17
1586186134159,136.17
1586186233431,135.975
1586186245430,135.98
1586186251941,135.94
1586186264102,135.965
1586186270123,136.05
1586186286609,135.99
1586186295331,136.09
1586186302302,136.19
1586186311256,136.11
1586186325720,136.205
1586186338055,136.3
1586186343814,136.14
1586186343814,136.14
1586186343814,136.14
1586186343814,136.14
1586186343814,136.14
1586186402382,136.045
1586186412891,136.085
1586186416176,136.095
1586186424492,136.1
1586186435195,136.08
1586186454256,136.125
1586186456267,136.15
1586186456267,136.15
1586186456267,136.15
1586186494022,136.4
1586186494022,136.4
1586186494022,136.4
1586186522968,136.88
1586186530533,136.72
1586186530533,136.72
1586186552195,136.515
1586186563390,136.46
1586186563390,136.46
1586186563390,136.46
1586186563390,136.46
1586186563390,136.46
1586186613089,136.46
1586186631784,136.03
1586186631784,136.03
1586186648143,136.125
1586186648143,136.125
1586186648143,136.125
1586186648143,136.125
1586186648143,136.125
1586186699033,136.095
1586186699033,136.095
1586186699033,136.095
1586186699033,136.095
1586186699033,136.095
1586186756178,136.04
1586186759475,136.105
1586186759475,136.105
1586186759475,136.105
1586186759475,136.105
1586186759475,136.105
1586186759475,136.105
1586186759475,136.105
1586186759475,136.105
1586186759475,136.105
1586186759475,136.105
1586186759475,136.105
1586186759475,136.105
1586186885862,136.66
1586186885862,136.66
1586186885862,136.66
1586186920798,136.65
1586186927170,136.62
1586186927170,136.62
1586186927170,136.62
1586186964416,136.7
1586186964416,136.7
1586186983117,136.615
1586186997858,136.54
1586187009262,136.595
1586187009262,136.595
1586187028843,136.36
1586187041613,136.26
1586187041613,136.26
1586187041613,136.26
1586187041613,136.26
1586187079812,135.88
1586187090345,135.995
1586187097167,135.9
1586187097167,135.9
1586187097167,135.9
1586187097167,135.9
1586187138716,135.55
1586187138716,135.55
1586187138716,135.55
1586187138716,135.55
1586187186028,135.9
1586187186028,135.9
1586187186028,135.9
1586187186028,135.9
1586187186028,135.9
1586187186028,135.9
1586187243590,136.35
1586187243590,136.35
1586187243590,136.35
1586187243590,136.35
1586187243590,136.35
1586187302453,136.1
1586187302453,136.1
1586187320590,136.21
1586187320590,136.21
1586187320590,136.21
1586187320590,136.21
1586187320590,136.21
1586187320590,136.21
1586187320590,136.21
1586187320590,136.21
1586187320590,136.21
1586187320590,136.21
1586187320590,136.21
1586187320590,136.21
1586187449268,136.25
1586187457287,136.25
1586187457287,136.25
1586187457287,136.25
1586187491763,136.26
1586187502400,136.49
1586187505896,136.29
1586187505896,136.29
1586187505896,136.29
1586187505896,136.29
1586187505896,136.29
1586187505896,136.29
1586187505896,136.29
1586187505896,136.29
1586187505896,136.29
1586187505896,136.29
1586187505896,136.29
1586187505896,136.29
1586187505896,136.29
1586187505896,136.29
1586187505896,136.29
1586187505896,136.29
1586187505896,136.29
1586187505896,136.29
1586187505896,136.29
1586187505896,136.29
1586187717970,136.59
1586187717970,136.59
1586187717970,136.59
1586187750529,136.555
1586187758307,136.57
1586187758307,136.57
1586187785454,136.72
1586187785454,136.72
1586187785454,136.72
1586187785454,136.72
1586187785454,136.72
1586187785454,136.72
1586187785454,136.72
1586187857545,136.63
1586187866273,136.55
1586187866273,136.55
1586187866273,136.55
1586187866273,136.55
1586187866273,136.55
1586187866273,136.55
1586187866273,136.55
1586187866273,136.55
1586187866273,136.55
1586187866273,136.55
1586187866273,136.55
1586187866273,136.55
1586187866273,136.55
1586187866273,136.55
1586187866273,136.55
1586187866273,136.55
1586187866273,136.55
1586188049305,136.925
1586188054713,137.12
1586188054713,137.12
1586188076621,137.14
1586188082642,137.305
1586188101159,137.35
1586188111962,137.43
1586188111962,137.43
1586188127629,137.36
1586188139754,137.24
1586188139754,137.24
1586188139754,137.24
1586188139754,137.24
1586188139754,137.24
1586188139754,137.24
1586188139754,137.24
1586188212554,137.1
1586188212554,137.1
1586188212554,137.1
1586188212554,137.1
1586188212554,137.1
1586188261682,137.23
1586188261682,137.23
1586188261682,137.23
1586188292271,137.45
1586188308711,137.37
1586188308711,137.37
1586188308711,137.37
1586188341693,137.27
1586188341693,137.27
1586188361654,137.72
1586188366629,137.68
1586188366629,137.68
1586188366629,137.68
1586188366629,137.68
1586188366629,137.68
1586188366629,137.68
1586188366629,137.68
1586188447149,137.71
1586188456355,137.79
1586188469097,137.95
1586188471440,138
1586188485687,138.03
1586188485687,138.03
1586188503309,138.22
1586188503309,138.22
1586188503309,138.22
1586188503309,138.22
1586188503309,138.22
1586188503309,138.22
1586188567112,137.8
1586188567112,137.8
1586188567112,137.8
1586188567112,137.8
1586188567112,137.8
1586188567112,137.8
1586188567112,137.8
1586188567112,137.8
1586188652220,137.82
1586188652220,137.82
1586188652220,137.82
1586188683547,137.72
1586188699153,137.565
1586188712128,137.53
1586188715933,137.6
1586188728928,137.725
1586188728928,137.725
1586188728928,137.725
1586188728928,137.725
1586188728928,137.725
1586188728928,137.725
1586188728928,137.725
1586188803211,137.57
1586188803211,137.57
1586188803211,137.57
1586188803211,137.57
1586188803211,137.57
1586188803211,137.57
1586188863380,137.29
1586188863380,137.29
1586188884159,137.16
1586188884159,137.16
1586188884159,137.16
1586188884159,137.16
1586188923484,137.3
1586188938619,137.51
1586188938619,137.51
1586188938619,137.51
1586188938619,137.51
1586188938619,137.51
1586188990070,137.71
1586188990070,137.71
1586188990070,137.71
1586188990070,137.71
1586188990070,137.71
1586188990070,137.71
1586188990070,137.71
1586188990070,137.71
1586188990070,137.71
1586188990070,137.71
1586188990070,137.71
1586188990070,137.71
1586188990070,137.71
1586188990070,137.71
1586188990070,137.71
1586188990070,137.71
1586188990070,137.71
1586188990070,137.71
1586189183911,137.34
1586189183911,137.34
1586189202380,137.34
1586189202380,137.34
1586189202380,137.34
1586189237884,137.54
1586189237884,137.54
1586189253000,137.58
1586189253000,137.58
1586189253000,137.58
1586189253000,137.58
1586189253000,137.58
1586189253000,137.58
1586189253000,137.58
1586189253000,137.58
1586189253000,137.58
1586189347909,137.54
1586189347909,137.54
1586189347909,137.54
1586189347909,137.54
1586189347909,137.54
1586189347909,137.54
1586189347909,137.54
1586189347909,137.54
1586189347909,137.54
1586189448680,137.505
1586189448680,137.505
1586189469477,137.8
1586189469477,137.8
1586189469477,137.8
1586189469477,137.8
1586189469477,137.8
1586189469477,137.8
1586189469477,137.8
1586189469477,137.8
1586189551522,137.6
1586189551522,137.6
1586189551522,137.6
1586189551522,137.6
1586189551522,137.6
1586189605671,138.17
1586189605671,138.17
1586189629521,138.65
1586189629521,138.65
1586189629521,138.65
1586189629521,138.65
1586189670160,138.73
1586189681540,138.62
1586189681540,138.62
1586189681540,138.62
1586189711803,138.49
1586189711803,138.49
1586189711803,138.49
1586189741765,138.28
1586189741765,138.28
1586189741765,138.28
1586189777871,138.36
1586189788467,138.455
1586189788467,138.455
1586189808412,138.315
1586189819543,138.425
1586189820816,138.43
1586189833966,138.38
1586189833966,138.38
1586189857579,138.66
1586189866076,138.865
1586189877087,138.855
1586189888981,138.975
1586189904372,138.76
1586189904372,138.76
1586189922652,138.685
1586189931533,138.71
1586189939284,138.73
1586189939284,138.73
1586189959910,138.52
1586189967943,138.435
1586189980570,138.5
1586189980570,138.5
1586189999243,138.57
1586190019200,138.58
1586190019200,138.58
1586190034479,138.525
1586190047635,138.475
1586190054887,138.46
1586190070753,138.425
1586190079397,138.52
1586190093121,138.535
1586190104454,138.445
1586190113937,138.37
1586190119953,138.47
1586190135344,138.33
1586190141404,138.44
1586190157098,138.435
1586190167501,138.36
1586190178267,138.325
1586190189435,138.04
1586190197764,138.16
1586190197764,138.16
1586190212207,138.02
1586190230038,138.07
1586190238539,138.1
1586190250827,138.11
1586190262744,138.155
1586190266472,138.26
1586190277407,138.16
1586190286991,138.22
1586190286991,138.22
1586190313447,138.12
1586190326124,137.96
1586190335181,137.8
1586190335181,137.8
1586190335181,137.8
1586190335181,137.8
1586190335181,137.8
1586190335181,137.8
1586190335181,137.8
1586190335181,137.8
1586190421473,138.08
1586190421473,138.08
1586190435338,137.88
1586190435338,137.88
1586190435338,137.88
1586190435338,137.88
1586190479891,137.855
1586190479891,137.855
1586190479891,137.855
1586190479891,137.855
1586190522977,137.57
1586190522977,137.57
1586190522977,137.57
1586190552138,137.27
1586190552138,137.27
1586190552138,137.27
1586190552138,137.27
1586190599358,137.55
1586190602693,137.445
1586190615743,137.58
1586190626928,137.565
1586190639529,137.53
1586190639529,137.53
1586190639529,137.53
1586190639529,137.53
1586190639529,137.53
1586190694124,137.46
1586190704017,137.305
1586190714244,137.27
1586190726257,137.45
1586190735883,137.22
1586190748660,137.26
1586190751388,137.195
1586190761265,137.01
1586190774917,136.75
1586190785616,136.57
1586190796575,136.34
1586190809769,136.57
1586190812247,136.48
1586190831880,136.49
1586190835556,136.515
1586190853433,136.435
1586190862887,136.21
1586190874722,136.335
1586190879558,136.225
1586190895155,136.385
1586190902073,136.285
1586190914785,136.23
1586190914785,136.23
1586190930898,136.245
1586190946676,135.655
1586190955549,135.66
1586190966391,135.93
1586190977035,135.605
1586190988744,135.43
1586190998840,135.23
1586191008357,135.52
1586191020963,135.505
1586191031743,135.375
1586191041607,135.355
1586191050563,135.635
1586191057603,135.4
1586191074537,135.43
1586191079540,135.365
1586191094403,135.29
1586191104632,135.19
1586191112932,135.29
1586191125934,135.52
1586191134169,135.92
1586191139818,135.905
1586191157052,136.04
1586191157052,136.04
1586191157052,136.04
1586191183057,135.905
1586191183057,135.905
1586191203472,135.91
1586191203472,135.91
1586191203472,135.91
1586191203472,135.91
1586191203472,135.91
1586191203472,135.91
1586191203472,135.91
1586191277625,135.9
1586191277625,135.9
1586191304584,136.11
1586191310721,136.095
1586191310721,136.095
1586191310721,136.095
1586191310721,136.095
1586191310721,136.095
1586191310721,136.095
1586191369167,135.81
1586191384938,135.735
1586191390967,135.71
1586191390967,135.71
1586191418716,136.09
1586191418716,136.09
1586191435950,136.115
1586191435950,136.115
1586191435950,136.115
1586191435950,136.115
1586191478304,136.14
1586191478304,136.14
1586191478304,136.14
1586191478304,136.14
1586191478304,136.14
1586191478304,136.14
1586191478304,136.14
1586191556460,136.11
1586191556460,136.11
1586191556460,136.11
1586191556460,136.11
1586191599795,135.93
1586191599795,135.93
1586191599795,135.93
1586191632277,136.04
1586191632277,136.04
1586191632277,136.04
1586191632277,136.04
1586191632277,136.04
1586191685028,136.4
1586191685028,136.4
1586191685028,136.4
1586191715253,136.37
1586191715253,136.37
1586191715253,136.37
1586191749475,136.57
1586191749475,136.57
1586191749475,136.57
1586191776415,136.42
1586191776415,136.42
1586191776415,136.42
1586191776415,136.42
1586191818230,136.15
1586191818230,136.15
1586191818230,136.15
1586191818230,136.15
1586191863788,135.97
1586191876826,136.15
1586191886493,136.06
1586191897596,136.05
1586191903123,136.195
1586191903123,136.195
1586191928251,136.145
1586191928251,136.145
1586191950636,136.145
1586191954857,136.11
1586191971635,136.125
1586191978255,136.045
1586191987862,136.15
1586191996321,136.175
1586192008925,136.24
1586192008925,136.24
1586192008925,136.24
1586192008925,136.24
1586192008925,136.24
1586192057976,136.615
1586192057976,136.615
1586192057976,136.615
1586192057976,136.615
1586192057976,136.615
1586192057976,136.615
1586192057976,136.615
1586192057976,136.615
1586192057976,136.615
1586192057976,136.615
1586192057976,136.615
1586192057976,136.615
1586192057976,136.615
1586192057976,136.615
1586192057976,136.615
1586192057976,136.615
1586192057976,136.615
1586192057976,136.615
1586192251799,137.205
1586192251799,137.205
1586192251799,137.205
1586192289334,137.375
1586192289334,137.375
1586192289334,137.375
1586192320949,137.425
1586192322602,137.42
1586192322602,137.42
1586192322602,137.42
1586192322602,137.42
1586192370690,137.47
1586192377463,137.415
1586192377463,137.415
1586192377463,137.415
1586192377463,137.415
1586192377463,137.415
1586192377463,137.415
1586192448506,137.865
1586192449885,137.89
1586192449885,137.89
1586192478583,137.76
1586192490388,137.755
1586192499017,137.81
1586192511943,137.84
1586192523328,137.86
1586192526648,137.865
1586192541300,137.96
1586192541300,137.96
1586192557684,138
1586192570721,137.9
1586192570721,137.9
1586192591948,137.76
1586192604673,137.8
1586192617556,137.855
1586192621657,137.8
1586192633914,137.78
1586192646346,137.63
1586192646346,137.63
1586192668424,137.8
1586192678268,137.835
1586192678268,137.835
1586192678268,137.835
1586192678268,137.835
1586192678268,137.835
1586192678268,137.835
1586192735808,137.85
1586192748752,137.96
1586192763302,138.15
1586192773521,138.26
1586192773521,138.26
1586192789799,138.28
1586192789799,138.28
1586192815677,138.36
1586192815677,138.36
1586192815677,138.36
1586192849409,138.35
1586192849409,138.35
1586192849409,138.35
1586192849409,138.35
1586192849409,138.35
1586192849409,138.35
1586192849409,138.35
1586192922258,138.46
1586192922258,138.46
1586192922258,138.46
1586192950932,138.295
1586192950932,138.295
1586192969000,138.43
1586192969000,138.43
1586192969000,138.43
1586193009534,138.71
1586193013165,138.65
1586193013165,138.65
1586193013165,138.65
1586193013165,138.65
1586193013165,138.65
1586193013165,138.65
1586193013165,138.65
1586193090199,138.91
1586193090199,138.91
1586193110889,138.925
1586193110889,138.925
1586193110889,138.925
1586193146898,139
1586193157815,139.325
1586193157815,139.325
1586193174768,138.985
1586193190341,138.755
1586193200633,138.55
1586193210208,138.75
1586193219742,138.6
1586193232142,138.455
1586193239522,138.345
1586193249798,138.51
1586193263192,138.44
1586193272814,138.52
1586193272814,138.52
1586193286683,138.45
1586193286683,138.45
1586193316377,138.85
1586193325429,138.82
1586193333819,138.855
1586193342953,138.82
1586193356421,138.945
1586193366310,139.12
1586193373889,139.27
1586193388762,138.85
1586193399281,138.6
1586193399281,138.6
1586193399281,138.6
1586193428752,138.555
1586193443726,138.48
1586193454587,138.405
1586193463412,138.465
1586193474231,138.675
1586193483756,138.93
1586193495495,138.63
1586193504484,138.955
1586193504484,138.955
1586193527485,138.765
1586193527485,138.765
1586193527485,138.765
1586193527485,138.765
1586193527485,138.765
1586193527485,138.765
1586193527485,138.765
1586193527485,138.765
1586193610789,138.835
1586193619297,138.87
1586193632958,138.96
1586193638246,139.11
1586193638246,139.11
1586193660200,138.98
1586193665894,139.06
1586193681692,138.87
1586193687454,139.03
1586193687454,139.03
1586193687454,139.03
1586193687454,139.03
1586193687454,139.03
1586193749144,139.12
1586193749144,139.12
1586193768859,139.135
1586193768859,139.135
1586193783572,139.14
1586193799829,139.03
1586193810425,139.22
1586193816572,139.27
1586193834011,139.3
1586193842621,139.415
1586193855653,139.46
1586193864372,139.34
1586193877147,139.42
1586193884791,139.4
1586193896560,139.405
1586193907472,139.66
1586193917476,139.6
1586193929973,139.515
1586193940444,139.26
1586193948494,139.4
1586193959628,139.495
1586193968694,139.725
1586193981050,139.72
1586193981050,139.72
1586193981050,139.72
1586193981050,139.72
1586193981050,139.72
1586193981050,139.72
1586194043190,139.86
1586194056728,139.8
1586194056728,139.8
1586194074645,139.75
1586194074645,139.75
1586194098619,139.72
1586194098619,139.72
1586194119236,139.805
1586194119236,139.805
1586194139827,139.9
1586194147314,139.81
1586194155114,139.79
1586194164465,139.81
1586194182854,139.78
1586194193743,139.75
1586194193743,139.75
1586194215917,139.93
1586194215917,139.93
1586194215917,139.93
1586194215917,139.93
1586194255431,139.84
1586194255431,139.84
1586194278923,139.69
1586194290424,139.46
1586194298813,139.7
1586194306123,139.8
1586194306123,139.8
1586194329251,139.575
1586194336716,139.63
1586194348197,139.53
1586194361405,139.81
1586194373472,139.79
1586194376110,139.73
1586194387071,139.68
1586194401514,139.82
1586194415327,139.86
1586194415327,139.86
1586194436431,139.795
1586194440509,139.95
1586194454204,139.88
1586194466184,139.9
1586194466184,139.9
1586194486437,139.965
1586194486437,139.965
1586194486437,139.965
1586194519257,140
1586194519257,140
1586194540196,139.97
1586194547842,139.93
1586194558752,139.895
1586194573587,139.81
1586194573587,139.81
1586194595701,139.845
1586194599615,139.82
1586194599615,139.82
1586194599615,139.82
1586194599615,139.82
1586194638925,139.54
1586194638925,139.54
1586194662571,139.55
1586194662571,139.55
1586194685181,139.77
1586194685181,139.77
1586194685181,139.77
1586194685181,139.77
1586194726693,139.84
1586194738543,140.64
1586194748489,140.58
1586194762964,140.405
1586194765477,140.35
1586194778834,140.765
1586194792955,140.72
1586194792955,140.72
1586194792955,140.72
1586194792955,140.72
1586194830733,140.59
1586194830733,140.59
1586194830733,140.59
1586194830733,140.59
1586194830733,140.59
1586194830733,140.59
1586194830733,140.59
1586194830733,140.59
1586194830733,140.59
1586194924124,140.645
1586194942870,141.165
1586194951416,141.395
1586194951416,141.395
1586194970548,141.38
1586194985346,141.495
1586194985346,141.495
1586194985346,141.495
1586195017129,141.76
1586195025752,141.735
1586195038509,141.775
1586195043508,141.805
1586195060421,141.47
1586195063041,141.52
1586195076438,141.58
1586195088733,141.435
1586195101633,141.62
1586195110624,141.425
1586195122798,141.65
1586195132711,141.745
1586195132711,141.745
1586195150259,141.52
1586195163314,141.605
1586195170496,141.715
1586195183567,141.575
1586195183567,141.575
1586195183567,141.575
1586195217999,141.92
1586195221880,141.915
1586195238991,141.81
1586195238991,141.81
1586195255404,141.72
1586195269868,141.89
1586195280616,141.975
1586195291256,142.16
1586195294476,142.11
1586195313151,142.175
1586195313919,142.175
1586195333931,142.32
1586195343325,142.32
1586195353649,142.57
1586195365837,142.7
1586195373494,142.625
1586195373494,142.625
1586195397669,142.47
1586195399716,142.59
1586195415020,142.59
1586195422262,142.605
1586195439232,142.55
1586195450379,142.51
1586195461982,142.61
1586195471662,142.45
1586195483116,142.52
1586195493599,142.52
1586195502401,142.615
1586195511098,142.375
1586195515055,142.44
1586195535747,142.89
1586195538181,142.99
1586195553485,143.12
1586195562627,143.085
1586195576099,143.195
1586195586156,143.43
1586195596654,143.13
1586195596654,143.13
1586195613033,142.67
1586195613033,142.67
1586195639762,142.905
1586195646729,142.84
1586195653557,142.96
1586195670904,142.935
1586195672878,142.71
1586195684631,142.825
1586195702663,142.83
1586195710294,142.74
1586195718051,142.87
1586195730852,142.91
1586195742649,142.77
1586195745561,142.82
1586195766671,143.2
1586195772529,143.14
1586195784962,143.045
1586195790134,142.95
1586195808287,142.75
1586195808287,142.75
1586195829430,142.5
1586195834430,142.1
1586195850329,142.34
1586195860859,142.17
1586195868396,142.39
1586195868396,142.39
1586195868396,142.39
1586195902525,142.26
1586195902525,142.26
1586195902525,142.26
1586195902525,142.26
1586195940365,142.145
1586195953389,142.09
1586195959100,142.215
1586195974777,142.225
1586195980504,142.25
1586195994989,142.3
1586196003419,142.32
1586196017780,142.45
1586196024360,142.22
1586196024360,142.22
1586196044320,141.93
1586196061534,142.04
1586196071442,142.015
1586196071442,142.015
1586196083796,141.82
1586196102684,141.79
1586196106202,141.63
1586196106202,141.63
1586196127012,141.81
1586196147470,141.765
1586196157648,141.86
1586196158357,141.875
1586196172620,141.61
1586196172620,141.61
1586196200178,141.435
1586196200178,141.435
1586196213754,141.48
1586196229554,141.35
1586196229554,141.35
1586196253543,141.605
1586196256757,141.575
1586196267313,141.765
1586196277309,141.565
1586196297976,141.75
1586196306657,141.625
1586196306657,141.625
1586196327671,141.72
1586196340691,141.66
1586196340691,141.66
1586196340691,141.66
1586196371007,142.51
1586196376559,142.34
1586196387107,142.165
1586196387107,142.165
1586196409597,142.12
1586196409597,142.12
1586196409597,142.12
1586196445387,142.7
1586196445387,142.7
1586196467182,142.51
1586196474211,142.485
1586196474211,142.485
1586196474211,142.485
1586196507493,142.11
1586196507493,142.11
1586196524623,141.66
1586196532033,141.76
1586196532033,141.76
1586196532033,141.76
1586196532033,141.76
1586196532033,141.76
1586196532033,141.76
1586196602339,141.82
1586196602339,141.82
1586196621025,141.83
1586196632426,141.81
1586196632426,141.81
1586196632426,141.81
1586196632426,141.81
1586196672399,141.74
1586196672399,141.74
1586196672399,141.74
1586196672399,141.74
1586196672399,141.74
1586196735747,141.975
1586196735747,141.975
1586196735747,141.975
1586196764726,141.99
1586196764726,141.99
1586196778537,141.92
1586196778537,141.92
1586196804973,142.23
1586196819478,142.315
1586196819478,142.315
1586196819478,142.315
1586196848648,142.23
1586196859351,142.175
1586196859351,142.175
1586196883605,142.01
1586196893997,141.865
1586196893997,141.865
1586196911470,141.545
1586196918562,141.54
1586196918562,141.54
1586196946367,141.68
1586196956273,141.61
1586196968824,141.6
1586196980317,141.65
1586196980317,141.65
1586196991969,141.4
1586197012393,141.115
1586197012393,141.115
1586197034261,141.28
1586197042456,141.145
1586197045044,141.11
1586197061778,141.19
1586197061778,141.19
1586197080189,141.31
1586197096541,141.59
1586197107854,141.595
1586197107854,141.595
1586197124446,141.83
1586197139885,141.64
1586197150328,141.74
1586197150328,141.74
1586197165685,141.905
1586197180268,142.03
1586197193676,141.865
1586197198822,141.83
1586197208598,141.935
1586197208598,141.935
1586197208598,141.935
1586197208598,141.935
1586197208598,141.935
1586197208598,141.935
1586197208598,141.935
1586197208598,141.935
1586197302002,142.05
1586197302002,142.05
1586197302002,142.05
1586197329327,142.2
1586197344443,142.07
1586197344443,142.07
1586197360664,142.12
1586197377498,142.18
1586197381062,142.13
1586197381062,142.13
1586197381062,142.13
1586197381062,142.13
1586197381062,142.13
1586197435475,142.61
1586197435475,142.61
1586197435475,142.61
1586197435475,142.61
1586197478239,142.62
1586197494015,142.67
1586197501631,142.94
1586197501631,142.94
1586197528304,142.84
1586197539404,143.16
1586197545940,143.15
1586197557722,143.06
1586197562848,143.035
1586197582817,142.77
1586197592672,142.8
1586197601044,142.775
1586197613915,142.965
1586197613915,142.965
1586197634815,142.865
1586197642201,142.77
1586197655240,142.835
1586197663081,142.64
1586197676783,142.73
1586197688399,142.6
1586197698757,142.535
1586197710102,142.75
1586197713207,142.805
1586197713207,142.805
1586197737693,142.65
1586197750897,142.77
1586197750897,142.77
1586197750897,142.77
1586197782323,142.72
1586197782323,142.72
1586197799111,142.805
1586197799111,142.805
1586197825020,142.855
1586197832848,142.86
1586197832848,142.86
1586197854415,142.93
1586197860765,143.49
1586197878358,143.5
1586197891502,143.72
1586197891502,143.72
1586197909034,143.67
1586197922723,143.69
1586197932028,143.6
1586197943377,143.645
1586197952285,143.71
1586197952285,143.71
1586197967953,143.62
1586197986275,143.27
1586197993178,143.245
1586197993178,143.245
1586197993178,143.245
1586198024906,143.27
1586198039299,142.97
1586198042501,143.175
1586198060369,143.41
1586198062191,143.56
1586198077002,143.65
1586198077002,143.65
1586198098395,143.49
1586198108198,143.755
1586198119589,143.745
1586198119589,143.745
1586198134245,143.68
1586198153864,144.25
1586198158029,144.2
1586198158029,144.2
1586198158029,144.2
1586198194318,144.42
1586198199264,144.34
1586198199264,144.34
1586198222988,144.415
1586198239022,144.27
1586198248929,144.245
1586198250536,144.17
1586198264454,144.3
1586198264454,144.3
1586198287315,144.43
1586198287315,144.43
1586198308190,144.66
1586198323349,144.67
1586198329416,144.63
1586198341317,144.31
1586198341317,144.31
1586198365714,144.46
1586198365714,144.46
1586198381556,144.85
1586198397049,144.85
1586198406862,144.82
1586198417071,144.825
1586198428803,144.765
1586198439260,144.72
1586198450740,144.695
1586198450740,144.695
1586198471933,144.415
1586198473463,144.415
1586198493144,144.465
1586198499657,144.585
1586198499657,144.585
1586198520725,144.67
1586198533766,144.89
1586198544698,145.02
1586198556782,145.265
1586198566199,145.06
1586198569772,145.04
1586198578966,145.18
1586198599651,145.08
1586198599651,145.08
1586198618439,145.235
1586198629555,145.33
1586198639325,145.42
1586198651461,145.44
1586198659076,145.34
1586198672193,145.45
1586198681885,145.515
1586198691366,145.53
1586198702979,145.62
1586198713861,145.41
1586198716793,145.355
1586198730789,145.36
1586198730789,145.36
1586198755471,145.405
1586198759560,145.4
1586198770409,145.15
1586198780654,145.06
1586198780654,145.06
1586198807939,145.13
1586198817843,145.02
1586198817843,145.02
1586198839413,145.37
1586198848531,145.37
1586198861358,145.68
1586198868093,145.945
1586198877114,146.035
1586198894220,146.28
1586198902617,146.44
1586198913160,146.315
1586198924574,146.535
1586198936130,146.455
1586198938400,146.46
1586198958868,146.88
1586198969453,146.95
1586198977419,146.67
1586198990110,147.03
1586198999654,146.67
1586199005056,146.54
1586199018712,145.79
1586199032590,146.18
1586199040348,146.17
1586199054185,145.84
1586199065705,145.96
1586199065705,145.96
1586199082095,146.02
1586199096883,145.795
1586199105512,145.815
1586199111768,145.78
1586199125752,145.8
1586199133128,145.61
1586199146304,145.92
1586199146304,145.92
1586199146304,145.92
1586199179403,145.665
1586199183047,145.87
1586199183047,145.87
1586199207835,145.64
1586199221152,145.39
1586199228224,145.54
1586199237868,145.41
1586199255083,145.59
1586199255083,145.59
1586199268281,145.41
1586199268281,145.41
1586199268281,145.41
1586199301175,144.93
1586199312794,144.83
1586199329520,145.12
1586199332662,145.13
1586199345262,145.635
1586199345262,145.635
1586199367017,145.44
1586199367017,145.44
1586199387868,146.16
1586199394719,146.07
1586199394719,146.07
1586199418116,145.76
1586199418116,145.76
1586199418116,145.76
1586199418116,145.76
1586199463159,146.15
1586199463159,146.15
1586199486607,146.455
1586199496098,146.185
1586199506581,146.495
1586199515656,146.38
1586199515656,146.38
1586199515656,146.38
1586199550081,146.15
1586199557151,146.095
1586199568484,146.26
1586199571929,146.2
1586199590745,146.47
