1582813809008,17.275
1582813809008,17.275
1582813809008,17.275
1582813809008,17.275
1582813809008,17.275
1582813809008,17.275
1582813809008,17.275
1582813809008,17.275
1582813809008,17.275
1582813809008,17.275
1582813809008,17.275
1582813973475,17.29
1582813973475,17.29
1582813973475,17.29
1582813973475,17.29
1582813973475,17.29
1582813973475,17.29
1582813973475,17.29
1582813973475,17.29
1582813973475,17.29
1582813973475,17.29
1582813973475,17.29
1582813973475,17.29
1582813973475,17.29
1582813973475,17.29
1582813973475,17.29
1582814133692,17.29
1582814133692,17.29
1582814133692,17.29
1582814133692,17.29
1582814133692,17.29
1582814133692,17.29
1582814133692,17.29
1582814133692,17.29
1582814133692,17.29
1582814133692,17.29
1582814133692,17.29
1582814133692,17.29
1582814133692,17.29
1582814133692,17.29
1582814133692,17.29
1582814133692,17.29
1582814133692,17.29
1582814133692,17.29
1582814133692,17.29
1582814133692,17.29
1582814133692,17.29
1582814133692,17.29
1582814133692,17.29
1582814133692,17.29
1582814133692,17.29
1582814133692,17.29
1582814133692,17.29
1582814133692,17.29
1582814133692,17.29
1582814133692,17.29
1582814133692,17.29
1582814133692,17.29
1582814133692,17.29
1582814133692,17.29
1582814133692,17.29
1582814133692,17.29
1582814133692,17.29
1582814133692,17.29
1582814133692,17.29
1582814133692,17.29
1582814133692,17.29
1582814133692,17.29
1582814133692,17.29
1582814133692,17.29
1582814133692,17.29
1582814133692,17.29
1582814133692,17.29
1582814133692,17.29
1582814133692,17.29
1582814133692,17.29
1582814133692,17.29
1582814133692,17.29
1582814133692,17.29
1582814133692,17.29
1582814133692,17.29
1582814133692,17.29
1582814133692,17.29
1582814133692,17.29
1582814133692,17.29
1582814133692,17.29
1582814133692,17.29
1582814133692,17.29
1582814133692,17.29
1582814133692,17.29
1582814133692,17.29
1582814810023,17.3
1582814810023,17.3
1582814810023,17.3
1582814810023,17.3
1582814810023,17.3
1582814810023,17.3
1582814810023,17.3
1582814810023,17.3
1582814810023,17.3
1582814810023,17.3
1582814810023,17.3
1582814810023,17.3
1582814810023,17.3
1582814951302,17.475
1582814951302,17.475
1582814951302,17.475
1582814951302,17.475
1582814951302,17.475
1582814951302,17.475
1582814951302,17.475
1582814951302,17.475
1582814951302,17.475
1582814951302,17.475
1582815055090,17.39
1582815055090,17.39
1582815055090,17.39
1582815055090,17.39
1582815102909,17.375
1582815102909,17.375
1582815123620,17.375
1582815123620,17.375
1582815123620,17.375
1582815153341,17.375
1582815153341,17.375
1582815153341,17.375
1582815153341,17.375
1582815153341,17.375
1582815153341,17.375
1582815153341,17.375
1582815153341,17.375
1582815153341,17.375
1582815153341,17.375
1582815153341,17.375
1582815153341,17.375
1582815153341,17.375
1582815153341,17.375
1582815153341,17.375
1582815153341,17.375
1582815153341,17.375
1582815153341,17.375
1582815153341,17.375
1582815153341,17.375
1582815153341,17.375
1582815153341,17.375
1582815153341,17.375
1582815153341,17.375
1582815153341,17.375
1582815153341,17.375
1582815153341,17.375
1582815153341,17.375
1582815153341,17.375
1582815153341,17.375
1582815153341,17.375
1582815153341,17.375
1582815153341,17.375
1582815153341,17.375
1582815153341,17.375
1582815153341,17.375
1582815153341,17.375
1582815153341,17.375
1582815153341,17.375
1582815153341,17.375
1582815153341,17.375
1582815153341,17.375
1582815153341,17.375
1582815153341,17.375
1582815153341,17.375
1582815153341,17.375
1582815153341,17.375
1582815153341,17.375
1582815153341,17.375
1582815153341,17.375
1582815153341,17.375
1582815153341,17.375
1582815153341,17.375
1582815153341,17.375
1582815153341,17.375
1582815153341,17.375
1582815153341,17.375
1582815153341,17.375
1582815153341,17.375
1582815153341,17.375
1582815153341,17.375
1582815153341,17.375
1582815153341,17.375
1582815153341,17.375
1582815153341,17.375
1582815153341,17.375
1582815153341,17.375
1582815153341,17.375
1582815153341,17.375
1582815153341,17.375
1582815153341,17.375
1582815153341,17.375
1582815901921,17.425
1582815901921,17.425
1582815901921,17.425
1582815901921,17.425
1582815901921,17.425
1582815901921,17.425
1582815901921,17.425
1582815901921,17.425
1582815901921,17.425
1582815901921,17.425
1582815901921,17.425
1582815901921,17.425
1582815901921,17.425
1582815901921,17.425
1582815901921,17.425
1582815901921,17.425
1582815901921,17.425
1582815901921,17.425
1582815901921,17.425
1582815901921,17.425
1582815901921,17.425
1582815901921,17.425
1582815901921,17.425
1582815901921,17.425
1582815901921,17.425
1582815901921,17.425
1582815901921,17.425
1582815901921,17.425
1582815901921,17.425
1582815901921,17.425
1582815901921,17.425
1582815901921,17.425
1582815901921,17.425
1582815901921,17.425
1582815901921,17.425
1582815901921,17.425
1582816276692,17.445
1582816276692,17.445
1582816276692,17.445
1582816276692,17.445
1582816276692,17.445
1582816276692,17.445
1582816276692,17.445
1582816276692,17.445
1582816276692,17.445
1582816276692,17.445
1582816276692,17.445
1582816276692,17.445
1582816276692,17.445
1582816276692,17.445
1582816276692,17.445
1582816276692,17.445
1582816276692,17.445
1582816276692,17.445
1582816276692,17.445
1582816276692,17.445
1582816276692,17.445
1582816276692,17.445
1582816276692,17.445
1582816276692,17.445
1582816276692,17.445
1582816276692,17.445
1582816276692,17.445
1582816276692,17.445
1582816276692,17.445
1582816276692,17.445
1582816276692,17.445
1582816276692,17.445
1582816276692,17.445
1582816276692,17.445
1582816276692,17.445
1582816276692,17.445
1582816276692,17.445
1582816276692,17.445
1582816276692,17.445
1582816276692,17.445
1582816276692,17.445
1582816276692,17.445
1582816276692,17.445
1582816276692,17.445
1582816276692,17.445
1582816276692,17.445
1582816276692,17.445
1582816276692,17.445
1582816276692,17.445
1582816276692,17.445
1582816276692,17.445
1582816276692,17.445
1582816276692,17.445
1582816276692,17.445
1582816849651,17.295
1582816849651,17.295
1582816861619,17.315
1582816861619,17.315
1582816861619,17.315
1582816861619,17.315
1582816861619,17.315
1582816916502,17.33
1582816916502,17.33
1582816916502,17.33
1582816916502,17.33
1582816957070,17.34
1582816957070,17.34
1582816957070,17.34
1582816957070,17.34
1582816957070,17.34
1582816957070,17.34
1582816957070,17.34
1582816957070,17.34
1582816957070,17.34
1582816957070,17.34
1582816957070,17.34
1582816957070,17.34
1582816957070,17.34
1582816957070,17.34
1582816957070,17.34
1582816957070,17.34
1582816957070,17.34
1582816957070,17.34
1582816957070,17.34
1582816957070,17.34
1582816957070,17.34
1582816957070,17.34
1582816957070,17.34
1582816957070,17.34
1582816957070,17.34
1582816957070,17.34
1582816957070,17.34
1582816957070,17.34
1582816957070,17.34
1582817266343,17.31
1582817266343,17.31
1582817266343,17.31
1582817266343,17.31
1582817266343,17.31
1582817266343,17.31
1582817266343,17.31
1582817266343,17.31
1582817266343,17.31
1582817266343,17.31
1582817373607,17.3
1582817373607,17.3
1582817373607,17.3
1582817373607,17.3
1582817373607,17.3
1582817373607,17.3
1582817373607,17.3
1582817373607,17.3
1582817373607,17.3
1582817460257,17.305
1582817460257,17.305
1582817488237,17.32
1582817488237,17.32
1582817488237,17.32
1582817488237,17.32
1582817488237,17.32
1582817488237,17.32
1582817488237,17.32
1582817488237,17.32
1582817488237,17.32
1582817488237,17.32
1582817488237,17.32
1582817488237,17.32
1582817488237,17.32
1582817623963,17.33
1582817623963,17.33
1582817638957,17.33
1582817653958,17.33
1582817653958,17.33
1582817653958,17.33
1582817653958,17.33
1582817688368,17.315
1582817688368,17.315
1582817688368,17.315
1582817688368,17.315
1582817688368,17.315
1582817688368,17.315
1582817688368,17.315
1582817762320,17.31
1582817762320,17.31
1582817762320,17.31
1582817803027,17.405
1582817803027,17.405
1582817803027,17.405
1582817803027,17.405
1582817803027,17.405
1582817803027,17.405
1582817803027,17.405
1582817803027,17.405
1582817803027,17.405
1582817803027,17.405
1582817803027,17.405
1582817803027,17.405
1582817803027,17.405
1582817803027,17.405
1582817942051,17.38
1582817942051,17.38
1582817942051,17.38
1582817942051,17.38
1582817942051,17.38
1582817942051,17.38
1582817942051,17.38
1582817942051,17.38
1582817942051,17.38
1582817942051,17.38
1582817942051,17.38
1582818058359,17.46
1582818058359,17.46
1582818058359,17.46
1582818058359,17.46
1582818058359,17.46
1582818058359,17.46
1582818058359,17.46
1582818058359,17.46
1582818058359,17.46
1582818058359,17.46
1582818058359,17.46
1582818058359,17.46
1582818058359,17.46
1582818058359,17.46
1582818058359,17.46
1582818058359,17.46
1582818227356,17.4
1582818227356,17.4
1582818227356,17.4
1582818227356,17.4
1582818227356,17.4
1582818227356,17.4
1582818227356,17.4
1582818227356,17.4
1582818227356,17.4
1582818227356,17.4
1582818227356,17.4
1582818227356,17.4
1582818227356,17.4
1582818227356,17.4
1582818227356,17.4
1582818227356,17.4
1582818227356,17.4
1582818227356,17.4
1582818227356,17.4
1582818227356,17.4
1582818227356,17.4
1582818227356,17.4
1582818227356,17.4
1582818227356,17.4
1582818227356,17.4
1582818227356,17.4
1582818227356,17.4
1582818227356,17.4
1582818227356,17.4
1582818227356,17.4
1582818227356,17.4
1582818227356,17.4
1582818227356,17.4
1582818227356,17.4
1582818227356,17.4
1582818227356,17.4
1582818227356,17.4
1582818227356,17.4
1582818227356,17.4
1582818227356,17.4
1582818227356,17.4
1582818227356,17.4
1582818227356,17.4
1582818227356,17.4
1582818227356,17.4
1582818227356,17.4
1582818227356,17.4
1582818227356,17.4
1582818725917,17.475
1582818725917,17.475
1582818725917,17.475
1582818725917,17.475
1582818767601,17.5
1582818786910,17.49
1582818797788,17.49
1582818806910,17.49
1582818806910,17.49
1582818820910,17.49
1582818820910,17.49
1582818840378,17.49
1582818840378,17.49
1582818840378,17.49
1582818840378,17.49
1582818840378,17.49
1582818840378,17.49
1582818840378,17.49
1582818840378,17.49
1582818840378,17.49
1582818840378,17.49
1582818840378,17.49
1582818840378,17.49
1582818840378,17.49
1582818840378,17.49
1582818997458,17.54
1582819003922,17.57
1582819012552,17.62
1582819012552,17.62
1582819012552,17.62
1582819012552,17.62
1582819012552,17.62
1582819012552,17.62
1582819012552,17.62
1582819012552,17.62
1582819012552,17.62
1582819110225,17.58
1582819110225,17.58
1582819110225,17.58
1582819110225,17.58
1582819110225,17.58
1582819110225,17.58
1582819110225,17.58
1582819110225,17.58
1582819110225,17.58
1582819110225,17.58
1582819110225,17.58
1582819110225,17.58
1582819110225,17.58
1582819110225,17.58
1582819110225,17.58
1582819110225,17.58
1582819110225,17.58
1582819110225,17.58
1582819110225,17.58
1582819110225,17.58
1582819110225,17.58
1582819110225,17.58
1582819110225,17.58
1582819110225,17.58
1582819110225,17.58
1582819110225,17.58
1582819385549,17.59
1582819385549,17.59
1582819385549,17.59
1582819385549,17.59
1582819385549,17.59
1582819385549,17.59
1582819385549,17.59
1582819385549,17.59
1582819385549,17.59
1582819473625,17.72
1582819473625,17.72
1582819473625,17.72
1582819473625,17.72
1582819513802,17.675
1582819513802,17.675
1582819513802,17.675
1582819513802,17.675
1582819513802,17.675
1582819513802,17.675
1582819513802,17.675
1582819513802,17.675
1582819513802,17.675
1582819513802,17.675
1582819513802,17.675
1582819513802,17.675
1582819513802,17.675
1582819513802,17.675
1582819513802,17.675
1582819513802,17.675
1582819513802,17.675
1582819513802,17.675
1582819513802,17.675
1582819711828,17.855
1582819711828,17.855
1582819711828,17.855
1582819711828,17.855
1582819711828,17.855
1582819711828,17.855
1582819711828,17.855
1582819711828,17.855
1582819711828,17.855
1582819711828,17.855
1582819711828,17.855
1582819711828,17.855
1582819711828,17.855
1582819711828,17.855
1582819860589,17.765
1582819860589,17.765
1582819860589,17.765
1582819860589,17.765
1582819860589,17.765
1582819860589,17.765
1582819860589,17.765
1582819860589,17.765
1582819860589,17.765
1582819860589,17.765
1582819860589,17.765
1582819860589,17.765
1582819860589,17.765
1582820000890,17.7
1582820000890,17.7
1582820000890,17.7
1582820000890,17.7
1582820000890,17.7
1582820000890,17.7
1582820000890,17.7
1582820000890,17.7
1582820000890,17.7
1582820000890,17.7
1582820000890,17.7
1582820000890,17.7
1582820000890,17.7
1582820000890,17.7
1582820000890,17.7
1582820000890,17.7
1582820000890,17.7
1582820000890,17.7
1582820000890,17.7
1582820000890,17.7
1582820000890,17.7
1582820000890,17.7
1582820229791,17.74
1582820229791,17.74
1582820229791,17.74
1582820229791,17.74
1582820229791,17.74
1582820229791,17.74
1582820229791,17.74
1582820229791,17.74
1582820229791,17.74
1582820229791,17.74
1582820229791,17.74
1582820345294,17.83
1582820345294,17.83
1582820345294,17.83
1582820345294,17.83
1582820345294,17.83
1582820345294,17.83
1582820408162,17.8
1582820408162,17.8
1582820408162,17.8
1582820408162,17.8
1582820408162,17.8
1582820408162,17.8
1582820408162,17.8
1582820408162,17.8
1582820408162,17.8
1582820408162,17.8
1582820408162,17.8
1582820523906,17.845
1582820523906,17.845
1582820543251,17.82
1582820543251,17.82
1582820543251,17.82
1582820543251,17.82
1582820543251,17.82
1582820543251,17.82
1582820610336,17.86
1582820616107,17.79
1582820616107,17.79
1582820638049,17.82
1582820638049,17.82
1582820638049,17.82
1582820670016,17.78
1582820670016,17.78
1582820670016,17.78
1582820670016,17.78
1582820710641,17.8
1582820710641,17.8
1582820729563,17.785
1582820729563,17.785
1582820729563,17.785
1582820729563,17.785
1582820729563,17.785
1582820729563,17.785
1582820729563,17.785
1582820729563,17.785
1582820729563,17.785
1582820729563,17.785
1582820843122,17.79
1582820843122,17.79
1582820843122,17.79
1582820843122,17.79
1582820843122,17.79
1582820843122,17.79
1582820843122,17.79
1582820843122,17.79
1582820843122,17.79
1582820931116,17.815
1582820931116,17.815
1582820931116,17.815
1582820931116,17.815
1582820971231,17.8
1582820971231,17.8
1582820971231,17.8
1582820971231,17.8
1582820971231,17.8
1582820971231,17.8
1582821032857,17.685
1582821032857,17.685
1582821032857,17.685
1582821032857,17.685
1582821082148,17.68
1582821082148,17.68
1582821097748,17.685
1582821113345,17.68
1582821113345,17.68
1582821128946,17.685
1582821144546,17.685
1582821144546,17.685
1582821144546,17.685
1582821144546,17.685
1582821144546,17.685
1582821191173,17.7
1582821206699,17.695
1582821206699,17.695
1582821222504,17.655
1582821222504,17.655
1582821222504,17.655
1582821222504,17.655
1582821222504,17.655
1582821222504,17.655
1582821290333,17.665
1582821290333,17.665
1582821290333,17.665
1582821316846,17.655
1582821316846,17.655
1582821316846,17.655
1582821316846,17.655
1582821316846,17.655
1582821316846,17.655
1582821316846,17.655
1582821316846,17.655
1582821316846,17.655
1582821316846,17.655
1582821425965,17.645
1582821425965,17.645
1582821425965,17.645
1582821425965,17.645
1582821425965,17.645
1582821425965,17.645
1582821425965,17.645
1582821425965,17.645
1582821425965,17.645
1582821425965,17.645
1582821425965,17.645
1582821425965,17.645
1582821425965,17.645
1582821425965,17.645
1582821425965,17.645
1582821425965,17.645
1582821425965,17.645
1582821425965,17.645
1582821425965,17.645
1582821425965,17.645
1582821425965,17.645
1582821425965,17.645
1582821425965,17.645
1582821425965,17.645
1582821425965,17.645
1582821425965,17.645
1582821425965,17.645
1582821425965,17.645
1582821425965,17.645
1582821425965,17.645
1582821737917,17.64
1582821737917,17.64
1582821737917,17.64
1582821737917,17.64
1582821778948,17.66
1582821778948,17.66
1582821807232,17.64
1582821807232,17.64
1582821807232,17.64
1582821807232,17.64
1582821807232,17.64
1582821807232,17.64
1582821807232,17.64
1582821807232,17.64
1582821807232,17.64
1582821807232,17.64
1582821807232,17.64
1582821807232,17.64
1582821807232,17.64
1582821807232,17.64
1582821807232,17.64
1582821807232,17.64
1582821807232,17.64
1582821807232,17.64
1582821807232,17.64
1582821807232,17.64
1582821807232,17.64
1582821807232,17.64
1582822030290,17.625
1582822030290,17.625
1582822049469,17.7
1582822049469,17.7
1582822049469,17.7
1582822049469,17.7
1582822049469,17.7
1582822049469,17.7
1582822114433,17.67
1582822114433,17.67
1582822114433,17.67
1582822114433,17.67
1582822114433,17.67
1582822171698,17.68
1582822171698,17.68
1582822171698,17.68
1582822171698,17.68
1582822171698,17.68
1582822171698,17.68
1582822171698,17.68
1582822171698,17.68
1582822171698,17.68
1582822171698,17.68
1582822171698,17.68
1582822171698,17.68
1582822299354,17.66
1582822299354,17.66
1582822299354,17.66
1582822299354,17.66
1582822299354,17.66
1582822299354,17.66
1582822299354,17.66
1582822299354,17.66
1582822299354,17.66
1582822299354,17.66
1582822299354,17.66
1582822299354,17.66
1582822299354,17.66
1582822299354,17.66
1582822299354,17.66
1582822299354,17.66
1582822299354,17.66
1582822299354,17.66
1582822299354,17.66
1582822299354,17.66
1582822299354,17.66
1582822299354,17.66
1582822529558,17.65
1582822529558,17.65
1582822529558,17.65
1582822529558,17.65
1582822529558,17.65
1582822529558,17.65
1582822529558,17.65
1582822529558,17.65
1582822529558,17.65
1582822529558,17.65
1582822529558,17.65
1582822529558,17.65
1582822529558,17.65
1582822529558,17.65
1582822529558,17.65
1582822529558,17.65
1582822529558,17.65
1582822529558,17.65
1582822529558,17.65
1582822529558,17.65
1582822529558,17.65
1582822529558,17.65
1582822529558,17.65
1582822529558,17.65
1582822529558,17.65
1582822529558,17.65
1582822529558,17.65
1582822529558,17.65
1582822529558,17.65
1582822529558,17.65
1582822529558,17.65
1582822529558,17.65
1582822869284,17.65
1582822869978,17.63
1582822869978,17.63
1582822869978,17.63
1582822907931,17.64
1582822907931,17.64
1582822907931,17.64
1582822907931,17.64
1582822907931,17.64
1582822907931,17.64
1582822907931,17.64
1582822907931,17.64
1582822907931,17.64
1582822907931,17.64
1582823007071,17.645
1582823007071,17.645
1582823007071,17.645
1582823007071,17.645
1582823007071,17.645
1582823007071,17.645
1582823007071,17.645
1582823007071,17.645
1582823007071,17.645
1582823007071,17.645
1582823007071,17.645
1582823007071,17.645
1582823007071,17.645
1582823007071,17.645
1582823007071,17.645
1582823007071,17.645
1582823007071,17.645
1582823007071,17.645
1582823007071,17.645
1582823007071,17.645
1582823007071,17.645
1582823007071,17.645
1582823007071,17.645
1582823007071,17.645
1582823007071,17.645
1582823007071,17.645
1582823007071,17.645
1582823007071,17.645
1582823007071,17.645
1582823007071,17.645
1582823007071,17.645
1582823007071,17.645
1582823007071,17.645
1582823007071,17.645
1582823007071,17.645
1582823007071,17.645
1582823007071,17.645
1582823007071,17.645
1582823007071,17.645
1582823007071,17.645
1582823007071,17.645
1582823007071,17.645
1582823007071,17.645
1582823007071,17.645
1582823007071,17.645
1582823007071,17.645
1582823007071,17.645
1582823007071,17.645
1582823007071,17.645
1582823007071,17.645
1582823007071,17.645
1582823007071,17.645
1582823007071,17.645
1582823007071,17.645
1582823007071,17.645
1582823007071,17.645
1582823007071,17.645
1582823007071,17.645
1582823007071,17.645
1582823007071,17.645
1582823007071,17.645
1582823007071,17.645
1582823007071,17.645
1582823007071,17.645
1582823007071,17.645
1582823007071,17.645
1582823007071,17.645
1582823007071,17.645
1582823723754,17.8
1582823723754,17.8
1582823723754,17.8
1582823723754,17.8
1582823723754,17.8
1582823723754,17.8
1582823782581,17.765
1582823782581,17.765
1582823782581,17.765
1582823782581,17.765
1582823782581,17.765
1582823782581,17.765
1582823782581,17.765
1582823782581,17.765
1582823782581,17.765
1582823782581,17.765
1582823896286,17.785
1582823896286,17.785
1582823896286,17.785
1582823896286,17.785
1582823896286,17.785
1582823941538,17.805
1582823941538,17.805
1582823941538,17.805
1582823941538,17.805
1582823941538,17.805
1582823941538,17.805
1582823941538,17.805
1582823941538,17.805
1582823941538,17.805
1582823941538,17.805
1582823941538,17.805
1582823941538,17.805
1582823941538,17.805
1582823941538,17.805
1582823941538,17.805
1582823941538,17.805
1582823941538,17.805
1582823941538,17.805
1582823941538,17.805
1582823941538,17.805
1582823941538,17.805
1582824159325,17.84
1582824159325,17.84
1582824159325,17.84
1582824159325,17.84
1582824159325,17.84
1582824159325,17.84
1582824159325,17.84
1582824159325,17.84
1582824248282,17.81
1582824248282,17.81
1582824248282,17.81
1582824248282,17.81
1582824248282,17.81
1582824248282,17.81
1582824248282,17.81
1582824248282,17.81
1582824248282,17.81
1582824248282,17.81
1582824354223,17.77
1582824354223,17.77
1582824354223,17.77
1582824354223,17.77
1582824354223,17.77
1582824354223,17.77
1582824354223,17.77
1582824354223,17.77
1582824354223,17.77
1582824354223,17.77
1582824354223,17.77
1582824354223,17.77
1582824354223,17.77
1582824354223,17.77
1582824354223,17.77
1582824354223,17.77
1582824354223,17.77
1582824354223,17.77
1582824354223,17.77
1582824354223,17.77
1582824354223,17.77
1582824354223,17.77
1582824354223,17.77
1582824354223,17.77
1582824354223,17.77
1582824354223,17.77
1582824354223,17.77
1582824354223,17.77
1582824354223,17.77
1582824354223,17.77
1582824354223,17.77
1582824354223,17.77
1582824354223,17.77
1582824354223,17.77
1582824354223,17.77
1582824354223,17.77
1582824354223,17.77
1582824354223,17.77
1582824354223,17.77
1582824354223,17.77
1582824354223,17.77
1582824354223,17.77
1582824354223,17.77
1582824805455,17.835
1582824805455,17.835
1582824805455,17.835
1582824805455,17.835
1582824805455,17.835
1582824805455,17.835
1582824805455,17.835
1582824805455,17.835
1582824805455,17.835
1582824805455,17.835
1582824805455,17.835
1582824805455,17.835
1582824927514,17.86
1582824927514,17.86
1582824946495,17.85
1582824946495,17.85
1582824946495,17.85
1582824946495,17.85
1582824946495,17.85
1582824946495,17.85
1582824946495,17.85
1582824946495,17.85
1582824946495,17.85
1582824946495,17.85
1582824946495,17.85
1582824946495,17.85
1582824946495,17.85
1582824946495,17.85
1582824946495,17.85
1582824946495,17.85
1582824946495,17.85
1582824946495,17.85
1582824946495,17.85
1582824946495,17.85
1582824946495,17.85
1582824946495,17.85
1582824946495,17.85
1582824946495,17.85
1582824946495,17.85
1582824946495,17.85
1582824946495,17.85
1582824946495,17.85
1582824946495,17.85
1582824946495,17.85
1582824946495,17.85
1582824946495,17.85
1582824946495,17.85
1582824946495,17.85
1582824946495,17.85
1582824946495,17.85
1582824946495,17.85
1582824946495,17.85
1582824946495,17.85
1582824946495,17.85
1582824946495,17.85
1582824946495,17.85
1582824946495,17.85
1582824946495,17.85
1582824946495,17.85
1582824946495,17.85
1582824946495,17.85
1582824946495,17.85
1582824946495,17.85
1582824946495,17.85
1582824946495,17.85
1582824946495,17.85
1582824946495,17.85
1582824946495,17.85
1582824946495,17.85
1582824946495,17.85
1582824946495,17.85
1582824946495,17.85
1582824946495,17.85
1582824946495,17.85
1582824946495,17.85
1582824946495,17.85
1582824946495,17.85
1582824946495,17.85
1582824946495,17.85
1582824946495,17.85
1582824946495,17.85
1582824946495,17.85
1582824946495,17.85
1582824946495,17.85
1582824946495,17.85
1582824946495,17.85
1582824946495,17.85
1582824946495,17.85
1582824946495,17.85
1582824946495,17.85
1582824946495,17.85
1582824946495,17.85
1582824946495,17.85
1582824946495,17.85
1582824946495,17.85
1582824946495,17.85
1582824946495,17.85
1582824946495,17.85
1582824946495,17.85
1582824946495,17.85
1582824946495,17.85
1582824946495,17.85
1582824946495,17.85
1582825887207,17.91
1582825887207,17.91
1582825887207,17.91
1582825887207,17.91
1582825887207,17.91
1582825887207,17.91
1582825887207,17.91
1582825887207,17.91
1582825887207,17.91
1582825887207,17.91
1582825887207,17.91
1582825887207,17.91
1582825887207,17.91
1582825887207,17.91
1582825887207,17.91
1582825887207,17.91
1582825887207,17.91
1582825887207,17.91
1582825887207,17.91
1582825887207,17.91
1582825887207,17.91
1582825887207,17.91
1582825887207,17.91
1582825887207,17.91
1582825887207,17.91
1582825887207,17.91
1582825887207,17.91
1582825887207,17.91
1582825887207,17.91
1582825887207,17.91
1582825887207,17.91
1582825887207,17.91
1582826217156,17.905
1582826217156,17.905
1582826217156,17.905
1582826254564,17.885
1582826257568,17.88
1582826257568,17.88
1582826257568,17.88
1582826257568,17.88
1582826257568,17.88
1582826257568,17.88
1582826257568,17.88
1582826257568,17.88
1582826257568,17.88
1582826257568,17.88
1582826257568,17.88
1582826257568,17.88
1582826257568,17.88
1582826394091,17.83
1582826394091,17.83
1582826394091,17.83
1582826394091,17.83
1582826394091,17.83
1582826394091,17.83
1582826394091,17.83
1582826394091,17.83
1582826394091,17.83
1582826394091,17.83
1582826394091,17.83
1582826394091,17.83
1582826394091,17.83
1582826394091,17.83
1582826546210,17.82
1582826546210,17.82
1582826546210,17.82
1582826546210,17.82
1582826586462,17.845
1582826586462,17.845
1582826586462,17.845
1582826586462,17.845
1582826586462,17.845
1582826586462,17.845
1582826586462,17.845
1582826662285,17.83
1582826662285,17.83
1582826662285,17.83
1582826662285,17.83
1582826662285,17.83
1582826709598,17.81
1582826709598,17.81
1582826709598,17.81
1582826709598,17.81
1582826709598,17.81
1582826709598,17.81
1582826709598,17.81
1582826709598,17.81
1582826709598,17.81
1582826709598,17.81
1582826709598,17.81
1582826709598,17.81
1582826709598,17.81
1582826709598,17.81
1582826709598,17.81
1582826709598,17.81
1582826709598,17.81
1582826709598,17.81
1582826709598,17.81
1582826709598,17.81
1582826709598,17.81
1582826709598,17.81
1582826709598,17.81
1582826709598,17.81
1582826709598,17.81
1582826709598,17.81
1582826709598,17.81
1582826709598,17.81
1582826709598,17.81
1582827018790,17.785
1582827018790,17.785
1582827018790,17.785
1582827018790,17.785
1582827018790,17.785
1582827018790,17.785
1582827018790,17.785
1582827018790,17.785
1582827018790,17.785
1582827018790,17.785
1582827018790,17.785
1582827018790,17.785
1582827018790,17.785
1582827018790,17.785
1582827018790,17.785
1582827018790,17.785
1582827018790,17.785
1582827018790,17.785
1582827018790,17.785
1582827018790,17.785
1582827018790,17.785
1582827240014,17.79
1582827240014,17.79
1582827240014,17.79
1582827240014,17.79
1582827240014,17.79
1582827240014,17.79
1582827240014,17.79
1582827240014,17.79
1582827240014,17.79
1582827240014,17.79
1582827240014,17.79
1582827240014,17.79
1582827240014,17.79
1582827240014,17.79
1582827240014,17.79
1582827240014,17.79
1582827240014,17.79
1582827240014,17.79
1582827240014,17.79
1582827240014,17.79
1582827240014,17.79
1582827240014,17.79
1582827465903,17.73
1582827465903,17.73
1582827465903,17.73
1582827465903,17.73
1582827465903,17.73
1582827522366,17.73
1582827537741,17.75
1582827541216,17.76
1582827541216,17.76
1582827541216,17.76
1582827575126,17.77
1582827575126,17.77
1582827575126,17.77
1582827575126,17.77
1582827575126,17.77
1582827575126,17.77
1582827575126,17.77
1582827575126,17.77
1582827575126,17.77
1582827575126,17.77
1582827575126,17.77
1582827575126,17.77
1582827575126,17.77
1582827575126,17.77
1582827727306,17.74
1582827727306,17.74
1582827727306,17.74
1582827727306,17.74
1582827765295,17.755
1582827765295,17.755
1582827765295,17.755
1582827765295,17.755
1582827765295,17.755
1582827765295,17.755
1582827765295,17.755
1582827765295,17.755
1582827765295,17.755
1582827765295,17.755
1582827765295,17.755
1582827765295,17.755
1582827765295,17.755
1582827765295,17.755
1582827765295,17.755
1582827765295,17.755
1582827765295,17.755
1582827945992,17.75
1582827945992,17.75
1582827945992,17.75
1582827945992,17.75
1582827945992,17.75
1582827945992,17.75
1582827945992,17.75
1582827945992,17.75
1582827945992,17.75
1582827945992,17.75
1582827945992,17.75
1582827945992,17.75
1582827945992,17.75
1582827945992,17.75
1582827945992,17.75
1582827945992,17.75
1582827945992,17.75
1582827945992,17.75
1582827945992,17.75
1582827945992,17.75
1582827945992,17.75
1582827945992,17.75
1582827945992,17.75
1582827945992,17.75
1582827945992,17.75
1582827945992,17.75
1582827945992,17.75
1582827945992,17.75
1582827945992,17.75
1582827945992,17.75
1582828269819,17.745
1582828269819,17.745
1582828269819,17.745
1582828269819,17.745
1582828269819,17.745
1582828269819,17.745
1582828269819,17.745
1582828269819,17.745
1582828269819,17.745
1582828269819,17.745
1582828269819,17.745
1582828269819,17.745
1582828269819,17.745
1582828269819,17.745
1582828269819,17.745
1582828269819,17.745
1582828269819,17.745
1582828269819,17.745
1582828269819,17.745
1582828269819,17.745
1582828269819,17.745
1582828269819,17.745
1582828269819,17.745
1582828269819,17.745
1582828269819,17.745
1582828269819,17.745
1582828269819,17.745
1582828269819,17.745
1582828269819,17.745
1582828269819,17.745
1582828269819,17.745
1582828269819,17.745
1582828269819,17.745
1582828616765,17.66
1582828616765,17.66
1582828616765,17.66
1582828616765,17.66
1582828616765,17.66
1582828616765,17.66
1582828616765,17.66
1582828616765,17.66
1582828616765,17.66
1582828616765,17.66
1582828616765,17.66
1582828616765,17.66
1582828616765,17.66
1582828616765,17.66
1582828616765,17.66
1582828616765,17.66
1582828616765,17.66
1582828616765,17.66
1582828616765,17.66
1582828616765,17.66
1582828826150,17.72
1582828826150,17.72
1582828826150,17.72
1582828826150,17.72
1582828826150,17.72
1582828826150,17.72
1582828826150,17.72
1582828826150,17.72
1582828826150,17.72
1582828826150,17.72
1582828826150,17.72
1582828826150,17.72
1582828826150,17.72
1582828826150,17.72
1582828826150,17.72
1582828826150,17.72
1582828826150,17.72
1582828826150,17.72
1582828826150,17.72
1582828826150,17.72
1582828826150,17.72
1582828826150,17.72
1582828826150,17.72
1582828826150,17.72
1582828826150,17.72
1582829080924,17.66
1582829080924,17.66
1582829080924,17.66
1582829080924,17.66
1582829080924,17.66
1582829080924,17.66
1582829080924,17.66
1582829080924,17.66
1582829080924,17.66
1582829080924,17.66
1582829080924,17.66
1582829080924,17.66
1582829080924,17.66
1582829080924,17.66
1582829080924,17.66
1582829080924,17.66
1582829080924,17.66
1582829080924,17.66
1582829080924,17.66
1582829080924,17.66
1582829080924,17.66
1582829080924,17.66
1582829080924,17.66
1582829080924,17.66
1582829080924,17.66
1582829080924,17.66
1582829080924,17.66
1582829368185,17.7
1582829368185,17.7
1582829368185,17.7
1582829368185,17.7
1582829368185,17.7
1582829368185,17.7
1582829368185,17.7
1582829444925,17.69
1582829444925,17.69
1582829444925,17.69
1582829444925,17.69
1582829489203,17.69
1582829489203,17.69
1582829504397,17.69
1582829504397,17.69
1582829504397,17.69
1582829504397,17.69
1582829504397,17.69
1582829504397,17.69
1582829504397,17.69
1582829583456,17.655
1582829583456,17.655
1582829583456,17.655
1582829583456,17.655
1582829619334,17.7
1582829619334,17.7
1582829655162,17.74
1582829655162,17.74
1582829669762,17.745
1582829669762,17.745
1582829669762,17.745
1582829669762,17.745
1582829711937,17.73
1582829711937,17.73
1582829729425,17.73
1582829747172,17.71
1582829747172,17.71
1582829766149,17.705
1582829766149,17.705
1582829789437,17.71
1582829789437,17.71
1582829789437,17.71
1582829789437,17.71
1582829824103,17.7
1582829840147,17.66
1582829840147,17.66
1582829840147,17.66
1582829840147,17.66
1582829840147,17.66
1582829840147,17.66
1582829840147,17.66
1582829908327,17.65
1582829908327,17.65
1582829908327,17.65
1582829908327,17.65
1582829908327,17.65
1582829908327,17.65
1582829908327,17.65
1582829908327,17.65
1582829908327,17.65
1582829908327,17.65
1582829908327,17.65
1582829908327,17.65
1582829908327,17.65
1582829908327,17.65
1582829908327,17.65
1582829908327,17.65
1582830083826,17.57
1582830083826,17.57
1582830083826,17.57
1582830083826,17.57
1582830083826,17.57
1582830138802,17.615
1582830138802,17.615
1582830138802,17.615
1582830165802,17.62
1582830165802,17.62
1582830165802,17.62
1582830165802,17.62
1582830165802,17.62
1582830165802,17.62
1582830165802,17.62
1582830165802,17.62
1582830165802,17.62
1582830165802,17.62
1582830165802,17.62
1582830165802,17.62
1582830165802,17.62
1582830165802,17.62
1582830165802,17.62
1582830165802,17.62
1582830165802,17.62
1582830165802,17.62
1582830165802,17.62
1582830165802,17.62
1582830382034,17.58
1582830388042,17.58
1582830388042,17.58
1582830408450,17.56
1582830419526,17.57
1582830419526,17.57
1582830419526,17.57
1582830419526,17.57
1582830419526,17.57
1582830419526,17.57
1582830419526,17.57
1582830419526,17.57
1582830419526,17.57
1582830419526,17.57
1582830419526,17.57
1582830419526,17.57
1582830419526,17.57
1582830419526,17.57
1582830419526,17.57
1582830419526,17.57
1582830419526,17.57
1582830419526,17.57
1582830419526,17.57
1582830419526,17.57
1582830419526,17.57
1582830419526,17.57
1582830419526,17.57
1582830419526,17.57
1582830419526,17.57
1582830419526,17.57
1582830419526,17.57
1582830419526,17.57
1582830419526,17.57
1582830419526,17.57
1582830737608,17.57
1582830749608,17.565
1582830755608,17.56
1582830769621,17.56
1582830769621,17.56
1582830787608,17.56
1582830787608,17.56
1582830787608,17.56
1582830787608,17.56
1582830787608,17.56
1582830844539,17.575
1582830844539,17.575
1582830844539,17.575
1582830844539,17.575
1582830844539,17.575
1582830844539,17.575
1582830844539,17.575
1582830919000,17.61
1582830919000,17.61
1582830935957,17.61
1582830935957,17.61
1582830935957,17.61
1582830935957,17.61
1582830935957,17.61
1582830987609,17.585
1582830998610,17.585
1582831004609,17.565
1582831004609,17.565
1582831004609,17.565
1582831004609,17.565
1582831004609,17.565
1582831004609,17.565
1582831004609,17.565
1582831079165,17.57
1582831079165,17.57
1582831079165,17.57
1582831079165,17.57
1582831125300,17.57
1582831125300,17.57
1582831125300,17.57
1582831125300,17.57
1582831125300,17.57
1582831125300,17.57
1582831125300,17.57
1582831125300,17.57
1582831125300,17.57
1582831125300,17.57
1582831232399,17.575
1582831232399,17.575
1582831232399,17.575
1582831258023,17.575
1582831273600,17.61
1582831273600,17.61
1582831273600,17.61
1582831273600,17.61
1582831273600,17.61
1582831273600,17.61
1582831273600,17.61
1582831273600,17.61
1582831355484,17.58
1582831355484,17.58
1582831383847,17.6
1582831383847,17.6
1582831383847,17.6
1582831383847,17.6
1582831383847,17.6
1582831383847,17.6
1582831383847,17.6
1582831383847,17.6
1582831463603,17.615
1582831463603,17.615
1582831463603,17.615
1582831463603,17.615
1582831463603,17.615
1582831463603,17.615
1582831463603,17.615
1582831463603,17.615
1582831463603,17.615
1582831463603,17.615
1582831463603,17.615
1582831463603,17.615
1582831463603,17.615
1582831463603,17.615
1582831463603,17.615
1582831463603,17.615
1582831463603,17.615
1582831463603,17.615
1582831463603,17.615
1582831463603,17.615
1582831463603,17.615
1582831685502,17.66
1582831685502,17.66
1582831685502,17.66
1582831685502,17.66
1582831685502,17.66
1582831733259,17.665
1582831733259,17.665
1582831733259,17.665
1582831733259,17.665
1582831776337,17.715
1582831776337,17.715
1582831776337,17.715
1582831776337,17.715
1582831776337,17.715
1582831776337,17.715
1582831776337,17.715
1582831776337,17.715
1582831776337,17.715
1582831776337,17.715
1582831776337,17.715
1582831776337,17.715
1582831776337,17.715
1582831776337,17.715
1582831776337,17.715
1582831776337,17.715
1582831776337,17.715
1582831776337,17.715
1582831776337,17.715
1582831975172,17.625
1582831975172,17.625
1582831975172,17.625
1582831975172,17.625
1582831975172,17.625
1582831975172,17.625
1582831975172,17.625
1582831975172,17.625
1582832068058,17.63
1582832068058,17.63
1582832068058,17.63
1582832068058,17.63
1582832068058,17.63
1582832068058,17.63
1582832068058,17.63
1582832068058,17.63
1582832068058,17.63
1582832161602,17.645
1582832161602,17.645
1582832161602,17.645
1582832161602,17.645
1582832161602,17.645
1582832161602,17.645
1582832161602,17.645
1582832161602,17.645
1582832242541,17.66
1582832242541,17.66
1582832242541,17.66
1582832242541,17.66
1582832242541,17.66
1582832242541,17.66
1582832242541,17.66
1582832242541,17.66
1582832242541,17.66
1582832242541,17.66
1582832242541,17.66
1582832352703,17.68
1582832352703,17.68
1582832352703,17.68
1582832352703,17.68
1582832352703,17.68
1582832352703,17.68
1582832352703,17.68
1582832352703,17.68
1582832352703,17.68
1582832352703,17.68
1582832352703,17.68
1582832352703,17.68
1582832352703,17.68
1582832352703,17.68
1582832352703,17.68
1582832352703,17.68
1582832352703,17.68
1582832352703,17.68
1582832352703,17.68
1582832555273,17.69
1582832555273,17.69
1582832555273,17.69
1582832555273,17.69
1582832555273,17.69
1582832555273,17.69
1582832555273,17.69
1582832555273,17.69
1582832555273,17.69
1582832555273,17.69
1582832555273,17.69
1582832555273,17.69
1582832555273,17.69
1582832555273,17.69
1582832555273,17.69
1582832555273,17.69
1582832555273,17.69
1582832739609,17.67
1582832739609,17.67
1582832739609,17.67
1582832739609,17.67
1582832739609,17.67
1582832739609,17.67
1582832739609,17.67
1582832739609,17.67
1582832739609,17.67
1582832739609,17.67
1582832739609,17.67
1582832739609,17.67
1582832739609,17.67
1582832739609,17.67
1582832891924,17.59
1582832897966,17.59
1582832897966,17.59
1582832897966,17.59
1582832897966,17.59
1582832897966,17.59
1582832897966,17.59
1582832897966,17.59
1582832897966,17.59
1582832897966,17.59
1582832897966,17.59
1582833005178,17.64
1582833005178,17.64
1582833005178,17.64
1582833005178,17.64
1582833005178,17.64
1582833005178,17.64
1582833068030,17.63
1582833075409,17.62
1582833075409,17.62
1582833075409,17.62
1582833104997,17.63
1582833104997,17.63
1582833104997,17.63
1582833104997,17.63
1582833104997,17.63
1582833104997,17.63
1582833104997,17.63
1582833104997,17.63
1582833104997,17.63
1582833104997,17.63
1582833213671,17.62
1582833213671,17.62
1582833213671,17.62
1582833213671,17.62
1582833213671,17.62
1582833213671,17.62
1582833213671,17.62
1582833213671,17.62
1582833213671,17.62
1582833213671,17.62
1582833213671,17.62
1582833213671,17.62
1582833213671,17.62
1582833348966,17.605
1582833348966,17.605
1582833348966,17.605
1582833379597,17.6
1582833379597,17.6
1582833379597,17.6
1582833379597,17.6
1582833420154,17.6
1582833420154,17.6
1582833420154,17.6
1582833420154,17.6
1582833420154,17.6
1582833420154,17.6
1582833486032,17.6
1582833486032,17.6
1582833486032,17.6
1582833513941,17.6
1582833526646,17.59
1582833526646,17.59
1582833526646,17.59
1582833526646,17.59
1582833526646,17.59
1582833526646,17.59
1582833526646,17.59
1582833526646,17.59
1582833526646,17.59
1582833526646,17.59
1582833526646,17.59
1582833526646,17.59
1582833526646,17.59
1582833526646,17.59
1582833526646,17.59
1582833692824,17.59
1582833692824,17.59
1582833692824,17.59
1582833692824,17.59
1582833692824,17.59
1582833692824,17.59
1582833692824,17.59
1582833762088,17.58
1582833773196,17.58
1582833773196,17.58
1582833796527,17.575
1582833796527,17.575
1582833818452,17.575
1582833829351,17.58
1582833839633,17.57
1582833839633,17.57
1582833839633,17.57
1582833839633,17.57
1582833839633,17.57
1582833839633,17.57
1582833839633,17.57
1582833839633,17.57
1582833839633,17.57
1582833839633,17.57
1582833839633,17.57
1582833949939,17.55
1582833949939,17.55
1582833949939,17.55
1582833949939,17.55
1582833996889,17.58
1582833996889,17.58
1582834012706,17.595
1582834027092,17.61
1582834027092,17.61
1582834027092,17.61
1582834027092,17.61
1582834067040,17.59
1582834067040,17.59
1582834067040,17.59
1582834067040,17.59
1582834067040,17.59
1582834067040,17.59
1582834067040,17.59
1582834067040,17.59
1582834067040,17.59
1582834067040,17.59
1582834067040,17.59
1582834067040,17.59
1582834067040,17.59
1582834067040,17.59
1582834067040,17.59
1582834067040,17.59
1582834234128,17.62
1582834234128,17.62
1582834234128,17.62
1582834234128,17.62
1582834282219,17.605
1582834282219,17.605
1582834282219,17.605
1582834282219,17.605
1582834315939,17.615
1582834334496,17.62
1582834334496,17.62
1582834334496,17.62
1582834334496,17.62
1582834334496,17.62
1582834334496,17.62
1582834334496,17.62
1582834404074,17.62
1582834404074,17.62
1582834404074,17.62
1582834404074,17.62
1582834404074,17.62
1582834457247,17.63
1582834471556,17.63
1582834471556,17.63
1582834494299,17.62
1582834494299,17.62
1582834494299,17.62
1582834494299,17.62
1582834494299,17.62
1582834494299,17.62
1582834494299,17.62
1582834494299,17.62
1582834494299,17.62
1582834494299,17.62
1582834594886,17.65
1582834594886,17.65
1582834594886,17.65
1582834594886,17.65
1582834594886,17.65
1582834652254,17.66
1582834652254,17.66
1582834652254,17.66
1582834652254,17.66
1582834652254,17.66
1582834652254,17.66
1582834652254,17.66
1582834652254,17.66
1582834736281,17.65
1582834736281,17.65
1582834749810,17.64
1582834749810,17.64
1582834749810,17.64
1582834749810,17.64
1582834749810,17.64
1582834749810,17.64
1582834749810,17.64
1582834749810,17.64
1582834749810,17.64
1582834749810,17.64
1582834749810,17.64
1582834749810,17.64
1582834749810,17.64
1582834749810,17.64
1582834749810,17.64
1582834749810,17.64
1582834749810,17.64
1582834928275,17.65
1582834928275,17.65
1582834928275,17.65
1582834928275,17.65
1582834928275,17.65
1582834928275,17.65
1582834928275,17.65
1582834928275,17.65
1582834928275,17.65
1582834928275,17.65
1582835033105,17.65
1582835033105,17.65
1582835057322,17.66
1582835057322,17.66
1582835057322,17.66
1582835057322,17.66
1582835057322,17.66
1582835057322,17.66
1582835116391,17.65
1582835116391,17.65
1582835116391,17.65
1582835116391,17.65
1582835116391,17.65
1582835116391,17.65
1582835116391,17.65
1582835116391,17.65
1582835116391,17.65
1582835116391,17.65
1582835225899,17.66
1582835225899,17.66
1582835252788,17.64
1582835252788,17.64
1582835252788,17.64
1582835284225,17.65
1582835284225,17.65
1582835284225,17.65
1582835309922,17.64
1582835309922,17.64
1582835309922,17.64
1582835309922,17.64
1582835309922,17.64
1582835309922,17.64
1582835380008,17.64
1582835380008,17.64
1582835380008,17.64
1582835380008,17.64
1582835380008,17.64
1582835425934,17.64
1582835425934,17.64
1582835425934,17.64
1582835425934,17.64
1582835425934,17.64
1582835425934,17.64
1582835425934,17.64
1582835425934,17.64
1582835425934,17.64
1582835425934,17.64
1582835425934,17.64
1582835425934,17.64
1582835425934,17.64
1582835425934,17.64
1582835425934,17.64
1582835425934,17.64
1582835425934,17.64
1582835611694,17.66
1582835611694,17.66
1582835611694,17.66
1582835641926,17.68
1582835641926,17.68
1582835641926,17.68
1582835641926,17.68
1582835641926,17.68
1582835641926,17.68
1582835700980,17.67
1582835700980,17.67
1582835700980,17.67
1582835700980,17.67
1582835700980,17.67
1582835700980,17.67
1582835700980,17.67
1582835779527,17.65
1582835787385,17.645
1582835787385,17.645
1582835787385,17.645
1582835787385,17.645
1582835835042,17.65
1582835838598,17.64
1582835838598,17.64
1582835838598,17.64
1582835838598,17.64
1582835838598,17.64
1582835838598,17.64
1582835838598,17.64
1582835838598,17.64
1582835838598,17.64
1582835838598,17.64
1582835838598,17.64
1582835838598,17.64
1582835838598,17.64
1582835838598,17.64
1582835988207,17.62
1582835998545,17.615
1582836010332,17.62
1582836010332,17.62
1582836010332,17.62
1582836010332,17.62
1582836053256,17.61
1582836053256,17.61
1582836053256,17.61
1582836053256,17.61
1582836053256,17.61
1582836102511,17.61
1582836102511,17.61
1582836102511,17.61
1582836134849,17.63
1582836134849,17.63
1582836158621,17.63
1582836158621,17.63
1582836158621,17.63
1582836189680,17.62
1582836189680,17.62
1582836211434,17.6
1582836225526,17.595
1582836230617,17.61
1582836230617,17.61
1582836259760,17.6
1582836259760,17.6
1582836259760,17.6
1582836259760,17.6
1582836259760,17.6
1582836311158,17.6
1582836319277,17.61
1582836330941,17.63
1582836343472,17.62
1582836343472,17.62
1582836362635,17.6
1582836377471,17.58
1582836387946,17.6
1582836387946,17.6
1582836387946,17.6
1582836387946,17.6
1582836387946,17.6
1582836435327,17.63
1582836435327,17.63
1582836435327,17.63
1582836435327,17.63
1582836435327,17.63
1582836435327,17.63
1582836498686,17.65
1582836507723,17.665
1582836507723,17.665
1582836507723,17.665
1582836538615,17.66
1582836548145,17.68
1582836557742,17.68
