1586266255944,25.46
1586266269957,25.415
1586266269957,25.415
1586266269957,25.415
1586266269957,25.415
1586266269957,25.415
1586266323405,25.505
1586266336770,25.42
1586266350512,25.39
1586266350512,25.39
1586266374203,25.38
1586266384474,25.33
1586266392471,25.32
1586266392471,25.32
1586266416325,25.33
1586266425972,25.315
1586266436859,25.34
1586266436859,25.34
1586266436859,25.34
1586266436859,25.34
1586266469047,25.425
1586266469047,25.425
1586266469047,25.425
1586266506923,25.485
1586266506923,25.485
1586266506923,25.485
1586266506923,25.485
1586266506923,25.485
1586266506923,25.485
1586266566226,25.55
1586266580719,25.59
1586266591678,25.6
1586266591678,25.6
1586266591678,25.6
1586266591678,25.6
1586266633396,25.545
1586266633396,25.545
1586266633396,25.545
1586266633396,25.545
1586266633396,25.545
1586266633396,25.545
1586266692556,25.555
1586266710111,25.52
1586266720319,25.535
1586266733183,25.545
1586266733183,25.545
1586266745831,25.55
1586266759862,25.48
1586266772191,25.47
1586266778784,25.48
1586266778784,25.48
1586266805341,25.48
1586266811120,25.47
1586266829387,25.51
1586266829387,25.51
1586266844494,25.5
1586266853482,25.47
1586266870544,25.54
1586266877364,25.53
1586266884985,25.53
1586266902428,25.5
1586266916663,25.52
1586266922937,25.51
1586266932902,25.545
1586266932902,25.545
1586266956343,25.53
1586266967947,25.53
1586266976482,25.51
1586266986625,25.5
1586267002347,25.54
1586267007734,25.56
1586267007734,25.56
1586267033230,25.53
1586267033230,25.53
1586267056136,25.52
1586267065730,25.5
1586267077264,25.54
1586267077264,25.54
1586267090147,25.57
1586267103986,25.585
1586267119112,25.59
1586267119112,25.59
1586267119112,25.59
1586267145654,25.55
1586267161900,25.605
1586267169189,25.62
1586267183658,25.65
1586267186785,25.67
1586267203281,25.69
1586267203281,25.69
1586267220995,25.68
1586267234414,25.67
1586267241438,25.665
1586267257306,25.64
1586267264803,25.65
1586267264803,25.65
1586267289887,25.7
1586267297499,25.75
1586267308355,25.74
1586267324652,25.715
1586267332364,25.7
1586267347470,25.74
1586267357258,25.77
1586267367127,25.76
1586267367127,25.76
1586267387159,25.73
1586267387159,25.73
1586267387159,25.73
1586267387159,25.73
1586267387159,25.73
1586267387159,25.73
1586267450162,25.78
1586267468026,25.8
1586267468026,25.8
1586267468026,25.8
1586267468026,25.8
1586267503913,25.86
1586267520914,25.87
1586267530383,25.875
1586267544285,25.915
1586267552302,25.92
1586267552302,25.92
1586267552302,25.92
1586267552302,25.92
1586267552302,25.92
1586267552302,25.92
1586267612360,25.935
1586267623209,25.91
1586267623209,25.91
1586267623209,25.91
1586267661309,25.89
1586267661309,25.89
1586267661309,25.89
1586267661309,25.89
1586267661309,25.89
1586267711599,25.91
1586267711599,25.91
1586267711599,25.91
1586267711599,25.91
1586267711599,25.91
1586267711599,25.91
1586267770109,25.805
1586267783591,25.81
1586267783591,25.81
1586267783591,25.81
1586267821236,25.73
1586267825330,25.73
1586267841973,25.76
1586267852978,25.75
1586267862248,25.75
1586267872762,25.75
1586267883083,25.77
1586267890762,25.77
1586267890762,25.77
1586267890762,25.77
1586267890762,25.77
1586267890762,25.77
1586267890762,25.77
1586267962130,25.75
1586267971443,25.75
1586267971443,25.75
1586267991973,25.75
1586267999237,25.75
1586268013010,25.745
1586268028312,25.71
1586268035630,25.72
1586268041401,25.74
1586268051907,25.75
1586268070155,25.72
1586268074357,25.74
1586268074357,25.74
1586268103077,25.745
1586268115073,25.755
1586268124375,25.75
1586268138829,25.74
1586268149393,25.705
1586268158240,25.74
1586268158240,25.74
1586268179037,25.7
1586268186666,25.69
1586268194621,25.68
1586268208356,25.65
1586268214751,25.65
1586268222568,25.67
1586268222568,25.67
1586268249451,25.595
1586268264409,25.59
1586268271846,25.58
1586268286197,25.56
1586268296669,25.57
1586268303978,25.585
1586268303978,25.585
1586268327537,25.58
1586268335443,25.57
1586268343822,25.58
1586268343822,25.58
1586268343822,25.58
1586268379280,25.595
1586268385071,25.605
1586268385071,25.605
1586268385071,25.605
1586268385071,25.605
1586268436122,25.57
1586268443253,25.56
1586268443253,25.56
1586268466974,25.53
1586268466974,25.53
1586268486596,25.525
1586268492265,25.51
1586268505034,25.48
1586268517894,25.44
1586268517894,25.44
1586268542292,25.42
1586268542292,25.42
1586268542292,25.42
1586268565329,25.39
1586268583922,25.35
1586268588484,25.355
1586268588484,25.355
1586268611620,25.33
1586268628337,25.32
1586268638966,25.36
1586268649200,25.33
1586268650888,25.33
1586268650888,25.33
1586268675512,25.32
1586268689977,25.31
1586268702015,25.3
1586268705116,25.28
1586268722253,25.28
1586268732848,25.31
1586268735041,25.305
1586268735041,25.305
1586268735041,25.305
1586268735041,25.305
1586268781859,25.255
1586268786794,25.28
1586268804110,25.26
1586268804110,25.26
1586268826263,25.24
1586268839965,25.26
1586268840362,25.26
1586268857873,25.24
1586268867230,25.2
1586268875934,25.18
1586268893236,25.2
1586268898738,25.19
1586268898738,25.19
1586268898738,25.19
1586268935264,25.125
1586268935264,25.125
1586268949576,25.13
1586268949576,25.13
1586268976903,25.17
1586268982394,25.17
1586268982394,25.17
1586268982394,25.17
1586268982394,25.17
1586269035453,25.13
1586269042060,25.14
1586269042060,25.14
1586269067534,25.18
1586269077236,25.19
1586269088301,25.15
1586269093378,25.15
1586269110894,25.2
1586269119600,25.17
1586269119600,25.17
1586269136124,25.2
1586269152813,25.18
1586269152813,25.18
1586269165463,25.15
1586269179075,25.155
1586269191837,25.18
1586269208164,25.16
1586269218823,25.18
1586269218823,25.18
1586269235928,25.19
1586269250891,25.23
1586269260200,25.22
1586269271622,25.2
1586269277634,25.2
1586269296476,25.16
1586269296476,25.16
1586269321332,25.14
1586269332664,25.14
1586269332664,25.14
1586269345317,25.14
1586269360251,25.1
1586269369048,25.1
1586269381908,25.06
1586269381908,25.06
1586269397795,25.04
1586269397795,25.04
1586269397795,25.04
1586269429808,25.05
1586269429808,25.05
1586269457757,25.09
1586269457757,25.09
1586269476934,25.09
1586269476934,25.09
1586269476934,25.09
1586269509045,25.095
1586269509045,25.095
1586269533339,25.1
1586269546896,25.08
1586269549646,25.09
1586269559568,25.1
1586269559568,25.1
1586269583947,25.14
1586269599948,25.18
1586269607250,25.19
1586269616992,25.21
1586269626214,25.19
1586269641797,25.19
1586269651304,25.17
1586269659170,25.16
1586269671802,25.18
1586269671802,25.18
1586269688326,25.17
1586269707386,25.19
1586269722711,25.16
1586269722711,25.16
1586269722711,25.16
1586269722711,25.16
1586269760193,25.13
1586269766924,25.12
1586269775433,25.11
1586269786542,25.07
1586269807865,25.02
1586269817454,25.05
1586269817454,25.05
1586269817454,25.05
1586269842560,25.125
1586269842560,25.125
1586269842560,25.125
1586269884080,25.12
1586269884080,25.12
1586269905364,25.13
1586269916096,25.14
1586269926184,25.155
1586269933295,25.17
1586269948587,25.185
1586269952731,25.19
1586269968649,25.21
1586269968649,25.21
1586269968649,25.21
1586270002163,25.21
1586270014060,25.23
1586270022535,25.225
1586270034071,25.21
1586270034071,25.21
1586270049042,25.22
1586270049042,25.22
1586270078626,25.21
1586270088866,25.235
1586270094904,25.24
1586270094904,25.24
1586270122265,25.23
1586270125107,25.23
1586270138159,25.22
1586270153419,25.24
1586270153419,25.24
1586270170456,25.225
1586270170456,25.225
1586270189129,25.225
1586270205051,25.225
1586270205051,25.225
1586270205051,25.225
1586270232107,25.15
1586270242125,25.16
1586270242125,25.16
1586270242125,25.16
1586270242125,25.16
1586270242125,25.16
1586270242125,25.16
1586270242125,25.16
1586270242125,25.16
1586270326686,25.14
1586270326686,25.14
1586270326686,25.14
1586270361657,25.14
1586270361657,25.14
1586270384204,25.19
1586270395405,25.2
1586270395405,25.2
1586270407520,25.17
1586270419800,25.17
1586270419800,25.17
1586270419800,25.17
1586270419800,25.17
1586270467176,25.17
1586270467176,25.17
1586270467176,25.17
1586270467176,25.17
1586270467176,25.17
1586270521036,25.13
1586270530012,25.16
1586270541037,25.2
1586270541037,25.2
1586270561702,25.21
1586270567919,25.215
1586270567919,25.215
1586270567919,25.215
1586270567919,25.215
1586270567919,25.215
1586270567919,25.215
1586270632616,25.2
1586270638340,25.17
1586270638340,25.17
1586270638340,25.17
1586270669467,25.1
1586270669467,25.1
1586270669467,25.1
1586270705746,25.14
1586270705746,25.14
1586270705746,25.14
1586270705746,25.14
1586270705746,25.14
1586270759386,25.2
1586270768648,25.21
1586270775536,25.19
1586270793166,25.14
1586270793166,25.14
1586270793166,25.14
1586270793166,25.14
1586270793166,25.14
1586270844315,25.15
1586270855872,25.15
1586270862876,25.12
1586270877062,25.105
1586270877062,25.105
1586270893350,25.085
1586270893350,25.085
1586270893350,25.085
1586270922234,25.04
1586270931242,25.02
1586270945263,25
1586270945263,25
1586270945263,25
1586270945263,25
1586270983324,24.97
1586270983324,24.97
1586271009703,24.97
1586271009703,24.97
1586271009703,24.97
1586271035769,24.93
1586271052477,24.91
1586271052477,24.91
1586271075112,24.91
1586271075112,24.91
1586271075112,24.91
1586271075112,24.91
1586271075112,24.91
1586271075112,24.91
1586271075112,24.91
1586271075112,24.91
1586271156073,24.87
1586271167974,24.88
1586271167974,24.88
1586271167974,24.88
1586271167974,24.88
1586271202156,24.87
1586271218378,24.845
1586271218378,24.845
1586271218378,24.845
1586271218378,24.845
1586271256063,24.85
1586271256063,24.85
1586271256063,24.85
1586271256063,24.85
1586271256063,24.85
1586271256063,24.85
1586271256063,24.85
1586271336760,24.81
1586271336760,24.81
1586271358316,24.8
1586271360292,24.8
1586271372281,24.845
1586271372281,24.845
1586271372281,24.845
1586271402414,24.92
1586271402414,24.92
1586271425296,24.97
1586271433157,24.97
1586271433157,24.97
1586271461255,24.95
1586271471938,24.98
1586271471938,24.98
1586271471938,24.98
1586271471938,24.98
1586271513322,25
1586271525150,25.01
1586271532553,25.05
1586271540105,25.08
1586271554152,25.02
1586271554152,25.02
1586271580741,25
1586271580741,25
1586271598496,25.025
1586271610162,25.03
1586271610162,25.03
1586271610162,25.03
1586271641785,25.02
1586271641785,25.02
1586271641785,25.02
1586271641785,25.02
1586271641785,25.02
1586271641785,25.02
1586271641785,25.02
1586271641785,25.02
1586271729983,24.975
1586271729983,24.975
1586271741390,25
1586271759857,24.97
1586271759857,24.97
1586271778465,24.97
1586271778465,24.97
1586271778465,24.97
1586271812291,25.01
1586271817612,25.01
1586271817612,25.01
1586271843238,25
1586271843238,25
1586271843238,25
1586271873232,24.97
1586271890469,25.03
1586271890469,25.03
1586271904505,25.02
1586271913547,25.04
1586271931752,25.08
1586271931752,25.08
1586271949185,25.06
1586271949185,25.06
1586271973820,25.07
1586271982948,25.08
1586271986684,25.07
1586272000530,25.08
1586272000530,25.08
1586272027321,25.11
1586272034248,25.09
1586272043522,25.1
1586272059715,25.155
1586272059715,25.155
1586272059715,25.155
1586272059715,25.155
1586272059715,25.155
1586272059715,25.155
1586272059715,25.155
1586272059715,25.155
1586272059715,25.155
1586272153291,25.13
1586272153291,25.13
1586272153291,25.13
1586272153291,25.13
1586272153291,25.13
1586272198644,25.14
1586272210402,25.16
1586272210402,25.16
1586272210402,25.16
1586272210402,25.16
1586272210402,25.16
1586272265286,25.165
1586272279041,25.17
1586272279041,25.17
1586272279041,25.17
1586272312177,25.16
1586272319287,25.19
1586272332973,25.21
1586272336408,25.225
1586272347752,25.235
1586272354794,25.215
1586272370982,25.235
1586272370982,25.235
1586272370982,25.235
1586272370982,25.235
1586272370982,25.235
1586272370982,25.235
1586272430230,25.25
1586272430230,25.25
1586272430230,25.25
1586272465394,25.27
1586272474311,25.27
1586272474311,25.27
1586272492516,25.3
1586272492516,25.3
1586272513115,25.32
1586272531305,25.36
1586272531305,25.36
1586272531305,25.36
1586272558973,25.4
1586272558973,25.4
1586272576260,25.32
1586272576260,25.32
1586272576260,25.32
1586272576260,25.32
1586272576260,25.32
1586272576260,25.32
1586272641464,25.235
1586272641464,25.235
1586272641464,25.235
1586272641464,25.235
1586272641464,25.235
1586272691817,25.175
1586272691817,25.175
1586272691817,25.175
1586272691817,25.175
1586272734312,25.15
1586272734312,25.15
1586272753254,25.18
1586272753254,25.18
1586272753254,25.18
1586272753254,25.18
1586272753254,25.18
1586272815472,25.13
1586272815472,25.13
1586272815472,25.13
1586272815472,25.13
1586272815472,25.13
1586272867644,25.115
1586272875577,25.1
1586272875577,25.1
1586272875577,25.1
1586272875577,25.1
1586272916236,25.09
1586272916236,25.09
1586272916236,25.09
1586272916236,25.09
1586272916236,25.09
1586272916236,25.09
1586272916236,25.09
1586272992161,25.1
1586272992161,25.1
1586272992161,25.1
1586273018317,25.13
1586273018317,25.13
1586273018317,25.13
1586273018317,25.13
1586273018317,25.13
1586273018317,25.13
1586273018317,25.13
1586273095138,25.15
1586273108297,25.175
1586273108297,25.175
1586273108297,25.175
1586273108297,25.175
1586273108297,25.175
1586273108297,25.175
1586273108297,25.175
1586273108297,25.175
1586273108297,25.175
1586273195461,25.06
1586273195461,25.06
1586273222248,25.09
1586273222248,25.09
1586273222248,25.09
1586273222248,25.09
1586273222248,25.09
1586273276458,25.13
1586273276458,25.13
1586273276458,25.13
1586273304838,25.195
1586273304838,25.195
1586273326407,25.19
1586273326407,25.19
1586273326407,25.19
1586273326407,25.19
1586273326407,25.19
1586273326407,25.19
1586273326407,25.19
1586273326407,25.19
1586273406263,25.26
1586273415769,25.26
1586273415769,25.26
1586273415769,25.26
1586273415769,25.26
1586273415769,25.26
1586273415769,25.26
1586273415769,25.26
1586273415769,25.26
1586273415769,25.26
1586273515281,25.3
1586273515281,25.3
1586273515281,25.3
1586273515281,25.3
1586273515281,25.3
1586273515281,25.3
1586273581913,25.225
1586273581913,25.225
1586273595281,25.225
1586273607804,25.26
1586273623117,25.27
1586273626417,25.26
1586273645372,25.3
1586273650743,25.28
1586273657684,25.29
1586273670949,25.29
1586273683464,25.33
1586273683464,25.33
1586273704922,25.305
1586273704922,25.305
1586273704922,25.305
1586273704922,25.305
1586273749173,25.315
1586273749173,25.315
1586273749173,25.315
1586273749173,25.315
1586273749173,25.315
1586273749173,25.315
1586273749173,25.315
1586273749173,25.315
1586273828347,25.32
1586273828347,25.32
1586273828347,25.32
1586273828347,25.32
1586273828347,25.32
1586273828347,25.32
1586273828347,25.32
1586273828347,25.32
1586273828347,25.32
1586273828347,25.32
1586273939462,25.34
1586273947800,25.365
1586273953584,25.38
1586273965107,25.39
1586273965107,25.39
1586273965107,25.39
1586273965107,25.39
1586273965107,25.39
1586273965107,25.39
1586273965107,25.39
1586273965107,25.39
1586273965107,25.39
1586274069153,25.44
1586274069153,25.44
1586274087864,25.435
1586274087864,25.435
1586274087864,25.435
1586274087864,25.435
1586274087864,25.435
1586274087864,25.435
1586274087864,25.435
1586274087864,25.435
1586274087864,25.435
1586274087864,25.435
1586274087864,25.435
1586274087864,25.435
1586274212138,25.455
1586274212138,25.455
1586274212138,25.455
1586274212138,25.455
1586274258356,25.44
1586274258356,25.44
1586274279214,25.47
1586274289947,25.475
1586274289947,25.475
1586274289947,25.475
1586274317993,25.47
1586274325928,25.46
1586274325928,25.46
1586274325928,25.46
1586274325928,25.46
1586274375307,25.39
1586274375307,25.39
1586274388585,25.42
1586274388585,25.42
1586274388585,25.42
1586274425614,25.47
1586274425614,25.47
1586274425614,25.47
1586274425614,25.47
1586274425614,25.47
1586274425614,25.47
1586274425614,25.47
1586274425614,25.47
1586274425614,25.47
1586274425614,25.47
1586274425614,25.47
1586274425614,25.47
1586274425614,25.47
1586274425614,25.47
1586274569905,25.38
1586274569905,25.38
1586274569905,25.38
1586274569905,25.38
1586274612489,25.35
1586274612489,25.35
1586274612489,25.35
1586274645702,25.31
1586274645702,25.31
1586274645702,25.31
1586274645702,25.31
1586274684258,25.315
1586274700344,25.3
1586274700344,25.3
1586274714412,25.3
1586274714412,25.3
1586274714412,25.3
1586274749890,25.32
1586274749890,25.32
1586274749890,25.32
1586274749890,25.32
1586274749890,25.32
1586274807247,25.29
1586274807247,25.29
1586274807247,25.29
1586274807247,25.29
1586274807247,25.29
1586274807247,25.29
1586274807247,25.29
1586274807247,25.29
1586274807247,25.29
1586274807247,25.29
1586274807247,25.29
1586274807247,25.29
1586274807247,25.29
1586274807247,25.29
1586274807247,25.29
1586274963315,25.36
1586274963315,25.36
1586274963315,25.36
1586274963315,25.36
1586275002308,25.36
1586275002308,25.36
1586275002308,25.36
1586275002308,25.36
1586275002308,25.36
1586275057144,25.375
1586275064778,25.375
1586275064778,25.375
1586275064778,25.375
1586275097041,25.325
1586275097041,25.325
1586275120309,25.305
1586275120309,25.305
1586275120309,25.305
1586275120309,25.305
1586275157301,25.29
1586275157301,25.29
1586275157301,25.29
1586275196324,25.305
1586275196324,25.305
1586275196324,25.305
1586275196324,25.305
1586275196324,25.305
1586275196324,25.305
1586275196324,25.305
1586275196324,25.305
1586275196324,25.305
1586275287712,25.36
1586275304440,25.34
1586275304440,25.34
1586275304440,25.34
1586275304440,25.34
1586275340108,25.35
1586275340108,25.35
1586275365441,25.365
1586275372320,25.36
1586275372320,25.36
1586275372320,25.36
1586275372320,25.36
1586275372320,25.36
1586275372320,25.36
1586275372320,25.36
1586275372320,25.36
1586275372320,25.36
1586275468312,25.34
1586275468312,25.34
1586275468312,25.34
1586275468312,25.34
1586275468312,25.34
1586275468312,25.34
1586275468312,25.34
1586275468312,25.34
1586275551358,25.41
1586275551358,25.41
1586275576742,25.4
1586275576742,25.4
1586275603155,25.39
1586275611318,25.38
1586275611318,25.38
1586275630946,25.38
1586275630946,25.38
1586275630946,25.38
1586275630946,25.38
1586275676817,25.335
1586275676817,25.335
1586275676817,25.335
1586275676817,25.335
1586275709074,25.38
1586275709074,25.38
1586275731274,25.39
1586275748248,25.39
1586275748248,25.39
1586275748248,25.39
1586275774112,25.415
1586275782436,25.39
1586275793299,25.385
1586275809438,25.385
1586275809438,25.385
1586275809438,25.385
1586275843089,25.38
1586275847880,25.38
1586275847880,25.38
1586275847880,25.38
1586275847880,25.38
1586275847880,25.38
1586275847880,25.38
1586275916535,25.365
1586275916535,25.365
1586275916535,25.365
1586275916535,25.365
1586275952294,25.385
1586275952294,25.385
1586275978640,25.385
1586275981504,25.395
1586275981504,25.395
1586275981504,25.395
1586275981504,25.395
1586275981504,25.395
1586275981504,25.395
1586275981504,25.395
1586275981504,25.395
1586275981504,25.395
1586275981504,25.395
1586275981504,25.395
1586275981504,25.395
1586276107121,25.455
1586276107121,25.455
1586276107121,25.455
1586276107121,25.455
1586276107121,25.455
1586276107121,25.455
1586276107121,25.455
1586276107121,25.455
1586276107121,25.455
1586276107121,25.455
1586276220104,25.475
1586276220104,25.475
1586276220104,25.475
1586276220104,25.475
1586276220104,25.475
1586276267228,25.47
1586276267228,25.47
1586276267228,25.47
1586276267228,25.47
1586276267228,25.47
1586276267228,25.47
1586276267228,25.47
1586276267228,25.47
1586276267228,25.47
1586276267228,25.47
1586276267228,25.47
1586276267228,25.47
1586276267228,25.47
1586276267228,25.47
1586276267228,25.47
1586276267228,25.47
1586276267228,25.47
1586276267228,25.47
1586276267228,25.47
1586276466314,25.4
1586276466314,25.4
1586276466314,25.4
1586276466314,25.4
1586276466314,25.4
1586276466314,25.4
1586276466314,25.4
1586276547325,25.41
1586276547325,25.41
1586276547325,25.41
1586276547325,25.41
1586276547325,25.41
1586276547325,25.41
1586276547325,25.41
1586276547325,25.41
1586276547325,25.41
1586276547325,25.41
1586276547325,25.41
1586276547325,25.41
1586276667307,25.355
1586276667307,25.355
1586276686246,25.345
1586276686246,25.345
1586276686246,25.345
1586276686246,25.345
1586276686246,25.345
1586276686246,25.345
1586276686246,25.345
1586276686246,25.345
1586276686246,25.345
1586276789930,25.33
1586276790628,25.335
1586276805325,25.335
1586276805325,25.335
1586276805325,25.335
1586276805325,25.335
1586276805325,25.335
1586276805325,25.335
1586276805325,25.335
1586276805325,25.335
1586276889790,25.305
1586276889790,25.305
1586276889790,25.305
1586276921939,25.35
1586276921939,25.35
1586276921939,25.35
1586276921939,25.35
1586276921939,25.35
1586276969918,25.355
1586276969918,25.355
1586276969918,25.355
1586277002143,25.38
1586277002143,25.38
1586277027571,25.395
1586277027571,25.395
1586277027571,25.395
1586277027571,25.395
1586277027571,25.395
1586277082598,25.38
1586277082598,25.38
1586277082598,25.38
1586277082598,25.38
1586277125196,25.375
1586277125196,25.375
1586277125196,25.375
1586277125196,25.375
1586277125196,25.375
1586277125196,25.375
1586277125196,25.375
1586277125196,25.375
1586277125196,25.375
1586277125196,25.375
1586277125196,25.375
1586277125196,25.375
1586277125196,25.375
1586277125196,25.375
1586277125196,25.375
1586277125196,25.375
1586277125196,25.375
1586277125196,25.375
1586277125196,25.375
1586277125196,25.375
1586277329608,25.275
1586277329608,25.275
1586277329608,25.275
1586277329608,25.275
1586277329608,25.275
1586277329608,25.275
1586277329608,25.275
1586277329608,25.275
1586277329608,25.275
1586277329608,25.275
1586277329608,25.275
1586277329608,25.275
1586277329608,25.275
1586277329608,25.275
1586277329608,25.275
1586277329608,25.275
1586277329608,25.275
1586277329608,25.275
1586277329608,25.275
1586277329608,25.275
1586277329608,25.275
1586277329608,25.275
1586277329608,25.275
1586277329608,25.275
1586277329608,25.275
1586277329608,25.275
1586277329608,25.275
1586277329608,25.275
1586277329608,25.275
1586277329608,25.275
1586277652849,25.285
1586277652849,25.285
1586277652849,25.285
1586277652849,25.285
1586277652849,25.285
1586277700437,25.3
1586277700437,25.3
1586277700437,25.3
1586277700437,25.3
1586277748167,25.305
1586277748167,25.305
1586277748167,25.305
1586277779320,25.335
1586277786277,25.34
1586277786277,25.34
1586277786277,25.34
1586277786277,25.34
1586277786277,25.34
1586277786277,25.34
1586277786277,25.34
1586277786277,25.34
1586277786277,25.34
1586277786277,25.34
1586277786277,25.34
1586277786277,25.34
1586277786277,25.34
1586277786277,25.34
1586277786277,25.34
1586277786277,25.34
1586277786277,25.34
1586277786277,25.34
1586277786277,25.34
1586277989562,25.4
1586277989562,25.4
1586277989562,25.4
1586277989562,25.4
1586277989562,25.4
1586277989562,25.4
1586277989562,25.4
1586277989562,25.4
1586277989562,25.4
1586277989562,25.4
1586277989562,25.4
1586277989562,25.4
1586277989562,25.4
1586277989562,25.4
1586277989562,25.4
1586277989562,25.4
1586277989562,25.4
1586277989562,25.4
1586278192092,25.39
1586278192092,25.39
1586278192092,25.39
1586278192092,25.39
1586278192092,25.39
1586278240310,25.37
1586278240310,25.37
1586278240310,25.37
1586278275192,25.34
1586278275192,25.34
1586278275192,25.34
1586278275192,25.34
1586278275192,25.34
1586278275192,25.34
1586278275192,25.34
1586278275192,25.34
1586278275192,25.34
1586278275192,25.34
1586278275192,25.34
1586278275192,25.34
1586278275192,25.34
1586278275192,25.34
1586278275192,25.34
1586278275192,25.34
1586278275192,25.34
1586278275192,25.34
1586278275192,25.34
1586278275192,25.34
1586278275192,25.34
1586278275192,25.34
1586278275192,25.34
1586278275192,25.34
1586278275192,25.34
1586278275192,25.34
1586278275192,25.34
1586278275192,25.34
1586278275192,25.34
1586278275192,25.34
1586278275192,25.34
1586278275192,25.34
1586278275192,25.34
1586278275192,25.34
1586278275192,25.34
1586278275192,25.34
1586278275192,25.34
1586278275192,25.34
1586278275192,25.34
1586278275192,25.34
1586278275192,25.34
1586278275192,25.34
1586278275192,25.34
1586278275192,25.34
1586278275192,25.34
1586278275192,25.34
1586278770884,25.275
1586278770884,25.275
1586278770884,25.275
1586278805268,25.27
1586278805268,25.27
1586278805268,25.27
1586278805268,25.27
1586278805268,25.27
1586278805268,25.27
1586278805268,25.27
1586278805268,25.27
1586278805268,25.27
1586278805268,25.27
1586278805268,25.27
1586278805268,25.27
1586278805268,25.27
1586278935935,25.25
1586278935935,25.25
1586278935935,25.25
1586278935935,25.25
1586278935935,25.25
1586278935935,25.25
1586278935935,25.25
1586278935935,25.25
1586278935935,25.25
1586278935935,25.25
1586278935935,25.25
1586278935935,25.25
1586278935935,25.25
1586279084259,25.25
1586279085833,25.24
1586279085833,25.24
1586279085833,25.24
1586279085833,25.24
1586279085833,25.24
1586279148345,25.26
1586279148345,25.26
1586279163304,25.28
1586279163304,25.28
1586279163304,25.28
1586279163304,25.28
1586279163304,25.28
1586279163304,25.28
1586279163304,25.28
1586279163304,25.28
1586279245265,25.24
1586279245265,25.24
1586279245265,25.24
1586279287264,25.24
1586279287264,25.24
1586279287264,25.24
1586279287264,25.24
1586279287264,25.24
1586279287264,25.24
1586279287264,25.24
1586279287264,25.24
1586279287264,25.24
1586279287264,25.24
1586279287264,25.24
1586279287264,25.24
1586279287264,25.24
1586279287264,25.24
1586279287264,25.24
1586279287264,25.24
1586279287264,25.24
1586279287264,25.24
1586279287264,25.24
1586279287264,25.24
1586279287264,25.24
1586279287264,25.24
1586279287264,25.24
1586279287264,25.24
1586279538466,25.125
1586279538466,25.125
1586279538466,25.125
1586279538466,25.125
1586279538466,25.125
1586279599170,25.13
1586279599170,25.13
1586279599170,25.13
1586279599170,25.13
1586279599170,25.13
1586279654177,25.12
1586279654177,25.12
1586279668082,25.15
1586279668082,25.15
1586279668082,25.15
1586279668082,25.15
1586279668082,25.15
1586279668082,25.15
1586279668082,25.15
1586279668082,25.15
1586279668082,25.15
1586279668082,25.15
1586279668082,25.15
1586279668082,25.15
1586279805105,25.125
1586279805105,25.125
1586279805105,25.125
1586279805105,25.125
1586279805105,25.125
1586279856550,25.11
1586279856550,25.11
1586279856550,25.11
1586279856550,25.11
1586279856550,25.11
1586279856550,25.11
1586279856550,25.11
1586279856550,25.11
1586279856550,25.11
1586279856550,25.11
1586279957010,25.05
1586279957010,25.05
1586279957010,25.05
1586279957010,25.05
1586279957010,25.05
1586279957010,25.05
1586280023539,25.03
1586280023539,25.03
1586280023539,25.03
1586280052552,25.02
1586280065376,25.005
1586280084481,24.99
1586280084481,24.99
1586280084481,24.99
1586280084481,24.99
1586280084481,24.99
1586280084481,24.99
1586280084481,24.99
1586280084481,24.99
1586280084481,24.99
1586280084481,24.99
1586280084481,24.99
1586280201518,25.035
1586280212135,25.08
1586280212135,25.08
1586280212135,25.08
1586280212135,25.08
1586280251380,25.075
1586280251380,25.075
1586280251380,25.075
1586280251380,25.075
1586280299322,25.07
1586280299322,25.07
1586280299322,25.07
1586280299322,25.07
1586280299322,25.07
1586280299322,25.07
1586280299322,25.07
1586280375072,25.05
1586280383129,25.065
1586280383129,25.065
1586280383129,25.065
1586280383129,25.065
1586280383129,25.065
1586280383129,25.065
1586280383129,25.065
1586280383129,25.065
1586280383129,25.065
1586280383129,25.065
1586280383129,25.065
1586280383129,25.065
1586280383129,25.065
1586280383129,25.065
1586280383129,25.065
1586280544761,25.08
1586280556894,25.07
1586280556894,25.07
1586280556894,25.07
1586280587885,25.11
1586280587885,25.11
1586280587885,25.11
1586280587885,25.11
1586280587885,25.11
1586280587885,25.11
1586280587885,25.11
1586280587885,25.11
1586280587885,25.11
1586280587885,25.11
1586280587885,25.11
1586280587885,25.11
1586280716630,25.115
1586280716630,25.115
1586280716630,25.115
1586280752152,25.14
1586280752152,25.14
1586280765231,25.155
1586280765231,25.155
1586280765231,25.155
1586280765231,25.155
1586280765231,25.155
1586280765231,25.155
1586280838615,25.12
1586280838615,25.12
1586280838615,25.12
1586280866331,25.1
1586280866331,25.1
1586280866331,25.1
1586280866331,25.1
1586280907341,25.12
1586280921297,25.12
1586280921297,25.12
1586280921297,25.12
1586280955064,25.115
1586280955064,25.115
1586280955064,25.115
1586280955064,25.115
1586280992133,25.1
1586280992133,25.1
1586280992133,25.1
1586280992133,25.1
1586280992133,25.1
1586280992133,25.1
1586280992133,25.1
1586281067393,25.13
1586281067393,25.13
1586281088458,25.14
1586281088458,25.14
1586281088458,25.14
1586281124211,25.14
1586281124211,25.14
1586281124211,25.14
1586281124211,25.14
1586281124211,25.14
1586281169336,25.12
1586281169336,25.12
1586281169336,25.12
1586281202232,25.06
1586281202232,25.06
1586281202232,25.06
1586281202232,25.06
1586281202232,25.06
1586281262170,25.03
1586281265465,25.02
1586281265465,25.02
1586281293248,25.04
1586281293248,25.04
1586281293248,25.04
1586281293248,25.04
1586281293248,25.04
1586281293248,25.04
1586281293248,25.04
1586281293248,25.04
1586281293248,25.04
1586281293248,25.04
1586281293248,25.04
1586281293248,25.04
1586281424174,25.06
1586281424174,25.06
1586281424174,25.06
1586281424174,25.06
1586281424174,25.06
1586281424174,25.06
1586281485163,25.015
1586281485163,25.015
1586281485163,25.015
1586281513286,25.03
1586281513286,25.03
1586281513286,25.03
1586281513286,25.03
1586281559296,25.02
1586281559296,25.02
1586281559296,25.02
1586281559296,25.02
1586281559296,25.02
1586281559296,25.02
1586281559296,25.02
1586281559296,25.02
1586281644612,25.04
1586281652195,25.04
1586281652195,25.04
1586281652195,25.04
1586281693262,25
1586281693262,25
1586281693262,25
1586281693262,25
1586281693262,25
1586281746299,25
1586281746299,25
1586281746299,25
1586281746299,25
1586281746299,25
1586281746299,25
1586281746299,25
1586281746299,25
1586281746299,25
1586281840757,24.92
1586281840757,24.92
1586281840757,24.92
1586281840757,24.92
1586281840757,24.92
1586281840757,24.92
1586281840757,24.92
1586281840757,24.92
1586281840757,24.92
1586281840757,24.92
1586281949812,24.97
1586281949812,24.97
1586281968701,24.945
1586281968701,24.945
1586281968701,24.945
1586281968701,24.945
1586281968701,24.945
1586281968701,24.945
1586281968701,24.945
1586282047011,24.94
1586282047011,24.94
1586282059642,24.955
1586282059642,24.955
1586282059642,24.955
1586282059642,24.955
1586282059642,24.955
1586282059642,24.955
1586282123269,24.93
1586282123269,24.93
1586282153955,24.955
1586282160938,24.965
1586282168168,24.955
1586282168168,24.955
1586282195628,24.965
1586282195628,24.965
1586282209165,24.995
1586282209165,24.995
1586282209165,24.995
1586282250190,24.995
1586282250190,24.995
1586282250190,24.995
1586282250190,24.995
1586282250190,24.995
1586282250190,24.995
1586282250190,24.995
1586282250190,24.995
1586282250190,24.995
1586282250190,24.995
1586282250190,24.995
1586282250190,24.995
1586282250190,24.995
1586282250190,24.995
1586282250190,24.995
1586282250190,24.995
1586282250190,24.995
1586282250190,24.995
1586282250190,24.995
1586282250190,24.995
1586282250190,24.995
1586282250190,24.995
1586282484533,24.9
1586282484533,24.9
1586282484533,24.9
1586282484533,24.9
1586282527208,24.92
1586282527208,24.92
1586282527208,24.92
1586282555308,24.915
1586282555308,24.915
1586282555308,24.915
1586282593512,24.915
1586282593512,24.915
1586282593512,24.915
1586282593512,24.915
1586282593512,24.915
1586282643891,24.9
1586282643891,24.9
1586282643891,24.9
1586282643891,24.9
1586282643891,24.9
1586282643891,24.9
1586282708999,24.89
1586282725288,24.87
1586282725288,24.87
1586282725288,24.87
1586282725288,24.87
1586282725288,24.87
1586282725288,24.87
1586282725288,24.87
1586282725288,24.87
1586282725288,24.87
1586282725288,24.87
1586282725288,24.87
1586282725288,24.87
1586282725288,24.87
1586282725288,24.87
1586282725288,24.87
1586282725288,24.87
1586282895422,24.79
1586282895422,24.79
1586282895422,24.79
1586282895422,24.79
1586282895422,24.79
1586282895422,24.79
1586282960482,24.81
1586282960482,24.81
1586282960482,24.81
1586282960482,24.81
1586282960482,24.81
1586283019468,24.845
1586283019468,24.845
1586283019468,24.845
1586283046140,24.86
1586283046140,24.86
1586283046140,24.86
1586283084209,24.89
1586283084209,24.89
1586283084209,24.89
1586283084209,24.89
1586283084209,24.89
1586283084209,24.89
1586283148346,24.875
1586283161164,24.865
1586283161164,24.865
1586283161164,24.865
1586283161164,24.865
1586283161164,24.865
1586283161164,24.865
1586283228321,24.85
1586283228321,24.85
1586283248450,24.86
1586283254691,24.87
1586283254691,24.87
1586283254691,24.87
1586283291622,24.85
1586283295379,24.855
1586283295379,24.855
1586283295379,24.855
1586283295379,24.855
1586283295379,24.855
1586283295379,24.855
1586283295379,24.855
1586283295379,24.855
1586283295379,24.855
1586283295379,24.855
1586283411616,24.755
1586283421996,24.755
1586283421996,24.755
1586283421996,24.755
1586283421996,24.755
1586283421996,24.755
1586283421996,24.755
1586283481162,24.75
1586283481162,24.75
1586283481162,24.75
1586283481162,24.75
1586283481162,24.75
1586283481162,24.75
1586283546762,24.7
1586283557166,24.71
1586283573837,24.715
1586283578967,24.705
1586283578967,24.705
1586283578967,24.705
1586283578967,24.705
1586283627780,24.7
1586283627780,24.7
1586283648298,24.68
1586283648298,24.68
1586283672212,24.7
1586283672212,24.7
1586283672212,24.7
1586283672212,24.7
1586283712281,24.755
1586283712281,24.755
1586283737311,24.765
1586283737311,24.765
1586283737311,24.765
1586283737311,24.765
1586283775364,24.785
1586283775364,24.785
1586283775364,24.785
1586283811887,24.775
1586283811887,24.775
1586283811887,24.775
1586283811887,24.775
1586283851153,24.79
1586283851153,24.79
1586283851153,24.79
1586283851153,24.79
1586283896254,24.78
1586283896254,24.78
1586283896254,24.78
1586283921700,24.78
1586283921700,24.78
1586283921700,24.78
1586283953431,24.815
1586283953431,24.815
1586283953431,24.815
1586283953431,24.815
1586283953431,24.815
1586283953431,24.815
1586283953431,24.815
1586284037915,24.795
1586284047818,24.805
1586284047818,24.805
1586284047818,24.805
1586284047818,24.805
1586284047818,24.805
1586284047818,24.805
1586284047818,24.805
1586284047818,24.805
1586284047818,24.805
1586284047818,24.805
1586284155345,24.79
1586284155345,24.79
1586284155345,24.79
1586284155345,24.79
1586284198543,24.8
1586284198543,24.8
1586284224667,24.815
1586284224667,24.815
1586284248303,24.845
1586284248303,24.845
1586284248303,24.845
1586284248303,24.845
1586284291388,24.87
1586284299932,24.86
1586284299932,24.86
1586284299932,24.86
1586284299932,24.86
1586284299932,24.86
1586284299932,24.86
1586284299932,24.86
1586284375247,24.8
1586284375247,24.8
1586284375247,24.8
1586284375247,24.8
1586284375247,24.8
1586284375247,24.8
1586284375247,24.8
1586284447175,24.81
1586284447175,24.81
1586284447175,24.81
1586284447175,24.81
1586284447175,24.81
1586284447175,24.81
1586284447175,24.81
1586284447175,24.81
1586284447175,24.81
1586284447175,24.81
1586284447175,24.81
1586284447175,24.81
1586284585842,24.86
1586284585842,24.86
1586284585842,24.86
1586284585842,24.86
1586284585842,24.86
1586284643259,24.86
1586284650024,24.845
1586284650024,24.845
1586284650024,24.845
1586284650024,24.845
1586284650024,24.845
1586284650024,24.845
1586284650024,24.845
1586284650024,24.845
1586284650024,24.845
1586284650024,24.845
1586284650024,24.845
1586284650024,24.845
1586284650024,24.845
1586284650024,24.845
1586284650024,24.845
1586284650024,24.845
1586284650024,24.845
1586284838846,24.765
1586284838846,24.765
1586284838846,24.765
1586284871909,24.77
1586284871909,24.77
1586284891811,24.75
1586284899478,24.74
1586284899478,24.74
1586284899478,24.74
1586284899478,24.74
1586284899478,24.74
1586284955011,24.735
1586284955011,24.735
1586284955011,24.735
1586284955011,24.735
1586284955011,24.735
1586285009756,24.695
1586285009756,24.695
1586285030614,24.68
1586285030614,24.68
1586285030614,24.68
1586285030614,24.68
1586285073191,24.66
1586285073191,24.66
1586285073191,24.66
1586285097209,24.67
1586285119698,24.74
1586285119698,24.74
1586285133309,24.72
1586285152295,24.74
1586285152295,24.74
1586285152295,24.74
1586285152295,24.74
1586285190466,24.74
1586285190466,24.74
1586285190466,24.74
1586285190466,24.74
1586285190466,24.74
1586285190466,24.74
1586285190466,24.74
1586285190466,24.74
1586285190466,24.74
1586285285723,24.71
1586285285723,24.71
1586285285723,24.71
1586285285723,24.71
1586285285723,24.71
1586285285723,24.71
1586285285723,24.71
1586285285723,24.71
1586285285723,24.71
1586285285723,24.71
1586285400418,24.71
1586285400418,24.71
1586285400418,24.71
1586285400418,24.71
1586285400418,24.71
1586285400418,24.71
1586285400418,24.71
1586285400418,24.71
1586285400418,24.71
1586285400418,24.71
1586285508091,24.67
1586285515575,24.68
1586285515575,24.68
1586285515575,24.68
1586285549915,24.7
1586285560055,24.72
1586285560055,24.72
1586285560055,24.72
1586285560055,24.72
1586285560055,24.72
1586285560055,24.72
1586285560055,24.72
1586285560055,24.72
1586285648172,24.65
1586285648172,24.65
1586285674172,24.63
1586285679217,24.63
1586285695586,24.66
1586285700201,24.65
1586285700201,24.65
1586285700201,24.65
1586285737015,24.62
1586285746996,24.6
1586285762254,24.6
1586285762254,24.6
1586285762254,24.6
1586285762254,24.6
1586285762254,24.6
1586285762254,24.6
1586285828141,24.71
1586285828141,24.71
1586285841799,24.71
1586285852276,24.705
1586285852276,24.705
1586285877524,24.69
1586285877524,24.69
1586285902357,24.68
1586285902357,24.68
1586285902357,24.68
1586285925018,24.645
1586285925018,24.645
1586285951255,24.66
1586285968052,24.69
1586285968052,24.69
1586285987665,24.72
