1584711061808,72.78
1584711072193,72.86
1584711077088,72.89
1584711091226,73.16
1584711096055,73.17
1584711113445,73.07
1584711123381,73
1584711130295,73
1584711144987,73
1584711152820,72.9
1584711159528,73.075
1584711170488,73.15
1584711187239,72.89
1584711187239,72.89
1584711206193,72.23
1584711211091,72.27
1584711220347,72
1584711220347,72
1584711220347,72
1584711255701,71.83
1584711263590,71.985
1584711275089,72.12
1584711291024,72.4
1584711291024,72.4
1584711291024,72.4
1584711323090,72.83
1584711323090,72.83
1584711323090,72.83
1584711323090,72.83
1584711323090,72.83
1584711323090,72.83
1584711323090,72.83
1584711323090,72.83
1584711323090,72.83
1584711416780,73.08
1584711424835,72.98
1584711437243,73.09
1584711437243,73.09
1584711437243,73.09
1584711437243,73.09
1584711437243,73.09
1584711437243,73.09
1584711437243,73.09
1584711503672,73.115
1584711519513,73.18
1584711530507,73.39
1584711539509,73.62
1584711553316,73.37
1584711553316,73.37
1584711571240,73.4
1584711582035,73.38
1584711586910,73.39
1584711600374,73.12
1584711613447,72.83
1584711623552,72.96
1584711637718,72.85
1584711646318,72.62
1584711653318,72.51
1584711653318,72.51
1584711653318,72.51
1584711689343,72.92
1584711689343,72.92
1584711689343,72.92
1584711689343,72.92
1584711731394,72.5
1584711733008,72.64
1584711744973,72.19
1584711755426,71.98
1584711770839,72
1584711770839,72
1584711770839,72
1584711770839,72
1584711806911,71.51
1584711806911,71.51
1584711831738,70.84
1584711831738,70.84
1584711849282,70.76
1584711867099,70.475
1584711872723,70.57
1584711886715,70.68
1584711886715,70.68
1584711886715,70.68
1584711886715,70.68
1584711924622,70.93
1584711934831,70.98
1584711948670,70.79
1584711956508,70.61
1584711965708,70.72
1584711965708,70.72
1584711965708,70.72
1584711997636,70.9
1584711997636,70.9
1584711997636,70.9
1584712031866,70.88
1584712031866,70.88
1584712050811,71.06
1584712050811,71.06
1584712050811,71.06
1584712084830,71.14
1584712088080,71.39
1584712088080,71.39
1584712088080,71.39
1584712118938,71.53
1584712118938,71.53
1584712149684,71.8
1584712149684,71.8
1584712168683,71.92
1584712172121,71.935
1584712172121,71.935
1584712200870,71.865
1584712208778,71.5
1584712208778,71.5
1584712208778,71.5
1584712234425,71.88
1584712248417,72.15
1584712248417,72.15
1584712267012,72.345
1584712267012,72.345
1584712267012,72.345
1584712300032,72.41
1584712309141,72.31
1584712309141,72.31
1584712309141,72.31
1584712309141,72.31
1584712309141,72.31
1584712309141,72.31
1584712309141,72.31
1584712309141,72.31
1584712309141,72.31
1584712309141,72.31
1584712309141,72.31
1584712429150,72.86
1584712429150,72.86
1584712452346,72.725
1584712459929,72.725
1584712470552,72.88
1584712482347,72.885
1584712494353,73.04
1584712506552,72.935
1584712515985,72.93
1584712524350,72.935
1584712524350,72.935
1584712524350,72.935
1584712550393,72.93
1584712550393,72.93
1584712571155,72.635
1584712571155,72.635
1584712599016,72.71
1584712599016,72.71
1584712599016,72.71
1584712599016,72.71
1584712599016,72.71
1584712599016,72.71
1584712599016,72.71
1584712669400,72.18
1584712669400,72.18
1584712689798,72.02
1584712700495,72.22
1584712700495,72.22
1584712721365,72.22
1584712727720,72.2
1584712743161,71.85
1584712753615,71.72
1584712753615,71.72
1584712753615,71.72
1584712785402,71.74
1584712785402,71.74
1584712809803,71.72
1584712809803,71.72
1584712809803,71.72
1584712809803,71.72
1584712809803,71.72
1584712809803,71.72
1584712870605,71.9
1584712870605,71.9
1584712890539,71.785
1584712890539,71.785
1584712890539,71.785
1584712890539,71.785
1584712931753,71.86
1584712931753,71.86
1584712931753,71.86
1584712961943,71.87
1584712961943,71.87
1584712984114,71.68
1584712994084,71.76
1584712994084,71.76
1584712994084,71.76
1584713027014,71.52
1584713027014,71.52
1584713047218,71.4
1584713047218,71.4
1584713064521,71.51
1584713072732,71.65
1584713072732,71.65
1584713072732,71.65
1584713105414,71.68
1584713105414,71.68
1584713105414,71.68
1584713145512,71.53
1584713145512,71.53
1584713145512,71.53
1584713145512,71.53
1584713187716,71.45
1584713187716,71.45
1584713201022,71.5
1584713201022,71.5
1584713201022,71.5
1584713231414,71.67
1584713249879,71.84
1584713249879,71.84
1584713249879,71.84
1584713249879,71.84
1584713249879,71.84
1584713249879,71.84
1584713249879,71.84
1584713323312,71.52
1584713328154,71.54
1584713328154,71.54
1584713328154,71.54
1584713328154,71.54
1584713328154,71.54
1584713387100,71.63
1584713393352,71.46
1584713400205,71.34
1584713413377,71.14
1584713413377,71.14
1584713413377,71.14
1584713413377,71.14
1584713413377,71.14
1584713413377,71.14
1584713413377,71.14
1584713413377,71.14
1584713413377,71.14
1584713413377,71.14
1584713413377,71.14
1584713413377,71.14
1584713541710,71.61
1584713541710,71.61
1584713541710,71.61
1584713541710,71.61
1584713581725,71.345
1584713595121,71.275
1584713595121,71.275
1584713614003,71.41
1584713626267,71.4
1584713638547,71.4
1584713641955,71.48
1584713641955,71.48
1584713641955,71.48
1584713673617,71.12
1584713687745,70.93
1584713687745,70.93
1584713708762,70.945
1584713722394,70.94
1584713722394,70.94
1584713722394,70.94
1584713749522,71.11
1584713757750,71.11
1584713774624,71.115
1584713779705,71.12
1584713779705,71.12
1584713779705,71.12
1584713779705,71.12
1584713779705,71.12
1584713779705,71.12
1584713845327,71.5
1584713855978,71.345
1584713869184,71.315
1584713876594,71.18
1584713890102,71.18
1584713898414,71.185
1584713906883,71.185
1584713919347,71.06
1584713930035,70.955
1584713930035,70.955
1584713953073,70.805
1584713960327,70.935
1584713971210,70.85
1584713971210,70.85
1584713994359,70.56
1584714001387,70.56
1584714001387,70.56
1584714024888,70.57
1584714027079,70.57
1584714041127,70.465
1584714057568,70.65
1584714063671,70.725
1584714073610,70.8
1584714073610,70.8
1584714096992,70.7
1584714096992,70.7
1584714096992,70.7
1584714096992,70.7
1584714096992,70.7
1584714096992,70.7
1584714096992,70.7
1584714096992,70.7
1584714096992,70.7
1584714096992,70.7
1584714096992,70.7
1584714096992,70.7
1584714096992,70.7
1584714096992,70.7
1584714096992,70.7
1584714256089,70.61
1584714256089,70.61
1584714268115,70.52
1584714268115,70.52
1584714268115,70.52
1584714268115,70.52
1584714315645,70.63
1584714315645,70.63
1584714315645,70.63
1584714315645,70.63
1584714315645,70.63
1584714315645,70.63
1584714315645,70.63
1584714315645,70.63
1584714315645,70.63
1584714404453,70.73
1584714424811,70.59
1584714424811,70.59
1584714439903,70.47
1584714439903,70.47
1584714466114,70.41
1584714472568,70.36
1584714472568,70.36
1584714472568,70.36
1584714499419,70.285
1584714499419,70.285
1584714499419,70.285
1584714499419,70.285
1584714499419,70.285
1584714499419,70.285
1584714499419,70.285
1584714499419,70.285
1584714499419,70.285
1584714499419,70.285
1584714499419,70.285
1584714499419,70.285
1584714624609,70.9
1584714641985,71.08
1584714641985,71.08
1584714658437,71.385
1584714673528,71.5
1584714673528,71.5
1584714695732,71.54
1584714695732,71.54
1584714695732,71.54
1584714725694,71.69
1584714725694,71.69
1584714746716,71.81
1584714756008,71.715
1584714756008,71.715
1584714777225,71.71
1584714777225,71.71
1584714777225,71.71
1584714777225,71.71
1584714777225,71.71
1584714822457,71.635
1584714822457,71.635
1584714822457,71.635
1584714858383,71.66
1584714858383,71.66
1584714858383,71.66
1584714858383,71.66
1584714858383,71.66
1584714914473,71.64
1584714924210,71.63
1584714924210,71.63
1584714924210,71.63
1584714924210,71.63
1584714966968,71.29
1584714966968,71.29
1584714981440,71.2
1584714998845,71.115
1584715009145,71.16
1584715009145,71.16
1584715009145,71.16
1584715009145,71.16
1584715009145,71.16
1584715009145,71.16
1584715009145,71.16
1584715075588,71.44
1584715092126,71.57
1584715100467,71.55
1584715100467,71.55
1584715100467,71.55
1584715100467,71.55
1584715141855,71.865
1584715141855,71.865
1584715162336,71.7
1584715162336,71.7
1584715185369,71.925
1584715185369,71.925
1584715207809,72.155
1584715207809,72.155
1584715207809,72.155
1584715207809,72.155
1584715242188,72.355
1584715242188,72.355
1584715242188,72.355
1584715275617,72.02
1584715292130,71.87
1584715292130,71.87
1584715292130,71.87
1584715292130,71.87
1584715332538,71.99
1584715332538,71.99
1584715348801,71.915
1584715348801,71.915
1584715348801,71.915
1584715348801,71.915
1584715348801,71.915
1584715348801,71.915
1584715348801,71.915
1584715425925,72.05
1584715431235,71.93
1584715431235,71.93
1584715431235,71.93
1584715431235,71.93
1584715480439,71.975
1584715480439,71.975
1584715493930,72
1584715493930,72
1584715520561,71.89
1584715526140,72.07
1584715538455,71.93
1584715538455,71.93
1584715538455,71.93
1584715575737,72
1584715575737,72
1584715575737,72
1584715575737,72
1584715575737,72
1584715628516,71.985
1584715634418,71.99
1584715645704,72.22
1584715661002,72.4
1584715684560,72.46
1584715687244,72.5
1584715687244,72.5
1584715687244,72.5
1584715728248,72.48
1584715741795,72.33
1584715741795,72.33
1584715741795,72.33
1584715741795,72.33
1584715779540,72.41
1584715779540,72.41
1584715799685,72.37
1584715811811,72.505
1584715825324,72.55
1584715836589,72.51
1584715848720,72.455
1584715848720,72.455
1584715848720,72.455
1584715876381,72.755
1584715883409,72.72
1584715883409,72.72
1584715883409,72.72
1584715916422,72.415
1584715916422,72.415
1584715941329,72.6
1584715945554,72.57
1584715945554,72.57
1584715976429,72.5
1584715976429,72.5
1584715991262,72.5
1584716006271,72.71
1584716012137,72.74
1584716012137,72.74
1584716038608,72.775
1584716038608,72.775
1584716059680,72.67
1584716070066,72.77
1584716079871,72.69
1584716087479,72.61
1584716087479,72.61
1584716087479,72.61
1584716121652,72.77
1584716130931,72.675
1584716130931,72.675
1584716151285,72.78
1584716151285,72.78
1584716165142,72.75
1584716165142,72.75
1584716165142,72.75
1584716165142,72.75
1584716209789,72.76
1584716225123,72.72
1584716225123,72.72
1584716245338,72.69
1584716245338,72.69
1584716262932,72.835
1584716262932,72.835
1584716289861,72.81
1584716289861,72.81
1584716300351,72.73
1584716313264,72.815
1584716313264,72.815
1584716337150,72.77
1584716337150,72.77
1584716356540,72.78
1584716369159,72.99
1584716369159,72.99
1584716389463,73.09
1584716389463,73.09
1584716412927,73.36
1584716416769,73.345
1584716429168,73.33
1584716442700,73.35
1584716446614,73.51
1584716465827,73.11
1584716467963,73.01
1584716480663,72.83
1584716480663,72.83
1584716480663,72.83
1584716515635,73.07
1584716515635,73.07
1584716537257,73.02
1584716544939,73.09
1584716544939,73.09
1584716544939,73.09
1584716544939,73.09
1584716544939,73.09
1584716544939,73.09
1584716544939,73.09
1584716616653,73.4
1584716629457,73.245
1584716629457,73.245
1584716656864,73.21
1584716656864,73.21
1584716656864,73.21
1584716656864,73.21
1584716697013,72.84
1584716697013,72.84
1584716710187,72.92
1584716710187,72.92
1584716738382,72.78
1584716748518,72.725
1584716748518,72.725
1584716748518,72.725
1584716748518,72.725
1584716792848,72.45
1584716797914,72.53
1584716797914,72.53
1584716797914,72.53
1584716828912,72.61
1584716837935,72.57
1584716853916,72.6
1584716862008,72.595
1584716862008,72.595
1584716886296,72.78
1584716888131,72.78
1584716888131,72.78
1584716888131,72.78
1584716888131,72.78
1584716888131,72.78
1584716888131,72.78
1584716888131,72.78
1584716964721,73.13
1584716964721,73.13
1584716964721,73.13
1584716964721,73.13
1584716964721,73.13
1584717020774,73.405
1584717020774,73.405
1584717020774,73.405
1584717046170,73.46
1584717046170,73.46
1584717046170,73.46
1584717085489,73.65
1584717085489,73.65
1584717100625,73.785
1584717111286,73.85
1584717127563,73.985
1584717132257,73.92
1584717132257,73.92
1584717157208,73.815
1584717167625,73.75
1584717180151,73.835
1584717190501,73.89
1584717200742,73.81
1584717209511,73.8
1584717221376,73.79
1584717221376,73.79
1584717235360,73.74
1584717245111,73.85
1584717245111,73.85
1584717273376,73.87
1584717273376,73.87
1584717292656,73.79
1584717292656,73.79
1584717312421,73.78
1584717312421,73.78
1584717312421,73.78
1584717337543,73.74
1584717352127,73.83
1584717352127,73.83
1584717369924,73.8
1584717369924,73.8
1584717394003,73.95
1584717407309,73.9
1584717418256,73.68
1584717430550,73.62
1584717439036,73.555
1584717439036,73.555
1584717439036,73.555
1584717439036,73.555
1584717439036,73.555
1584717488661,73.84
1584717488661,73.84
1584717488661,73.84
1584717488661,73.84
1584717488661,73.84
1584717542484,73.885
1584717548692,74.01
1584717562851,73.86
1584717562851,73.86
1584717562851,73.86
1584717596974,73.7
1584717605132,73.73
1584717605132,73.73
1584717623448,73.63
1584717639685,73.58
1584717639685,73.58
1584717658970,73.65
1584717669855,73.65
1584717676065,73.51
1584717690061,73.48
1584717701061,73.41
1584717712891,73.35
1584717722479,73.41
1584717733486,73.52
1584717733486,73.52
1584717752912,73.675
1584717765555,73.525
1584717765555,73.525
1584717765555,73.525
1584717797240,73.395
1584717799242,73.33
1584717799242,73.33
1584717799242,73.33
1584717837718,73.375
1584717837718,73.375
1584717853047,73.21
1584717861046,73.155
1584717861046,73.155
1584717887963,73.135
1584717887963,73.135
1584717910949,72.99
1584717914649,72.83
1584717914649,72.83
1584717940391,72.6
1584717940391,72.6
1584717962994,72.495
1584717966388,72.4
1584717984414,72.385
1584717984414,72.385
1584717998498,72.345
1584717998498,72.345
1584717998498,72.345
1584718035049,72.95
1584718035049,72.95
1584718054253,72.815
1584718054253,72.815
1584718072685,72.955
1584718083936,72.835
1584718095459,72.6
1584718111210,72.71
1584718121896,72.695
1584718121896,72.695
1584718121896,72.695
1584718153331,72.635
1584718153331,72.635
1584718172437,72.52
1584718172437,72.52
1584718195484,72.315
1584718195484,72.315
1584718195484,72.315
1584718219033,72.15
1584718228477,72.055
1584718242401,71.895
1584718255972,71.665
1584718263167,71.63
1584718272540,71.73
1584718272540,71.73
1584718300252,71.82
1584718300288,71.83
1584718300288,71.83
1584718327182,71.78
1584718336622,71.705
1584718346828,71.685
1584718363267,71.985
1584718371700,72.14
1584718371700,72.14
1584718394682,71.845
1584718394682,71.845
1584718409396,71.765
1584718409396,71.765
1584718409396,71.765
1584718437043,71.805
1584718456556,71.87
1584718467423,71.99
1584718467423,71.99
1584718467423,71.99
1584718467423,71.99
1584718502494,71.92
1584718502494,71.92
1584718502494,71.92
1584718502494,71.92
1584718551460,72.18
1584718551460,72.18
1584718566260,72.145
1584718566260,72.145
1584718586356,72.13
1584718598636,72.19
1584718605333,72.38
1584718605333,72.38
1584718633819,72.66
1584718633819,72.66
1584718633819,72.66
1584718633819,72.66
1584718669734,72.73
1584718669734,72.73
1584718691883,72.72
1584718691883,72.72
1584718691883,72.72
1584718728408,72.665
1584718728408,72.665
1584718747523,72.42
1584718747523,72.42
1584718766194,72.415
1584718776671,72.405
1584718789895,72.5
1584718793575,72.43
1584718812283,72.095
1584718812283,72.095
1584718829470,72.36
1584718842890,72.44
1584718851631,72.385
1584718865636,72.44
1584718865636,72.44
1584718886962,72.46
1584718889074,72.43
1584718903150,72.475
1584718911194,72.35
1584718922300,72.345
1584718938240,72.22
1584718945161,72.17
1584718945161,72.17
1584718945161,72.17
1584718945161,72.17
1584718945161,72.17
1584718994527,72.1
1584718994527,72.1
1584718994527,72.1
1584719030171,72.01
1584719044461,72.175
1584719044461,72.175
1584719058580,72.2
1584719058580,72.2
1584719058580,72.2
1584719058580,72.2
1584719104368,72.145
1584719104368,72.145
1584719125479,71.95
1584719125479,71.95
1584719125479,71.95
1584719158853,72.045
1584719167786,72.15
1584719178182,72.15
1584719178182,72.15
1584719178182,72.15
1584719206815,72.13
1584719206815,72.13
1584719227118,72.11
1584719227118,72.11
1584719252490,72.205
1584719252490,72.205
1584719275517,72.35
1584719275517,72.35
1584719295482,72.38
1584719295482,72.38
1584719295482,72.38
1584719326564,72.39
1584719326564,72.39
1584719343074,72.23
1584719343074,72.23
1584719363247,72.19
1584719371431,72.195
1584719386512,72.28
1584719386512,72.28
1584719407372,72.17
1584719411340,72.23
1584719411340,72.23
1584719438649,72.26
1584719438649,72.26
1584719438649,72.26
1584719438649,72.26
1584719477386,72.22
1584719477386,72.22
1584719504077,72.06
1584719504077,72.06
1584719504077,72.06
1584719504077,72.06
1584719546490,71.805
1584719555160,71.795
1584719555160,71.795
1584719576064,71.76
1584719576064,71.76
1584719597015,71.83
1584719597015,71.83
1584719597015,71.83
1584719630514,71.85
1584719630514,71.85
1584719643581,71.82
1584719643581,71.82
1584719666365,71.875
1584719666365,71.875
1584719666365,71.875
1584719703765,72.06
1584719711706,71.995
1584719720548,72.075
1584719720548,72.075
1584719741950,72.065
1584719741950,72.065
1584719741950,72.065
1584719741950,72.065
1584719780214,72.225
1584719780214,72.225
1584719803652,72.23
1584719818485,72.225
1584719823928,72.16
1584719823928,72.16
1584719850405,71.985
1584719850405,71.985
1584719871781,71.92
1584719880540,71.99
1584719880540,71.99
1584719894643,71.955
1584719894643,71.955
1584719924484,71.95
1584719932586,71.955
1584719942593,72.02
1584719952615,72.19
1584719959492,72.21
1584719970803,72.15
1584719970803,72.15
1584719970803,72.15
1584719998285,72.17
1584720013521,72.325
1584720013521,72.325
1584720038600,72.26
1584720038600,72.26
1584720038600,72.26
1584720038600,72.26
1584720038600,72.26
1584720086383,72.46
1584720086383,72.46
1584720086383,72.46
1584720086383,72.46
1584720124810,72.42
1584720124810,72.42
1584720124810,72.42
1584720163567,72.475
1584720163567,72.475
1584720163567,72.475
1584720197898,72.69
1584720197898,72.69
1584720218131,72.62
1584720218131,72.62
1584720218131,72.62
1584720240491,72.68
1584720240491,72.68
1584720240491,72.68
1584720280080,72.41
1584720287731,72.455
1584720287731,72.455
1584720287731,72.455
1584720323441,72.44
1584720323441,72.44
1584720342321,72.44
1584720347168,72.32
1584720360411,72.32
1584720376055,72.195
1584720384047,72.15
1584720396123,72.155
1584720405810,72.155
1584720408858,72.155
1584720420256,72.06
1584720420256,72.06
1584720420256,72.06
1584720455638,71.925
1584720455638,71.925
1584720474287,71.92
1584720484223,71.865
1584720502226,71.85
1584720502226,71.85
1584720513640,71.895
1584720513640,71.895
1584720513640,71.895
1584720552489,71.92
1584720564573,71.975
1584720564573,71.975
1584720564573,71.975
1584720596990,71.785
1584720596990,71.785
1584720617295,71.955
1584720618944,71.93
1584720630857,71.905
1584720646386,71.86
1584720646386,71.86
1584720661262,72.105
1584720661262,72.105
1584720661262,72.105
1584720700496,72.21
1584720700496,72.21
1584720700496,72.21
1584720728320,72.32
1584720736523,72.35
1584720749899,72.325
1584720762575,72.185
1584720762575,72.185
1584720779729,72.25
1584720789713,72.3
1584720789713,72.3
1584720814936,72.28
1584720814936,72.28
1584720814936,72.28
1584720842926,72.165
1584720842926,72.165
1584720868858,72.255
1584720868858,72.255
1584720868858,72.255
1584720868858,72.255
1584720868858,72.255
1584720916703,72.25
1584720916703,72.25
1584720916703,72.25
1584720916703,72.25
1584720957424,72.265
1584720957424,72.265
1584720957424,72.265
1584720994715,72.285
1584720994715,72.285
1584720994715,72.285
1584720994715,72.285
1584721029691,72.25
1584721029691,72.25
1584721056735,72.08
1584721062776,72.04
1584721074207,72.06
1584721074207,72.06
1584721094433,72.04
1584721110401,72.07
1584721119526,71.955
1584721124957,71.92
1584721124957,71.92
1584721124957,71.92
1584721162102,71.68
1584721164008,71.66
1584721179552,71.785
1584721192528,71.76
1584721203468,71.61
1584721203468,71.61
1584721203468,71.61
1584721203468,71.61
1584721243397,71.59
1584721243397,71.59
1584721243397,71.59
1584721243397,71.59
1584721243397,71.59
1584721293457,71.225
1584721293457,71.225
1584721314069,71.325
1584721323839,71.35
1584721323839,71.35
1584721351321,71.32
1584721361250,71.22
1584721364350,71.185
1584721364350,71.185
1584721364350,71.185
1584721364350,71.185
1584721408209,71.1
1584721415547,71.1
1584721432509,71.03
1584721445346,71.08
1584721445346,71.08
1584721465497,71.34
1584721468497,71.34
1584721479440,71.3
1584721498210,71.2
1584721508012,71.205
1584721508012,71.205
1584721508012,71.205
1584721536513,71.265
1584721536513,71.265
1584721536513,71.265
1584721536513,71.265
1584721536513,71.265
1584721536513,71.265
1584721536513,71.265
1584721536513,71.265
1584721536513,71.265
1584721631126,70.84
1584721631126,70.84
1584721631126,70.84
1584721631126,70.84
1584721674838,70.87
1584721674838,70.87
1584721687258,70.86
1584721687258,70.86
1584721687258,70.86
1584721721706,70.39
1584721721706,70.39
1584721743356,70.23
1584721743356,70.23
1584721765973,70.23
1584721776810,70.145
1584721791116,70.03
1584721797511,70.39
1584721797511,70.39
1584721817728,70.245
1584721823737,70.47
1584721842851,70.385
1584721842851,70.385
1584721860279,70.54
1584721860279,70.54
1584721860279,70.54
1584721860279,70.54
1584721904592,70.82
1584721915098,70.855
1584721921874,70.89
1584721935083,70.97
1584721939586,70.94
1584721939586,70.94
1584721939586,70.94
1584721939586,70.94
1584721985012,70.64
1584721994193,70.63
1584721994193,70.63
1584722016658,70.855
1584722016658,70.855
1584722016658,70.855
1584722016658,70.855
1584722058994,70.91
1584722072487,70.935
1584722083476,70.93
1584722087090,70.93
1584722101995,70.85
1584722101995,70.85
1584722101995,70.85
1584722101995,70.85
1584722145903,70.645
1584722160129,70.675
1584722160129,70.675
1584722177528,70.475
1584722177528,70.475
1584722191857,70.46
1584722203145,70.47
1584722217150,70.59
1584722223036,70.45
1584722223036,70.45
1584722250922,70.655
1584722250922,70.655
1584722264770,70.61
1584722264770,70.61
1584722295378,70.685
1584722295378,70.685
1584722295378,70.685
1584722295378,70.685
1584722295378,70.685
1584722344939,70.61
1584722344939,70.61
1584722344939,70.61
1584722344939,70.61
1584722344939,70.61
1584722344939,70.61
1584722344939,70.61
1584722415306,70.69
1584722415306,70.69
1584722415306,70.69
1584722448171,70.33
1584722448171,70.33
1584722463686,70.41
1584722463686,70.41
1584722463686,70.41
1584722502508,70.47
1584722502508,70.47
1584722525750,70.49
1584722525750,70.49
1584722525750,70.49
1584722525750,70.49
1584722565647,70.71
1584722565647,70.71
1584722565647,70.71
1584722596667,70.89
1584722596667,70.89
1584722596667,70.89
1584722621855,70.87
1584722621855,70.87
1584722621855,70.87
1584722621855,70.87
1584722669089,70.7
1584722669089,70.7
1584722684136,70.66
1584722684136,70.66
1584722708442,70.62
1584722720275,70.685
1584722720275,70.685
1584722720275,70.685
1584722750586,70.72
1584722750586,70.72
1584722770583,70.825
1584722770583,70.825
1584722770583,70.825
1584722770583,70.825
1584722770583,70.825
1584722824235,71.17
1584722824235,71.17
1584722824235,71.17
1584722824235,71.17
1584722824235,71.17
1584722880292,71.22
1584722880292,71.22
1584722901941,71.24
1584722901941,71.24
1584722919534,71
1584722919534,71
1584722945469,70.83
1584722957537,70.99
1584722957537,70.99
1584722957537,70.99
1584722957537,70.99
1584722957537,70.99
1584722957537,70.99
1584722957537,70.99
1584723023786,71.02
1584723040352,71.14
1584723040352,71.14
1584723053902,71.06
1584723053902,71.06
1584723053902,71.06
1584723053902,71.06
1584723100911,70.86
1584723100911,70.86
1584723123006,70.89
1584723123006,70.89
1584723142979,71.18
1584723153879,71.36
1584723153879,71.36
1584723153879,71.36
1584723153879,71.36
1584723153879,71.36
1584723153879,71.36
1584723153879,71.36
1584723153879,71.36
1584723239145,71.17
1584723239145,71.17
1584723256598,71.155
1584723256598,71.155
1584723256598,71.155
1584723290962,71
1584723290962,71
1584723313617,71.16
1584723318943,71.14
1584723318943,71.14
1584723318943,71.14
1584723350210,71.565
1584723365988,71.49
1584723365988,71.49
1584723365988,71.49
1584723398397,71.445
1584723398397,71.445
1584723417700,71.65
1584723417700,71.65
1584723442586,71.59
1584723448044,71.61
1584723448044,71.61
1584723448044,71.61
1584723448044,71.61
1584723494567,71.58
1584723497159,71.57
1584723497159,71.57
1584723497159,71.57
1584723497159,71.57
1584723546766,71.375
1584723553822,71.47
1584723553822,71.47
1584723580039,71.37
1584723580039,71.37
1584723580039,71.37
1584723580039,71.37
1584723580039,71.37
1584723627735,71.275
1584723627735,71.275
1584723627735,71.275
1584723627735,71.275
1584723627735,71.275
1584723675502,71.615
1584723675502,71.615
1584723675502,71.615
1584723675502,71.615
1584723675502,71.615
1584723675502,71.615
1584723739226,71.775
1584723739226,71.775
1584723765001,71.755
1584723765001,71.755
1584723765001,71.755
1584723765001,71.755
1584723765001,71.755
1584723812175,71.455
1584723812175,71.455
1584723842530,71.56
1584723842530,71.56
1584723842530,71.56
1584723867548,71.68
1584723882182,71.53
1584723882182,71.53
1584723900998,71.375
1584723900998,71.375
1584723924622,71.475
1584723935434,71.55
1584723935434,71.55
1584723951856,71.645
1584723951856,71.645
1584723951856,71.645
1584723951856,71.645
1584723951856,71.645
1584723951856,71.645
1584724020228,71.375
1584724032938,71.39
1584724032938,71.39
1584724045838,71.53
1584724045838,71.53
1584724072011,71.505
1584724072011,71.505
1584724072011,71.505
1584724099835,71.375
1584724111638,71.38
1584724124807,71.53
1584724124807,71.53
1584724124807,71.53
1584724124807,71.53
1584724169544,71.53
1584724169544,71.53
1584724184953,71.53
1584724184953,71.53
1584724184953,71.53
1584724219638,71.395
1584724231155,71.55
1584724231155,71.55
1584724252287,71.57
1584724252287,71.57
1584724252287,71.57
1584724284173,71.84
1584724284173,71.84
1584724284173,71.84
1584724284173,71.84
1584724284173,71.84
1584724284173,71.84
1584724343218,71.54
1584724343218,71.54
1584724365444,71.65
1584724370251,71.71
1584724384190,71.59
1584724384190,71.59
1584724384190,71.59
1584724418038,71.56
1584724418038,71.56
1584724418038,71.56
1584724445635,71.52
1584724445635,71.52
1584724469137,71.29
1584724480921,71.28
1584724480921,71.28
1584724502039,71.295
1584724509832,71.435
1584724523678,71.26
1584724523678,71.26
1584724523678,71.26
1584724523678,71.26
1584724523678,71.26
1584724572041,71.29
1584724584288,71.36
1584724584288,71.36
1584724605009,71.48
1584724605009,71.48
1584724625443,71.53
1584724636439,71.6
1584724636439,71.6
1584724662250,71.635
1584724662250,71.635
1584724662250,71.635
1584724662250,71.635
1584724662250,71.635
1584724715348,71.53
1584724725405,71.58
1584724725405,71.58
1584724725405,71.58
1584724747489,71.44
1584724762887,71.575
1584724762887,71.575
1584724762887,71.575
1584724762887,71.575
1584724804624,71.345
1584724810287,71.21
1584724830171,71.1
1584724830708,71.07
1584724830708,71.07
1584724860549,70.97
1584724863962,70.98
1584724863962,70.98
1584724892234,71.2
1584724892810,71.2
1584724892810,71.2
1584724921324,71.02
1584724932694,71.285
1584724932694,71.285
1584724950417,71.255
1584724950417,71.255
1584724950417,71.255
1584724983927,71.11
1584724987743,71.15
1584724987743,71.15
1584724987743,71.15
1584725028855,70.94
1584725028855,70.94
1584725028855,70.94
1584725028855,70.94
1584725028855,70.94
1584725080419,70.715
1584725086285,70.71
1584725086285,70.71
1584725086285,70.71
1584725086285,70.71
1584725129702,70.415
1584725129702,70.415
1584725129702,70.415
1584725163538,70.34
1584725163538,70.34
1584725163538,70.34
1584725163538,70.34
1584725163538,70.34
1584725163538,70.34
1584725222188,70.24
1584725232375,70.36
1584725232375,70.36
1584725258251,70.35
1584725265741,70.49
1584725277845,70.49
1584725277845,70.49
1584725296104,70.485
1584725296104,70.485
1584725296104,70.485
1584725296104,70.485
1584725296104,70.485
1584725296104,70.485
1584725296104,70.485
1584725371574,70.41
1584725371574,70.41
1584725386993,70.305
1584725398681,70.3
1584725408185,70.5
1584725426712,70.625
1584725435279,70.61
1584725440479,70.665
1584725440479,70.665
1584725440479,70.665
1584725474826,70.455
1584725481153,70.435
1584725495129,70.5
1584725495129,70.5
1584725519484,70.5
1584725524401,70.43
1584725534885,70.425
1584725549287,70.545
1584725562861,70.515
1584725573395,70.6
1584725581766,70.6
1584725591484,70.66
1584725591484,70.66
1584725591484,70.66
1584725591484,70.66
1584725591484,70.66
1584725646159,70.41
1584725654418,70.4
1584725668614,70.41
1584725676497,70.375
1584725683630,70.48
1584725690858,70.48
1584725710062,70.43
1584725715888,70.5
1584725731921,70.34
1584725739223,70.34
1584725739223,70.34
1584725756350,70.275
1584725768904,70.32
1584725768904,70.32
1584725768904,70.32
1584725795910,70.215
1584725795910,70.215
1584725795910,70.215
1584725795910,70.215
1584725843825,70.28
1584725855702,70.4
1584725855702,70.4
1584725873887,70.43
1584725873887,70.43
1584725896150,70.44
1584725896150,70.44
1584725896150,70.44
1584725896150,70.44
1584725936890,70.73
1584725950413,70.57
1584725959319,70.63
1584725959319,70.63
1584725981720,70.675
1584725989439,70.76
1584725989439,70.76
1584725989439,70.76
1584725989439,70.76
1584725989439,70.76
1584725989439,70.76
1584726054058,70.5
1584726054058,70.5
1584726054058,70.5
1584726086685,70.47
1584726086685,70.47
1584726086685,70.47
1584726086685,70.47
1584726120179,70.44
1584726135201,70.53
1584726135201,70.53
1584726135201,70.53
1584726135201,70.53
1584726180393,70.63
1584726180393,70.63
1584726180393,70.63
1584726206770,70.57
1584726206770,70.57
1584726230714,70.52
1584726230714,70.52
1584726251498,70.465
1584726251498,70.465
1584726251498,70.465
1584726251498,70.465
1584726296297,70.34
1584726301634,70.335
1584726308603,70.4
1584726323810,70.575
1584726323810,70.575
1584726341859,70.6
1584726341859,70.6
1584726367509,70.015
1584726378886,70.15
1584726378886,70.15
1584726398765,70.155
1584726398765,70.155
1584726398765,70.155
1584726429152,70.345
1584726435639,70.275
1584726450566,70.26
1584726463210,70.21
1584726473678,70.35
1584726473678,70.35
1584726473678,70.35
1584726473678,70.35
1584726473678,70.35
1584726523767,70.52
1584726523767,70.52
1584726523767,70.52
1584726523767,70.52
1584726567494,70.405
1584726567494,70.405
1584726567494,70.405
1584726567494,70.405
1584726608157,70.415
1584726608157,70.415
1584726629300,70.67
1584726629300,70.67
1584726629300,70.67
1584726654944,70.675
1584726654944,70.675
1584726654944,70.675
1584726694426,70.63
1584726694426,70.63
1584726694426,70.63
1584726694426,70.63
1584726694426,70.63
1584726746675,70.545
1584726746675,70.545
1584726759522,70.51
1584726759522,70.51
1584726781875,70.66
1584726781875,70.66
1584726781875,70.66
1584726781875,70.66
1584726823563,70.565
1584726823563,70.565
1584726846896,70.54
1584726846896,70.54
1584726846896,70.54
1584726846896,70.54
1584726884785,70.52
1584726901905,70.38
1584726911416,70.325
1584726911416,70.325
1584726926733,70.14
1584726939031,70.16
1584726939031,70.16
1584726960833,70.235
1584726960833,70.235
1584726981294,70.28
1584726995287,70.29
1584726999595,70.31
1584727015758,70.46
1584727015758,70.46
1584727015758,70.46
1584727015758,70.46
1584727015758,70.46
1584727015758,70.46
1584727015758,70.46
1584727015758,70.46
1584727093451,70.24
1584727093451,70.24
1584727121021,70.2
1584727129070,70.205
1584727129070,70.205
1584727129070,70.205
1584727155418,70.28
1584727155418,70.28
1584727181040,70.495
1584727194468,70.575
1584727194468,70.575
1584727194468,70.575
1584727194468,70.575
1584727194468,70.575
1584727239503,70.6
1584727239503,70.6
1584727267686,70.555
1584727267686,70.555
1584727267686,70.555
1584727299107,70.25
1584727299107,70.25
1584727299107,70.25
1584727299107,70.25
1584727333594,70.54
1584727333594,70.54
1584727356029,70.45
1584727356029,70.45
1584727383698,70.52
1584727383698,70.52
1584727383698,70.52
1584727413167,70.36
1584727418388,70.32
1584727430213,70.3
1584727430213,70.3
1584727430213,70.3
1584727430213,70.3
1584727430213,70.3
1584727486109,70.36
1584727486109,70.36
1584727486109,70.36
1584727486109,70.36
1584727486109,70.36
1584727486109,70.36
1584727549413,70.45
1584727549413,70.45
1584727549413,70.45
1584727549413,70.45
1584727589340,70.605
1584727599808,70.615
1584727609049,70.645
1584727623188,70.675
1584727623188,70.675
1584727623188,70.675
1584727655820,70.27
1584727655820,70.27
1584727681927,70.39
1584727681927,70.39
1584727696456,70.365
1584727696456,70.365
1584727696456,70.365
1584727732567,70.39
1584727732567,70.39
1584727751526,70.28
1584727751526,70.28
1584727751526,70.28
1584727751526,70.28
1584727751526,70.28
1584727799728,70.36
1584727799728,70.36
1584727799728,70.36
1584727835114,70.45
1584727835114,70.45
1584727835114,70.45
1584727835114,70.45
1584727835114,70.45
1584727835114,70.45
1584727896439,70.425
1584727896439,70.425
1584727896439,70.425
1584727927703,70.2
1584727942035,70.35
1584727942035,70.35
1584727942035,70.35
1584727942035,70.35
1584727942035,70.35
1584727990382,70.27
1584727990382,70.27
1584727990382,70.27
1584728019352,70.19
1584728019352,70.19
1584728019352,70.19
1584728019352,70.19
1584728065330,70.27
1584728065330,70.27
1584728065330,70.27
1584728098668,70.095
1584728098668,70.095
1584728098668,70.095
1584728098668,70.095
1584728098668,70.095
1584728147913,69.73
1584728147913,69.73
1584728170178,69.755
1584728170178,69.755
1584728170178,69.755
1584728202577,69.845
1584728208988,69.885
1584728208988,69.885
1584728208988,69.885
1584728208988,69.885
1584728249185,69.705
1584728267303,69.66
1584728267303,69.66
1584728267303,69.66
1584728267303,69.66
1584728267303,69.66
1584728267303,69.66
1584728267303,69.66
1584728332406,69.735
1584728332406,69.735
1584728332406,69.735
1584728370725,69.87
1584728380018,69.795
1584728380018,69.795
1584728380018,69.795
1584728409624,69.965
1584728423430,69.72
1584728432199,69.705
1584728447690,69.815
1584728447690,69.815
1584728447690,69.815
1584728447690,69.815
1584728485441,69.805
1584728485441,69.805
1584728485441,69.805
1584728517384,69.73
1584728524201,69.71
1584728524201,69.71
1584728551369,69.525
1584728562911,69.58
1584728562911,69.58
1584728579919,69.58
1584728590262,69.47
1584728602852,69.46
1584728602852,69.46
1584728620841,69.535
1584728620841,69.535
1584728639385,69.565
1584728651673,69.525
1584728651673,69.525
1584728651673,69.525
1584728682222,69.44
1584728698051,69.375
1584728698051,69.375
1584728719017,69.46
1584728727654,69.51
1584728742092,69.375
1584728748875,69.265
1584728759576,69.27
1584728770170,69.215
1584728770170,69.215
1584728793008,69.095
1584728793008,69.095
1584728793008,69.095
1584728822850,69.375
1584728830427,69.4
1584728830427,69.4
1584728830427,69.4
1584728830427,69.4
1584728876263,69.435
1584728876263,69.435
1584728896948,69.48
1584728906374,69.49
1584728919166,69.67
1584728919166,69.67
1584728919166,69.67
1584728944844,69.7
1584728944844,69.7
1584728944844,69.7
1584728944844,69.7
1584728982738,69.66
1584728982738,69.66
1584729008085,69.84
1584729021057,69.81
1584729021057,69.81
1584729021057,69.81
1584729021057,69.81
1584729059653,69.885
1584729059653,69.885
1584729059653,69.885
1584729099393,69.735
1584729102601,69.63
1584729118323,69.72
1584729127247,69.645
1584729142100,69.595
1584729145161,69.66
1584729145161,69.66
1584729165181,69.6
1584729174794,69.615
1584729191591,69.575
1584729203678,69.62
1584729213346,69.585
1584729225810,69.54
1584729233218,69.77
1584729243882,69.805
1584729251625,69.6
1584729251625,69.6
1584729273260,69.5
1584729280216,69.32
1584729280216,69.32
1584729280216,69.32
1584729315589,69.38
1584729315589,69.38
1584729315589,69.38
1584729347724,69.51
1584729362159,69.61
1584729362159,69.61
1584729379400,69.75
1584729379400,69.75
1584729379400,69.75
1584729407700,69.56
1584729407700,69.56
1584729435994,69.47
1584729445556,69.49
1584729451492,69.365
1584729451492,69.365
1584729477017,69.365
1584729486109,69.345
1584729486109,69.345
1584729486109,69.345
1584729486109,69.345
1584729532379,69.24
1584729532379,69.24
1584729548179,69.16
1584729562216,69.08
1584729571565,69.045
1584729584664,69.16
1584729584664,69.16
1584729601157,69.33
1584729601157,69.33
1584729619730,69.245
1584729630861,69.085
1584729639390,69.19
1584729639390,69.19
1584729639390,69.19
1584729676519,69.27
1584729676519,69.27
1584729676519,69.27
1584729676519,69.27
1584729676519,69.27
1584729676519,69.27
1584729676519,69.27
1584729676519,69.27
1584729676519,69.27
1584729766232,69.51
1584729766232,69.51
1584729766232,69.51
1584729766232,69.51
1584729766232,69.51
1584729766232,69.51
1584729766232,69.51
1584729844988,69.16
1584729844988,69.16
1584729844988,69.16
1584729844988,69.16
1584729844988,69.16
1584729844988,69.16
1584729844988,69.16
1584729844988,69.16
1584729844988,69.16
1584729844988,69.16
1584729844988,69.16
1584729844988,69.16
1584729844988,69.16
1584729844988,69.16
1584729844988,69.16
1584729844988,69.16
1584729844988,69.16
1584729844988,69.16
1584730032656,69.59
1584730038315,69.605
1584730038315,69.605
1584730060163,69.34
1584730076327,69.4
1584730086400,69.32
1584730090959,69.365
1584730101258,69.405
1584730101258,69.405
1584730101258,69.405
1584730101258,69.405
1584730143713,69.46
1584730143713,69.46
1584730172495,69.545
1584730172495,69.545
1584730189972,69.47
1584730189972,69.47
1584730208432,69.65
1584730222211,69.54
1584730222211,69.54
1584730246841,69.565
1584730246841,69.565
1584730246841,69.565
1584730246841,69.565
1584730246841,69.565
1584730246841,69.565
1584730246841,69.565
1584730319459,69.51
1584730319459,69.51
1584730335111,69.515
1584730335111,69.515
1584730335111,69.515
1584730369608,69.27
1584730383837,69.235
1584730390821,69.23
1584730390821,69.23
1584730415488,69.13
1584730419662,69.16
1584730435425,69.18
1584730435425,69.18
1584730458287,69.07
1584730458287,69.07
1584730471529,69
1584730471529,69
1584730498532,69.085
1584730498532,69.085
1584730516432,69.11
1584730516432,69.11
1584730516432,69.11
1584730545004,68.98
1584730545004,68.98
1584730545004,68.98
1584730580173,68.99
1584730592065,68.975
1584730604511,68.93
1584730606448,68.89
1584730625115,68.915
1584730625115,68.915
1584730642576,68.81
1584730642576,68.81
1584730642576,68.81
1584730675264,68.765
1584730686194,68.725
1584730693022,68.64
1584730693022,68.64
1584730715591,68.585
1584730715591,68.585
1584730741782,68.82
1584730746452,68.81
1584730746452,68.81
1584730771741,68.78
1584730771741,68.78
1584730771741,68.78
