1586266259747,30.35
1586266265477,30.53
1586266283804,30.4
1586266283804,30.4
1586266305098,30.45
1586266313580,30.43
1586266323188,30.51
1586266328325,30.43
1586266347723,30.49
1586266358100,30.5
1586266358100,30.5
1586266381951,30.495
1586266395041,30.51
1586266395041,30.51
1586266415862,30.585
1586266427727,30.575
1586266434527,30.55
1586266448005,30.55
1586266448005,30.55
1586266448005,30.55
1586266481554,30.63
1586266481554,30.63
1586266505093,30.64
1586266505093,30.64
1586266521748,30.69
1586266535002,30.69
1586266544302,30.72
1586266553860,30.75
1586266572072,30.78
1586266572072,30.78
1586266595421,30.76
1586266603784,30.785
1586266613686,30.815
1586266629859,30.825
1586266640287,30.84
1586266640287,30.84
1586266640287,30.84
1586266671911,30.96
1586266671911,30.96
1586266691893,30.925
1586266691893,30.925
1586266710918,30.91
1586266721920,30.92
1586266735011,30.89
1586266746012,30.88
1586266755699,30.84
1586266762179,30.825
1586266772280,30.765
1586266786568,30.685
1586266786568,30.685
1586266808316,30.655
1586266819510,30.63
1586266825643,30.62
1586266837091,30.58
1586266837091,30.58
1586266837091,30.58
1586266867561,30.58
1586266880414,30.545
1586266880414,30.545
1586266903448,30.435
1586266913241,30.42
1586266923466,30.41
1586266936657,30.46
1586266941421,30.44
1586266957855,30.475
1586266967210,30.485
1586266973997,30.465
1586266973997,30.465
1586266973997,30.465
1586267007655,30.47
1586267021478,30.535
1586267027678,30.555
1586267039322,30.55
1586267046105,30.535
1586267046105,30.535
1586267073612,30.51
1586267085720,30.555
1586267097094,30.58
1586267106022,30.59
1586267112406,30.55
1586267126064,30.54
1586267139135,30.51
1586267139135,30.51
1586267139135,30.51
1586267168269,30.54
1586267183483,30.555
1586267189974,30.56
1586267205221,30.57
1586267213412,30.525
1586267213412,30.525
1586267213412,30.525
1586267249302,30.535
1586267253060,30.54
1586267253060,30.54
1586267253060,30.54
1586267287497,30.54
1586267302850,30.56
1586267302850,30.56
1586267323264,30.525
1586267334586,30.515
1586267340136,30.49
1586267351435,30.5
1586267367959,30.47
1586267376344,30.42
1586267387731,30.4
1586267395181,30.4
1586267395181,30.4
1586267413576,30.39
1586267428958,30.43
1586267436242,30.445
1586267436242,30.445
1586267436242,30.445
1586267467904,30.41
1586267478873,30.42
1586267494743,30.43
1586267506176,30.43
1586267513174,30.45
1586267527689,30.46
1586267527689,30.46
1586267547051,30.495
1586267560082,30.505
1586267564118,30.5
1586267576435,30.49
1586267576435,30.49
1586267603406,30.5
1586267610740,30.51
1586267615935,30.53
1586267632830,30.49
1586267644465,30.515
1586267644465,30.515
1586267664430,30.56
1586267669013,30.55
1586267684436,30.585
1586267688784,30.6
1586267688784,30.6
1586267720361,30.605
1586267728586,30.59
1586267744832,30.54
1586267748575,30.51
1586267760966,30.515
1586267775910,30.49
1586267788192,30.48
1586267797270,30.47
1586267797270,30.47
1586267819323,30.485
1586267828992,30.485
1586267840840,30.5
1586267844887,30.5
1586267857593,30.5
1586267864221,30.485
1586267880205,30.5
1586267890529,30.48
1586267890529,30.48
1586267890529,30.48
1586267919683,30.48
1586267919683,30.48
1586267945500,30.47
1586267945500,30.47
1586267945500,30.47
1586267945500,30.47
1586267945500,30.47
1586268002377,30.52
1586268014543,30.48
1586268021920,30.48
1586268035616,30.46
1586268046264,30.49
1586268048304,30.485
1586268059847,30.48
1586268059847,30.48
1586268084760,30.46
1586268084760,30.46
1586268084760,30.46
1586268084760,30.46
1586268127294,30.445
1586268141147,30.39
1586268149852,30.38
1586268162075,30.37
1586268162075,30.37
1586268183019,30.345
1586268187215,30.36
1586268202903,30.385
1586268202903,30.385
1586268224093,30.37
1586268234175,30.33
1586268246697,30.3
1586268255186,30.265
1586268263812,30.28
1586268272000,30.31
1586268292100,30.325
1586268301054,30.36
1586268314030,30.345
1586268323302,30.325
1586268332853,30.34
1586268332853,30.34
1586268360294,30.38
1586268371665,30.39
1586268376451,30.385
1586268390299,30.36
1586268400928,30.345
1586268413089,30.315
1586268422969,30.345
1586268432410,30.345
1586268441442,30.38
1586268450910,30.35
1586268463235,30.335
1586268476472,30.355
1586268476472,30.355
1586268496004,30.365
1586268510557,30.36
1586268518840,30.35
1586268533740,30.305
1586268541201,30.31
1586268551217,30.285
1586268551217,30.285
1586268574487,30.21
1586268586890,30.27
1586268595908,30.295
1586268605056,30.32
1586268617867,30.33
1586268617867,30.33
1586268617867,30.33
1586268644242,30.33
1586268663250,30.375
1586268663250,30.375
1586268685256,30.37
1586268694331,30.34
1586268694331,30.34
1586268714832,30.275
1586268729679,30.275
1586268729679,30.275
1586268729679,30.275
1586268751531,30.21
1586268769684,30.24
1586268769684,30.24
1586268789948,30.275
1586268789948,30.275
1586268811275,30.275
1586268822499,30.225
1586268822499,30.225
1586268842760,30.225
1586268842760,30.225
1586268866868,30.13
1586268873256,30.135
1586268881858,30.12
1586268881858,30.12
1586268907480,30.185
1586268921075,30.18
1586268932749,30.09
1586268932749,30.09
1586268932749,30.09
1586268963703,30.205
1586268966297,30.15
1586268985480,30.13
1586268985480,30.13
1586269001001,30.11
1586269009204,30.1
1586269024281,30.14
1586269029407,30.135
1586269029407,30.135
1586269055670,30.19
1586269070636,30.195
1586269079615,30.215
1586269092004,30.175
1586269102104,30.215
1586269112625,30.25
1586269125121,30.24
1586269130077,30.26
1586269137911,30.28
1586269149962,30.26
1586269168728,30.23
1586269179021,30.225
1586269188508,30.265
1586269199811,30.25
1586269199811,30.25
1586269199811,30.25
1586269224027,30.26
1586269241344,30.28
1586269252602,30.31
1586269252602,30.31
1586269274861,30.28
1586269283261,30.26
1586269290952,30.245
1586269305982,30.205
1586269317633,30.175
1586269329526,30.205
1586269340581,30.195
1586269347393,30.215
1586269357348,30.225
1586269369015,30.215
1586269379154,30.175
1586269388583,30.175
1586269404480,30.13
1586269408893,30.115
1586269426143,30.115
1586269430399,30.135
1586269443396,30.155
1586269456419,30.175
1586269467656,30.23
1586269478894,30.27
1586269490158,30.26
1586269495909,30.245
1586269509449,30.21
1586269518503,30.25
1586269532175,30.27
1586269542651,30.265
1586269542651,30.265
1586269560093,30.295
1586269577631,30.295
1586269584655,30.315
1586269584655,30.315
1586269609626,30.335
1586269616974,30.33
1586269627749,30.3
1586269643190,30.33
1586269654630,30.35
1586269654630,30.35
1586269675326,30.37
1586269684186,30.385
1586269692905,30.38
1586269708558,30.37
1586269708558,30.37
1586269708558,30.37
1586269738419,30.34
1586269752291,30.3
1586269757139,30.31
1586269768558,30.325
1586269779757,30.31
1586269786178,30.32
1586269802281,30.34
1586269807066,30.32
1586269825445,30.375
1586269834019,30.37
1586269847584,30.39
1586269847584,30.39
1586269847584,30.39
1586269879521,30.37
1586269891240,30.375
1586269895779,30.385
1586269905272,30.38
1586269920863,30.395
1586269932337,30.425
1586269932337,30.425
1586269954513,30.44
1586269967256,30.455
1586269981621,30.42
1586269990727,30.435
1586269999789,30.46
1586270003218,30.46
1586270022129,30.475
1586270032722,30.465
1586270043425,30.48
1586270052497,30.475
1586270057533,30.47
1586270076556,30.425
1586270085603,30.45
1586270099841,30.45
1586270106918,30.44
1586270118815,30.43
1586270131830,30.41
1586270138703,30.43
1586270150100,30.435
1586270156013,30.43
1586270171368,30.41
1586270182666,30.415
1586270190918,30.405
1586270199983,30.42
1586270207527,30.415
1586270225627,30.415
1586270236075,30.39
1586270246284,30.415
1586270254107,30.415
1586270264602,30.415
1586270278051,30.4
1586270278051,30.4
1586270297052,30.425
1586270297052,30.425
1586270316395,30.4
1586270331206,30.39
1586270333581,30.385
1586270348570,30.395
1586270361025,30.385
1586270369155,30.37
1586270377907,30.385
1586270377907,30.385
1586270400562,30.385
1586270405264,30.38
1586270424661,30.375
1586270434011,30.36
1586270442334,30.375
1586270447653,30.385
1586270467320,30.365
1586270467320,30.365
1586270467320,30.365
1586270467320,30.365
1586270508268,30.345
1586270508268,30.345
1586270527281,30.395
1586270537263,30.41
1586270537263,30.41
1586270558306,30.42
1586270566758,30.425
1586270582790,30.43
1586270582790,30.43
1586270598536,30.455
1586270611188,30.445
1586270621610,30.435
1586270625710,30.435
1586270640809,30.39
1586270654734,30.37
1586270663193,30.38
1586270676966,30.35
1586270680727,30.37
1586270696790,30.375
1586270703727,30.385
1586270710192,30.405
1586270728550,30.375
1586270733378,30.395
1586270741356,30.43
1586270758625,30.445
1586270758625,30.445
1586270781183,30.43
1586270781183,30.43
1586270796591,30.41
1586270803268,30.405
1586270803268,30.405
1586270827515,30.405
1586270827515,30.405
1586270850078,30.41
1586270861909,30.415
1586270871447,30.395
1586270886064,30.36
1586270887240,30.365
1586270905266,30.31
1586270905266,30.31
1586270920628,30.3
1586270920628,30.3
1586270920628,30.3
1586270956075,30.275
1586270968924,30.27
1586270975614,30.3
1586270987091,30.275
1586271000904,30.29
1586271007847,30.305
1586271021434,30.31
1586271024814,30.295
1586271037980,30.275
1586271046356,30.26
1586271061762,30.275
1586271074856,30.25
1586271080695,30.265
1586271094285,30.28
1586271103886,30.265
1586271113018,30.27
1586271127338,30.285
1586271134660,30.3
1586271146417,30.28
1586271151606,30.27
1586271166521,30.255
1586271173231,30.26
1586271187948,30.275
1586271193702,30.25
1586271206667,30.235
1586271221751,30.2
1586271229383,30.175
1586271236275,30.205
1586271236275,30.205
1586271255400,30.2
1586271267183,30.17
1586271283920,30.17
1586271290737,30.185
1586271303681,30.185
1586271313368,30.205
1586271327076,30.225
1586271334147,30.235
1586271344853,30.24
1586271358195,30.255
1586271360167,30.25
1586271360167,30.25
1586271360167,30.25
1586271396146,30.23
1586271396146,30.23
1586271419292,30.245
1586271429335,30.27
1586271439274,30.23
1586271449902,30.195
1586271458091,30.215
1586271467943,30.24
1586271480722,30.235
1586271491691,30.24
1586271498551,30.245
1586271514560,30.27
1586271525578,30.275
1586271534711,30.27
1586271546963,30.27
1586271557300,30.265
1586271566279,30.245
1586271566279,30.245
1586271587340,30.21
1586271587340,30.21
1586271608058,30.245
1586271611543,30.25
1586271611543,30.25
1586271634854,30.25
1586271651360,30.23
1586271662532,30.205
1586271671000,30.24
1586271684649,30.28
1586271692240,30.28
1586271698743,30.265
1586271706553,30.245
1586271726666,30.195
1586271727506,30.195
1586271746092,30.205
1586271752846,30.22
1586271766727,30.24
1586271769738,30.225
1586271787551,30.225
1586271794347,30.22
1586271794347,30.22
1586271821242,30.21
1586271826202,30.2
1586271833653,30.2
1586271833653,30.2
1586271854871,30.165
1586271854871,30.165
1586271880069,30.175
1586271884697,30.2
1586271897346,30.235
1586271910301,30.215
1586271919333,30.265
1586271933886,30.245
1586271940087,30.235
1586271952875,30.26
1586271967683,30.27
1586271978676,30.27
1586271980782,30.27
1586271993178,30.285
1586271993178,30.285
1586272018183,30.305
1586272028643,30.325
1586272037587,30.3
1586272051785,30.31
1586272051785,30.31
1586272072576,30.35
1586272083437,30.37
1586272089870,30.38
1586272102559,30.395
1586272102559,30.395
1586272127665,30.395
1586272132065,30.41
1586272132065,30.41
1586272159526,30.42
1586272165139,30.4
1586272171850,30.4
1586272187311,30.405
1586272195844,30.425
1586272205274,30.43
1586272218802,30.415
1586272232205,30.415
1586272232205,30.415
1586272246393,30.42
1586272246393,30.42
1586272267191,30.42
1586272280868,30.405
1586272298942,30.395
1586272307904,30.4
1586272315485,30.4
1586272329248,30.41
1586272339310,30.41
1586272351432,30.395
1586272354489,30.4
1586272369345,30.41
1586272377182,30.4
1586272386767,30.405
1586272401124,30.39
1586272401124,30.39
1586272415847,30.41
1586272434751,30.405
1586272434751,30.405
1586272434751,30.405
1586272466278,30.405
1586272468678,30.405
1586272484483,30.415
1586272498190,30.385
1586272506797,30.425
1586272506797,30.425
1586272506797,30.425
1586272543747,30.455
1586272551391,30.475
1586272551391,30.475
1586272551391,30.475
1586272585022,30.475
1586272598645,30.465
1586272606961,30.47
1586272618289,30.465
1586272629989,30.455
1586272633743,30.45
1586272633743,30.45
1586272657399,30.475
1586272665061,30.47
1586272665061,30.47
1586272688291,30.46
1586272695485,30.465
1586272708554,30.455
1586272708554,30.455
1586272734998,30.455
1586272737558,30.46
1586272737558,30.46
1586272765434,30.445
1586272773291,30.455
1586272782148,30.46
1586272782148,30.46
1586272782148,30.46
1586272816657,30.45
1586272820907,30.455
1586272832333,30.42
1586272847097,30.435
1586272859864,30.44
1586272868427,30.435
1586272877261,30.44
1586272892426,30.46
1586272895827,30.455
1586272895827,30.455
1586272918986,30.47
1586272930118,30.445
1586272930118,30.445
1586272954017,30.435
1586272959127,30.435
1586272972263,30.435
1586272985084,30.44
1586272995296,30.43
1586272995296,30.43
1586273018312,30.44
1586273028564,30.44
1586273038100,30.44
1586273044415,30.435
1586273050758,30.44
1586273062549,30.45
1586273077820,30.45
1586273077820,30.45
1586273101059,30.45
1586273106977,30.46
1586273120506,30.465
1586273131798,30.485
1586273143775,30.485
1586273147355,30.485
1586273163715,30.495
1586273170035,30.515
1586273170035,30.515
1586273193839,30.485
1586273201695,30.49
1586273212276,30.505
1586273212276,30.505
1586273232938,30.545
1586273248553,30.55
1586273251871,30.565
1586273251871,30.565
1586273251871,30.565
1586273281445,30.575
1586273298565,30.595
1586273309310,30.59
1586273314069,30.59
1586273332199,30.575
1586273332199,30.575
1586273346904,30.58
1586273360921,30.605
1586273360921,30.605
1586273384379,30.585
1586273391061,30.59
1586273391061,30.59
1586273413034,30.595
1586273422126,30.62
1586273422126,30.62
1586273441953,30.645
1586273454310,30.635
1586273469455,30.635
1586273475700,30.63
1586273488942,30.645
1586273496480,30.65
1586273510303,30.67
1586273510303,30.67
1586273530268,30.685
1586273543993,30.685
1586273547390,30.675
1586273547390,30.675
1586273571778,30.645
1586273584122,30.645
1586273584122,30.645
1586273604315,30.64
1586273615572,30.645
1586273620240,30.645
1586273638015,30.635
1586273648453,30.6
1586273659877,30.605
1586273666558,30.585
1586273680613,30.595
1586273687948,30.605
1586273696400,30.6
1586273708552,30.585
1586273722590,30.59
1586273725688,30.58
1586273738379,30.555
1586273747012,30.585
1586273763230,30.59
1586273775009,30.595
1586273778490,30.585
1586273797842,30.54
1586273803954,30.55
1586273817692,30.525
1586273829006,30.51
1586273829006,30.51
1586273850474,30.475
1586273859888,30.46
1586273872318,30.475
1586273882218,30.5
1586273889703,30.54
1586273896842,30.545
1586273906806,30.535
1586273916993,30.525
1586273933839,30.525
1586273945422,30.55
1586273947289,30.55
1586273964232,30.57
1586273976074,30.55
1586273976074,30.55
1586273998221,30.56
1586273998221,30.56
1586274017389,30.59
1586274023447,30.56
1586274042105,30.54
1586274042105,30.54
1586274062911,30.54
1586274066315,30.54
1586274082350,30.56
1586274089319,30.57
1586274104930,30.55
1586274106352,30.545
1586274123504,30.53
1586274123504,30.53
1586274138822,30.56
1586274157730,30.57
1586274157730,30.57
1586274172827,30.59
1586274172827,30.59
1586274172827,30.59
1586274204741,30.58
1586274217455,30.555
1586274230454,30.555
1586274241445,30.54
1586274247673,30.505
1586274259448,30.505
1586274271815,30.48
1586274271815,30.48
1586274271815,30.48
1586274304180,30.465
1586274304180,30.465
1586274319813,30.46
1586274332651,30.44
1586274332651,30.44
1586274351666,30.42
1586274351666,30.42
1586274375893,30.42
1586274375893,30.42
1586274395014,30.44
1586274395014,30.44
1586274395014,30.44
1586274395014,30.44
1586274440194,30.48
1586274440194,30.48
1586274440194,30.48
1586274440194,30.48
1586274440194,30.48
1586274440194,30.48
1586274440194,30.48
1586274512545,30.45
1586274512545,30.45
1586274512545,30.45
1586274538866,30.425
1586274555294,30.44
1586274555294,30.44
1586274555294,30.44
1586274578378,30.46
1586274578378,30.46
1586274601952,30.46
1586274601952,30.46
1586274601952,30.46
1586274601952,30.46
1586274644466,30.43
1586274644466,30.43
1586274644466,30.43
1586274644466,30.43
1586274691128,30.44
1586274691128,30.44
1586274709615,30.455
1586274709615,30.455
1586274725480,30.47
1586274742888,30.49
1586274742888,30.49
1586274742888,30.49
1586274742888,30.49
1586274781550,30.48
1586274781550,30.48
1586274781550,30.48
1586274812715,30.48
1586274822364,30.49
1586274838433,30.485
1586274845079,30.5
1586274851180,30.51
1586274851180,30.51
1586274873031,30.54
1586274888701,30.54
1586274888701,30.54
1586274910797,30.515
1586274912718,30.5
1586274930165,30.485
1586274930165,30.485
1586274949271,30.505
1586274964582,30.53
1586274964582,30.53
1586274964582,30.53
1586274964582,30.53
1586274964582,30.53
1586275016865,30.515
1586275016865,30.515
1586275034480,30.5
1586275042657,30.51
1586275042657,30.51
1586275042657,30.51
1586275073624,30.52
1586275073624,30.52
1586275098335,30.49
1586275098335,30.49
1586275098335,30.49
1586275127153,30.485
1586275127153,30.485
1586275148063,30.5
1586275158331,30.49
1586275158331,30.49
1586275185284,30.5
1586275191223,30.49
1586275200104,30.47
1586275211586,30.475
1586275211586,30.475
1586275240694,30.495
1586275240694,30.495
1586275257132,30.48
1586275265512,30.49
1586275265512,30.49
1586275265512,30.49
1586275302663,30.52
1586275302663,30.52
1586275302663,30.52
1586275334610,30.55
1586275347319,30.54
1586275357222,30.53
1586275368240,30.52
1586275381223,30.505
1586275387045,30.505
1586275395527,30.495
1586275413283,30.475
1586275420923,30.47
1586275428246,30.47
1586275428246,30.47
1586275446673,30.51
1586275459423,30.51
1586275459423,30.51
1586275459423,30.51
1586275490001,30.49
1586275507447,30.53
1586275507447,30.53
1586275528638,30.56
1586275537283,30.57
1586275537283,30.57
1586275560042,30.62
1586275571023,30.595
1586275571023,30.595
1586275583666,30.585
1586275601251,30.57
1586275606523,30.575
1586275620663,30.58
1586275620663,30.58
1586275620663,30.58
1586275620663,30.58
1586275620663,30.58
1586275620663,30.58
1586275620663,30.58
1586275620663,30.58
1586275705633,30.575
1586275705633,30.575
1586275722811,30.6
1586275722811,30.6
1586275722811,30.6
1586275760931,30.6
1586275768975,30.6
1586275779430,30.59
1586275779430,30.59
1586275779430,30.59
1586275779430,30.59
1586275779430,30.59
1586275830821,30.57
1586275830821,30.57
1586275830821,30.57
1586275861073,30.545
1586275868964,30.55
1586275888097,30.55
1586275888097,30.55
1586275909105,30.57
1586275911860,30.575
1586275911860,30.575
1586275938492,30.575
1586275947370,30.58
1586275947370,30.58
1586275962436,30.56
1586275982185,30.53
1586275992688,30.53
1586275992688,30.53
1586275992688,30.53
1586276019972,30.56
1586276019972,30.56
1586276042215,30.54
1586276042215,30.54
1586276042215,30.54
1586276042215,30.54
1586276085587,30.525
1586276097513,30.535
1586276104453,30.535
1586276112123,30.55
1586276122071,30.57
1586276122071,30.57
1586276143088,30.585
1586276143088,30.585
1586276168705,30.6
1586276180180,30.62
1586276184346,30.615
1586276184346,30.615
1586276184346,30.615
1586276223970,30.65
1586276234296,30.64
1586276239697,30.64
1586276239697,30.64
1586276239697,30.64
1586276239697,30.64
1586276239697,30.64
1586276239697,30.64
1586276304026,30.63
1586276304026,30.63
1586276304026,30.63
1586276337057,30.64
1586276343921,30.64
1586276343921,30.64
1586276343921,30.64
1586276343921,30.64
1586276386235,30.63
1586276393338,30.63
1586276402663,30.63
1586276402663,30.63
1586276426372,30.61
1586276426372,30.61
1586276454628,30.61
1586276454628,30.61
1586276454628,30.61
1586276484894,30.615
1586276492466,30.605
1586276504615,30.615
1586276517003,30.63
1586276517003,30.63
1586276517003,30.63
1586276548609,30.63
1586276548609,30.63
1586276548609,30.63
1586276572564,30.59
1586276587564,30.57
1586276587564,30.57
1586276612193,30.535
1586276612193,30.535
1586276631954,30.555
1586276642322,30.535
1586276652081,30.525
1586276652081,30.525
1586276668890,30.49
1586276687772,30.475
1586276698469,30.48
1586276707953,30.47
1586276716200,30.495
1586276728815,30.46
1586276736754,30.445
1586276742953,30.445
1586276755840,30.52
1586276768250,30.505
1586276768250,30.505
1586276768250,30.505
1586276768250,30.505
1586276813285,30.565
1586276813285,30.565
1586276835090,30.57
1586276835090,30.57
1586276835090,30.57
1586276835090,30.57
1586276835090,30.57
1586276835090,30.57
1586276893251,30.55
1586276893251,30.55
1586276917525,30.57
1586276927375,30.55
1586276927375,30.55
1586276927375,30.55
1586276961155,30.55
1586276966539,30.56
1586276974061,30.56
1586276974061,30.56
1586276974061,30.56
1586276974061,30.56
1586276974061,30.56
1586277037770,30.595
1586277037770,30.595
1586277057465,30.61
1586277057465,30.61
1586277075810,30.6
1586277075810,30.6
1586277075810,30.6
1586277075810,30.6
1586277123253,30.575
1586277125858,30.58
1586277137436,30.58
1586277137436,30.58
1586277137436,30.58
1586277137436,30.58
1586277188515,30.61
1586277196180,30.595
1586277196180,30.595
1586277196180,30.595
1586277223862,30.565
1586277232887,30.565
1586277247613,30.545
1586277261905,30.515
1586277262504,30.515
1586277262504,30.515
1586277287291,30.495
1586277300705,30.485
1586277300705,30.485
1586277300705,30.485
1586277336991,30.515
1586277336991,30.515
1586277349654,30.52
1586277361750,30.535
1586277378726,30.52
1586277380993,30.51
1586277380993,30.51
1586277410507,30.57
1586277421439,30.57
1586277427346,30.57
1586277427346,30.57
1586277427346,30.57
1586277459967,30.59
1586277459967,30.59
1586277459967,30.59
1586277496305,30.61
1586277496305,30.61
1586277511698,30.575
1586277511698,30.575
1586277511698,30.575
1586277549665,30.53
1586277558075,30.555
1586277567678,30.535
1586277577185,30.53
1586277592530,30.515
1586277603730,30.5
1586277613885,30.485
1586277619200,30.495
1586277634930,30.495
1586277634930,30.495
1586277634930,30.495
1586277663886,30.485
1586277663886,30.485
1586277685830,30.54
1586277685830,30.54
1586277704856,30.52
1586277704856,30.52
1586277704856,30.52
1586277732565,30.52
1586277732565,30.52
1586277758540,30.53
1586277758540,30.53
1586277786680,30.59
1586277786680,30.59
1586277786680,30.59
1586277818703,30.59
1586277822666,30.57
1586277822666,30.57
1586277852135,30.585
1586277854194,30.585
1586277854194,30.585
1586277854194,30.585
1586277854194,30.585
1586277854194,30.585
1586277908520,30.6
1586277908520,30.6
1586277936389,30.585
1586277939781,30.58
1586277939781,30.58
1586277959182,30.595
1586277972318,30.615
1586277980621,30.61
1586277980621,30.61
1586277980621,30.61
1586278018280,30.605
1586278018280,30.605
1586278044081,30.62
1586278055814,30.635
1586278056712,30.635
1586278056712,30.635
1586278056712,30.635
1586278056712,30.635
1586278107067,30.63
1586278107067,30.63
1586278107067,30.63
1586278131434,30.65
1586278145176,30.665
1586278159399,30.66
1586278159399,30.66
1586278181756,30.66
1586278181756,30.66
1586278181756,30.66
1586278181756,30.66
1586278222913,30.665
1586278222913,30.665
1586278241893,30.66
1586278241893,30.66
1586278271878,30.62
1586278271878,30.62
1586278289279,30.615
1586278298193,30.59
1586278298193,30.59
1586278298193,30.59
1586278331698,30.605
1586278331698,30.605
1586278358043,30.62
1586278358043,30.62
1586278358043,30.62
1586278358043,30.62
1586278358043,30.62
1586278358043,30.62
1586278358043,30.62
1586278358043,30.62
1586278433182,30.61
1586278433182,30.61
1586278433182,30.61
1586278433182,30.61
1586278433182,30.61
1586278485948,30.63
1586278497524,30.635
1586278512013,30.61
1586278524243,30.63
1586278524243,30.63
1586278524243,30.63
1586278524243,30.63
1586278524243,30.63
1586278577294,30.62
1586278587737,30.63
1586278587737,30.63
1586278607965,30.64
1586278607965,30.64
1586278628053,30.63
1586278628053,30.63
1586278628053,30.63
1586278663082,30.63
1586278663082,30.63
1586278663082,30.63
1586278663082,30.63
1586278663082,30.63
1586278711447,30.66
1586278727106,30.66
1586278731521,30.655
1586278731521,30.655
1586278762278,30.62
1586278770468,30.62
1586278770468,30.62
1586278770468,30.62
1586278803401,30.625
1586278816022,30.61
1586278825383,30.625
1586278825383,30.625
1586278846350,30.63
1586278846350,30.63
1586278862313,30.64
1586278876494,30.62
1586278889425,30.625
1586278902882,30.615
1586278903950,30.615
1586278903950,30.615
1586278903950,30.615
1586278936051,30.61
1586278951111,30.61
1586278951111,30.61
1586278971354,30.62
1586278987566,30.625
1586278987566,30.625
1586279012651,30.61
1586279015680,30.61
1586279025321,30.62
1586279037529,30.62
1586279037529,30.62
1586279062036,30.625
1586279075771,30.63
1586279075771,30.63
1586279075771,30.63
1586279075771,30.63
1586279075771,30.63
1586279075771,30.63
1586279075771,30.63
1586279148399,30.67
1586279161422,30.66
1586279171513,30.665
1586279171513,30.665
1586279171513,30.665
1586279171513,30.665
1586279171513,30.665
1586279230505,30.675
1586279230505,30.675
1586279230505,30.675
1586279260539,30.675
1586279266564,30.675
1586279266564,30.675
1586279266564,30.675
1586279306535,30.665
1586279306535,30.665
1586279306535,30.665
1586279332519,30.635
1586279347365,30.62
1586279347365,30.62
1586279347365,30.62
1586279347365,30.62
1586279347365,30.62
1586279347365,30.62
1586279347365,30.62
1586279347365,30.62
1586279347365,30.62
1586279347365,30.62
1586279347365,30.62
1586279347365,30.62
1586279347365,30.62
1586279487930,30.62
1586279497107,30.615
1586279506972,30.625
1586279511622,30.62
1586279511622,30.62
1586279511622,30.62
1586279511622,30.62
1586279511622,30.62
1586279511622,30.62
1586279587298,30.64
1586279587298,30.64
1586279604593,30.625
1586279604593,30.625
1586279604593,30.625
1586279604593,30.625
1586279650175,30.655
1586279660625,30.66
1586279660625,30.66
1586279676599,30.65
1586279676599,30.65
1586279703601,30.655
1586279711323,30.645
1586279716023,30.635
1586279716023,30.635
1586279738050,30.62
1586279738050,30.62
1586279738050,30.62
1586279738050,30.62
1586279788457,30.62
1586279792507,30.62
1586279792507,30.62
1586279792507,30.62
1586279832353,30.62
1586279832353,30.62
1586279851701,30.61
1586279865860,30.61
1586279876950,30.595
1586279876950,30.595
1586279876950,30.595
1586279876950,30.595
1586279876950,30.595
1586279925908,30.59
1586279940348,30.585
1586279952402,30.565
1586279956885,30.555
1586279974325,30.55
1586279974325,30.55
1586279974325,30.55
1586280004279,30.55
1586280004279,30.55
1586280004279,30.55
1586280040630,30.535
1586280048657,30.54
1586280057734,30.53
1586280071919,30.49
1586280084505,30.49
1586280084505,30.49
1586280084505,30.49
1586280084505,30.49
1586280084505,30.49
1586280084505,30.49
1586280152468,30.575
1586280156270,30.575
1586280168128,30.545
1586280168128,30.545
1586280168128,30.545
1586280168128,30.545
1586280210158,30.55
1586280210158,30.55
1586280210158,30.55
1586280210158,30.55
1586280210158,30.55
1586280268981,30.57
1586280270106,30.56
1586280286560,30.57
1586280300629,30.575
1586280307417,30.56
1586280315596,30.565
1586280328548,30.55
1586280342967,30.565
1586280352013,30.535
1586280363311,30.55
1586280372265,30.555
1586280376340,30.555
1586280376340,30.555
1586280376340,30.555
1586280410737,30.555
1586280410737,30.555
1586280410737,30.555
1586280410737,30.555
1586280410737,30.555
1586280410737,30.555
1586280410737,30.555
1586280410737,30.555
1586280498921,30.58
1586280498921,30.58
1586280498921,30.58
1586280525346,30.57
1586280525346,30.57
1586280549041,30.565
1586280565325,30.57
1586280569093,30.57
1586280569093,30.57
1586280569093,30.57
1586280569093,30.57
1586280569093,30.57
1586280630539,30.58
1586280643311,30.57
1586280643311,30.57
1586280643311,30.57
1586280666927,30.575
1586280666927,30.575
1586280666927,30.575
1586280666927,30.575
1586280666927,30.575
1586280728078,30.565
1586280730869,30.54
1586280743543,30.58
1586280743543,30.58
1586280743543,30.58
1586280781409,30.595
1586280781409,30.595
1586280781409,30.595
1586280781409,30.595
1586280781409,30.595
1586280781409,30.595
1586280781409,30.595
1586280856417,30.545
1586280868411,30.555
1586280871424,30.555
1586280887959,30.565
1586280892363,30.565
1586280903546,30.57
1586280903546,30.57
1586280927799,30.59
1586280937876,30.575
1586280937876,30.575
1586280937876,30.575
1586280937876,30.575
1586280983714,30.545
1586280997858,30.545
1586281005360,30.56
1586281005360,30.56
1586281025876,30.565
1586281036861,30.575
1586281051552,30.575
1586281062543,30.58
1586281062543,30.58
1586281080944,30.59
1586281080944,30.59
1586281108332,30.585
1586281108332,30.585
1586281108332,30.585
1586281108332,30.585
1586281108332,30.585
1586281108332,30.585
1586281108332,30.585
1586281108332,30.585
1586281191322,30.565
1586281200983,30.565
1586281200983,30.565
1586281222967,30.515
1586281227581,30.53
1586281245896,30.53
1586281256372,30.53
1586281265820,30.525
1586281277698,30.555
1586281277735,30.555
1586281293548,30.555
1586281293548,30.555
1586281319064,30.57
1586281319064,30.57
1586281333700,30.585
1586281333700,30.585
1586281333700,30.585
1586281333700,30.585
1586281377088,30.585
1586281388437,30.6
1586281397723,30.59
1586281397723,30.59
1586281426311,30.58
1586281439173,30.555
1586281449849,30.555
1586281449849,30.555
1586281466650,30.555
1586281466650,30.555
1586281491110,30.54
1586281496246,30.53
1586281496246,30.53
1586281520207,30.505
1586281534308,30.515
1586281536131,30.525
1586281555572,30.54
1586281555572,30.54
1586281555572,30.54
1586281555572,30.54
1586281597402,30.57
1586281607227,30.58
1586281620919,30.57
1586281630740,30.575
1586281642660,30.58
1586281653145,30.595
1586281653145,30.595
1586281653145,30.595
1586281653145,30.595
1586281693081,30.565
1586281696818,30.565
1586281715075,30.54
1586281727999,30.54
1586281738576,30.54
1586281752510,30.54
1586281762498,30.53
1586281769044,30.525
1586281781105,30.52
1586281795492,30.53
1586281802289,30.515
1586281812356,30.51
1586281827904,30.485
1586281833914,30.475
1586281833914,30.475
1586281851589,30.47
1586281851589,30.47
1586281882761,30.47
1586281887537,30.48
1586281887537,30.48
1586281913233,30.49
1586281924012,30.49
1586281935277,30.47
1586281943346,30.47
1586281955683,30.475
1586281955683,30.475
1586281981493,30.45
1586281981493,30.45
1586281999889,30.45
1586281999889,30.45
1586281999889,30.45
1586282034891,30.475
1586282044098,30.475
1586282057626,30.455
1586282063686,30.47
1586282079390,30.455
1586282082036,30.455
1586282091927,30.445
1586282108890,30.45
1586282122162,30.45
1586282123270,30.45
1586282134492,30.455
1586282146227,30.455
1586282163882,30.435
1586282171015,30.42
1586282171015,30.42
1586282171015,30.42
1586282202950,30.44
1586282209025,30.45
1586282225232,30.42
1586282234767,30.46
1586282247900,30.455
1586282247900,30.455
1586282247900,30.455
1586282247900,30.455
1586282285785,30.45
1586282300470,30.445
1586282314955,30.425
1586282317968,30.415
1586282337338,30.42
1586282343029,30.4
1586282353514,30.41
1586282353514,30.41
1586282378601,30.435
1586282389973,30.435
1586282397957,30.45
1586282397957,30.45
1586282397957,30.45
1586282397957,30.45
1586282439343,30.435
1586282439343,30.435
1586282439343,30.435
1586282479049,30.4
1586282480579,30.4
1586282480579,30.4
1586282510221,30.42
1586282510221,30.42
1586282510221,30.42
1586282510221,30.42
1586282510221,30.42
1586282510221,30.42
1586282510221,30.42
1586282577627,30.42
1586282577627,30.42
1586282602248,30.41
1586282602248,30.41
1586282627051,30.39
1586282639868,30.39
1586282639868,30.39
1586282656339,30.41
1586282656339,30.41
1586282656339,30.41
1586282656339,30.41
1586282697356,30.41
1586282715473,30.38
1586282719270,30.37
1586282736531,30.35
1586282736531,30.35
1586282736531,30.35
1586282736531,30.35
1586282776054,30.345
1586282790390,30.335
1586282790390,30.335
1586282812436,30.335
1586282819389,30.325
1586282830050,30.325
1586282830050,30.325
1586282830050,30.325
1586282865343,30.315
1586282865343,30.315
1586282881740,30.335
1586282898379,30.345
1586282898379,30.345
1586282898379,30.345
1586282925942,30.35
1586282925942,30.35
1586282925942,30.35
1586282960371,30.35
1586282969900,30.36
1586282969900,30.36
1586282990674,30.38
1586282990674,30.38
1586282990674,30.38
1586282990674,30.38
1586282990674,30.38
1586283047915,30.4
1586283059037,30.44
1586283069343,30.42
1586283081338,30.43
1586283092681,30.42
1586283092681,30.42
1586283114408,30.425
1586283117729,30.42
1586283117729,30.42
1586283148248,30.43
1586283155784,30.44
1586283164670,30.43
1586283164670,30.43
1586283164670,30.43
1586283164670,30.43
1586283164670,30.43
1586283220542,30.44
1586283220542,30.44
1586283220542,30.44
1586283245028,30.46
1586283263497,30.46
1586283277047,30.44
1586283277047,30.44
1586283277047,30.44
1586283301295,30.44
1586283320311,30.435
1586283329325,30.435
1586283329325,30.435
1586283329325,30.435
1586283329325,30.435
1586283329325,30.435
1586283329325,30.435
1586283329325,30.435
1586283404020,30.4
1586283411612,30.385
1586283411612,30.385
1586283438350,30.39
1586283438350,30.39
1586283457678,30.365
1586283460919,30.37
1586283475929,30.39
1586283491863,30.395
1586283495922,30.395
1586283495922,30.395
1586283495922,30.395
1586283495922,30.395
1586283495922,30.395
1586283555695,30.35
1586283563143,30.355
1586283563143,30.355
1586283584192,30.335
1586283600161,30.325
1586283609408,30.34
1586283624472,30.325
1586283634030,30.31
1586283634030,30.31
1586283653941,30.335
1586283657364,30.35
1586283673695,30.36
1586283681687,30.39
1586283692195,30.39
1586283702733,30.39
1586283719909,30.4
1586283726005,30.39
1586283726005,30.39
1586283726005,30.39
1586283762014,30.385
1586283768777,30.385
1586283768777,30.385
1586283798047,30.39
1586283801357,30.385
1586283801357,30.385
1586283826997,30.41
1586283840910,30.42
1586283852331,30.415
1586283862425,30.425
1586283869618,30.42
1586283877659,30.425
1586283889879,30.425
1586283898245,30.42
1586283913918,30.41
1586283924093,30.405
1586283924093,30.405
1586283924093,30.405
1586283958614,30.44
1586283958614,30.44
1586283958614,30.44
1586283982415,30.435
1586283982415,30.435
1586284007150,30.46
1586284007150,30.46
1586284007150,30.46
1586284007150,30.46
1586284049966,30.435
1586284056257,30.435
1586284073917,30.445
1586284087078,30.45
1586284090403,30.46
1586284090403,30.46
1586284117642,30.47
1586284117642,30.47
1586284132336,30.445
1586284151933,30.415
1586284155099,30.42
1586284173014,30.415
1586284184768,30.395
1586284194385,30.385
1586284194385,30.385
1586284216580,30.41
1586284226109,30.42
1586284226109,30.42
1586284226109,30.42
1586284260368,30.465
1586284266373,30.445
1586284280406,30.47
1586284293486,30.485
1586284299329,30.48
1586284299329,30.48
1586284319317,30.49
1586284332846,30.495
1586284332846,30.495
1586284356937,30.495
1586284362043,30.485
1586284362043,30.485
1586284362043,30.485
1586284400290,30.475
1586284400290,30.475
1586284400290,30.475
1586284430996,30.49
1586284434995,30.5
1586284453291,30.475
1586284453291,30.475
1586284475841,30.49
1586284486418,30.5
1586284500015,30.515
1586284513701,30.485
1586284513701,30.485
1586284530762,30.475
1586284547281,30.45
1586284556499,30.445
1586284569306,30.465
1586284582410,30.49
1586284586044,30.505
1586284586044,30.505
1586284586044,30.505
1586284586044,30.505
1586284628305,30.47
1586284628305,30.47
1586284628305,30.47
1586284628305,30.47
1586284628305,30.47
1586284628305,30.47
1586284692138,30.5
1586284692138,30.5
1586284714114,30.51
1586284714114,30.51
1586284740827,30.48
1586284751716,30.475
1586284751716,30.475
1586284776372,30.46
1586284785119,30.46
1586284793472,30.455
1586284797776,30.445
1586284818175,30.45
1586284829431,30.445
1586284829431,30.445
1586284841429,30.44
1586284857510,30.445
1586284873049,30.44
1586284878362,30.435
1586284893174,30.42
1586284902248,30.405
1586284902248,30.405
1586284921481,30.425
1586284921481,30.425
1586284943295,30.415
1586284943295,30.415
1586284963484,30.415
1586284980629,30.42
1586284980629,30.42
1586285002368,30.42
1586285011882,30.41
1586285020026,30.4
1586285030967,30.395
1586285041106,30.385
1586285052306,30.38
1586285059363,30.37
1586285059363,30.37
1586285059363,30.37
1586285090148,30.365
1586285108826,30.385
1586285114632,30.395
1586285125803,30.42
1586285135722,30.41
1586285135722,30.41
1586285166380,30.45
1586285166380,30.45
1586285166380,30.45
1586285166380,30.45
1586285202002,30.44
1586285202002,30.44
1586285227142,30.43
1586285227142,30.43
1586285247705,30.435
1586285264368,30.42
1586285268309,30.415
1586285268309,30.415
1586285298122,30.38
1586285298122,30.38
1586285298122,30.38
1586285298122,30.38
1586285334579,30.41
1586285351583,30.42
1586285358185,30.4
1586285358185,30.4
1586285358185,30.4
1586285397612,30.39
1586285397612,30.39
1586285397612,30.39
1586285421154,30.38
1586285440274,30.39
1586285440274,30.39
1586285440274,30.39
1586285465829,30.38
1586285465829,30.38
1586285465829,30.38
1586285506350,30.37
1586285506350,30.37
1586285521681,30.38
1586285536893,30.37
1586285536893,30.37
1586285555012,30.365
1586285567235,30.37
1586285581569,30.37
1586285594716,30.355
1586285609338,30.32
1586285613221,30.32
1586285624093,30.32
1586285640224,30.28
1586285650144,30.27
1586285663696,30.265
1586285669422,30.265
1586285676648,30.265
1586285685432,30.27
1586285698194,30.28
1586285716177,30.24
1586285729509,30.235
1586285736379,30.24
1586285741863,30.24
1586285762014,30.235
1586285772124,30.245
1586285781636,30.255
1586285796513,30.26
1586285800467,30.28
1586285816608,30.29
1586285825415,30.305
1586285832849,30.31
1586285848283,30.295
1586285859324,30.27
1586285859324,30.27
1586285875117,30.265
1586285894359,30.28
1586285894359,30.28
1586285894359,30.28
1586285920820,30.245
1586285920820,30.245
1586285920820,30.245
1586285958774,30.28
1586285963067,30.285
1586285979623,30.295
1586285979623,30.295
1586285979623,30.295
1586286011282,30.295
1586286011282,30.295
1586286011282,30.295
1586286011282,30.295
1586286011282,30.295
1586286065918,30.335
1586286065918,30.335
1586286089357,30.335
1586286098002,30.35
1586286112391,30.34
1586286112391,30.34
1586286128995,30.325
1586286128995,30.325
1586286159108,30.355
1586286166285,30.38
1586286166285,30.38
1586286166285,30.38
1586286166285,30.38
1586286166285,30.38
1586286216970,30.39
1586286216970,30.39
1586286216970,30.39
1586286216970,30.39
1586286264587,30.39
1586286267338,30.4
1586286267338,30.4
1586286267338,30.4
1586286267338,30.4
1586286267338,30.4
1586286334539,30.43
1586286348342,30.45
1586286348342,30.45
1586286383288,30.415
1586286394467,30.415
1586286411194,30.405
1586286411194,30.405
1586286427730,30.395
1586286427730,30.395
1586286445163,30.375
1586286445163,30.375
1586286469547,30.36
1586286469547,30.36
1586286492083,30.36
1586286492083,30.36
1586286520224,30.34
1586286520224,30.34
1586286541224,30.38
1586286541224,30.38
1586286560734,30.43
1586286560734,30.43
1586286560734,30.43
1586286596229,30.45
1586286604333,30.455
1586286620715,30.49
1586286620715,30.49
1586286637412,30.51
1586286649058,30.505
1586286662638,30.51
1586286662638,30.51
1586286685890,30.48
1586286691021,30.48
1586286691021,30.48
1586286691021,30.48
1586286746033,30.46
1586286746033,30.46
1586286746033,30.46
1586286784395,30.5
1586286794374,30.5
1586286794374,30.5
1586286814298,30.52
1586286832345,30.52
1586286840094,30.53
1586286852361,30.55
1586286869242,30.545
1586286871331,30.55
1586286871331,30.55
1586286871331,30.55
1586286910157,30.535
1586286920129,30.54
1586286934165,30.53
1586286939932,30.51
1586286939932,30.51
1586286966816,30.5
1586286971761,30.5
1586286985282,30.47
1586286985282,30.47
1586287010261,30.445
1586287022533,30.44
1586287023929,30.445
1586287036533,30.45
1586287036533,30.45
1586287055186,30.44
1586287055186,30.44
1586287055186,30.44
1586287092688,30.41
1586287109637,30.395
1586287120330,30.385
1586287127404,30.355
1586287143203,30.33
1586287158630,30.335
1586287174172,30.35
1586287174172,30.35
1586287174172,30.35
1586287174172,30.35
1586287174172,30.35
1586287235070,30.31
1586287248590,30.29
1586287248590,30.29
1586287248590,30.29
1586287282878,30.245
1586287291750,30.21
1586287299187,30.21
1586287312481,30.23
1586287325055,30.26
1586287325055,30.26
1586287339287,30.25
1586287339287,30.25
1586287339287,30.25
1586287339287,30.25
1586287394808,30.255
1586287407167,30.24
1586287407167,30.24
1586287429720,30.245
1586287429720,30.245
1586287445298,30.23
1586287465820,30.205
1586287470524,30.19
1586287484581,30.155
1586287484581,30.155
1586287484581,30.155
1586287517981,30.21
1586287533011,30.23
1586287533011,30.23
1586287550179,30.205
1586287566493,30.26
1586287573933,30.27
1586287586704,30.31
1586287594440,30.305
1586287609758,30.31
1586287609758,30.31
1586287621817,30.315
1586287639535,30.33
1586287639535,30.33
1586287656325,30.33
1586287656325,30.33
1586287679527,30.34
1586287695955,30.29
1586287705760,30.3
1586287713496,30.3
1586287730420,30.29
1586287738804,30.28
1586287751581,30.265
1586287764444,30.215
1586287767888,30.2
1586287783368,30.19
1586287791503,30.165
1586287807256,30.185
1586287818261,30.135
1586287827363,30.16
1586287841932,30.14
1586287851266,30.165
1586287857141,30.185
1586287867136,30.23
1586287881470,30.215
1586287895214,30.235
1586287907330,30.24
1586287907330,30.24
1586287929922,30.26
1586287939936,30.225
1586287958777,30.19
1586287966000,30.175
1586287979331,30.145
1586287992202,30.165
1586288006081,30.195
1586288014394,30.185
1586288017170,30.205
1586288017170,30.205
1586288046166,30.28
1586288062975,30.265
1586288070158,30.265
1586288085406,30.29
1586288086981,30.275
1586288086981,30.275
1586288086981,30.275
1586288121395,30.32
1586288136201,30.325
1586288145567,30.315
1586288156346,30.315
1586288165622,30.29
1586288178005,30.27
1586288178005,30.27
1586288178005,30.27
1586288178005,30.27
1586288226166,30.285
1586288236114,30.28
1586288245804,30.295
1586288255242,30.27
1586288262209,30.29
1586288262209,30.29
1586288285357,30.3
1586288299400,30.315
1586288308625,30.315
1586288317723,30.315
1586288317723,30.315
1586288340580,30.345
1586288352829,30.38
1586288358395,30.37
1586288374256,30.395
1586288384969,30.425
1586288396029,30.425
1586288401890,30.42
1586288415027,30.4
1586288428011,30.435
1586288428011,30.435
1586288443973,30.43
1586288457419,30.45
1586288457419,30.45
1586288472672,30.445
1586288487635,30.46
1586288495181,30.48
1586288509198,30.485
1586288522168,30.51
1586288534614,30.515
1586288547011,30.5
1586288554016,30.53
1586288565632,30.545
1586288574117,30.54
1586288583697,30.51
1586288583697,30.51
1586288583697,30.51
1586288620359,30.475
1586288625556,30.475
1586288643306,30.45
1586288646243,30.455
1586288663306,30.465
1586288668373,30.45
1586288685615,30.445
1586288694114,30.455
1586288707507,30.45
1586288707507,30.45
1586288727752,30.51
1586288736042,30.54
1586288750843,30.58
1586288765048,30.555
1586288775258,30.54
1586288781338,30.56
1586288794547,30.55
1586288801980,30.58
1586288818063,30.58
1586288827585,30.585
1586288841504,30.62
1586288849179,30.585
1586288849179,30.585
1586288874097,30.605
1586288882549,30.615
1586288893851,30.62
1586288905221,30.62
1586288917531,30.64
1586288927231,30.67
1586288939658,30.65
1586288951321,30.64
1586288952802,30.63
1586288971955,30.64
1586288982415,30.66
1586288995311,30.66
1586289007837,30.34
1586289018046,30.36
1586289029238,30.35
1586289039445,30.285
1586289046883,30.33
1586289058646,30.27
1586289070793,30.33
1586289078584,30.36
1586289093645,30.31
1586289105237,30.285
1586289116792,30.29
1586289129438,30.325
1586289141775,30.3
1586289152657,30.31
1586289158434,30.28
1586289174190,30.28
1586289186418,30.26
1586289195290,30.225
1586289207489,30.2
1586289217086,30.18
1586289224090,30.17
1586289232369,30.16
1586289249074,30.2
1586289262228,30.16
1586289271365,30.225
1586289282042,30.265
1586289292935,30.25
1586289304726,30.23
1586289306684,30.25
1586289326021,30.24
1586289335013,30.24
1586289345814,30.24
1586289355995,30.275
1586289365226,30.29
1586289377703,30.27
1586289388377,30.25
1586289400421,30.275
1586289410374,30.265
1586289419771,30.29
1586289431410,30.25
1586289441058,30.28
1586289451499,30.245
1586289462501,30.25
1586289471081,30.235
1586289483773,30.245
1586289495472,30.23
1586289503820,30.245
1586289516414,30.225
1586289526510,30.195
1586289535204,30.23
1586289547169,30.205
1586289557169,30.195
