1585661434196,137.08
1585661434196,137.08
1585661434196,137.08
1585661434196,137.08
1585661434196,137.08
1585661434196,137.08
1585661520396,137.15
1585661520396,137.15
1585661536682,137.4
1585661536682,137.4
1585661536682,137.4
1585661576762,137.71
1585661576762,137.71
1585661597874,137.23
1585661597874,137.23
1585661597874,137.23
1585661597874,137.23
1585661597874,137.23
1585661597874,137.23
1585661653361,137.945
1585661653361,137.945
1585661653361,137.945
1585661653361,137.945
1585661653361,137.945
1585661653361,137.945
1585661724015,138.09
1585661724015,138.09
1585661724015,138.09
1585661724015,138.09
1585661724015,138.09
1585661724015,138.09
1585661784123,138.01
1585661784123,138.01
1585661801338,137.885
1585661814045,137.765
1585661814045,137.765
1585661814045,137.765
1585661847622,137.6
1585661850897,137.6
1585661865512,137.475
1585661878380,137.43
1585661882622,137.33
1585661897984,137.35
1585661897984,137.35
1585661897984,137.35
1585661897984,137.35
1585661897984,137.35
1585661897984,137.35
1585661897984,137.35
1585661897984,137.35
1585661980485,137.72
1585661980485,137.72
1585661980485,137.72
1585662007080,137.54
1585662007080,137.54
1585662037406,137.68
1585662037406,137.68
1585662037406,137.68
1585662037406,137.68
1585662037406,137.68
1585662086865,137.87
1585662092986,137.74
1585662092986,137.74
1585662120006,137.555
1585662130382,137.765
1585662137987,137.65
1585662137987,137.65
1585662137987,137.65
1585662137987,137.65
1585662137987,137.65
1585662137987,137.65
1585662137987,137.65
1585662137987,137.65
1585662137987,137.65
1585662233083,137.79
1585662233083,137.79
1585662233083,137.79
1585662233083,137.79
1585662233083,137.79
1585662233083,137.79
1585662233083,137.79
1585662233083,137.79
1585662233083,137.79
1585662320199,137.42
1585662320199,137.42
1585662320199,137.42
1585662353813,137.14
1585662353813,137.14
1585662353813,137.14
1585662353813,137.14
1585662353813,137.14
1585662353813,137.14
1585662353813,137.14
1585662353813,137.14
1585662436894,137.03
1585662436894,137.03
1585662436894,137.03
1585662436894,137.03
1585662487002,137.21
1585662487002,137.21
1585662487002,137.21
1585662487002,137.21
1585662519996,137.26
1585662530703,137.34
1585662530703,137.34
1585662530703,137.34
1585662530703,137.34
1585662530703,137.34
1585662530703,137.34
1585662594014,137.16
1585662594014,137.16
1585662594014,137.16
1585662626255,137.13
1585662626255,137.13
1585662626255,137.13
1585662626255,137.13
1585662626255,137.13
1585662683945,137.19
1585662691480,137.385
1585662698889,137.405
1585662698889,137.405
1585662698889,137.405
1585662732040,137.175
1585662732040,137.175
1585662756652,137.17
1585662756652,137.17
1585662778616,137
1585662778616,137
1585662778616,137
1585662778616,137
1585662778616,137
1585662778616,137
1585662778616,137
1585662778616,137
1585662778616,137
1585662778616,137
1585662778616,137
1585662892828,136.93
1585662892828,136.93
1585662906919,137.22
1585662906919,137.22
1585662906919,137.22
1585662906919,137.22
1585662906919,137.22
1585662906919,137.22
1585662906919,137.22
1585662906919,137.22
1585662906919,137.22
1585662906919,137.22
1585663018632,137.45
1585663018632,137.45
1585663018632,137.45
1585663018632,137.45
1585663018632,137.45
1585663018632,137.45
1585663018632,137.45
1585663018632,137.45
1585663018632,137.45
1585663018632,137.45
1585663018632,137.45
1585663018632,137.45
1585663141208,137.525
1585663141208,137.525
1585663141208,137.525
1585663176235,137.46
1585663184160,137.26
1585663184160,137.26
1585663184160,137.26
1585663216601,137.43
1585663216601,137.43
1585663233481,137.505
1585663233481,137.505
1585663233481,137.505
1585663233481,137.505
1585663233481,137.505
1585663286152,137.21
1585663300988,137.135
1585663310489,137.13
1585663310489,137.13
1585663310489,137.13
1585663310489,137.13
1585663310489,137.13
1585663366670,137.185
1585663374773,136.985
1585663383166,137.11
1585663383166,137.11
1585663383166,137.11
1585663413455,137.23
1585663420525,137.08
1585663420525,137.08
1585663448012,137.31
1585663452447,137.27
1585663452447,137.27
1585663452447,137.27
1585663489713,137.35
1585663489713,137.35
1585663511324,137.485
1585663524955,137.64
1585663524955,137.64
1585663524955,137.64
1585663555374,137.64
1585663563744,137.755
1585663576047,137.595
1585663586921,137.52
1585663592583,137.47
1585663605380,137.53
1585663605380,137.53
1585663625103,137.575
1585663625103,137.575
1585663625103,137.575
1585663656657,137.695
1585663665648,137.7
1585663665648,137.7
1585663690429,137.61
1585663690429,137.61
1585663690429,137.61
1585663720749,137.295
1585663720749,137.295
1585663740283,137.31
1585663752962,137.405
1585663752962,137.405
1585663774189,137.55
1585663774189,137.55
1585663774189,137.55
1585663774189,137.55
1585663774189,137.55
1585663826889,137.58
1585663826889,137.58
1585663826889,137.58
1585663861061,137.69
1585663861061,137.69
1585663875536,137.8
1585663875536,137.8
1585663875536,137.8
1585663907170,137.77
1585663907170,137.77
1585663907170,137.77
1585663907170,137.77
1585663954918,137.76
1585663954918,137.76
1585663976705,137.73
1585663976705,137.73
1585663976705,137.73
1585663976705,137.73
1585664012641,137.76
1585664028454,137.84
1585664028454,137.84
1585664028454,137.84
1585664060754,137.87
1585664060754,137.87
1585664076523,137.94
1585664084369,137.8
1585664098973,138.105
1585664110644,137.99
1585664118492,138.005
1585664130762,138.01
1585664130762,138.01
1585664150189,138.28
1585664163508,138.19
1585664163508,138.19
1585664163508,138.19
1585664163508,138.19
1585664163508,138.19
1585664163508,138.19
1585664225687,138.13
1585664225687,138.13
1585664225687,138.13
1585664251284,138.255
1585664251284,138.255
1585664251284,138.255
1585664291502,138.21
1585664291502,138.21
1585664291502,138.21
1585664291502,138.21
1585664328573,138.22
1585664328573,138.22
1585664346939,138.12
1585664346939,138.12
1585664346939,138.12
1585664346939,138.12
1585664346939,138.12
1585664346939,138.12
1585664406936,138.19
1585664406936,138.19
1585664406936,138.19
1585664447726,138.285
1585664447726,138.285
1585664447726,138.285
1585664477943,138.19
1585664477943,138.19
1585664477943,138.19
1585664509081,138.115
1585664509081,138.115
1585664509081,138.115
1585664542300,137.905
1585664542300,137.905
1585664542300,137.905
1585664542300,137.905
1585664542300,137.905
1585664542300,137.905
1585664603613,137.9
1585664603613,137.9
1585664603613,137.9
1585664629289,138
1585664629289,138
1585664653870,137.88
1585664653870,137.88
1585664653870,137.88
1585664653870,137.88
1585664691230,137.875
1585664701745,137.89
1585664701745,137.89
1585664701745,137.89
1585664741459,137.725
1585664741459,137.725
1585664741459,137.725
1585664741459,137.725
1585664782250,137.66
1585664782250,137.66
1585664782250,137.66
1585664782250,137.66
1585664782250,137.66
1585664831724,137.53
1585664831724,137.53
1585664831724,137.53
1585664831724,137.53
1585664831724,137.53
1585664831724,137.53
1585664831724,137.53
1585664831724,137.53
1585664831724,137.53
1585664831724,137.53
1585664831724,137.53
1585664831724,137.53
1585664831724,137.53
1585664831724,137.53
1585664831724,137.53
1585664993874,137.945
1585665003527,137.82
1585665003527,137.82
1585665003527,137.82
1585665003527,137.82
1585665003527,137.82
1585665003527,137.82
1585665003527,137.82
1585665003527,137.82
1585665003527,137.82
1585665003527,137.82
1585665003527,137.82
1585665003527,137.82
1585665003527,137.82
1585665003527,137.82
1585665003527,137.82
1585665003527,137.82
1585665003527,137.82
1585665003527,137.82
1585665003527,137.82
1585665003527,137.82
1585665003527,137.82
1585665003527,137.82
1585665003527,137.82
1585665003527,137.82
1585665252007,138.21
1585665252007,138.21
1585665252007,138.21
1585665252007,138.21
1585665252007,138.21
1585665252007,138.21
1585665318399,138.46
1585665318399,138.46
1585665318399,138.46
1585665318399,138.46
1585665352465,138.33
1585665352465,138.33
1585665352465,138.33
1585665352465,138.33
1585665352465,138.33
1585665352465,138.33
1585665352465,138.33
1585665352465,138.33
1585665443439,138.48
1585665443439,138.48
1585665443439,138.48
1585665443439,138.48
1585665443439,138.48
1585665443439,138.48
1585665443439,138.48
1585665443439,138.48
1585665443439,138.48
1585665443439,138.48
1585665443439,138.48
1585665554676,138.86
1585665554676,138.86
1585665554676,138.86
1585665554676,138.86
1585665596697,138.65
1585665596697,138.65
1585665596697,138.65
1585665596697,138.65
1585665596697,138.65
1585665646163,138.795
1585665662831,138.725
1585665662831,138.725
1585665662831,138.725
1585665662831,138.725
1585665662831,138.725
1585665662831,138.725
1585665662831,138.725
1585665662831,138.725
1585665662831,138.725
1585665662831,138.725
1585665662831,138.725
1585665662831,138.725
1585665662831,138.725
1585665662831,138.725
1585665662831,138.725
1585665662831,138.725
1585665662831,138.725
1585665662831,138.725
1585665842067,138.55
1585665842067,138.55
1585665842067,138.55
1585665842067,138.55
1585665842067,138.55
1585665842067,138.55
1585665842067,138.55
1585665842067,138.55
1585665927356,138.32
1585665927356,138.32
1585665927356,138.32
1585665927356,138.32
1585665927356,138.32
1585665927356,138.32
1585665994707,138.36
1585665994707,138.36
1585665994707,138.36
1585665994707,138.36
1585665994707,138.36
1585665994707,138.36
1585665994707,138.36
1585665994707,138.36
1585665994707,138.36
1585665994707,138.36
1585665994707,138.36
1585665994707,138.36
1585665994707,138.36
1585665994707,138.36
1585666143214,138.425
1585666143214,138.425
1585666143214,138.425
1585666143214,138.425
1585666143214,138.425
1585666143214,138.425
1585666143214,138.425
1585666143214,138.425
1585666143214,138.425
1585666143214,138.425
1585666143214,138.425
1585666143214,138.425
1585666143214,138.425
1585666143214,138.425
1585666143214,138.425
1585666143214,138.425
1585666143214,138.425
1585666143214,138.425
1585666143214,138.425
1585666340237,138.59
1585666350596,138.66
1585666370221,138.7
1585666370221,138.7
1585666370221,138.7
1585666370221,138.7
1585666370221,138.7
1585666370221,138.7
1585666370221,138.7
1585666370221,138.7
1585666370221,138.7
1585666370221,138.7
1585666370221,138.7
1585666370221,138.7
1585666370221,138.7
1585666370221,138.7
1585666509370,138.7
1585666509370,138.7
1585666509370,138.7
1585666509370,138.7
1585666509370,138.7
1585666509370,138.7
1585666578238,138.76
1585666578238,138.76
1585666578238,138.76
1585666609591,138.63
1585666609591,138.63
1585666609591,138.63
1585666609591,138.63
1585666609591,138.63
1585666609591,138.63
1585666609591,138.63
1585666678523,138.42
1585666692963,138.405
1585666692963,138.405
1585666714694,138.395
1585666714694,138.395
1585666714694,138.395
1585666714694,138.395
1585666714694,138.395
1585666714694,138.395
1585666714694,138.395
1585666784705,138.44
1585666784705,138.44
1585666806388,138.37
1585666819150,138.26
1585666819150,138.26
1585666819150,138.26
1585666849579,138.08
1585666849579,138.08
1585666868367,138.08
1585666879040,138.11
1585666879040,138.11
1585666879040,138.11
1585666879040,138.11
1585666879040,138.11
1585666928577,137.93
1585666946238,138.095
1585666946238,138.095
1585666946238,138.095
1585666946238,138.095
1585666946238,138.095
1585666946238,138.095
1585667000119,137.98
1585667000119,137.98
1585667000119,137.98
1585667000119,137.98
1585667000119,137.98
1585667054613,138.005
1585667067437,138.085
1585667067437,138.085
1585667067437,138.085
1585667067437,138.085
1585667067437,138.085
1585667067437,138.085
1585667067437,138.085
1585667067437,138.085
1585667067437,138.085
1585667067437,138.085
1585667067437,138.085
1585667067437,138.085
1585667067437,138.085
1585667067437,138.085
1585667215843,138.705
1585667215843,138.705
1585667215843,138.705
1585667215843,138.705
1585667215843,138.705
1585667269387,138.73
1585667269387,138.73
1585667269387,138.73
1585667269387,138.73
1585667269387,138.73
1585667321729,138.83
1585667321729,138.83
1585667345495,138.835
1585667345495,138.835
1585667345495,138.835
1585667345495,138.835
1585667345495,138.835
1585667345495,138.835
1585667345495,138.835
1585667420897,138.92
1585667420897,138.92
1585667436578,138.99
1585667448743,138.975
1585667448743,138.975
1585667448743,138.975
1585667448743,138.975
1585667448743,138.975
1585667448743,138.975
1585667448743,138.975
1585667448743,138.975
1585667448743,138.975
1585667544947,139.085
1585667544947,139.085
1585667544947,139.085
1585667544947,139.085
1585667544947,139.085
1585667544947,139.085
1585667607590,138.99
1585667612689,138.99
1585667612689,138.99
1585667612689,138.99
1585667612689,138.99
1585667612689,138.99
1585667612689,138.99
1585667612689,138.99
1585667612689,138.99
1585667612689,138.99
1585667612689,138.99
1585667727435,139.24
1585667727435,139.24
1585667727435,139.24
1585667727435,139.24
1585667727435,139.24
1585667775565,139.29
1585667775565,139.29
1585667775565,139.29
1585667775565,139.29
1585667775565,139.29
1585667775565,139.29
1585667775565,139.29
1585667775565,139.29
1585667775565,139.29
1585667775565,139.29
1585667775565,139.29
1585667775565,139.29
1585667895984,139.02
1585667895984,139.02
1585667895984,139.02
1585667895984,139.02
1585667939363,139.02
1585667939363,139.02
1585667939363,139.02
1585667939363,139.02
1585667939363,139.02
1585667939363,139.02
1585667939363,139.02
1585667939363,139.02
1585667939363,139.02
1585667939363,139.02
1585667939363,139.02
1585667939363,139.02
1585667939363,139.02
1585667939363,139.02
1585667939363,139.02
1585667939363,139.02
1585667939363,139.02
1585667939363,139.02
1585667939363,139.02
1585667939363,139.02
1585667939363,139.02
1585667939363,139.02
1585667939363,139.02
1585667939363,139.02
1585667939363,139.02
1585667939363,139.02
1585667939363,139.02
1585667939363,139.02
1585668233591,138.85
1585668233591,138.85
1585668233591,138.85
1585668233591,138.85
1585668233591,138.85
1585668292738,138.67
1585668292738,138.67
1585668312202,138.685
1585668312202,138.685
1585668312202,138.685
1585668312202,138.685
1585668312202,138.685
1585668312202,138.685
1585668312202,138.685
1585668380237,138.73
1585668380237,138.73
1585668380237,138.73
1585668380237,138.73
1585668380237,138.73
1585668380237,138.73
1585668380237,138.73
1585668380237,138.73
1585668380237,138.73
1585668380237,138.73
1585668380237,138.73
1585668380237,138.73
1585668380237,138.73
1585668380237,138.73
1585668380237,138.73
1585668380237,138.73
1585668380237,138.73
1585668380237,138.73
1585668380237,138.73
1585668380237,138.73
1585668380237,138.73
1585668380237,138.73
1585668613161,138.895
1585668613161,138.895
1585668613161,138.895
1585668613161,138.895
1585668613161,138.895
1585668665968,138.955
1585668665968,138.955
1585668665968,138.955
1585668665968,138.955
1585668665968,138.955
1585668665968,138.955
1585668665968,138.955
1585668665968,138.955
1585668665968,138.955
1585668665968,138.955
1585668665968,138.955
1585668665968,138.955
1585668665968,138.955
1585668665968,138.955
1585668665968,138.955
1585668665968,138.955
1585668665968,138.955
1585668665968,138.955
1585668665968,138.955
1585668665968,138.955
1585668665968,138.955
1585668665968,138.955
1585668665968,138.955
1585668665968,138.955
1585668665968,138.955
1585668923598,138.87
1585668923598,138.87
1585668923598,138.87
1585668923598,138.87
1585668923598,138.87
1585668923598,138.87
1585668923598,138.87
1585668923598,138.87
1585668923598,138.87
1585668923598,138.87
1585668923598,138.87
1585668923598,138.87
1585668923598,138.87
1585668923598,138.87
1585668923598,138.87
1585668923598,138.87
1585668923598,138.87
1585668923598,138.87
1585668923598,138.87
1585668923598,138.87
1585668923598,138.87
1585668923598,138.87
1585669158092,138.8
1585669163613,138.745
1585669163613,138.745
1585669163613,138.745
1585669163613,138.745
1585669163613,138.745
1585669163613,138.745
1585669163613,138.745
1585669163613,138.745
1585669163613,138.745
1585669163613,138.745
1585669163613,138.745
1585669163613,138.745
1585669163613,138.745
1585669163613,138.745
1585669163613,138.745
1585669163613,138.745
1585669163613,138.745
1585669163613,138.745
1585669163613,138.745
1585669163613,138.745
1585669374128,138.94
1585669374128,138.94
1585669374128,138.94
1585669407308,138.865
1585669407308,138.865
1585669407308,138.865
1585669407308,138.865
1585669447430,138.8
1585669447430,138.8
1585669466907,138.79
1585669466907,138.79
1585669466907,138.79
1585669466907,138.79
1585669510068,138.94
1585669510068,138.94
1585669510068,138.94
1585669510068,138.94
1585669510068,138.94
1585669510068,138.94
1585669510068,138.94
1585669510068,138.94
1585669510068,138.94
1585669602158,138.905
1585669602158,138.905
1585669602158,138.905
1585669602158,138.905
1585669602158,138.905
1585669602158,138.905
1585669672765,138.835
1585669672765,138.835
1585669672765,138.835
1585669672765,138.835
1585669672765,138.835
1585669672765,138.835
1585669672765,138.835
1585669743636,138.81
1585669743636,138.81
1585669743636,138.81
1585669743636,138.81
1585669743636,138.81
1585669743636,138.81
1585669743636,138.81
1585669743636,138.81
1585669743636,138.81
1585669743636,138.81
1585669743636,138.81
1585669743636,138.81
1585669743636,138.81
1585669743636,138.81
1585669743636,138.81
1585669743636,138.81
1585669743636,138.81
1585669743636,138.81
1585669743636,138.81
1585669743636,138.81
1585669743636,138.81
1585669743636,138.81
1585669743636,138.81
1585669743636,138.81
1585669743636,138.81
1585669743636,138.81
1585669743636,138.81
1585669743636,138.81
1585669743636,138.81
1585670051648,138.94
1585670051648,138.94
1585670051648,138.94
1585670051648,138.94
1585670051648,138.94
1585670104048,138.77
1585670104048,138.77
1585670104048,138.77
1585670137481,138.71
1585670141370,138.7
1585670156825,138.66
1585670156825,138.66
1585670156825,138.66
1585670156825,138.66
1585670156825,138.66
1585670156825,138.66
1585670156825,138.66
1585670156825,138.66
1585670156825,138.66
1585670156825,138.66
1585670257021,139.015
1585670257021,139.015
1585670257021,139.015
1585670291661,138.985
1585670291661,138.985
1585670291661,138.985
1585670291661,138.985
1585670332202,138.88
1585670332202,138.88
1585670332202,138.88
1585670332202,138.88
1585670376823,139
1585670376823,139
1585670376823,139
1585670376823,139
1585670376823,139
1585670430135,138.895
1585670430135,138.895
1585670430135,138.895
1585670430135,138.895
1585670430135,138.895
1585670430135,138.895
1585670430135,138.895
1585670430135,138.895
1585670430135,138.895
1585670430135,138.895
1585670537071,138.96
1585670537071,138.96
1585670537071,138.96
1585670537071,138.96
1585670575246,138.905
1585670575246,138.905
1585670598682,139.035
1585670598682,139.035
1585670598682,139.035
1585670598682,139.035
1585670598682,139.035
1585670598682,139.035
1585670598682,139.035
1585670598682,139.035
1585670598682,139.035
1585670598682,139.035
1585670598682,139.035
1585670598682,139.035
1585670598682,139.035
1585670598682,139.035
1585670598682,139.035
1585670598682,139.035
1585670598682,139.035
1585670598682,139.035
1585670789016,139.045
1585670789016,139.045
1585670789016,139.045
1585670789016,139.045
1585670828954,139.04
1585670828954,139.04
1585670828954,139.04
1585670865226,139.06
1585670871150,139.07
1585670871150,139.07
1585670871150,139.07
1585670871150,139.07
1585670871150,139.07
1585670871150,139.07
1585670871150,139.07
1585670871150,139.07
1585670871150,139.07
1585670966199,139.11
1585670966199,139.11
1585670966199,139.11
1585671001524,139.25
1585671001524,139.25
1585671001524,139.25
1585671001524,139.25
1585671001524,139.25
1585671001524,139.25
1585671001524,139.25
1585671067060,139.375
1585671067060,139.375
1585671067060,139.375
1585671067060,139.375
1585671067060,139.375
1585671067060,139.375
1585671130869,139.25
1585671130869,139.25
1585671130869,139.25
1585671130869,139.25
1585671130869,139.25
1585671130869,139.25
1585671130869,139.25
1585671130869,139.25
1585671130869,139.25
1585671130869,139.25
1585671130869,139.25
1585671130869,139.25
1585671130869,139.25
1585671130869,139.25
1585671130869,139.25
1585671130869,139.25
1585671130869,139.25
1585671130869,139.25
1585671130869,139.25
1585671130869,139.25
1585671130869,139.25
1585671130869,139.25
1585671130869,139.25
1585671130869,139.25
1585671130869,139.25
1585671393502,139.195
1585671393502,139.195
1585671393502,139.195
1585671393502,139.195
1585671393502,139.195
1585671393502,139.195
1585671393502,139.195
1585671393502,139.195
1585671393502,139.195
1585671393502,139.195
1585671393502,139.195
1585671393502,139.195
1585671393502,139.195
1585671393502,139.195
1585671393502,139.195
1585671393502,139.195
1585671393502,139.195
1585671393502,139.195
1585671393502,139.195
1585671393502,139.195
1585671393502,139.195
1585671393502,139.195
1585671393502,139.195
1585671393502,139.195
1585671393502,139.195
1585671393502,139.195
1585671393502,139.195
1585671393502,139.195
1585671393502,139.195
1585671393502,139.195
1585671393502,139.195
1585671393502,139.195
1585671734229,138.895
1585671734229,138.895
1585671734229,138.895
1585671734229,138.895
1585671734229,138.895
1585671734229,138.895
1585671734229,138.895
1585671734229,138.895
1585671734229,138.895
1585671734229,138.895
1585671734229,138.895
1585671734229,138.895
1585671734229,138.895
1585671734229,138.895
1585671879250,138.6
1585671892838,138.67
1585671892838,138.67
1585671892838,138.67
1585671892838,138.67
1585671892838,138.67
1585671892838,138.67
1585671892838,138.67
1585671965991,138.41
1585671965991,138.41
1585671965991,138.41
1585671965991,138.41
1585671965991,138.41
1585671965991,138.41
1585671965991,138.41
1585671965991,138.41
1585671965991,138.41
1585671965991,138.41
1585671965991,138.41
1585671965991,138.41
1585671965991,138.41
1585672099244,138.205
1585672099244,138.205
1585672118742,138.49
1585672118742,138.49
1585672118742,138.49
1585672118742,138.49
1585672118742,138.49
1585672118742,138.49
1585672187063,138.515
1585672187063,138.515
1585672204565,138.58
1585672204565,138.58
1585672204565,138.58
1585672204565,138.58
1585672204565,138.58
1585672260547,138.46
1585672260547,138.46
1585672260547,138.46
1585672260547,138.46
1585672260547,138.46
1585672260547,138.46
1585672260547,138.46
1585672260547,138.46
1585672346021,138.075
1585672346021,138.075
1585672346021,138.075
1585672346021,138.075
1585672346021,138.075
1585672346021,138.075
1585672346021,138.075
1585672346021,138.075
1585672346021,138.075
1585672346021,138.075
1585672447942,137.96
1585672447942,137.96
1585672447942,137.96
1585672447942,137.96
1585672447942,137.96
1585672447942,137.96
1585672447942,137.96
1585672447942,137.96
1585672447942,137.96
1585672447942,137.96
1585672447942,137.96
1585672447942,137.96
1585672447942,137.96
1585672447942,137.96
1585672447942,137.96
1585672447942,137.96
1585672612581,137.97
1585672612581,137.97
1585672637094,138.11
1585672637094,138.11
1585672637094,138.11
1585672637094,138.11
1585672637094,138.11
1585672637094,138.11
1585672637094,138.11
1585672637094,138.11
1585672637094,138.11
1585672724954,137.74
1585672724954,137.74
1585672724954,137.74
1585672724954,137.74
1585672724954,137.74
1585672724954,137.74
1585672724954,137.74
1585672724954,137.74
1585672724954,137.74
1585672724954,137.74
1585672724954,137.74
1585672724954,137.74
1585672724954,137.74
1585672724954,137.74
1585672724954,137.74
1585672724954,137.74
1585672724954,137.74
1585672724954,137.74
1585672724954,137.74
1585672724954,137.74
1585672724954,137.74
1585672724954,137.74
1585672724954,137.74
1585672977144,138.1
1585672977144,138.1
1585672977144,138.1
1585673002013,138.23
1585673015677,138.23
1585673031836,138.305
1585673032948,138.265
1585673032948,138.265
1585673032948,138.265
1585673032948,138.265
1585673032948,138.265
1585673032948,138.265
1585673032948,138.265
1585673032948,138.265
1585673032948,138.265
1585673032948,138.265
1585673032948,138.265
1585673032948,138.265
1585673032948,138.265
1585673032948,138.265
1585673032948,138.265
1585673032948,138.265
1585673032948,138.265
1585673032948,138.265
1585673032948,138.265
1585673032948,138.265
1585673032948,138.265
1585673032948,138.265
1585673266557,138.04
1585673266557,138.04
1585673266557,138.04
1585673266557,138.04
1585673266557,138.04
1585673322595,138.195
1585673322595,138.195
1585673322595,138.195
1585673322595,138.195
1585673322595,138.195
1585673322595,138.195
1585673322595,138.195
1585673322595,138.195
1585673322595,138.195
1585673412514,138.05
1585673431426,138.11
1585673431426,138.11
1585673431426,138.11
1585673431426,138.11
1585673431426,138.11
1585673431426,138.11
1585673431426,138.11
1585673431426,138.11
1585673431426,138.11
1585673527036,138.1
1585673535047,138.285
1585673535047,138.285
1585673535047,138.285
1585673535047,138.285
1585673535047,138.285
1585673535047,138.285
1585673535047,138.285
1585673604825,138.15
1585673604825,138.15
1585673604825,138.15
1585673604825,138.15
1585673604825,138.15
1585673604825,138.15
1585673604825,138.15
1585673604825,138.15
1585673604825,138.15
1585673604825,138.15
1585673604825,138.15
1585673604825,138.15
1585673604825,138.15
1585673753683,138.16
1585673753683,138.16
1585673753683,138.16
1585673753683,138.16
1585673792331,138.03
1585673792331,138.03
1585673792331,138.03
1585673792331,138.03
1585673792331,138.03
1585673792331,138.03
1585673792331,138.03
1585673792331,138.03
1585673792331,138.03
1585673792331,138.03
1585673792331,138.03
1585673792331,138.03
1585673792331,138.03
1585673792331,138.03
1585673792331,138.03
1585673792331,138.03
1585673792331,138.03
1585673971316,138.115
1585673971316,138.115
1585673971316,138.115
1585673971316,138.115
1585673971316,138.115
1585673971316,138.115
1585674039509,138.09
1585674039509,138.09
1585674039509,138.09
1585674069534,138.005
1585674069534,138.005
1585674086048,138.25
1585674104962,138.215
1585674104962,138.215
1585674123689,138.06
1585674123689,138.06
1585674123689,138.06
1585674123689,138.06
1585674158587,138.16
1585674158587,138.16
1585674158587,138.16
1585674158587,138.16
1585674208578,138.305
1585674208578,138.305
1585674208578,138.305
1585674208578,138.305
1585674208578,138.305
1585674208578,138.305
1585674272075,138.11
1585674272075,138.11
1585674272075,138.11
1585674301186,138.055
1585674301186,138.055
1585674301186,138.055
1585674335939,137.965
1585674335939,137.965
1585674335939,137.965
1585674335939,137.965
1585674335939,137.965
1585674335939,137.965
1585674335939,137.965
1585674335939,137.965
1585674421395,137.98
1585674421395,137.98
1585674421395,137.98
1585674421395,137.98
1585674421395,137.98
1585674421395,137.98
1585674421395,137.98
1585674421395,137.98
1585674421395,137.98
1585674421395,137.98
1585674523579,137.83
1585674523579,137.83
1585674523579,137.83
1585674523579,137.83
1585674523579,137.83
1585674523579,137.83
1585674523579,137.83
1585674523579,137.83
1585674523579,137.83
1585674618776,138.07
1585674618776,138.07
1585674618776,138.07
1585674618776,138.07
1585674618776,138.07
1585674618776,138.07
1585674618776,138.07
1585674692122,138.065
1585674692122,138.065
1585674692122,138.065
1585674692122,138.065
1585674692122,138.065
1585674692122,138.065
1585674751394,138.1
1585674751394,138.1
1585674779772,138.035
1585674779772,138.035
1585674779772,138.035
1585674804892,138.04
1585674804892,138.04
1585674822578,137.995
1585674822578,137.995
1585674822578,137.995
1585674822578,137.995
1585674822578,137.995
1585674822578,137.995
1585674891092,138.145
1585674891092,138.145
1585674910719,137.99
1585674910719,137.99
1585674910719,137.99
1585674944354,137.925
1585674944354,137.925
1585674944354,137.925
1585674944354,137.925
1585674944354,137.925
1585674944354,137.925
1585674944354,137.925
1585674944354,137.925
1585674944354,137.925
1585674944354,137.925
1585674944354,137.925
1585675056483,137.72
1585675056483,137.72
1585675083459,137.84
1585675083459,137.84
1585675083459,137.84
1585675083459,137.84
1585675083459,137.84
1585675136591,137.81
1585675136591,137.81
1585675136591,137.81
1585675136591,137.81
1585675136591,137.81
1585675136591,137.81
1585675136591,137.81
1585675209284,137.835
1585675209284,137.835
1585675222620,137.91
1585675222620,137.91
1585675222620,137.91
1585675222620,137.91
1585675222620,137.91
1585675222620,137.91
1585675222620,137.91
1585675222620,137.91
1585675222620,137.91
1585675222620,137.91
1585675222620,137.91
1585675222620,137.91
1585675222620,137.91
1585675365857,137.69
1585675365857,137.69
1585675365857,137.69
1585675365857,137.69
1585675365857,137.69
1585675365857,137.69
1585675365857,137.69
1585675433098,137.82
1585675433098,137.82
1585675433098,137.82
1585675433098,137.82
1585675486414,137.78
1585675496024,137.86
1585675506315,138.05
1585675506315,138.05
1585675520113,138.035
1585675537815,138.105
1585675537815,138.105
1585675559093,138.185
1585675565142,138.125
1585675581096,138.19
1585675581096,138.19
1585675581096,138.19
1585675606789,138.11
1585675606789,138.11
1585675606789,138.11
1585675638565,138.075
1585675638565,138.075
1585675638565,138.075
1585675676271,138.26
1585675685460,138.28
1585675694593,138.1
1585675704249,138.13
1585675717224,138.135
1585675717224,138.135
1585675732432,138.215
1585675747838,138.22
1585675747838,138.22
1585675747838,138.22
1585675779412,138.25
1585675790045,138.205
1585675790045,138.205
1585675790045,138.205
1585675790045,138.205
1585675790045,138.205
1585675790045,138.205
1585675790045,138.205
1585675790045,138.205
1585675790045,138.205
1585675790045,138.205
1585675891108,138.24
1585675906626,138.33
1585675906626,138.33
1585675906626,138.33
1585675906626,138.33
1585675941780,138.57
1585675941780,138.57
1585675941780,138.57
1585675941780,138.57
1585675941780,138.57
1585675941780,138.57
1585675941780,138.57
1585675941780,138.57
1585676031080,138.4
1585676031080,138.4
1585676050447,138.38
1585676050447,138.38
1585676050447,138.38
1585676050447,138.38
1585676050447,138.38
1585676050447,138.38
1585676050447,138.38
1585676050447,138.38
1585676050447,138.38
1585676050447,138.38
1585676050447,138.38
1585676050447,138.38
1585676050447,138.38
1585676050447,138.38
1585676050447,138.38
1585676207892,138.71
1585676207892,138.71
1585676207892,138.71
1585676207892,138.71
1585676252751,138.79
1585676252751,138.79
1585676252751,138.79
1585676252751,138.79
1585676252751,138.79
1585676252751,138.79
1585676252751,138.79
1585676317139,138.63
1585676317139,138.63
1585676317139,138.63
1585676317139,138.63
1585676317139,138.63
1585676317139,138.63
1585676388150,138.59
1585676388150,138.59
1585676401830,138.48
1585676401830,138.48
1585676401830,138.48
1585676401830,138.48
1585676401830,138.48
1585676401830,138.48
1585676401830,138.48
1585676401830,138.48
1585676401830,138.48
1585676401830,138.48
1585676401830,138.48
1585676401830,138.48
1585676401830,138.48
1585676542072,138.56
1585676542072,138.56
1585676562146,138.44
1585676562146,138.44
1585676562146,138.44
1585676562146,138.44
1585676562146,138.44
1585676619940,138.53
1585676619940,138.53
1585676619940,138.53
1585676619940,138.53
1585676619940,138.53
1585676664138,138.405
1585676664138,138.405
1585676691478,138.315
1585676700934,138.38
1585676700934,138.38
1585676700934,138.38
1585676734964,138.375
1585676734964,138.375
1585676752597,138.32
1585676752597,138.32
1585676778512,138.42
1585676778512,138.42
1585676778512,138.42
1585676778512,138.42
1585676778512,138.42
1585676778512,138.42
1585676778512,138.42
1585676778512,138.42
1585676778512,138.42
1585676778512,138.42
1585676778512,138.42
1585676892753,138.435
1585676892753,138.435
1585676892753,138.435
1585676892753,138.435
1585676892753,138.435
1585676942429,138.49
1585676942429,138.49
1585676942429,138.49
1585676942429,138.49
1585676942429,138.49
1585676942429,138.49
1585676942429,138.49
1585677017271,138.32
1585677028127,138.35
1585677031169,138.35
1585677031169,138.35
1585677031169,138.35
1585677031169,138.35
1585677031169,138.35
1585677031169,138.35
1585677031169,138.35
1585677031169,138.35
1585677031169,138.35
1585677031169,138.35
1585677031169,138.35
1585677031169,138.35
1585677031169,138.35
1585677031169,138.35
1585677031169,138.35
1585677031169,138.35
1585677031169,138.35
1585677031169,138.35
1585677229992,138.485
1585677237960,138.44
1585677248305,138.18
1585677254016,138.225
1585677254016,138.225
1585677254016,138.225
1585677254016,138.225
1585677296469,138.205
1585677296469,138.205
1585677296469,138.205
1585677334703,138.42
1585677344727,138.33
1585677353449,138.295
1585677362423,138.255
1585677362423,138.255
1585677362423,138.255
1585677390842,138.46
1585677390842,138.46
1585677390842,138.46
1585677424409,138.49
1585677424409,138.49
1585677449308,138.57
1585677449308,138.57
1585677449308,138.57
1585677473160,138.505
1585677493340,138.82
1585677495560,138.8
1585677495560,138.8
1585677495560,138.8
1585677534607,138.78
1585677534607,138.78
1585677534607,138.78
1585677534607,138.78
1585677576411,138.695
1585677576411,138.695
1585677593997,138.73
1585677606360,138.705
1585677606360,138.705
1585677626264,138.645
1585677640725,138.625
1585677652760,138.635
1585677652760,138.635
1585677652760,138.635
1585677652760,138.635
1585677687442,138.6
1585677687442,138.6
1585677714478,138.6
1585677714478,138.6
1585677714478,138.6
1585677746482,138.71
1585677746482,138.71
1585677746482,138.71
1585677746482,138.71
1585677746482,138.71
1585677798525,138.505
1585677798525,138.505
1585677820131,138.585
1585677820131,138.585
1585677837971,138.32
1585677837971,138.32
1585677837971,138.32
1585677837971,138.32
1585677877635,138.39
1585677877635,138.39
1585677902261,138.545
1585677902261,138.545
1585677922552,138.42
1585677922552,138.42
1585677922552,138.42
1585677922552,138.42
1585677966073,138.31
1585677966073,138.31
1585677966073,138.31
1585677966073,138.31
1585678001285,138.36
1585678020291,138.295
1585678020291,138.295
1585678020291,138.295
1585678020291,138.295
1585678020291,138.295
1585678020291,138.295
1585678020291,138.295
1585678020291,138.295
1585678020291,138.295
1585678108752,138.435
1585678108752,138.435
1585678108752,138.435
1585678108752,138.435
1585678108752,138.435
1585678108752,138.435
1585678108752,138.435
1585678108752,138.435
1585678108752,138.435
1585678108752,138.435
1585678215039,138.59
1585678231050,138.62
1585678231050,138.62
1585678249007,138.585
1585678249007,138.585
1585678249007,138.585
1585678249007,138.585
1585678249007,138.585
1585678249007,138.585
1585678249007,138.585
1585678249007,138.585
1585678249007,138.585
1585678249007,138.585
1585678249007,138.585
1585678249007,138.585
1585678376540,138.66
1585678387267,138.62
1585678387267,138.62
1585678387267,138.62
1585678413563,138.575
1585678430926,138.52
1585678440396,138.56
1585678443813,138.51
1585678443813,138.51
1585678443813,138.51
1585678443813,138.51
1585678487349,138.44
1585678502033,138.445
1585678502033,138.445
1585678525066,138.465
1585678525066,138.465
1585678525066,138.465
1585678525066,138.465
1585678565342,138.325
1585678577558,138.275
1585678577558,138.275
1585678601313,138.32
1585678601313,138.32
1585678613846,138.34
1585678632963,138.31
1585678632963,138.31
1585678632963,138.31
1585678632963,138.31
1585678632963,138.31
1585678632963,138.31
1585678632963,138.31
1585678703729,138.265
1585678713362,138.185
1585678713362,138.185
1585678713362,138.185
1585678713362,138.185
1585678760113,138.345
1585678760113,138.345
1585678781966,138.22
1585678781966,138.22
1585678781966,138.22
1585678813813,138.35
1585678813813,138.35
1585678831398,138.37
1585678842477,138.36
1585678853601,138.275
1585678861997,138.175
1585678861997,138.175
1585678861997,138.175
1585678861997,138.175
1585678861997,138.175
1585678919003,138.24
1585678922206,138.27
1585678938130,138.245
1585678938130,138.245
1585678938130,138.245
1585678970945,138.41
1585678970945,138.41
1585678970945,138.41
1585679001744,138.46
1585679012380,138.37
1585679018475,138.345
1585679018475,138.345
1585679018475,138.345
1585679018475,138.345
1585679018475,138.345
1585679068998,138.31
1585679068998,138.31
1585679089737,138.295
1585679107498,138.26
1585679114267,138.3
1585679126916,138.275
1585679126916,138.275
1585679126916,138.275
1585679157759,138.355
1585679157759,138.355
1585679178207,138.265
1585679178207,138.265
1585679178207,138.265
1585679178207,138.265
1585679178207,138.265
1585679178207,138.265
1585679239249,138.245
1585679254424,138.32
1585679269005,138.32
1585679269005,138.32
1585679269005,138.32
1585679269005,138.32
1585679269005,138.32
1585679269005,138.32
1585679269005,138.32
1585679269005,138.32
1585679269005,138.32
1585679363773,138.43
1585679365497,138.445
1585679365497,138.445
1585679365497,138.445
1585679397551,138.475
1585679397551,138.475
1585679397551,138.475
1585679397551,138.475
1585679397551,138.475
1585679397551,138.475
1585679397551,138.475
1585679397551,138.475
1585679397551,138.475
1585679397551,138.475
1585679505909,138.495
1585679519897,138.54
1585679533315,138.47
1585679533315,138.47
1585679533315,138.47
1585679533315,138.47
1585679533315,138.47
1585679533315,138.47
1585679533315,138.47
1585679607602,138.51
1585679623346,138.62
1585679623346,138.62
1585679623346,138.62
1585679623346,138.62
1585679623346,138.62
1585679623346,138.62
1585679683539,138.685
1585679683539,138.685
1585679703554,138.655
1585679703554,138.655
1585679703554,138.655
1585679740477,138.525
1585679740477,138.525
1585679760731,138.53
1585679760731,138.53
1585679760731,138.53
1585679760731,138.53
1585679803250,138.59
1585679806890,138.53
1585679806890,138.53
1585679806890,138.53
1585679806890,138.53
1585679856727,138.68
1585679866353,138.645
1585679876463,138.68
1585679876463,138.68
1585679890591,138.685
1585679908807,138.87
1585679916336,138.9
1585679925952,138.83
1585679925952,138.83
1585679947898,138.77
1585679959400,138.76
1585679969226,138.775
1585679969226,138.775
1585679989899,138.88
1585680004092,138.83
1585680012943,138.65
1585680016574,138.665
1585680029957,138.63
1585680047152,138.54
1585680057175,138.52
1585680061601,138.53
1585680061601,138.53
1585680061601,138.53
1585680061601,138.53
1585680061601,138.53
1585680118468,138.56
1585680118468,138.56
1585680118468,138.56
1585680118468,138.56
1585680118468,138.56
1585680118468,138.56
1585680118468,138.56
1585680118468,138.56
1585680118468,138.56
1585680209192,138.76
1585680209192,138.76
1585680234317,138.72
1585680234317,138.72
1585680257628,138.795
1585680257628,138.795
1585680257628,138.795
1585680285396,138.71
1585680285396,138.71
1585680309217,138.525
1585680309217,138.525
1585680330151,138.305
1585680341064,138.385
1585680348984,138.29
1585680348984,138.29
1585680348984,138.29
1585680348984,138.29
1585680392789,138.435
1585680402383,138.445
1585680414798,138.37
1585680424157,138.37
1585680436281,138.465
1585680436281,138.465
1585680454957,138.47
1585680464043,138.52
1585680470095,138.54
1585680486380,138.6
1585680486380,138.6
1585680486380,138.6
1585680519482,138.48
1585680519482,138.48
1585680541679,138.42
1585680547623,138.3
1585680558689,138.35
1585680558689,138.35
1585680578201,138.355
1585680578201,138.355
1585680578201,138.355
1585680578201,138.355
1585680578201,138.355
1585680578201,138.355
1585680578201,138.355
1585680650463,138.545
1585680650463,138.545
1585680650463,138.545
1585680650463,138.545
1585680696306,138.665
1585680710545,138.595
1585680722110,138.62
1585680722110,138.62
1585680742128,138.67
1585680742128,138.67
1585680762536,138.72
1585680762536,138.72
1585680776262,138.73
1585680776262,138.73
1585680805767,138.48
1585680805767,138.48
1585680827339,138.44
1585680834353,138.57
1585680849594,138.52
1585680859247,138.515
1585680864043,138.46
1585680879120,138.51
1585680885893,138.495
1585680896536,138.49
1585680906160,138.47
1585680906160,138.47
1585680929093,138.41
1585680942411,138.415
1585680946315,138.505
1585680946315,138.505
1585680946315,138.505
1585680984494,138.47
1585680984494,138.47
1585680984494,138.47
1585680984494,138.47
1585680984494,138.47
1585681037591,138.59
1585681037591,138.59
1585681037591,138.59
1585681037591,138.59
1585681037591,138.59
1585681037591,138.59
1585681098405,138.495
1585681112509,138.46
1585681112509,138.46
1585681112509,138.46
1585681144579,138.51
1585681144579,138.51
1585681167616,138.505
1585681176270,138.44
1585681176270,138.44
1585681176270,138.44
