1585143024346,22.18
1585143024346,22.18
1585143024346,22.18
1585143024346,22.18
1585143099648,22.105
1585143099648,22.105
1585143099648,22.105
1585143099648,22.105
1585143142025,22.17
1585143142025,22.17
1585143142025,22.17
1585143142025,22.17
1585143142025,22.17
1585143142025,22.17
1585143142025,22.17
1585143142025,22.17
1585143142025,22.17
1585143142025,22.17
1585143142025,22.17
1585143142025,22.17
1585143142025,22.17
1585143142025,22.17
1585143142025,22.17
1585143142025,22.17
1585143142025,22.17
1585143142025,22.17
1585143142025,22.17
1585143142025,22.17
1585143142025,22.17
1585143142025,22.17
1585143142025,22.17
1585143383992,22.565
1585143383992,22.565
1585143383992,22.565
1585143383992,22.565
1585143383992,22.565
1585143383992,22.565
1585143383992,22.565
1585143453450,22.74
1585143453450,22.74
1585143453450,22.74
1585143453450,22.74
1585143453450,22.74
1585143509769,22.63
1585143509769,22.63
1585143532103,22.64
1585143532103,22.64
1585143532103,22.64
1585143532103,22.64
1585143532103,22.64
1585143579783,22.745
1585143595048,22.67
1585143606952,22.71
1585143616717,22.755
1585143627415,22.72
1585143636382,22.67
1585143636382,22.67
1585143650445,22.645
1585143670796,22.575
1585143670796,22.575
1585143690741,22.58
1585143690741,22.58
1585143709256,22.595
1585143720047,22.565
1585143720047,22.565
1585143743789,22.575
1585143753295,22.565
1585143753295,22.565
1585143773113,22.515
1585143773113,22.515
1585143773113,22.515
1585143804976,22.4
1585143807637,22.34
1585143807637,22.34
1585143807637,22.34
1585143807637,22.34
1585143807637,22.34
1585143864100,22.48
1585143873596,22.455
1585143883498,22.5
1585143893353,22.515
1585143893353,22.515
1585143893353,22.515
1585143925665,22.425
1585143938415,22.43
1585143951632,22.53
1585143951632,22.53
1585143951632,22.53
1585143984299,22.505
1585143994354,22.44
1585143994354,22.44
1585144013184,22.45
1585144023546,22.49
1585144032493,22.465
1585144044568,22.455
1585144054144,22.51
1585144065065,22.48
1585144065065,22.48
1585144065065,22.48
1585144065065,22.48
1585144103565,22.485
1585144115403,22.455
1585144115403,22.455
1585144115403,22.455
1585144144333,22.44
1585144163688,22.42
1585144163688,22.42
1585144163688,22.42
1585144193204,22.45
1585144196080,22.47
1585144196080,22.47
1585144225655,22.53
1585144235911,22.56
1585144239523,22.5
1585144248509,22.53
1585144248509,22.53
1585144278895,22.46
1585144288929,22.47
1585144299779,22.35
1585144299779,22.35
1585144299779,22.35
1585144321156,22.47
1585144337579,22.4
1585144344143,22.37
1585144352331,22.33
1585144352331,22.33
1585144383356,22.46
1585144390935,22.38
1585144390935,22.38
1585144407642,22.285
1585144407642,22.285
1585144407642,22.285
1585144407642,22.285
1585144453202,22.19
1585144464471,22.15
1585144464471,22.15
1585144464471,22.15
1585144464471,22.15
1585144464471,22.15
1585144509095,22.195
1585144524680,22.145
1585144524680,22.145
1585144524680,22.145
1585144524680,22.145
1585144524680,22.145
1585144524680,22.145
1585144524680,22.145
1585144524680,22.145
1585144524680,22.145
1585144524680,22.145
1585144524680,22.145
1585144524680,22.145
1585144651122,22.4
1585144651122,22.4
1585144651122,22.4
1585144651122,22.4
1585144651122,22.4
1585144651122,22.4
1585144651122,22.4
1585144651122,22.4
1585144651122,22.4
1585144651122,22.4
1585144651122,22.4
1585144651122,22.4
1585144651122,22.4
1585144651122,22.4
1585144651122,22.4
1585144651122,22.4
1585144824507,22.2
1585144824507,22.2
1585144824507,22.2
1585144857512,22.175
1585144863733,22.16
1585144863733,22.16
1585144884667,22.16
1585144901255,22.3
1585144901255,22.3
1585144901255,22.3
1585144901255,22.3
1585144939906,22.245
1585144943702,22.18
1585144963003,22.16
1585144963003,22.16
1585144984034,22.175
1585144984034,22.175
1585144984034,22.175
1585144984034,22.175
1585144984034,22.175
1585144984034,22.175
1585144984034,22.175
1585144984034,22.175
1585145064063,22.115
1585145064063,22.115
1585145064063,22.115
1585145064063,22.115
1585145064063,22.115
1585145064063,22.115
1585145129970,22.2
1585145129970,22.2
1585145129970,22.2
1585145129970,22.2
1585145129970,22.2
1585145129970,22.2
1585145184643,22.185
1585145184643,22.185
1585145184643,22.185
1585145184643,22.185
1585145184643,22.185
1585145244410,22.215
1585145247501,22.195
1585145258767,22.17
1585145269472,22.16
1585145269472,22.16
1585145269472,22.16
1585145302791,22.2
1585145302791,22.2
1585145324336,22.24
1585145324336,22.24
1585145324336,22.24
1585145324336,22.24
1585145364628,22.225
1585145379635,22.285
1585145379635,22.285
1585145379635,22.285
1585145379635,22.285
1585145416844,22.245
1585145424769,22.23
1585145441340,22.185
1585145441340,22.185
1585145462509,22.17
1585145468834,22.17
1585145484891,22.155
1585145484891,22.155
1585145505856,22.15
1585145515728,22.185
1585145515728,22.185
1585145533327,22.18
1585145547859,22.16
1585145547859,22.16
1585145559460,22.14
1585145559460,22.14
1585145583681,22.19
1585145594512,22.155
1585145594512,22.155
1585145594512,22.155
1585145594512,22.155
1585145594512,22.155
1585145594512,22.155
1585145594512,22.155
1585145665369,22.19
1585145665369,22.19
1585145665369,22.19
1585145665369,22.19
1585145665369,22.19
1585145665369,22.19
1585145665369,22.19
1585145665369,22.19
1585145665369,22.19
1585145665369,22.19
1585145665369,22.19
1585145665369,22.19
1585145665369,22.19
1585145665369,22.19
1585145665369,22.19
1585145665369,22.19
1585145834621,22.295
1585145844798,22.28
1585145844798,22.28
1585145866021,22.24
1585145873560,22.235
1585145873560,22.235
1585145873560,22.235
1585145904913,22.21
1585145904913,22.21
1585145926459,22.3
1585145926459,22.3
1585145926459,22.3
1585145957869,22.39
1585145957869,22.39
1585145957869,22.39
1585145957869,22.39
1585145957869,22.39
1585145957869,22.39
1585146025225,22.37
1585146025225,22.37
1585146025225,22.37
1585146025225,22.37
1585146067106,22.29
1585146079093,22.275
1585146085445,22.29
1585146099797,22.305
1585146099797,22.305
1585146099797,22.305
1585146133265,22.365
1585146133265,22.365
1585146133265,22.365
1585146133265,22.365
1585146133265,22.365
1585146178010,22.305
1585146196668,22.285
1585146196668,22.285
1585146216787,22.27
1585146216787,22.27
1585146216787,22.27
1585146216787,22.27
1585146216787,22.27
1585146262641,22.26
1585146262641,22.26
1585146262641,22.26
1585146297491,22.24
1585146297491,22.24
1585146297491,22.24
1585146324809,22.26
1585146324809,22.26
1585146324809,22.26
1585146324809,22.26
1585146370758,22.17
1585146382055,22.195
1585146382055,22.195
1585146399108,22.22
1585146410084,22.24
1585146410084,22.24
1585146410084,22.24
1585146410084,22.24
1585146410084,22.24
1585146410084,22.24
1585146410084,22.24
1585146410084,22.24
1585146410084,22.24
1585146505228,22.295
1585146505228,22.295
1585146505228,22.295
1585146505228,22.295
1585146505228,22.295
1585146505228,22.295
1585146565351,22.32
1585146576659,22.33
1585146588439,22.32
1585146588439,22.32
1585146605697,22.36
1585146605697,22.36
1585146634405,22.41
1585146634405,22.41
1585146634405,22.41
1585146634405,22.41
1585146634405,22.41
1585146634405,22.41
1585146634405,22.41
1585146634405,22.41
1585146634405,22.41
1585146634405,22.41
1585146736523,22.38
1585146744759,22.39
1585146744759,22.39
1585146744759,22.39
1585146744759,22.39
1585146744759,22.39
1585146744759,22.39
1585146744759,22.39
1585146813676,22.325
1585146813676,22.325
1585146839806,22.35
1585146839806,22.35
1585146839806,22.35
1585146839806,22.35
1585146839806,22.35
1585146839806,22.35
1585146899354,22.42
1585146908989,22.44
1585146908989,22.44
1585146930321,22.43
1585146930321,22.43
1585146930321,22.43
1585146930321,22.43
1585146930321,22.43
1585146990163,22.44
1585146990163,22.44
1585146990163,22.44
1585146990163,22.44
1585146990163,22.44
1585146990163,22.44
1585146990163,22.44
1585146990163,22.44
1585146990163,22.44
1585146990163,22.44
1585146990163,22.44
1585146990163,22.44
1585146990163,22.44
1585146990163,22.44
1585146990163,22.44
1585146990163,22.44
1585146990163,22.44
1585146990163,22.44
1585146990163,22.44
1585147185866,22.63
1585147185866,22.63
1585147185866,22.63
1585147216617,22.7
1585147216617,22.7
1585147233537,22.64
1585147233537,22.64
1585147233537,22.64
1585147233537,22.64
1585147233537,22.64
1585147233537,22.64
1585147302844,22.68
1585147308563,22.65
1585147319276,22.6
1585147327498,22.64
1585147345148,22.61
1585147353836,22.65
1585147353836,22.65
1585147374635,22.635
1585147374635,22.635
1585147374635,22.635
1585147405283,22.555
1585147409099,22.56
1585147424964,22.56
1585147424964,22.56
1585147424964,22.56
1585147424964,22.56
1585147468887,22.5
1585147481363,22.54
1585147484798,22.55
1585147484798,22.55
1585147484798,22.55
1585147484798,22.55
1585147525674,22.66
1585147525674,22.66
1585147525674,22.66
1585147525674,22.66
1585147573257,22.68
1585147585806,22.675
1585147585806,22.675
1585147585806,22.675
1585147585806,22.675
1585147585806,22.675
1585147585806,22.675
1585147640412,22.615
1585147640412,22.615
1585147640412,22.615
1585147640412,22.615
1585147640412,22.615
1585147640412,22.615
1585147705242,22.72
1585147705242,22.72
1585147705242,22.72
1585147705242,22.72
1585147747155,22.685
1585147747155,22.685
1585147747155,22.685
1585147747155,22.685
1585147747155,22.685
1585147747155,22.685
1585147807444,22.71
1585147807444,22.71
1585147807444,22.71
1585147847571,22.8
1585147847571,22.8
1585147847571,22.8
1585147871036,22.81
1585147871036,22.81
1585147871036,22.81
1585147908327,22.855
1585147908327,22.855
1585147927425,22.85
1585147933844,22.84
1585147933844,22.84
1585147954433,22.84
1585147954433,22.84
1585147979140,22.88
1585147990373,22.89
1585147990373,22.89
1585147990373,22.89
1585147990373,22.89
1585148029154,22.9
1585148029154,22.9
1585148029154,22.9
1585148065861,22.865
1585148074423,22.88
1585148086192,22.89
1585148095425,22.86
1585148101345,22.86
1585148118739,22.875
1585148118739,22.875
1585148118739,22.875
1585148143604,22.92
1585148143604,22.92
1585148162261,22.97
1585148174561,22.93
1585148174561,22.93
1585148174561,22.93
1585148205391,22.95
1585148218046,23.01
1585148218046,23.01
1585148218046,23.01
1585148249699,23
1585148249699,23
1585148249699,23
1585148249699,23
1585148287608,23.02
1585148287608,23.02
1585148287608,23.02
1585148287608,23.02
1585148331103,23.14
1585148343214,23.12
1585148343214,23.12
1585148343214,23.12
1585148343214,23.12
1585148386685,23.15
1585148399731,23.11
1585148413656,23.12
1585148418437,23.14
1585148418437,23.14
1585148418437,23.14
1585148418437,23.14
1585148418437,23.14
1585148418437,23.14
1585148486579,23.2
1585148486579,23.2
1585148486579,23.2
1585148486579,23.2
1585148522286,23.26
1585148522286,23.26
1585148522286,23.26
1585148522286,23.26
1585148522286,23.26
1585148522286,23.26
1585148522286,23.26
1585148594522,23.2
1585148594522,23.2
1585148594522,23.2
1585148594522,23.2
1585148594522,23.2
1585148594522,23.2
1585148661749,23.24
1585148661749,23.24
1585148661749,23.24
1585148661749,23.24
1585148661749,23.24
1585148661749,23.24
1585148661749,23.24
1585148661749,23.24
1585148743091,23.21
1585148743091,23.21
1585148762974,23.16
1585148762974,23.16
1585148785555,23.23
1585148785555,23.23
1585148800675,23.23
1585148800675,23.23
1585148800675,23.23
1585148800675,23.23
1585148845708,23.255
1585148859412,23.26
1585148859412,23.26
1585148859412,23.26
1585148859412,23.26
1585148859412,23.26
1585148859412,23.26
1585148859412,23.26
1585148859412,23.26
1585148859412,23.26
1585148950970,23.31
1585148950970,23.31
1585148950970,23.31
1585148950970,23.31
1585148950970,23.31
1585149007265,23.31
1585149007265,23.31
1585149026098,23.31
1585149030056,23.32
1585149050133,23.31
1585149057062,23.315
1585149057062,23.315
1585149057062,23.315
1585149091849,23.21
1585149091849,23.21
1585149091849,23.21
1585149121231,23.28
1585149121231,23.28
1585149138862,23.325
1585149147009,23.33
1585149147009,23.33
1585149173625,23.23
1585149173625,23.23
1585149187682,23.275
1585149202057,23.22
1585149211524,23.21
1585149222667,23.295
1585149233195,23.29
1585149233195,23.29
1585149233195,23.29
1585149233195,23.29
1585149233195,23.29
1585149233195,23.29
1585149299936,23.415
1585149299936,23.415
1585149299936,23.415
1585149299936,23.415
1585149341347,23.41
1585149353196,23.325
1585149360734,23.33
1585149360734,23.33
1585149376621,23.415
1585149376621,23.415
1585149401413,23.43
1585149401413,23.43
1585149427841,23.355
1585149429237,23.355
1585149429237,23.355
1585149455386,23.415
1585149461456,23.42
1585149461456,23.42
1585149490374,23.425
1585149490374,23.425
1585149490374,23.425
1585149522554,23.465
1585149522554,23.465
1585149522554,23.465
1585149522554,23.465
1585149564133,23.425
1585149566606,23.395
1585149566606,23.395
1585149566606,23.395
1585149566606,23.395
1585149566606,23.395
1585149566606,23.395
1585149630732,23.405
1585149641714,23.405
1585149641714,23.405
1585149641714,23.405
1585149674782,23.365
1585149680067,23.335
1585149680067,23.335
1585149703176,23.39
1585149703176,23.39
1585149703176,23.39
1585149703176,23.39
1585149744402,23.31
1585149755457,23.225
1585149755457,23.225
1585149755457,23.225
1585149755457,23.225
1585149755457,23.225
1585149808719,23.2
1585149822133,23.225
1585149822133,23.225
1585149822133,23.225
1585149848839,23.24
1585149865966,23.295
1585149865966,23.295
1585149865966,23.295
1585149865966,23.295
1585149865966,23.295
1585149865966,23.295
1585149927059,23.33
1585149938116,23.315
1585149938116,23.315
1585149955485,23.33
1585149955485,23.33
1585149955485,23.33
1585149988265,23.3
1585149988265,23.3
1585149988265,23.3
1585149988265,23.3
1585149988265,23.3
1585150043768,23.335
1585150052516,23.345
1585150059087,23.33
1585150059087,23.33
1585150059087,23.33
1585150086872,23.29
1585150086872,23.29
1585150111766,23.255
1585150119682,23.255
1585150119682,23.255
1585150119682,23.255
1585150119682,23.255
1585150119682,23.255
1585150119682,23.255
1585150185139,23.21
1585150199753,23.205
1585150208081,23.185
1585150208081,23.185
1585150228933,23.185
1585150241490,23.19
1585150244830,23.165
1585150244830,23.165
1585150244830,23.165
1585150244830,23.165
1585150244830,23.165
1585150244830,23.165
1585150314199,23.27
1585150320023,23.28
1585150334224,23.29
1585150347017,23.3
1585150347017,23.3
1585150362061,23.23
1585150362061,23.23
1585150380018,23.215
1585150395250,23.205
1585150395250,23.205
1585150420924,23.165
1585150421733,23.16
1585150421733,23.16
1585150421733,23.16
1585150421733,23.16
1585150421733,23.16
1585150421733,23.16
1585150421733,23.16
1585150421733,23.16
1585150421733,23.16
1585150524536,23.22
1585150526850,23.22
1585150545839,23.22
1585150556864,23.17
1585150556864,23.17
1585150573360,23.23
1585150588575,23.245
1585150592384,23.26
1585150592384,23.26
1585150592384,23.26
1585150592384,23.26
1585150640640,23.32
1585150643502,23.33
1585150659255,23.31
1585150659255,23.31
1585150678488,23.33
1585150690402,23.3
1585150690402,23.3
1585150690402,23.3
1585150721230,23.23
1585150721230,23.23
1585150737205,23.21
1585150754844,23.215
1585150754844,23.215
1585150754844,23.215
1585150782281,23.225
1585150794715,23.2
1585150794715,23.2
1585150809730,23.215
1585150827029,23.205
1585150839244,23.25
1585150839244,23.25
1585150857375,23.165
1585150857375,23.165
1585150876848,23.165
1585150876848,23.165
1585150901453,23.18
1585150911407,23.185
1585150911407,23.185
1585150930730,23.225
1585150939086,23.21
1585150939086,23.21
1585150961546,23.205
1585150975211,23.19
1585150975211,23.19
1585150975211,23.19
1585150975211,23.19
1585151018385,23.205
1585151022531,23.165
1585151032986,23.175
1585151032986,23.175
1585151032986,23.175
1585151032986,23.175
1585151079156,23.05
1585151081802,23.055
1585151081802,23.055
1585151081802,23.055
1585151081802,23.055
1585151081802,23.055
1585151081802,23.055
1585151081802,23.055
1585151081802,23.055
1585151081802,23.055
1585151081802,23.055
1585151195824,23.035
1585151201992,23.055
1585151201992,23.055
1585151201992,23.055
1585151230871,23.05
1585151230871,23.05
1585151230871,23.05
1585151262048,23.045
1585151262048,23.045
1585151281489,23.085
1585151301708,23.155
1585151301708,23.155
1585151322165,23.16
1585151322165,23.16
1585151322165,23.16
1585151345452,23.18
1585151345452,23.18
1585151371827,23.195
1585151371827,23.195
1585151371827,23.195
1585151371827,23.195
1585151409808,23.195
1585151409808,23.195
1585151437615,23.185
1585151437615,23.185
1585151437615,23.185
1585151464803,23.18
1585151464803,23.18
1585151464803,23.18
1585151464803,23.18
1585151464803,23.18
1585151464803,23.18
1585151532031,23.22
1585151532031,23.22
1585151532031,23.22
1585151532031,23.22
1585151532031,23.22
1585151532031,23.22
1585151532031,23.22
1585151532031,23.22
1585151532031,23.22
1585151618621,23.205
1585151618621,23.205
1585151618621,23.205
1585151656427,23.2
1585151656427,23.2
1585151675823,23.185
1585151687427,23.175
1585151687427,23.175
1585151701010,23.195
1585151714291,23.125
1585151714291,23.125
1585151714291,23.125
1585151742735,23.125
1585151755909,23.125
1585151755909,23.125
1585151781814,23.165
1585151781814,23.165
1585151801823,23.145
1585151801823,23.145
1585151801823,23.145
1585151801823,23.145
1585151801823,23.145
1585151856011,23.195
1585151859372,23.225
1585151859372,23.225
1585151859372,23.225
1585151859372,23.225
1585151859372,23.225
1585151859372,23.225
1585151928587,23.21
1585151928587,23.21
1585151928587,23.21
1585151928587,23.21
1585151928587,23.21
1585151982178,23.215
1585151982178,23.215
1585151982178,23.215
1585151982178,23.215
1585152026928,23.215
1585152029821,23.215
1585152029821,23.215
1585152029821,23.215
1585152029821,23.215
1585152029821,23.215
1585152089319,23.255
1585152089319,23.255
1585152102341,23.275
1585152102341,23.275
1585152102341,23.275
1585152102341,23.275
1585152102341,23.275
1585152162447,23.3
1585152162447,23.3
1585152162447,23.3
1585152162447,23.3
1585152201384,23.37
1585152201384,23.37
1585152219254,23.37
1585152219254,23.37
1585152219254,23.37
1585152219254,23.37
1585152219254,23.37
1585152219254,23.37
1585152219254,23.37
1585152219254,23.37
1585152219254,23.37
1585152219254,23.37
1585152219254,23.37
1585152219254,23.37
1585152351341,23.555
1585152351341,23.555
1585152351341,23.555
1585152351341,23.555
1585152351341,23.555
1585152351341,23.555
1585152351341,23.555
1585152351341,23.555
1585152351341,23.555
1585152351341,23.555
1585152351341,23.555
1585152464841,23.54
1585152464841,23.54
1585152464841,23.54
1585152464841,23.54
1585152500289,23.505
1585152500289,23.505
1585152528476,23.52
1585152528476,23.52
1585152528476,23.52
1585152528476,23.52
1585152528476,23.52
1585152528476,23.52
1585152528476,23.52
1585152528476,23.52
1585152528476,23.52
1585152528476,23.52
1585152528476,23.52
1585152643148,23.575
1585152651959,23.575
1585152651959,23.575
1585152651959,23.575
1585152651959,23.575
1585152688801,23.64
1585152703231,23.6
1585152703231,23.6
1585152703231,23.6
1585152703231,23.6
1585152703231,23.6
1585152703231,23.6
1585152703231,23.6
1585152703231,23.6
1585152703231,23.6
1585152800863,23.655
1585152800863,23.655
1585152800863,23.655
1585152823365,23.665
1585152823365,23.665
1585152823365,23.665
1585152823365,23.665
1585152866649,23.75
1585152882977,23.77
1585152882977,23.77
1585152904911,23.8
1585152907747,23.77
1585152907747,23.77
1585152907747,23.77
1585152907747,23.77
1585152953488,23.895
1585152953488,23.895
1585152953488,23.895
1585152953488,23.895
1585152953488,23.895
1585152953488,23.895
1585152953488,23.895
1585152953488,23.895
1585152953488,23.895
1585152953488,23.895
1585152953488,23.895
1585153071324,24
1585153071324,24
1585153071324,24
1585153071324,24
1585153071324,24
1585153122841,23.995
1585153127650,24.01
1585153127650,24.01
1585153127650,24.01
1585153162305,24.035
1585153162305,24.035
1585153162305,24.035
1585153162305,24.035
1585153203820,24.09
1585153211973,24.06
1585153211973,24.06
1585153243042,23.97
1585153243042,23.97
1585153243042,23.97
1585153243042,23.97
1585153243042,23.97
1585153243042,23.97
1585153303136,23.96
1585153303136,23.96
1585153303136,23.96
1585153303136,23.96
1585153303136,23.96
1585153303136,23.96
1585153363197,23.975
1585153363197,23.975
1585153388241,23.94
1585153396813,23.935
1585153396813,23.935
1585153396813,23.935
1585153423327,23.95
1585153423327,23.95
1585153448838,23.99
1585153461023,23.99
1585153461023,23.99
1585153461023,23.99
1585153461023,23.99
1585153502697,24.01
1585153502697,24.01
1585153521687,23.985
1585153521687,23.985
1585153543507,23.96
1585153543507,23.96
1585153543507,23.96
1585153543507,23.96
1585153543507,23.96
1585153543507,23.96
1585153605341,23.985
1585153619386,23.965
1585153623906,23.965
1585153623906,23.965
1585153651743,23.955
1585153659147,23.93
1585153671666,23.94
1585153675812,23.945
1585153675812,23.945
1585153701747,23.945
1585153701747,23.945
1585153701747,23.945
1585153701747,23.945
1585153701747,23.945
1585153701747,23.945
1585153701747,23.945
1585153701747,23.945
1585153701747,23.945
1585153792990,23.945
1585153808250,23.915
1585153808250,23.915
1585153808250,23.915
1585153808250,23.915
1585153843960,23.9
1585153856968,23.89
1585153856968,23.89
1585153856968,23.89
1585153856968,23.89
1585153896534,23.865
1585153896534,23.865
1585153896534,23.865
1585153929030,23.845
1585153929030,23.845
1585153951241,23.87
1585153951241,23.87
1585153970279,23.87
1585153970279,23.87
1585153970279,23.87
1585153970279,23.87
1585153970279,23.87
1585154022735,23.905
1585154022735,23.905
1585154022735,23.905
1585154022735,23.905
1585154022735,23.905
1585154022735,23.905
1585154022735,23.905
1585154022735,23.905
1585154022735,23.905
1585154113512,23.945
1585154128447,23.97
1585154128447,23.97
1585154128447,23.97
1585154128447,23.97
1585154128447,23.97
1585154128447,23.97
1585154128447,23.97
1585154128447,23.97
1585154128447,23.97
1585154128447,23.97
1585154128447,23.97
1585154128447,23.97
1585154252755,24.04
1585154252755,24.04
1585154281041,24.11
1585154287599,24.105
1585154287599,24.105
1585154287599,24.105
1585154287599,24.105
1585154324992,24.115
1585154324992,24.115
1585154324992,24.115
1585154362511,24.14
1585154362511,24.14
1585154383926,24.155
1585154383926,24.155
1585154406166,24.125
1585154406166,24.125
1585154406166,24.125
1585154431317,24.13
1585154444010,24.1
1585154444010,24.1
1585154444010,24.1
1585154444010,24.1
1585154444010,24.1
1585154444010,24.1
1585154504143,24.125
1585154504143,24.125
1585154523922,24.13
1585154523922,24.13
1585154523922,24.13
1585154563427,24.11
1585154564241,24.11
1585154583409,24.12
1585154583409,24.12
1585154597760,24.12
1585154597760,24.12
1585154597760,24.12
1585154597760,24.12
1585154641075,24.18
1585154641075,24.18
1585154641075,24.18
1585154641075,24.18
1585154685038,24.24
1585154696542,24.22
1585154701095,24.22
1585154701095,24.22
1585154728490,24.32
1585154728490,24.32
1585154741822,24.295
1585154760451,24.26
1585154768276,24.28
1585154768276,24.28
1585154783637,24.335
1585154795167,24.36
1585154795167,24.36
1585154795167,24.36
1585154829291,24.39
1585154829291,24.39
1585154829291,24.39
1585154829291,24.39
1585154870751,24.33
1585154870751,24.33
1585154870751,24.33
1585154870751,24.33
1585154913078,24.365
1585154913078,24.365
1585154936960,24.37
1585154941974,24.36
1585154941974,24.36
1585154941974,24.36
1585154941974,24.36
1585154941974,24.36
1585154941974,24.36
1585155011003,24.48
1585155011003,24.48
1585155011003,24.48
1585155011003,24.48
1585155011003,24.48
1585155011003,24.48
1585155011003,24.48
1585155011003,24.48
1585155011003,24.48
1585155011003,24.48
1585155011003,24.48
1585155011003,24.48
1585155011003,24.48
1585155146287,24.47
1585155146287,24.47
1585155146287,24.47
1585155146287,24.47
1585155146287,24.47
1585155146287,24.47
1585155146287,24.47
1585155146287,24.47
1585155146287,24.47
1585155146287,24.47
1585155146287,24.47
1585155146287,24.47
1585155267639,24.37
1585155267639,24.37
1585155287580,24.35
1585155298795,24.39
1585155315210,24.34
1585155315210,24.34
1585155315210,24.34
1585155344294,24.275
1585155344294,24.275
1585155344294,24.275
1585155372361,24.3
1585155372361,24.3
1585155391410,24.41
1585155404386,24.455
1585155411831,24.44
1585155411831,24.44
1585155411831,24.44
1585155450770,24.39
1585155450770,24.39
1585155450770,24.39
1585155478342,24.38
1585155483773,24.39
1585155483773,24.39
1585155483773,24.39
1585155483773,24.39
1585155483773,24.39
1585155536091,24.44
1585155555512,24.48
1585155555512,24.48
1585155555512,24.48
1585155585135,24.55
1585155596625,24.55
1585155604839,24.53
1585155611762,24.515
1585155611762,24.515
1585155611762,24.515
1585155644779,24.45
1585155644779,24.45
1585155669352,24.47
1585155669352,24.47
1585155669352,24.47
1585155669352,24.47
1585155669352,24.47
1585155669352,24.47
1585155669352,24.47
1585155669352,24.47
1585155669352,24.47
1585155669352,24.47
1585155774225,24.53
1585155774225,24.53
1585155787755,24.54
1585155787755,24.54
1585155812792,24.56
1585155812792,24.56
1585155812792,24.56
1585155847950,24.555
1585155847950,24.555
1585155847950,24.555
1585155872937,24.67
1585155884170,24.64
1585155884170,24.64
1585155884170,24.64
1585155884170,24.64
1585155930332,24.675
1585155930332,24.675
1585155945275,24.71
1585155945275,24.71
1585155945275,24.71
1585155985283,24.705
1585155988849,24.705
1585156005385,24.705
1585156016088,24.74
1585156026138,24.74
1585156026138,24.74
1585156026138,24.74
1585156026138,24.74
1585156064464,24.825
1585156064464,24.825
1585156064464,24.825
1585156064464,24.825
1585156109769,24.88
1585156109769,24.88
1585156109769,24.88
1585156109769,24.88
1585156147875,24.865
1585156163196,24.845
1585156163196,24.845
1585156163196,24.845
1585156163196,24.845
1585156206440,24.86
1585156216828,24.805
1585156216828,24.805
1585156216828,24.805
1585156244813,24.77
1585156244813,24.77
1585156244813,24.77
1585156244813,24.77
1585156291131,24.775
1585156301883,24.82
1585156309593,24.825
1585156309593,24.825
1585156331682,24.845
1585156331682,24.845
1585156331682,24.845
1585156365035,24.86
1585156374173,24.855
1585156383661,24.835
1585156383661,24.835
1585156406335,24.775
1585156410283,24.77
1585156410283,24.77
1585156440285,24.85
1585156440285,24.85
1585156440285,24.85
1585156463849,24.815
1585156475967,24.785
1585156475967,24.785
1585156496884,24.815
1585156496884,24.815
1585156521694,24.81
1585156521694,24.81
1585156545386,24.825
1585156555966,24.805
1585156563842,24.815
1585156573822,24.795
1585156573822,24.795
1585156593275,24.835
1585156605485,24.85
1585156614938,24.855
1585156631374,24.84
1585156638526,24.815
1585156645438,24.905
1585156655823,24.89
1585156665587,24.905
1585156682928,24.935
1585156682928,24.935
1585156702426,24.905
1585156713265,24.845
1585156713265,24.845
1585156713265,24.845
1585156713265,24.845
1585156752039,24.8
1585156752039,24.8
1585156776011,24.815
1585156785815,24.825
1585156798439,24.88
1585156798439,24.88
1585156814112,24.875
1585156827979,24.89
1585156827979,24.89
1585156844925,24.96
1585156844925,24.96
1585156844925,24.96
1585156844925,24.96
1585156844925,24.96
1585156844925,24.96
1585156906600,24.895
1585156921878,24.885
1585156927181,24.88
1585156927181,24.88
1585156927181,24.88
1585156965126,24.915
1585156972692,24.92
1585156986875,24.91
1585156986875,24.91
1585156986875,24.91
1585156986875,24.91
1585156986875,24.91
1585157037090,24.935
1585157037090,24.935
1585157037090,24.935
1585157037090,24.935
1585157075014,24.925
1585157075014,24.925
1585157075014,24.925
1585157075014,24.925
1585157075014,24.925
1585157126702,24.875
1585157126702,24.875
1585157126702,24.875
1585157126702,24.875
1585157170534,24.81
1585157181420,24.79
1585157181420,24.79
1585157181420,24.79
1585157181420,24.79
1585157181420,24.79
1585157235620,24.825
1585157242534,24.84
1585157242534,24.84
1585157242534,24.84
1585157242534,24.84
1585157242534,24.84
1585157293670,24.83
1585157293670,24.83
1585157317556,24.835
1585157317556,24.835
1585157317556,24.835
1585157317556,24.835
1585157356664,24.83
1585157356664,24.83
1585157356664,24.83
1585157356664,24.83
1585157408268,24.905
1585157417968,24.925
1585157417968,24.925
1585157432257,24.895
1585157432257,24.895
1585157457005,24.905
1585157463882,24.91
1585157474167,24.855
1585157488133,24.9
1585157488133,24.9
1585157488133,24.9
1585157488133,24.9
1585157532431,24.86
1585157532431,24.86
1585157532431,24.86
1585157532431,24.86
1585157573005,24.9
1585157573005,24.9
1585157573005,24.9
1585157573005,24.9
1585157573005,24.9
1585157573005,24.9
1585157573005,24.9
1585157573005,24.9
1585157573005,24.9
1585157573005,24.9
1585157674795,25.01
1585157684799,25.02
1585157684799,25.02
1585157684799,25.02
1585157684799,25.02
1585157684799,25.02
1585157741493,25.025
1585157741493,25.025
1585157741493,25.025
1585157741493,25.025
1585157741493,25.025
1585157796003,25
1585157796003,25
1585157796003,25
1585157796003,25
1585157796003,25
1585157796003,25
1585157796003,25
1585157796003,25
1585157796003,25
1585157883173,25.15
1585157883173,25.15
1585157883173,25.15
1585157913762,25.145
1585157913762,25.145
1585157913762,25.145
1585157952516,25.155
1585157952516,25.155
1585157952516,25.155
1585157952516,25.155
1585157952516,25.155
1585157952516,25.155
1585157952516,25.155
1585158026946,25.12
1585158026946,25.12
1585158046202,25.175
1585158054587,25.15
1585158054587,25.15
1585158077051,25.17
1585158077051,25.17
1585158077051,25.17
1585158110206,25.22
1585158110206,25.22
1585158126522,25.21
1585158132723,25.25
1585158132723,25.25
1585158161018,25.24
1585158161018,25.24
1585158161018,25.24
1585158161018,25.24
1585158205193,25.29
1585158215544,25.3
1585158226571,25.34
1585158226571,25.34
1585158226571,25.34
1585158226571,25.34
1585158226571,25.34
1585158269211,25.355
1585158286665,25.36
1585158286665,25.36
1585158311084,25.315
1585158311084,25.315
1585158311084,25.315
1585158311084,25.315
1585158311084,25.315
1585158311084,25.315
1585158311084,25.315
1585158311084,25.315
1585158311084,25.315
1585158311084,25.315
1585158413009,25.41
1585158413009,25.41
1585158436007,25.37
1585158436007,25.37
1585158436007,25.37
1585158436007,25.37
1585158436007,25.37
1585158488364,25.35
1585158495005,25.35
1585158495005,25.35
1585158495005,25.35
1585158531952,25.3
1585158531952,25.3
1585158531952,25.3
1585158561213,25.32
1585158568817,25.315
1585158581175,25.31
1585158595203,25.36
1585158603529,25.325
1585158612592,25.295
1585158619198,25.3
1585158619198,25.3
1585158641201,25.33
1585158641201,25.33
1585158641201,25.33
1585158678897,25.32
1585158686846,25.315
1585158686846,25.315
1585158686846,25.315
1585158686846,25.315
1585158732483,25.25
1585158733639,25.235
1585158733639,25.235
1585158733639,25.235
1585158771770,25.235
1585158771770,25.235
1585158771770,25.235
1585158771770,25.235
1585158771770,25.235
1585158771770,25.235
1585158833751,25.14
1585158838809,25.12
1585158838809,25.12
1585158865017,25.12
1585158876318,25.095
1585158886986,25.08
1585158886986,25.08
1585158886986,25.08
1585158886986,25.08
1585158886986,25.08
1585158938491,25.11
1585158938491,25.11
1585158938491,25.11
1585158968220,25.19
1585158968220,25.19
1585158991859,25.19
1585158991859,25.19
1585159010911,25.185
1585159010911,25.185
1585159010911,25.185
1585159010911,25.185
1585159010911,25.185
1585159059636,25.16
1585159059636,25.16
1585159089506,25.12
1585159089506,25.12
1585159089506,25.12
1585159117116,25.14
1585159117116,25.14
1585159139038,25.15
1585159139038,25.15
1585159156671,25.14
1585159156671,25.14
1585159156671,25.14
1585159156671,25.14
1585159201977,25.17
1585159208424,25.17
1585159208424,25.17
1585159208424,25.17
1585159208424,25.17
1585159208424,25.17
1585159208424,25.17
1585159208424,25.17
1585159281934,25.08
1585159292594,25.09
1585159292594,25.09
1585159292594,25.09
1585159327200,25.015
1585159327200,25.015
1585159327200,25.015
1585159327200,25.015
1585159327200,25.015
1585159379607,24.93
1585159379607,24.93
1585159379607,24.93
1585159379607,24.93
1585159417566,24.99
1585159436872,24.94
1585159443870,24.93
1585159443870,24.93
1585159443870,24.93
1585159443870,24.93
1585159482300,24.91
1585159500390,24.87
1585159500390,24.87
1585159500390,24.87
1585159525411,24.795
1585159525411,24.795
1585159525411,24.795
1585159525411,24.795
1585159572153,24.78
1585159572153,24.78
1585159572153,24.78
1585159572153,24.78
1585159572153,24.78
1585159572153,24.78
1585159635687,24.81
1585159643146,24.77
1585159643146,24.77
1585159643146,24.77
1585159643146,24.77
1585159643146,24.77
1585159643146,24.77
1585159643146,24.77
1585159643146,24.77
1585159643146,24.77
1585159643146,24.77
1585159643146,24.77
1585159753987,24.8
1585159772723,24.82
1585159772723,24.82
1585159787773,24.88
1585159800004,24.91
1585159805072,24.87
1585159805072,24.87
1585159805072,24.87
1585159844354,24.84
1585159853868,24.85
1585159853868,24.85
1585159853868,24.85
1585159853868,24.85
1585159853868,24.85
1585159853868,24.85
1585159853868,24.85
1585159853868,24.85
1585159853868,24.85
1585159945352,24.995
1585159945352,24.995
1585159945352,24.995
1585159980625,25.06
1585159980625,25.06
1585159980625,25.06
1585159980625,25.06
1585160023065,25.09
1585160023065,25.09
1585160023065,25.09
1585160023065,25.09
1585160023065,25.09
1585160023065,25.09
1585160023065,25.09
1585160023065,25.09
1585160023065,25.09
1585160023065,25.09
1585160023065,25.09
1585160023065,25.09
1585160023065,25.09
1585160023065,25.09
1585160023065,25.09
1585160023065,25.09
1585160023065,25.09
1585160199909,25.135
1585160212427,25.14
1585160216956,25.135
1585160216956,25.135
1585160216956,25.135
1585160216956,25.135
1585160216956,25.135
1585160216956,25.135
1585160216956,25.135
1585160216956,25.135
1585160216956,25.135
1585160216956,25.135
1585160216956,25.135
1585160216956,25.135
1585160216956,25.135
1585160216956,25.135
1585160216956,25.135
1585160216956,25.135
1585160216956,25.135
1585160216956,25.135
1585160216956,25.135
1585160420371,25.2
1585160420371,25.2
1585160420371,25.2
1585160420371,25.2
1585160420371,25.2
1585160420371,25.2
1585160420371,25.2
1585160420371,25.2
1585160420371,25.2
1585160420371,25.2
1585160420371,25.2
1585160533259,25.24
1585160533259,25.24
1585160533259,25.24
1585160533259,25.24
1585160571676,25.17
1585160571676,25.17
1585160571676,25.17
1585160571676,25.17
1585160571676,25.17
1585160571676,25.17
1585160571676,25.17
1585160571676,25.17
1585160571676,25.17
1585160571676,25.17
1585160571676,25.17
1585160571676,25.17
1585160571676,25.17
1585160571676,25.17
1585160571676,25.17
1585160571676,25.17
1585160740249,25.06
1585160753729,25.05
1585160753729,25.05
1585160753729,25.05
1585160753729,25.05
1585160753729,25.05
1585160811463,25.015
1585160811463,25.015
1585160830575,24.945
1585160830575,24.945
1585160847862,25.005
1585160862668,25.11
1585160868029,25.09
1585160880519,25.115
1585160892620,25.11
1585160904324,25.12
1585160904324,25.12
1585160904324,25.12
1585160904324,25.12
1585160950418,25.1
1585160950418,25.1
1585160950418,25.1
1585160950418,25.1
1585160950418,25.1
1585161000257,25.04
1585161000257,25.04
1585161000257,25.04
1585161000257,25.04
1585161000257,25.04
1585161000257,25.04
1585161000257,25.04
1585161072315,24.88
1585161072315,24.88
1585161096440,24.915
1585161103401,24.895
1585161103401,24.895
1585161128233,24.975
1585161140325,24.94
1585161146022,24.92
1585161146022,24.92
1585161146022,24.92
1585161146022,24.92
1585161146022,24.92
1585161146022,24.92
1585161214158,24.975
1585161214158,24.975
1585161234399,24.98
1585161246410,24.96
1585161249231,24.965
1585161263249,24.95
1585161263249,24.95
1585161287043,24.98
1585161298764,25.01
1585161298764,25.01
1585161298764,25.01
1585161298764,25.01
1585161298764,25.01
1585161298764,25.01
1585161298764,25.01
1585161298764,25.01
1585161298764,25.01
1585161384907,25.015
1585161384907,25.015
1585161384907,25.015
1585161384907,25.015
1585161384907,25.015
1585161443278,24.94
1585161443278,24.94
1585161461776,24.84
1585161461776,24.84
1585161461776,24.84
1585161495641,24.9
1585161499848,24.93
1585161499848,24.93
1585161499848,24.93
1585161499848,24.93
1585161499848,24.93
1585161557764,24.97
1585161564286,24.97
1585161564286,24.97
1585161592596,25.02
1585161592596,25.02
1585161605061,24.98
1585161605061,24.98
1585161629162,24.92
1585161629162,24.92
1585161629162,24.92
1585161629162,24.92
1585161669028,24.87
1585161669028,24.87
1585161692258,24.9
1585161692258,24.9
1585161692258,24.9
1585161692258,24.9
1585161740970,24.89
1585161740970,24.89
1585161758481,24.875
1585161766089,24.9
1585161766089,24.9
1585161786819,24.885
1585161804623,24.905
1585161815152,24.915
1585161815152,24.915
1585161831964,24.955
1585161831964,24.955
1585161831964,24.955
1585161831964,24.955
1585161831964,24.955
1585161831964,24.955
1585161831964,24.955
1585161831964,24.955
1585161913465,25.015
1585161913465,25.015
1585161933390,25
1585161933390,25
1585161933390,25
1585161933390,25
1585161933390,25
1585161933390,25
1585161933390,25
1585161933390,25
1585162021787,25.01
1585162037228,25.065
1585162037228,25.065
1585162037228,25.065
1585162037228,25.065
1585162037228,25.065
1585162037228,25.065
1585162094358,25.07
1585162094358,25.07
1585162115154,25.015
1585162115154,25.015
1585162115154,25.015
1585162115154,25.015
1585162115154,25.015
1585162115154,25.015
1585162115154,25.015
1585162115154,25.015
1585162115154,25.015
1585162115154,25.015
1585162222764,25.095
1585162232485,25.09
1585162232485,25.09
1585162232485,25.09
1585162232485,25.09
1585162232485,25.09
1585162232485,25.09
1585162232485,25.09
1585162232485,25.09
1585162232485,25.09
1585162232485,25.09
1585162232485,25.09
1585162232485,25.09
1585162232485,25.09
1585162232485,25.09
1585162232485,25.09
1585162388896,24.96
1585162388896,24.96
1585162411364,24.955
1585162411364,24.955
1585162432423,24.94
1585162432423,24.94
1585162432423,24.94
1585162432423,24.94
1585162432423,24.94
1585162432423,24.94
1585162432423,24.94
1585162432423,24.94
1585162432423,24.94
1585162432423,24.94
1585162432423,24.94
1585162432423,24.94
1585162432423,24.94
1585162432423,24.94
1585162432423,24.94
1585162590702,25.175
1585162590702,25.175
1585162590702,25.175
1585162590702,25.175
1585162590702,25.175
1585162590702,25.175
1585162590702,25.175
1585162590702,25.175
1585162590702,25.175
1585162590702,25.175
1585162590702,25.175
1585162590702,25.175
1585162590702,25.175
1585162590702,25.175
1585162590702,25.175
1585162590702,25.175
1585162590702,25.175
1585162590702,25.175
1585162590702,25.175
1585162789905,25.1
