1585229452153,91.66
1585229452153,91.66
1585229452153,91.66
1585229487865,92.02
1585229504160,91.57
1585229505324,91.8
1585229523558,91.52
1585229523558,91.52
1585229536850,91.85
1585229555232,92.2
1585229561275,92.01
1585229561275,92.01
1585229583878,91.94
1585229590195,91.52
1585229609362,91.625
1585229620266,91.37
1585229629668,91.555
1585229633467,91.43
1585229633467,91.43
1585229654100,91.845
1585229654100,91.845
1585229681670,91.85
1585229681670,91.85
1585229701568,91.955
1585229711415,91.93
1585229722231,92.4
1585229731070,92.31
1585229744696,92.55
1585229753878,92.82
1585229765393,92.64
1585229776767,92.67
1585229778220,92.73
1585229798132,92.725
1585229805588,92.705
1585229809607,92.7
1585229824509,92.87
1585229824509,92.87
1585229824509,92.87
1585229859673,92.75
1585229866526,92.89
1585229866526,92.89
1585229891320,92.98
1585229900106,92.67
1585229911590,92.75
1585229911590,92.75
1585229923801,92.91
1585229939255,93.16
1585229939255,93.16
1585229939255,93.16
1585229972768,92.96
1585229987213,93.005
1585229993569,93.005
1585229993569,93.005
1585229993569,93.005
1585229993569,93.005
1585230036484,93.15
1585230046594,93.36
1585230054697,93.59
1585230068925,93.78
1585230080524,93.63
1585230086179,93.63
1585230095253,93.585
1585230111697,93.265
1585230121205,93.39
1585230121205,93.39
1585230135449,93.5
1585230135449,93.5
1585230158422,93.73
1585230171395,93.64
1585230171395,93.64
1585230171395,93.64
1585230171395,93.64
1585230171395,93.64
1585230218556,93.44
1585230218556,93.44
1585230244311,93.135
1585230259430,93.3
1585230268627,93.42
1585230279401,93.4
1585230281751,93.41
1585230281751,93.41
1585230312039,93.23
1585230318639,93.25
1585230318639,93.25
1585230342068,93.41
1585230342068,93.41
1585230342068,93.41
1585230342068,93.41
1585230342068,93.41
1585230394294,93.065
1585230402062,93.06
1585230402062,93.06
1585230421215,92.685
1585230427279,92.64
1585230427279,92.64
1585230450908,92.635
1585230450908,92.635
1585230478209,92.68
1585230483209,92.91
1585230496861,92.16
1585230503943,92.46
1585230503943,92.46
1585230503943,92.46
1585230542417,92.58
1585230545794,92.61
1585230556932,92.775
1585230568170,92.655
1585230568170,92.655
1585230568170,92.655
1585230568170,92.655
1585230568170,92.655
1585230568170,92.655
1585230568170,92.655
1585230646476,92.205
1585230651164,92.28
1585230660970,92.57
1585230677603,92.54
1585230677603,92.54
1585230677603,92.54
1585230677603,92.54
1585230677603,92.54
1585230677603,92.54
1585230677603,92.54
1585230677603,92.54
1585230677603,92.54
1585230677603,92.54
1585230677603,92.54
1585230786491,93
1585230786491,93
1585230805309,92.84
1585230805309,92.84
1585230834675,93.01
1585230836489,93.025
1585230836489,93.025
1585230859251,92.98
1585230859251,92.98
1585230879928,92.97
1585230896774,92.815
1585230896774,92.815
1585230896774,92.815
1585230925069,93.13
1585230925069,93.13
1585230925069,93.13
1585230925069,93.13
1585230968823,93.23
1585230968823,93.23
1585230968823,93.23
1585231004386,93.245
1585231004386,93.245
1585231004386,93.245
1585231028464,93.41
1585231039510,93.59
1585231039510,93.59
1585231064278,93.71
1585231064278,93.71
1585231064278,93.71
1585231097489,93.585
1585231107554,93.525
1585231121087,93.565
1585231129266,93.66
1585231129266,93.66
1585231151132,94.015
1585231151132,94.015
1585231171791,94.095
1585231171791,94.095
1585231194260,94.18
1585231202112,94.18
1585231212315,94.01
1585231225030,94.12
1585231225030,94.12
1585231241764,94.04
1585231256078,94.06
1585231256078,94.06
1585231278060,93.91
1585231287243,93.86
1585231287243,93.86
1585231304490,93.84
1585231304490,93.84
1585231304490,93.84
1585231304490,93.84
1585231343513,93.82
1585231362347,93.695
1585231362347,93.695
1585231362347,93.695
1585231362347,93.695
1585231362347,93.695
1585231404804,93.565
1585231404804,93.565
1585231427578,93.665
1585231427578,93.665
1585231448203,93.905
1585231448203,93.905
1585231469064,93.745
1585231469064,93.745
1585231469064,93.745
1585231469064,93.745
1585231508501,93.75
1585231508501,93.75
1585231508501,93.75
1585231547254,93.815
1585231547254,93.815
1585231573008,93.67
1585231579806,93.64
1585231587782,93.625
1585231587782,93.625
1585231587782,93.625
1585231617559,93.72
1585231617559,93.72
1585231642493,93.82
1585231652146,93.68
1585231652146,93.68
1585231670114,93.59
1585231686069,93.53
1585231686069,93.53
1585231704723,93.32
1585231704723,93.32
1585231728890,93.03
1585231728890,93.03
1585231728890,93.03
1585231755974,92.95
1585231765799,92.855
1585231765799,92.855
1585231765799,92.855
1585231765799,92.855
1585231808818,92.64
1585231808818,92.64
1585231825416,92.64
1585231825416,92.64
1585231825416,92.64
1585231825416,92.64
1585231825416,92.64
1585231880969,92.89
1585231880969,92.89
1585231880969,92.89
1585231880969,92.89
1585231920222,93.025
1585231936678,93.005
1585231936678,93.005
1585231936678,93.005
1585231936678,93.005
1585231936678,93.005
1585231936678,93.005
1585231936678,93.005
1585231936678,93.005
1585231936678,93.005
1585231936678,93.005
1585232034874,92.76
1585232034874,92.76
1585232062220,92.99
1585232062220,92.99
1585232062220,92.99
1585232062220,92.99
1585232097146,92.26
1585232109632,92.34
1585232117670,92.285
1585232136232,92.48
1585232142158,92.49
1585232155312,92.51
1585232155312,92.51
1585232155312,92.51
1585232155312,92.51
1585232196066,92.6
1585232196066,92.6
1585232219166,92.33
1585232219166,92.33
1585232235756,92.64
1585232235756,92.64
1585232235756,92.64
1585232235756,92.64
1585232282089,92.63
1585232282089,92.63
1585232282089,92.63
1585232318549,92.64
1585232318549,92.64
1585232339233,92.77
1585232346005,92.635
1585232361549,92.67
1585232370194,92.645
1585232370194,92.645
1585232370194,92.645
1585232403137,93.1
1585232412285,93.185
1585232412285,93.185
1585232434445,93.33
1585232444377,93.36
1585232453739,93.35
1585232464888,93.32
1585232471345,93.4
1585232482203,93.49
1585232482203,93.49
1585232482203,93.49
1585232482203,93.49
1585232482203,93.49
1585232482203,93.49
1585232546026,92.73
1585232556357,92.7
1585232556357,92.7
1585232572512,92.775
1585232583111,92.74
1585232583111,92.74
1585232583111,92.74
1585232618107,92.62
1585232618107,92.62
1585232638732,92.605
1585232638732,92.605
1585232664130,92.61
1585232664130,92.61
1585232664130,92.61
1585232664130,92.61
1585232664130,92.61
1585232664130,92.61
1585232664130,92.61
1585232664130,92.61
1585232664130,92.61
1585232664130,92.61
1585232664130,92.61
1585232664130,92.61
1585232785917,92.88
1585232785917,92.88
1585232785917,92.88
1585232785917,92.88
1585232830743,92.885
1585232835101,92.86
1585232835101,92.86
1585232835101,92.86
1585232835101,92.86
1585232875005,92.72
1585232888596,92.73
1585232904056,92.63
1585232904056,92.63
1585232904056,92.63
1585232904056,92.63
1585232904056,92.63
1585232904056,92.63
1585232904056,92.63
1585232904056,92.63
1585232904056,92.63
1585232997743,92.65
1585232997743,92.65
1585232997743,92.65
1585232997743,92.65
1585232997743,92.65
1585232997743,92.65
1585232997743,92.65
1585232997743,92.65
1585233081150,92.8
1585233091989,92.665
1585233091989,92.665
1585233091989,92.665
1585233091989,92.665
1585233091989,92.665
1585233091989,92.665
1585233091989,92.665
1585233091989,92.665
1585233173015,92.93
1585233173015,92.93
1585233196789,92.99
1585233196789,92.99
1585233196789,92.99
1585233196789,92.99
1585233196789,92.99
1585233196789,92.99
1585233196789,92.99
1585233196789,92.99
1585233196789,92.99
1585233289206,93.04
1585233298237,93.055
1585233298237,93.055
1585233298237,93.055
1585233298237,93.055
1585233298237,93.055
1585233354330,93.02
1585233354330,93.02
1585233354330,93.02
1585233354330,93.02
1585233354330,93.02
1585233354330,93.02
1585233354330,93.02
1585233354330,93.02
1585233354330,93.02
1585233354330,93.02
1585233354330,93.02
1585233354330,93.02
1585233475488,92.83
1585233475488,92.83
1585233492807,92.92
1585233492807,92.92
1585233492807,92.92
1585233492807,92.92
1585233492807,92.92
1585233492807,92.92
1585233492807,92.92
1585233574345,92.8
1585233580169,92.82
1585233580169,92.82
1585233580169,92.82
1585233612488,92.68
1585233612488,92.68
1585233612488,92.68
1585233612488,92.68
1585233612488,92.68
1585233612488,92.68
1585233678314,92.705
1585233678314,92.705
1585233693125,92.66
1585233704021,92.75
1585233704021,92.75
1585233726788,92.62
1585233738736,92.585
1585233738736,92.585
1585233758709,92.42
1585233758709,92.42
1585233758709,92.42
1585233793867,92.56
1585233793867,92.56
1585233793867,92.56
1585233793867,92.56
1585233793867,92.56
1585233793867,92.56
1585233793867,92.56
1585233793867,92.56
1585233793867,92.56
1585233888597,93
1585233888597,93
1585233905858,93.09
1585233905858,93.09
1585233923479,93.045
1585233932429,93.03
1585233943512,93.14
1585233956824,93.11
1585233956824,93.11
1585233956824,93.11
1585233956824,93.11
1585233956824,93.11
1585233956824,93.11
1585234018955,92.9
1585234018955,92.9
1585234018955,92.9
1585234054512,92.725
1585234054512,92.725
1585234054512,92.725
1585234054512,92.725
1585234054512,92.725
1585234054512,92.725
1585234116738,92.505
1585234116738,92.505
1585234116738,92.505
1585234116738,92.505
1585234116738,92.505
1585234166402,92.59
1585234166402,92.59
1585234166402,92.59
1585234166402,92.59
1585234209655,92.72
1585234209655,92.72
1585234209655,92.72
1585234240446,92.795
1585234253791,92.715
1585234263895,93.02
1585234275437,92.99
1585234275437,92.99
1585234275437,92.99
1585234275437,92.99
1585234275437,92.99
1585234275437,92.99
1585234275437,92.99
1585234342339,93.03
1585234342339,93.03
1585234342339,93.03
1585234342339,93.03
1585234342339,93.03
1585234398939,93.05
1585234407341,93.19
1585234416001,93.025
1585234416001,93.025
1585234441315,93.015
1585234441315,93.015
1585234462460,93.045
1585234462460,93.045
1585234486991,93.025
1585234486991,93.025
1585234486991,93.025
1585234486991,93.025
1585234529084,93.07
1585234529929,93.06
1585234550098,93.2
1585234556321,93.235
1585234567253,93.165
1585234579406,93.275
1585234587760,93.18
1585234601577,93.27
1585234601577,93.27
1585234616205,93.29
1585234633417,93.23
1585234635027,93.145
1585234650005,93.265
1585234661701,93.235
1585234674564,93.365
1585234674564,93.365
1585234692555,93.515
1585234704183,93.635
1585234707841,93.585
1585234726964,93.49
1585234732802,93.52
1585234746301,93.54
1585234757731,93.42
1585234757731,93.42
1585234775075,93.38
1585234781721,93.44
1585234795719,93.61
1585234795719,93.61
1585234795719,93.61
1585234795719,93.61
1585234836842,93.225
1585234849761,93.105
1585234856473,93.15
1585234865707,93.15
1585234883139,93.13
1585234883139,93.13
1585234883139,93.13
1585234911239,92.97
1585234924396,93.17
1585234931561,93.195
1585234940374,93.305
1585234946346,93.3
1585234965688,93.22
1585234965688,93.22
1585234986733,93.14
1585234992430,93.135
1585235001423,93.215
1585235016393,93.04
1585235024246,93.12
1585235030762,93.16
1585235043859,92.9
1585235043859,92.9
1585235063755,93.04
1585235073116,93.065
1585235084941,93.065
1585235084941,93.065
1585235111437,93.18
1585235111437,93.18
1585235133370,93.25
1585235139436,93.26
1585235139436,93.26
1585235158701,93.14
1585235173737,93.14
1585235173737,93.14
1585235173737,93.14
1585235206426,92.78
1585235215334,92.77
1585235222352,92.65
1585235222352,92.65
1585235246718,92.98
1585235246718,92.98
1585235259895,92.94
1585235259895,92.94
1585235283685,93.135
1585235290674,93.185
1585235290674,93.185
1585235321231,93.21
1585235327249,93.22
1585235341299,93.31
1585235341299,93.31
1585235354534,93.195
1585235369434,93.26
1585235369434,93.26
1585235369434,93.26
1585235400364,93.04
1585235408942,93.205
1585235416747,93.23
1585235435125,93.385
1585235442225,93.54
1585235442225,93.54
1585235463980,93.385
1585235463980,93.385
1585235485338,93.415
1585235497308,93.52
1585235501223,93.49
1585235513975,93.43
1585235529081,93.395
1585235529081,93.395
1585235550057,93.42
1585235556242,93.49
1585235570025,93.475
1585235570025,93.475
1585235590747,93.36
1585235594972,93.355
1585235612768,93.42
1585235619291,93.42
1585235627649,93.445
1585235644401,93.405
1585235654281,93.51
1585235664908,93.48
1585235675514,93.41
1585235675514,93.41
1585235675514,93.41
1585235699512,93.42
1585235717346,93.52
1585235724674,93.47
1585235724674,93.47
1585235740151,93.48
1585235740151,93.48
1585235761122,93.69
1585235761122,93.69
1585235784590,93.775
1585235801068,93.785
1585235801068,93.785
1585235821081,93.79
1585235832246,93.72
1585235833791,93.7
1585235845518,93.74
1585235845518,93.74
1585235871748,93.66
1585235883570,93.65
1585235887114,93.655
1585235887114,93.655
1585235908611,93.74
1585235908611,93.74
1585235929206,93.78
1585235929206,93.78
1585235954315,93.67
1585235954315,93.67
1585235970911,93.74
1585235983803,93.685
1585235999367,93.695
1585235999367,93.695
1585236020226,93.7
1585236020226,93.7
1585236037547,93.7
1585236037547,93.7
1585236037547,93.7
1585236037547,93.7
1585236078462,93.62
1585236085381,93.7
1585236097791,93.735
1585236113375,93.66
1585236121649,93.66
1585236121649,93.66
1585236138896,93.655
1585236154643,93.67
1585236162626,93.695
1585236169931,93.72
1585236169931,93.72
1585236191261,93.745
1585236205421,93.76
1585236211502,93.88
1585236211502,93.88
1585236236027,93.86
1585236250553,93.79
1585236253707,93.84
1585236266519,93.855
1585236281251,94.04
1585236288358,94.12
1585236288358,94.12
1585236312858,94.27
1585236312858,94.27
1585236326353,94.34
1585236326353,94.34
1585236346811,94.29
1585236360100,94.22
1585236372875,94.095
1585236372875,94.095
1585236391428,93.98
1585236402094,93.93
1585236408898,93.89
1585236420050,93.895
1585236420050,93.895
1585236440777,93.975
1585236440777,93.975
1585236440777,93.975
1585236470910,94.215
1585236483257,94.19
1585236483257,94.19
1585236503851,94.23
1585236515456,94.28
1585236515456,94.28
1585236515456,94.28
1585236546173,94.1
1585236560729,94.1
1585236568723,94.06
1585236576726,94.08
1585236588085,94.14
1585236605647,94.21
1585236605647,94.21
1585236625695,94.165
1585236628023,94.17
1585236628023,94.17
1585236653400,94.12
1585236653400,94.12
1585236674576,94.1
1585236685837,94.095
1585236697043,94.01
1585236697043,94.01
1585236697043,94.01
1585236697043,94.01
1585236741111,93.805
1585236741111,93.805
1585236741111,93.805
1585236769946,93.85
1585236769946,93.85
1585236785741,93.72
1585236785741,93.72
1585236785741,93.72
1585236785741,93.72
1585236785741,93.72
1585236785741,93.72
1585236858173,93.69
1585236866417,93.765
1585236871392,93.765
1585236882669,93.88
1585236897629,93.82
1585236905613,93.77
1585236905613,93.77
1585236931312,93.665
1585236931312,93.665
1585236945686,93.48
1585236961195,93.395
1585236971638,93.225
1585236978915,93.145
1585236978915,93.145
1585236998842,93.15
1585237011404,93.19
1585237023167,93.235
1585237023167,93.235
1585237045258,93.16
1585237051087,93.26
1585237061318,93.245
1585237069596,93.28
1585237087111,93.505
1585237095820,93.56
1585237100861,93.585
1585237100861,93.585
1585237100861,93.585
1585237131019,93.375
1585237146939,93.555
1585237152238,93.69
1585237166196,93.62
1585237166196,93.62
1585237166196,93.62
1585237166196,93.62
1585237210968,93.54
1585237210968,93.54
1585237210968,93.54
1585237210968,93.54
1585237246009,93.495
1585237255729,93.46
1585237275204,93.54
1585237283914,93.545
1585237291396,93.38
1585237304676,93.35
1585237304676,93.35
1585237326776,93.74
1585237335418,93.7
1585237335418,93.7
1585237335418,93.7
1585237364612,93.58
1585237377122,93.49
1585237385963,93.54
1585237392779,93.61
1585237410890,93.565
1585237422469,93.595
1585237422469,93.595
1585237438751,93.605
1585237450798,93.62
1585237463602,93.645
1585237464726,93.63
1585237484648,93.79
1585237484648,93.79
1585237496554,93.825
1585237509448,93.63
1585237526786,93.45
1585237526786,93.45
1585237538974,93.47
1585237552625,93.475
1585237565977,93.605
1585237578955,93.61
1585237578955,93.61
1585237591979,93.58
1585237603439,93.66
1585237603439,93.66
1585237625362,93.52
1585237631964,93.56
1585237646984,93.515
1585237660986,93.6
1585237660986,93.6
1585237675992,93.545
1585237675992,93.545
1585237703122,93.68
1585237703122,93.68
1585237718869,93.79
1585237731960,93.69
1585237743700,93.77
1585237758028,93.79
1585237758028,93.79
1585237776241,93.89
1585237776241,93.89
1585237799687,93.96
1585237802720,94.01
1585237802720,94.01
1585237823303,93.9
1585237823303,93.9
1585237846998,93.9
1585237856297,93.9
1585237872195,93.89
1585237872195,93.89
1585237885999,93.95
1585237885999,93.95
1585237885999,93.95
1585237885999,93.95
1585237935390,93.84
1585237935390,93.84
1585237935390,93.84
1585237958349,93.84
1585237958349,93.84
1585237958349,93.84
1585237992974,93.91
1585238006658,93.87
1585238006658,93.87
1585238006658,93.87
1585238006658,93.87
1585238045784,93.875
1585238045784,93.875
1585238070073,93.805
1585238076275,93.87
1585238076275,93.87
1585238099042,93.935
1585238111863,93.94
1585238122541,93.81
1585238133927,93.795
1585238145588,93.835
1585238148814,93.83
1585238161007,93.805
1585238161007,93.805
1585238161007,93.805
1585238161007,93.805
1585238204592,93.665
1585238204592,93.665
1585238222030,93.775
1585238222030,93.775
1585238248536,93.74
1585238255422,93.755
1585238266970,93.825
1585238279054,93.825
1585238279054,93.825
1585238294898,93.88
1585238304016,93.895
1585238322190,93.915
1585238325131,94.02
1585238343253,94.09
1585238347623,94.16
1585238361716,94.325
1585238361716,94.325
1585238378734,94.345
1585238389973,94.36
1585238389973,94.36
1585238389973,94.36
1585238428450,94.245
1585238428450,94.245
1585238428450,94.245
1585238457387,94.25
1585238457387,94.25
1585238457387,94.25
1585238488214,94.15
1585238488214,94.15
1585238488214,94.15
1585238522881,94.105
1585238528107,94.105
1585238541469,94.16
1585238555760,94.145
1585238563179,94.15
1585238563179,94.15
1585238563179,94.15
1585238591888,94.125
1585238591888,94.125
1585238591888,94.125
1585238629401,94.015
1585238629401,94.015
1585238629401,94.015
1585238629401,94.015
1585238662676,94.05
1585238678729,94.085
1585238684445,94.13
1585238684445,94.13
1585238713634,94.12
1585238713634,94.12
1585238728016,94.175
1585238743402,94.245
1585238743402,94.245
1585238743402,94.245
1585238771305,94.18
1585238771305,94.18
1585238795636,94.06
1585238807025,94.03
1585238810518,94.09
1585238827174,94
1585238827174,94
1585238827174,94
1585238859177,93.885
1585238859177,93.885
1585238882198,93.85
1585238891531,93.94
1585238891531,93.94
1585238908245,93.94
1585238922075,93.93
1585238922075,93.93
1585238938123,93.875
1585238952636,93.98
1585238952636,93.98
1585238969577,94
1585238978802,94.12
1585238996836,94.065
1585238996836,94.065
1585239013318,94.115
1585239028324,94.115
1585239028324,94.115
1585239051515,94.115
1585239060002,94.105
1585239060002,94.105
1585239081254,94.25
1585239081254,94.25
1585239098591,94.27
1585239098591,94.27
1585239098591,94.27
1585239098591,94.27
1585239098591,94.27
1585239153773,94.19
1585239157388,94.125
1585239157388,94.125
1585239180289,94.115
1585239189661,94.11
1585239189661,94.11
1585239189661,94.11
1585239221513,93.905
1585239221513,93.905
1585239221513,93.905
1585239221513,93.905
1585239221513,93.905
1585239221513,93.905
1585239221513,93.905
1585239221513,93.905
1585239221513,93.905
1585239221513,93.905
1585239334015,93.785
1585239334015,93.785
1585239347109,93.775
1585239362754,93.87
1585239374770,93.87
1585239376485,93.87
1585239393385,93.935
1585239393385,93.935
1585239414012,93.855
1585239418962,93.92
1585239430935,93.94
1585239447847,93.87
1585239447847,93.87
1585239469429,93.79
1585239480661,93.655
1585239480661,93.655
1585239480661,93.655
1585239480661,93.655
1585239480661,93.655
1585239480661,93.655
1585239533848,93.67
1585239533848,93.67
1585239533848,93.67
1585239570212,93.515
1585239570212,93.515
1585239596952,93.36
1585239596952,93.36
1585239596952,93.36
1585239624586,93.28
1585239629287,93.26
1585239629287,93.26
1585239629287,93.26
1585239629287,93.26
1585239629287,93.26
1585239687062,92.96
1585239696773,93.07
1585239706597,93.02
1585239706597,93.02
1585239706597,93.02
1585239706597,93.02
1585239754101,93.6
1585239754101,93.6
1585239754101,93.6
1585239779854,93.605
1585239792187,93.55
1585239792187,93.55
1585239792187,93.55
1585239792187,93.55
1585239792187,93.55
1585239792187,93.55
1585239856574,93.87
1585239868261,93.865
1585239873534,93.87
1585239873534,93.87
1585239873534,93.87
1585239873534,93.87
1585239873534,93.87
1585239873534,93.87
1585239873534,93.87
1585239944714,94.03
1585239944714,94.03
1585239944714,94.03
1585239944714,94.03
1585239944714,94.03
1585239944714,94.03
1585239944714,94.03
1585239944714,94.03
1585240027675,93.945
1585240027675,93.945
1585240027675,93.945
1585240027675,93.945
1585240027675,93.945
1585240027675,93.945
1585240027675,93.945
1585240106551,93.91
1585240117560,93.9
1585240128571,93.9
1585240128571,93.9
1585240146916,93.975
1585240161063,93.95
1585240173803,93.965
1585240173803,93.965
1585240173803,93.965
1585240196899,93.98
1585240212253,93.895
1585240217605,93.89
1585240231949,93.835
1585240239111,93.93
1585240239111,93.93
1585240266901,94.08
1585240278181,93.98
1585240278181,93.98
1585240293233,93.905
1585240293233,93.905
1585240293233,93.905
1585240293233,93.905
1585240293233,93.905
1585240347590,94.045
1585240354171,94.055
1585240354171,94.055
1585240354171,94.055
1585240354171,94.055
1585240354171,94.055
1585240410078,93.99
1585240410078,93.99
1585240410078,93.99
1585240439607,93.98
1585240439607,93.98
1585240439607,93.98
1585240439607,93.98
1585240478688,94.03
1585240494389,94.03
1585240494389,94.03
1585240494389,94.03
1585240494389,94.03
1585240529962,94.04
1585240546240,94.02
1585240555765,93.98
1585240571276,93.89
1585240581361,93.83
1585240589451,93.75
1585240601002,93.77
1585240611156,93.725
1585240611156,93.725
1585240611156,93.725
1585240611156,93.725
1585240648386,93.8
1585240648386,93.8
1585240648386,93.8
1585240684356,93.81
1585240693789,93.775
1585240697699,93.775
1585240697699,93.775
1585240722304,94.025
1585240731433,93.99
1585240742740,93.94
1585240742740,93.94
1585240764814,93.965
1585240764814,93.965
1585240764814,93.965
1585240764814,93.965
1585240807728,94.065
1585240807728,94.065
1585240831789,93.995
1585240831789,93.995
1585240849128,94.055
1585240849128,94.055
1585240849128,94.055
1585240882272,94.085
1585240882272,94.085
1585240882272,94.085
1585240915853,94.07
1585240915853,94.07
1585240931675,94.08
1585240937850,94.07
1585240953369,94.02
1585240953369,94.02
1585240953369,94.02
1585240985773,94.04
1585240985773,94.04
1585241002939,94.085
1585241002939,94.085
1585241002939,94.085
1585241002939,94.085
1585241050963,94.185
1585241062152,94.36
1585241070928,94.36
1585241076676,94.355
1585241091977,94.34
1585241091977,94.34
1585241111215,94.21
1585241120714,94.2
1585241120714,94.2
1585241120714,94.2
1585241149293,94.26
1585241149293,94.26
1585241173139,94.27
1585241173139,94.27
1585241193209,94.46
1585241193209,94.46
1585241212701,94.535
1585241220737,94.5
1585241220737,94.5
1585241220737,94.5
1585241220737,94.5
1585241220737,94.5
1585241220737,94.5
1585241220737,94.5
1585241220737,94.5
1585241220737,94.5
1585241220737,94.5
1585241220737,94.5
1585241220737,94.5
1585241349108,94.25
1585241363854,94.24
1585241363854,94.24
1585241363854,94.24
1585241395278,94.42
1585241408327,94.54
1585241408327,94.54
1585241408327,94.54
1585241408327,94.54
1585241408327,94.54
1585241408327,94.54
1585241408327,94.54
1585241408327,94.54
1585241492125,94.51
1585241492125,94.51
1585241511235,94.42
1585241515774,94.36
1585241515774,94.36
1585241515774,94.36
1585241547367,94.47
1585241547367,94.47
1585241547367,94.47
1585241547367,94.47
1585241547367,94.47
1585241547367,94.47
1585241547367,94.47
1585241547367,94.47
1585241547367,94.47
1585241641011,94.48
1585241641011,94.48
1585241641011,94.48
1585241641011,94.48
1585241641011,94.48
1585241641011,94.48
1585241641011,94.48
1585241641011,94.48
1585241641011,94.48
1585241734627,94.48
1585241734627,94.48
1585241734627,94.48
1585241776013,94.55
1585241776013,94.55
1585241788722,94.53
1585241808283,94.49
1585241808283,94.49
1585241824501,94.57
1585241824501,94.57
1585241824501,94.57
1585241824501,94.57
1585241824501,94.57
1585241824501,94.57
1585241824501,94.57
1585241824501,94.57
1585241824501,94.57
1585241924737,94.495
1585241928903,94.46
1585241928903,94.46
1585241928903,94.46
1585241967776,94.675
1585241967776,94.675
1585241967776,94.675
1585241967776,94.675
1585241967776,94.675
1585241967776,94.675
1585241967776,94.675
1585241967776,94.675
1585241967776,94.675
1585241967776,94.675
1585241967776,94.675
1585241967776,94.675
1585241967776,94.675
1585241967776,94.675
1585241967776,94.675
1585241967776,94.675
1585242136344,94.845
1585242136344,94.845
1585242136344,94.845
1585242136344,94.845
1585242136344,94.845
1585242136344,94.845
1585242136344,94.845
1585242136344,94.845
1585242136344,94.845
1585242136344,94.845
1585242136344,94.845
1585242136344,94.845
1585242136344,94.845
1585242136344,94.845
1585242136344,94.845
1585242136344,94.845
1585242136344,94.845
1585242311785,94.92
1585242318892,95.04
1585242318892,95.04
1585242345880,95.095
1585242347809,95.095
1585242359173,95.02
1585242359173,95.02
1585242382170,95.1
1585242390275,95.02
1585242390275,95.02
1585242390275,95.02
1585242390275,95.02
1585242390275,95.02
1585242390275,95.02
1585242453672,94.79
1585242453672,94.79
1585242453672,94.79
1585242453672,94.79
1585242503658,94.66
1585242503658,94.66
1585242503658,94.66
1585242503658,94.66
1585242503658,94.66
1585242503658,94.66
1585242503658,94.66
1585242503658,94.66
1585242503658,94.66
1585242503658,94.66
1585242503658,94.66
1585242503658,94.66
1585242503658,94.66
1585242630352,94.58
1585242630352,94.58
1585242630352,94.58
1585242630352,94.58
1585242630352,94.58
1585242630352,94.58
1585242630352,94.58
1585242630352,94.58
1585242630352,94.58
1585242630352,94.58
1585242630352,94.58
1585242630352,94.58
1585242763478,94.6
1585242763478,94.6
1585242763478,94.6
1585242763478,94.6
1585242804368,94.44
1585242804368,94.44
1585242825289,94.515
1585242825289,94.515
1585242825289,94.515
1585242825289,94.515
1585242825289,94.515
1585242825289,94.515
1585242825289,94.515
1585242898831,94.57
1585242898831,94.57
1585242920593,94.6
1585242920593,94.6
1585242920593,94.6
1585242920593,94.6
1585242920593,94.6
1585242974040,94.51
1585242974040,94.51
1585242974040,94.51
1585242974040,94.51
1585242974040,94.51
1585242974040,94.51
1585242974040,94.51
1585243048254,94.53
1585243048254,94.53
1585243048254,94.53
1585243074464,94.63
1585243082221,94.635
1585243082221,94.635
1585243082221,94.635
1585243082221,94.635
1585243082221,94.635
1585243139769,94.785
1585243139769,94.785
1585243139769,94.785
1585243139769,94.785
1585243139769,94.785
1585243139769,94.785
1585243139769,94.785
1585243139769,94.785
1585243139769,94.785
1585243139769,94.785
1585243245394,94.55
1585243252038,94.615
1585243252038,94.615
1585243252038,94.615
1585243252038,94.615
1585243296251,94.67
1585243306147,94.59
1585243306147,94.59
1585243306147,94.59
1585243306147,94.59
1585243306147,94.59
1585243306147,94.59
1585243306147,94.59
1585243306147,94.59
1585243306147,94.59
1585243306147,94.59
1585243306147,94.59
1585243306147,94.59
1585243306147,94.59
1585243441298,94.61
1585243441298,94.61
1585243461081,94.55
1585243461081,94.55
1585243482680,94.66
1585243482680,94.66
1585243504229,94.595
1585243517933,94.64
1585243517933,94.64
1585243517933,94.64
1585243546269,94.68
1585243546269,94.68
1585243564898,94.59
1585243564898,94.59
1585243564898,94.59
1585243564898,94.59
1585243564898,94.59
1585243624698,94.4
1585243628868,94.425
1585243628868,94.425
1585243652762,94.46
1585243662870,94.485
1585243677043,94.39
1585243677043,94.39
1585243677043,94.39
1585243709070,94.46
1585243712342,94.53
1585243725392,94.44
1585243725392,94.44
1585243754185,94.47
1585243761599,94.47
1585243761599,94.47
1585243777742,94.5
1585243777742,94.5
1585243803055,94.485
1585243816016,94.415
1585243816016,94.415
1585243835046,94.34
1585243844466,94.34
1585243859384,94.27
1585243864219,94.29
1585243864219,94.29
1585243889335,94.1
1585243903161,94.12
1585243905741,94.13
1585243920779,94.085
1585243920779,94.085
1585243945407,93.905
1585243945407,93.905
1585243964018,93.98
1585243967754,94
1585243979837,94.06
1585243989649,94.18
1585243989649,94.18
1585243989649,94.18
1585243989649,94.18
1585243989649,94.18
1585243989649,94.18
1585243989649,94.18
1585243989649,94.18
1585244076168,94.04
1585244083321,94.05
1585244083321,94.05
1585244083321,94.05
1585244083321,94.05
1585244083321,94.05
1585244140981,94.06
1585244149681,94.04
1585244158486,94.085
1585244158486,94.085
1585244186143,94.04
1585244186143,94.04
1585244199007,94.26
1585244199007,94.26
1585244199007,94.26
1585244199007,94.26
1585244199007,94.26
1585244199007,94.26
1585244268633,93.89
1585244268633,93.89
1585244268633,93.89
1585244268633,93.89
1585244268633,93.89
1585244268633,93.89
1585244338816,94.03
1585244338816,94.03
1585244338816,94.03
1585244338816,94.03
1585244378373,94.065
1585244378373,94.065
1585244402917,94.19
1585244402917,94.19
1585244402917,94.19
1585244402917,94.19
1585244402917,94.19
1585244402917,94.19
1585244464999,94.23
1585244468220,94.245
1585244479519,94.04
1585244479519,94.04
1585244502243,94.21
1585244502243,94.21
1585244502243,94.21
1585244502243,94.21
1585244502243,94.21
1585244502243,94.21
1585244502243,94.21
1585244502243,94.21
1585244502243,94.21
1585244502243,94.21
1585244502243,94.21
1585244625929,94.27
1585244625929,94.27
1585244625929,94.27
1585244625929,94.27
1585244625929,94.27
1585244625929,94.27
1585244680571,94.34
1585244680571,94.34
1585244680571,94.34
1585244680571,94.34
1585244680571,94.34
1585244740804,94.41
1585244740804,94.41
1585244759783,94.33
1585244763013,94.325
1585244763013,94.325
1585244763013,94.325
1585244798326,94.34
1585244798326,94.34
1585244798326,94.34
1585244798326,94.34
1585244798326,94.34
1585244798326,94.34
1585244859917,94.29
1585244859917,94.29
1585244859917,94.29
1585244892838,94.39
1585244892838,94.39
1585244892838,94.39
1585244892838,94.39
1585244892838,94.39
1585244892838,94.39
1585244953773,94.485
1585244953773,94.485
1585244953773,94.485
1585244990918,94.575
1585244998401,94.55
1585244998401,94.55
1585244998401,94.55
1585244998401,94.55
1585244998401,94.55
1585244998401,94.55
1585245056191,94.46
1585245070664,94.275
1585245070664,94.275
1585245070664,94.275
1585245070664,94.275
1585245070664,94.275
1585245070664,94.275
1585245133646,94.41
1585245148375,94.385
1585245148375,94.385
1585245148375,94.385
1585245179471,94.37
1585245179471,94.37
1585245179471,94.37
1585245179471,94.37
1585245179471,94.37
1585245226018,94.205
1585245237426,94.205
1585245237426,94.205
1585245257781,94.13
1585245257781,94.13
1585245281112,94.13
1585245281112,94.13
1585245297928,94.15
1585245297928,94.15
1585245297928,94.15
1585245297928,94.15
1585245297928,94.15
1585245349281,94.12
1585245369274,94.26
1585245369944,94.215
1585245383560,94.09
1585245400541,94.01
1585245400541,94.01
1585245415474,94.105
1585245415474,94.105
1585245415474,94.105
1585245415474,94.105
1585245460575,94
1585245460575,94
1585245480209,94.02
1585245480209,94.02
1585245502382,93.965
1585245514072,93.91
1585245514072,93.91
1585245514072,93.91
1585245545157,93.88
1585245545157,93.88
1585245560278,93.815
1585245560278,93.815
1585245588262,93.735
1585245588262,93.735
1585245602546,93.79
1585245602546,93.79
1585245630850,93.83
1585245633665,93.83
1585245633665,93.83
1585245656174,93.755
1585245656174,93.755
1585245682382,93.66
1585245693362,93.755
1585245699127,93.8
1585245699127,93.8
1585245724803,93.76
1585245728144,93.775
1585245741130,93.64
1585245741130,93.64
1585245741130,93.64
1585245741130,93.64
1585245741130,93.64
1585245793235,93.875
1585245801823,93.91
1585245801823,93.91
1585245801823,93.91
1585245801823,93.91
1585245851163,94.07
1585245851163,94.07
1585245851163,94.07
1585245885265,94.03
1585245885265,94.03
1585245902974,94.04
1585245919682,94.03
1585245920699,94.03
1585245920699,94.03
1585245920699,94.03
1585245955438,94
1585245955438,94
1585245973034,94.17
1585245986259,93.885
1585245986259,93.885
1585245986259,93.885
1585245986259,93.885
1585245986259,93.885
1585246042839,93.705
1585246042839,93.705
1585246042839,93.705
1585246042839,93.705
1585246042839,93.705
1585246096371,93.645
1585246096371,93.645
1585246096371,93.645
1585246096371,93.645
1585246096371,93.645
1585246096371,93.645
1585246096371,93.645
1585246096371,93.645
1585246096371,93.645
1585246096371,93.645
1585246096371,93.645
1585246204060,93.825
1585246224848,93.85
1585246228251,93.82
1585246228251,93.82
1585246228251,93.82
1585246257510,93.69
1585246257510,93.69
1585246257510,93.69
1585246257510,93.69
1585246257510,93.69
1585246257510,93.69
1585246257510,93.69
1585246257510,93.69
1585246349097,93.665
1585246352452,93.615
1585246352452,93.615
1585246371082,93.63
1585246385106,93.655
1585246385106,93.655
1585246385106,93.655
1585246385106,93.655
1585246385106,93.655
1585246385106,93.655
1585246446991,93.83
1585246446991,93.83
1585246467133,93.82
1585246467133,93.82
1585246467133,93.82
1585246467133,93.82
1585246467133,93.82
1585246467133,93.82
1585246538975,93.57
1585246538975,93.57
1585246538975,93.57
1585246538975,93.57
1585246538975,93.57
1585246587492,93.63
1585246594744,93.61
1585246594744,93.61
1585246622106,93.59
1585246622106,93.59
1585246622106,93.59
1585246622106,93.59
1585246622106,93.59
1585246622106,93.59
1585246622106,93.59
1585246622106,93.59
1585246622106,93.59
1585246622106,93.59
1585246726173,93.78
1585246726173,93.78
1585246726173,93.78
1585246751161,93.81
1585246751161,93.81
1585246751161,93.81
1585246786210,93.78
1585246799579,93.77
1585246812046,93.695
1585246812046,93.695
1585246812046,93.695
1585246842809,93.77
1585246842809,93.77
1585246842809,93.77
1585246868015,93.77
1585246883771,93.705
1585246896597,93.67
1585246896597,93.67
1585246896597,93.67
1585246896597,93.67
1585246936338,93.69
1585246953484,93.69
1585246958943,93.69
1585246964259,93.735
1585246964259,93.735
1585246964259,93.735
1585247005924,93.81
1585247005924,93.81
1585247005924,93.81
1585247005924,93.81
1585247047972,93.75
1585247047972,93.75
1585247047972,93.75
1585247047972,93.75
1585247047972,93.75
1585247047972,93.75
1585247111752,93.92
1585247116190,94
1585247116190,94
1585247116190,94
1585247116190,94
1585247116190,94
1585247116190,94
1585247116190,94
1585247116190,94
1585247199263,94.1
1585247199263,94.1
1585247199263,94.1
1585247199263,94.1
1585247199263,94.1
1585247199263,94.1
1585247199263,94.1
1585247199263,94.1
1585247288121,94
1585247288121,94
1585247288121,94
1585247288121,94
1585247288121,94
1585247288121,94
1585247288121,94
1585247360938,94.125
1585247367100,94.125
1585247377971,94.08
1585247392454,94.135
1585247401658,94.145
1585247401658,94.145
1585247401658,94.145
1585247401658,94.145
1585247401658,94.145
1585247401658,94.145
1585247401658,94.145
1585247401658,94.145
1585247486943,94.06
1585247486943,94.06
1585247486943,94.06
1585247486943,94.06
1585247486943,94.06
1585247486943,94.06
1585247486943,94.06
1585247486943,94.06
1585247571064,94.075
1585247571064,94.075
1585247571064,94.075
1585247571064,94.075
1585247571064,94.075
1585247571064,94.075
1585247571064,94.075
1585247571064,94.075
1585247571064,94.075
1585247571064,94.075
1585247571064,94.075
1585247571064,94.075
1585247696889,94.22
1585247696889,94.22
1585247717591,94.22
1585247717591,94.22
1585247717591,94.22
1585247749130,94.175
1585247749130,94.175
1585247749130,94.175
1585247784181,94.18
1585247784181,94.18
1585247784181,94.18
1585247784181,94.18
1585247818699,94.29
1585247818699,94.29
1585247818699,94.29
1585247856919,94.42
1585247868368,94.42
1585247868368,94.42
1585247868368,94.42
1585247868368,94.42
1585247868368,94.42
1585247868368,94.42
1585247868368,94.42
1585247868368,94.42
1585247868368,94.42
1585247868368,94.42
1585247868368,94.42
1585247868368,94.42
1585247868368,94.42
1585247868368,94.42
1585247868368,94.42
1585247868368,94.42
1585247868368,94.42
1585247868368,94.42
1585247868368,94.42
1585248064561,94.585
1585248064561,94.585
1585248064561,94.585
1585248064561,94.585
1585248064561,94.585
1585248064561,94.585
1585248064561,94.585
1585248064561,94.585
1585248064561,94.585
1585248158064,94.46
1585248167802,94.53
1585248167802,94.53
1585248167802,94.53
1585248167802,94.53
1585248167802,94.53
1585248167802,94.53
1585248167802,94.53
1585248247275,94.44
1585248247275,94.44
1585248264510,94.34
1585248264510,94.34
1585248264510,94.34
1585248264510,94.34
1585248264510,94.34
1585248264510,94.34
1585248264510,94.34
1585248264510,94.34
1585248347877,94.475
1585248347877,94.475
1585248347877,94.475
1585248384098,94.6
1585248395119,94.69
1585248395119,94.69
1585248395119,94.69
1585248395119,94.69
1585248430908,94.71
1585248449325,94.73
1585248449325,94.73
1585248468134,94.755
1585248468134,94.755
1585248483453,94.69
1585248483453,94.69
1585248483453,94.69
1585248483453,94.69
1585248529208,94.545
1585248529208,94.545
1585248529208,94.545
1585248529208,94.545
1585248567262,94.55
1585248567262,94.55
1585248567262,94.55
1585248567262,94.55
1585248567262,94.55
1585248624102,94.58
1585248624102,94.58
1585248642397,94.59
1585248642397,94.59
1585248642397,94.59
1585248675107,94.58
1585248686127,94.6
1585248686127,94.6
1585248686127,94.6
1585248686127,94.6
1585248686127,94.6
1585248686127,94.6
1585248686127,94.6
1585248763300,94.78
1585248767094,94.78
1585248778851,94.81
1585248778851,94.81
1585248803982,94.71
1585248818430,94.76
1585248818430,94.76
1585248818430,94.76
1585248848456,94.735
1585248848456,94.735
1585248848456,94.735
1585248880401,94.57
1585248880401,94.57
1585248880401,94.57
1585248911975,94.45
1585248923161,94.39
1585248923161,94.39
1585248923161,94.39
1585248923161,94.39
1585248923161,94.39
1585248923161,94.39
1585248985876,94.4
1585248985876,94.4
1585249006808,94.47
1585249006808,94.47
1585249025463,94.6
1585249041247,94.66
1585249041247,94.66
1585249041247,94.66
1585249041247,94.66
1585249041247,94.66
1585249041247,94.66
1585249041247,94.66
1585249106616,94.665
1585249106616,94.665
1585249106616,94.665
1585249106616,94.665
1585249106616,94.665
1585249106616,94.665
1585249106616,94.665
1585249106616,94.665
1585249106616,94.665
