0,0
0,0
0,0
0,0
1582641101556,153.28
1582641101556,153.28
1582641101556,153.28
1582641101556,153.28
1582641140508,153.24
1582641140508,153.24
1582641157887,153.12
1582641176649,153.045
1582641185671,153.06
1582641195271,153.15
1582641200366,153.16
1582641220193,153.06
1582641224116,153.03
1582641224116,153.03
1582641248265,152.795
1582641261350,152.8
1582641261350,152.8
1582641261350,152.8
1582641286067,152.835
1582641286067,152.835
1582641286067,152.835
1582641325673,152.86
1582641332698,152.75
1582641348161,152.81
1582641362106,152.72
1582641370189,152.74
1582641370189,152.74
1582641370189,152.74
1582641370189,152.74
1582641370189,152.74
1582641370189,152.74
1582641370189,152.74
1582641444157,152.635
1582641444157,152.635
1582641444157,152.635
1582641444157,152.635
1582641484877,152.7
1582641484877,152.7
1582641484877,152.7
1582641484877,152.7
1582641484877,152.7
1582641542259,152.58
1582641542259,152.58
1582641555939,152.53
1582641572471,152.51
1582641572471,152.51
1582641572471,152.51
1582641600983,152.23
1582641611234,152.09
1582641611234,152.09
1582641611234,152.09
1582641611234,152.09
1582641611234,152.09
1582641611234,152.09
1582641611234,152.09
1582641611234,152.09
1582641611234,152.09
1582641611234,152.09
1582641611234,152.09
1582641611234,152.09
1582641611234,152.09
1582641611234,152.09
1582641611234,152.09
1582641611234,152.09
1582641782114,152.18
1582641782114,152.18
1582641800950,152.035
1582641814763,152.03
1582641814763,152.03
1582641814763,152.03
1582641814763,152.03
1582641814763,152.03
1582641814763,152.03
1582641814763,152.03
1582641814763,152.03
1582641900093,152.12
1582641900093,152.12
1582641900093,152.12
1582641900093,152.12
1582641900093,152.12
1582641900093,152.12
1582641900093,152.12
1582641900093,152.12
1582641900093,152.12
1582641900093,152.12
1582641900093,152.12
1582641900093,152.12
1582641900093,152.12
1582641900093,152.12
1582641900093,152.12
1582641900093,152.12
1582641900093,152.12
1582641900093,152.12
1582641900093,152.12
1582641900093,152.12
1582641900093,152.12
1582641900093,152.12
1582641900093,152.12
1582641900093,152.12
1582641900093,152.12
1582641900093,152.12
1582642196497,152.1
1582642196497,152.1
1582642196497,152.1
1582642196497,152.1
1582642196497,152.1
1582642196497,152.1
1582642196497,152.1
1582642196497,152.1
1582642196497,152.1
1582642196497,152.1
1582642196497,152.1
1582642196497,152.1
1582642196497,152.1
1582642338853,151.93
1582642349625,151.84
1582642349625,151.84
1582642349625,151.84
1582642349625,151.84
1582642349625,151.84
1582642349625,151.84
1582642349625,151.84
1582642349625,151.84
1582642349625,151.84
1582642349625,151.84
1582642349625,151.84
1582642475039,151.85
1582642475039,151.85
1582642475039,151.85
1582642501188,151.76
1582642509160,151.76
1582642509160,151.76
1582642509160,151.76
1582642509160,151.76
1582642509160,151.76
1582642509160,151.76
1582642509160,151.76
1582642591896,151.67
1582642591896,151.67
1582642591896,151.67
1582642591896,151.67
1582642591896,151.67
1582642591896,151.67
1582642591896,151.67
1582642661674,151.61
1582642661674,151.61
1582642661674,151.61
1582642661674,151.61
1582642661674,151.61
1582642661674,151.61
1582642730138,151.72
1582642739728,151.72
1582642739728,151.72
1582642739728,151.72
1582642772785,151.69
1582642772785,151.69
1582642772785,151.69
1582642772785,151.69
1582642772785,151.69
1582642772785,151.69
1582642772785,151.69
1582642772785,151.69
1582642772785,151.69
1582642772785,151.69
1582642772785,151.69
1582642772785,151.69
1582642772785,151.69
1582642772785,151.69
1582642772785,151.69
1582642936882,151.9
1582642936882,151.9
1582642959825,151.94
1582642959825,151.94
1582642959825,151.94
1582642959825,151.94
1582642959825,151.94
1582643004994,151.93
1582643015457,151.83
1582643015457,151.83
1582643015457,151.83
1582643015457,151.83
1582643015457,151.83
1582643070067,151.795
1582643070067,151.795
1582643070067,151.795
1582643070067,151.795
1582643070067,151.795
1582643070067,151.795
1582643130630,151.75
1582643130630,151.75
1582643130630,151.75
1582643130630,151.75
1582643130630,151.75
1582643184152,152.1
1582643203721,152.075
1582643213096,152.06
1582643213096,152.06
1582643235860,152.09
1582643244268,152.09
1582643255583,152.125
1582643255583,152.125
1582643255583,152.125
1582643286620,152.115
1582643286620,152.115
1582643304278,152.18
1582643304278,152.18
1582643304278,152.18
1582643304278,152.18
1582643344231,152.16
1582643362189,152.2
1582643368641,152.13
1582643368641,152.13
1582643368641,152.13
1582643406398,152.065
1582643411864,152.02
1582643428321,152.02
1582643437748,151.99
1582643448247,151.975
1582643448247,151.975
1582643462505,151.96
1582643484483,152.045
1582643484483,152.045
1582643484483,152.045
1582643515969,152.06
1582643520702,152.07
1582643520702,152.07
1582643520702,152.07
1582643520702,152.07
1582643569799,151.89
1582643569799,151.89
1582643584991,151.84
1582643584991,151.84
1582643613156,151.91
1582643613156,151.91
1582643613156,151.91
1582643643409,152.02
1582643643409,152.02
1582643643409,152.02
1582643643409,152.02
1582643643409,152.02
1582643643409,152.02
1582643717961,151.97
1582643717961,151.97
1582643717961,151.97
1582643742667,152.005
1582643742667,152.005
1582643742667,152.005
1582643742667,152.005
1582643790706,151.96
1582643790706,151.96
1582643790706,151.96
1582643790706,151.96
1582643790706,151.96
1582643790706,151.96
1582643790706,151.96
1582643790706,151.96
1582643876707,151.69
1582643876707,151.69
1582643876707,151.69
1582643876707,151.69
1582643876707,151.69
1582643876707,151.69
1582643876707,151.69
1582643876707,151.69
1582643876707,151.69
1582643876707,151.69
1582643876707,151.69
1582643876707,151.69
1582643876707,151.69
1582644013588,151.75
1582644024106,151.74
1582644024106,151.74
1582644024106,151.74
1582644024106,151.74
1582644024106,151.74
1582644024106,151.74
1582644024106,151.74
1582644024106,151.74
1582644024106,151.74
1582644124578,151.67
1582644138024,151.645
1582644138024,151.645
1582644138024,151.645
1582644138024,151.645
1582644138024,151.645
1582644138024,151.645
1582644138024,151.645
1582644138024,151.645
1582644138024,151.645
1582644226024,151.53
1582644226024,151.53
1582644226024,151.53
1582644226024,151.53
1582644226024,151.53
1582644226024,151.53
1582644226024,151.53
1582644226024,151.53
1582644226024,151.53
1582644226024,151.53
1582644226024,151.53
1582644226024,151.53
1582644226024,151.53
1582644226024,151.53
1582644226024,151.53
1582644226024,151.53
1582644226024,151.53
1582644412633,151.15
1582644412633,151.15
1582644412633,151.15
1582644437352,151.045
1582644437352,151.045
1582644466036,151.07
1582644466036,151.07
1582644466036,151.07
1582644499020,150.99
1582644499020,150.99
1582644499020,150.99
1582644499020,150.99
1582644499020,150.99
1582644499020,150.99
1582644499020,150.99
1582644499020,150.99
1582644499020,150.99
1582644588504,150.96
1582644588504,150.96
1582644588504,150.96
1582644623250,150.97
1582644623250,150.97
1582644655101,151.065
1582644673349,151.005
1582644673349,151.005
1582644673349,151.005
1582644673349,151.005
1582644673349,151.005
1582644673349,151.005
1582644673349,151.005
1582644673349,151.005
1582644673349,151.005
1582644772634,150.72
1582644772634,150.72
1582644772634,150.72
1582644772634,150.72
1582644772634,150.72
1582644772634,150.72
1582644772634,150.72
1582644772634,150.72
1582644772634,150.72
1582644772634,150.72
1582644772634,150.72
1582644772634,150.72
1582644952785,150.73
1582644952785,150.73
1582644952785,150.73
1582644952785,150.73
1582644952785,150.73
1582644952785,150.73
1582645076963,150.98
1582645076963,150.98
1582645076963,150.98
1582645114380,151.025
1582645124597,151.05
1582645124597,151.05
1582645124597,151.05
1582645124597,151.05
1582645124597,151.05
1582645124597,151.05
1582645124597,151.05
1582645124597,151.05
1582645124597,151.05
1582645124597,151.05
1582645124597,151.05
1582645124597,151.05
1582645304387,150.815
1582645304387,150.815
1582645304387,150.815
1582645363577,150.73
1582645363577,150.73
1582645363577,150.73
1582645411032,150.78
1582645411032,150.78
1582645462904,150.765
1582645472582,150.76
1582645486753,150.61
1582645486753,150.61
1582645486753,150.61
1582645526011,150.71
1582645526011,150.71
1582645559251,150.66
1582645559251,150.66
1582645559251,150.66
1582645607569,150.605
1582645615059,150.5
1582645615059,150.5
1582645648074,150.425
1582645648074,150.425
1582645648074,150.425
1582645709159,150.315
1582645713872,150.285
1582645713872,150.285
1582645713872,150.285
1582645713872,150.285
1582645713872,150.285
1582645784351,150.08
1582645784351,150.08
1582645784351,150.08
1582645810858,150
1582645810858,150
1582645810858,150
1582645850450,149.785
1582646331339,150.01
1582646331339,150.01
1582646331339,150.01
1582646331339,150.01
1582646374143,150.035
1582646374143,150.035
1582646395094,150.075
1582646401321,150.1
1582646401321,150.1
1582646401321,150.1
1582646401321,150.1
1582646401321,150.1
1582646452565,150.18
1582646471685,150.28
1582646483719,150.31
1582646483719,150.31
1582646504633,150.245
1582646512528,150.28
1582646512528,150.28
1582646512528,150.28
1582646545774,150.1
1582646549395,150.02
1582646565565,150.065
1582646580293,150.065
1582646594297,150.1
1582646594297,150.1
1582646620379,149.97
1582646623899,149.99
1582646640341,149.74
1582646651766,149.77
1582646658559,149.8
1582646670623,149.795
1582646670623,149.795
1582646688066,149.835
1582646688066,149.835
1582646706574,149.865
1582646720400,149.99
1582646732818,149.965
1582646732818,149.965
1582646732818,149.965
1582646764327,149.88
1582646776877,149.81
1582646783147,149.81
1582646783147,149.81
1582646783147,149.81
1582646783147,149.81
1582646783147,149.81
1582646783147,149.81
1582646783147,149.81
1582646783147,149.81
1582646783147,149.81
1582646783147,149.81
1582646783147,149.81
1582646783147,149.81
1582646907143,149.97
1582646907143,149.97
1582646907143,149.97
1582646907143,149.97
1582646907143,149.97
1582646907143,149.97
1582646907143,149.97
1582646907143,149.97
1582646907143,149.97
1582647007216,149.715
1582647007216,149.715
1582647007216,149.715
1582647038107,149.89
1582647038107,149.89
1582647038107,149.89
1582647038107,149.89
1582647081213,150.005
1582647081213,150.005
1582647081213,150.005
1582647081213,150.005
1582647081213,150.005
1582647081213,150.005
1582647081213,150.005
1582647158785,150.005
1582647158785,150.005
1582647158785,150.005
1582647182498,150.005
1582647200974,149.78
1582647200974,149.78
1582647222706,149.74
1582647230471,149.86
1582647230471,149.86
1582647230471,149.86
1582647256698,149.81
1582647256698,149.81
1582647256698,149.81
1582647256698,149.81
1582647256698,149.81
1582647256698,149.81
1582647256698,149.81
1582647256698,149.81
1582647256698,149.81
1582647256698,149.81
1582647363854,149.76
1582647370121,149.775
1582647382515,149.68
1582647382515,149.68
1582647382515,149.68
1582647382515,149.68
1582647382515,149.68
1582647439286,149.6
1582647439286,149.6
1582647439286,149.6
1582647472466,149.6
1582647472466,149.6
1582647488413,149.51
1582647488413,149.51
1582647508947,149.45
1582647518915,149.51
1582647518915,149.51
1582647538075,149.42
1582647556519,149.47
1582647556519,149.47
1582647579533,149.56
1582647579533,149.56
1582647579533,149.56
1582647604881,149.44
1582647604881,149.44
1582647625066,149.43
1582647642422,149.33
1582647642422,149.33
1582647642422,149.33
1582647669518,149.45
1582647678291,149.44
1582647678291,149.44
1582647703681,149.53
1582647709255,149.485
1582647709255,149.485
1582647734479,149.375
1582647743099,149.375
1582647743099,149.375
1582647759535,149.43
1582647759535,149.43
1582647759535,149.43
1582647759535,149.43
1582647759535,149.43
1582647759535,149.43
1582647826382,149.57
1582647826382,149.57
1582647846908,149.54
1582647846908,149.54
1582647846908,149.54
1582647846908,149.54
1582647846908,149.54
1582647911552,149.6
1582647911552,149.6
1582647911552,149.6
1582647911552,149.6
1582647911552,149.6
1582647965095,149.75
1582647973351,149.835
1582647973351,149.835
1582647973351,149.835
1582648002212,149.92
1582648002212,149.92
1582648002212,149.92
1582648002212,149.92
1582648045909,149.89
1582648045909,149.89
1582648062151,149.89
1582648074255,149.87
1582648074255,149.87
1582648074255,149.87
1582648074255,149.87
1582648074255,149.87
1582648074255,149.87
1582648139326,150.01
1582648139326,150.01
1582648139326,150.01
1582648139326,150.01
1582648139326,150.01
1582648194113,149.89
1582648194113,149.89
1582648194113,149.89
1582648227652,149.835
1582648227652,149.835
1582648227652,149.835
1582648258532,149.74
1582648268033,149.8
1582648279262,149.78
1582648279262,149.78
1582648279262,149.78
1582648279262,149.78
1582648320383,149.76
1582648329879,149.745
1582648333735,149.76
1582648333735,149.76
1582648363656,149.81
1582648363656,149.81
1582648384258,149.83
1582648384258,149.83
1582648402338,149.92
1582648402338,149.92
1582648402338,149.92
1582648435243,149.86
1582648442428,149.83
1582648442428,149.83
1582648466285,149.845
1582648466285,149.845
1582648466285,149.845
1582648497463,149.875
1582648497463,149.875
1582648497463,149.875
1582648497463,149.875
1582648497463,149.875
1582648497463,149.875
1582648562238,149.78
1582648569696,149.85
1582648583122,149.99
1582648583122,149.99
1582648599697,149.995
1582648607786,150.03
1582648607786,150.03
1582648607786,150.03
1582648640952,150.23
1582648652800,150.19
1582648658545,150.19
1582648676484,150.155
1582648678502,150.17
1582648694547,150.22
1582648704448,150.225
1582648704448,150.225
1582648704448,150.225
1582648704448,150.225
1582648704448,150.225
1582648704448,150.225
1582648704448,150.225
1582648704448,150.225
1582648704448,150.225
1582648704448,150.225
1582648704448,150.225
1582648704448,150.225
1582648704448,150.225
1582648704448,150.225
1582648704448,150.225
1582648704448,150.225
1582648704448,150.225
1582648704448,150.225
1582648892571,150.07
1582648892571,150.07
1582648915391,150.05
1582648915391,150.05
1582648938360,149.99
1582648938360,149.99
1582648938360,149.99
1582648938360,149.99
1582648938360,149.99
1582648938360,149.99
1582648938360,149.99
1582648938360,149.99
1582649013696,149.8
1582649013696,149.8
1582649013696,149.8
1582649013696,149.8
1582649013696,149.8
1582649068855,149.63
1582649081771,149.615
1582649088443,149.835
1582649088443,149.835
1582649088443,149.835
1582649119222,149.685
1582649119222,149.685
1582649119222,149.685
1582649119222,149.685
1582649119222,149.685
1582649119222,149.685
1582649119222,149.685
1582649119222,149.685
1582649119222,149.685
1582649119222,149.685
1582649119222,149.685
1582649119222,149.685
1582649119222,149.685
1582649119222,149.685
1582649119222,149.685
1582649119222,149.685
1582649119222,149.685
1582649297745,149.99
1582649297745,149.99
1582649297745,149.99
1582649297745,149.99
1582649297745,149.99
1582649297745,149.99
1582649297745,149.99
1582649297745,149.99
1582649297745,149.99
1582649390371,149.995
1582649390371,149.995
1582649390371,149.995
1582649390371,149.995
1582649390371,149.995
1582649390371,149.995
1582649390371,149.995
1582649390371,149.995
1582649474830,149.835
1582649487774,149.81
1582649487774,149.81
1582649487774,149.81
1582649487774,149.81
1582649487774,149.81
1582649487774,149.81
1582649487774,149.81
1582649487774,149.81
1582649564786,149.78
1582649582378,149.84
1582649582378,149.84
1582649582378,149.84
1582649582378,149.84
1582649623418,149.795
1582649630075,149.81
1582649635723,149.81
1582649650962,149.78
1582649650962,149.78
1582649669392,149.75
1582649669392,149.75
1582649694286,149.75
1582649702230,149.75
1582649708799,149.72
1582649708799,149.72
1582649708799,149.72
1582649708799,149.72
1582649708799,149.72
1582649708799,149.72
1582649780409,149.65
1582649780409,149.65
1582649799149,149.62
1582649807991,149.535
1582649815475,149.53
1582649823397,149.52
1582649843313,149.5
1582649845961,149.5
1582649845961,149.5
1582649845961,149.5
1582649845961,149.5
1582649845961,149.5
1582649845961,149.5
1582649845961,149.5
1582649926667,149.27
1582649926667,149.27
1582649940566,149.28
1582649940566,149.28
1582649966825,149.375
1582649966825,149.375
1582649966825,149.375
1582649966825,149.375
1582649966825,149.375
1582650020827,149.31
1582650022935,149.28
1582650033708,149.32
1582650045143,149.285
1582650045143,149.285
1582650045143,149.285
1582650045143,149.285
1582650045143,149.285
1582650045143,149.285
1582650045143,149.285
1582650116131,149.22
1582650116131,149.22
1582650116131,149.22
1582650116131,149.22
1582650116131,149.22
1582650116131,149.22
1582650116131,149.22
1582650116131,149.22
1582650205089,149.22
1582650205089,149.22
1582650205089,149.22
1582650205089,149.22
1582650205089,149.22
1582650205089,149.22
1582650205089,149.22
1582650205089,149.22
1582650205089,149.22
1582650205089,149.22
1582650205089,149.22
1582650205089,149.22
1582650329712,149.24
1582650329712,149.24
1582650329712,149.24
1582650329712,149.24
1582650329712,149.24
1582650329712,149.24
1582650329712,149.24
1582650329712,149.24
1582650329712,149.24
1582650329712,149.24
1582650329712,149.24
1582650329712,149.24
1582650329712,149.24
1582650329712,149.24
1582650329712,149.24
1582650329712,149.24
1582650329712,149.24
1582650329712,149.24
1582650329712,149.24
1582650528361,149.095
1582650539848,149
1582650539848,149
1582650539848,149
1582650539848,149
1582650539848,149
1582650539848,149
1582650539848,149
1582650539848,149
1582650617298,149
1582650617298,149
1582650617298,149
1582650617298,149
1582650617298,149
1582650617298,149
1582650617298,149
1582650617298,149
1582650707081,149.02
1582650707081,149.02
1582650725226,149.04
1582650736486,149.05
1582650742983,149.11
1582650742983,149.11
1582650742983,149.11
1582650774781,149.04
1582650774781,149.04
1582650774781,149.04
1582650774781,149.04
1582650822790,149.06
1582650822790,149.06
1582650822790,149.06
1582650822790,149.06
1582650822790,149.06
1582650822790,149.06
1582650822790,149.06
1582650822790,149.06
1582650822790,149.06
1582650822790,149.06
1582650822790,149.06
1582650932723,148.5
1582650932723,148.5
1582650932723,148.5
1582650932723,148.5
1582650932723,148.5
1582650932723,148.5
1582650932723,148.5
1582650932723,148.5
1582650932723,148.5
1582650932723,148.5
1582650932723,148.5
1582650932723,148.5
1582650932723,148.5
1582650932723,148.5
1582650932723,148.5
1582651093290,148.72
1582651093290,148.72
1582651093290,148.72
1582651093290,148.72
1582651093290,148.72
1582651093290,148.72
1582651093290,148.72
1582651165597,148.57
1582651165597,148.57
1582651165597,148.57
1582651165597,148.57
1582651165597,148.57
1582651218614,148.455
1582651220507,148.43
1582651220507,148.43
1582651243838,148.445
1582651251319,148.46
1582651251319,148.46
1582651280359,148.38
1582651289213,148.37
1582651297569,148.35
1582651308437,148.37
1582651308437,148.37
1582651308437,148.37
1582651308437,148.37
1582651308437,148.37
1582651308437,148.37
1582651376332,148.52
1582651376332,148.52
1582651376332,148.52
1582651399269,148.42
1582651415622,148.54
1582651421748,148.505
1582651435210,148.555
1582651435210,148.555
1582651435210,148.555
1582651435210,148.555
1582651435210,148.555
1582651435210,148.555
1582651435210,148.555
1582651435210,148.555
1582651435210,148.555
1582651435210,148.555
1582651435210,148.555
1582651435210,148.555
1582651435210,148.555
1582651435210,148.555
1582651435210,148.555
1582651435210,148.555
1582651435210,148.555
1582651435210,148.555
1582651435210,148.555
1582651435210,148.555
1582651435210,148.555
1582651435210,148.555
1582651662076,148.41
1582651662076,148.41
1582651683995,148.4
1582651683995,148.4
1582651683995,148.4
1582651683995,148.4
1582651683995,148.4
1582651683995,148.4
1582651683995,148.4
1582651683995,148.4
1582651683995,148.4
1582651683995,148.4
1582651683995,148.4
1582651683995,148.4
1582651814326,148.49
1582651825446,148.42
1582651825446,148.42
1582651842562,148.49
1582651842562,148.49
1582651842562,148.49
1582651871934,148.445
1582651885322,148.42
1582651885322,148.42
1582651904667,148.37
1582651904667,148.37
1582651904667,148.37
1582651904667,148.37
1582651904667,148.37
1582651904667,148.37
1582651904667,148.37
1582651904667,148.37
1582651904667,148.37
1582651904667,148.37
1582651904667,148.37
1582651904667,148.37
1582651904667,148.37
1582651904667,148.37
1582651904667,148.37
1582651904667,148.37
1582651904667,148.37
1582651904667,148.37
1582651904667,148.37
1582651904667,148.37
1582651904667,148.37
1582651904667,148.37
1582651904667,148.37
1582651904667,148.37
1582651904667,148.37
1582651904667,148.37
1582651904667,148.37
1582651904667,148.37
1582652200921,148.7
1582652210962,148.685
1582652210962,148.685
1582652210962,148.685
1582652210962,148.685
1582652210962,148.685
1582652254236,148.68
1582652254236,148.68
1582652278001,148.62
1582652278001,148.62
1582652278001,148.62
1582652278001,148.62
1582652278001,148.62
1582652278001,148.62
1582652278001,148.62
1582652278001,148.62
1582652363759,148.48
1582652376893,148.54
1582652376893,148.54
1582652376893,148.54
1582652408994,148.58
1582652408994,148.58
1582652408994,148.58
1582652408994,148.58
1582652408994,148.58
1582652461421,148.34
1582652461421,148.34
1582652473362,148.4
1582652473362,148.4
1582652473362,148.4
1582652473362,148.4
1582652473362,148.4
1582652533537,148.25
1582652538700,148.175
1582652538700,148.175
1582652538700,148.175
1582652538700,148.175
1582652538700,148.175
1582652538700,148.175
1582652538700,148.175
1582652538700,148.175
1582652538700,148.175
1582652538700,148.175
1582652650277,148
1582652650277,148
1582652668615,147.99
1582652668615,147.99
1582652668615,147.99
1582652668615,147.99
1582652704805,147.97
1582652704805,147.97
1582652724916,147.89
1582652724916,147.89
1582652724916,147.89
1582652724916,147.89
1582652724916,147.89
1582652724916,147.89
1582652724916,147.89
1582652724916,147.89
1582652724916,147.89
1582652724916,147.89
1582652724916,147.89
1582652724916,147.89
1582652724916,147.89
1582652724916,147.89
1582652724916,147.89
1582652886709,147.86
1582652886709,147.86
1582652886709,147.86
1582652886709,147.86
1582652886709,147.86
1582652886709,147.86
1582652886709,147.86
1582652886709,147.86
1582652886709,147.86
1582652886709,147.86
1582652886709,147.86
1582652886709,147.86
1582652886709,147.86
1582653023054,148.03
1582653023054,148.03
1582653023054,148.03
1582653023054,148.03
1582653023054,148.03
1582653023054,148.03
1582653080847,148.01
1582653080847,148.01
1582653080847,148.01
1582653080847,148.01
1582653080847,148.01
1582653080847,148.01
1582653080847,148.01
1582653080847,148.01
1582653080847,148.01
1582653080847,148.01
1582653080847,148.01
1582653080847,148.01
1582653080847,148.01
1582653080847,148.01
1582653080847,148.01
1582653080847,148.01
1582653249337,148.02
1582653249337,148.02
1582653249337,148.02
1582653249337,148.02
1582653249337,148.02
1582653249337,148.02
1582653249337,148.02
1582653329236,148
1582653333919,147.89
1582653333919,147.89
1582653333919,147.89
1582653371528,147.82
1582653371528,147.82
1582653371528,147.82
1582653371528,147.82
1582653412744,147.83
1582653412744,147.83
1582653412744,147.83
1582653412744,147.83
1582653455382,147.8
1582653455382,147.8
1582653455382,147.8
1582653455382,147.8
1582653455382,147.8
1582653505742,147.75
1582653505742,147.75
1582653524388,147.76
1582653524388,147.76
1582653524388,147.76
1582653524388,147.76
1582653566341,147.72
1582653566341,147.72
1582653588752,147.79
1582653588752,147.79
1582653588752,147.79
1582653588752,147.79
1582653588752,147.79
1582653588752,147.79
1582653588752,147.79
1582653588752,147.79
1582653588752,147.79
1582653683859,147.585
1582653683859,147.585
1582653696943,147.53
1582653696943,147.53
1582653696943,147.53
1582653736484,147.69
1582653736484,147.69
1582653756343,147.77
1582653760043,147.72
1582653760043,147.72
1582653760043,147.72
1582653760043,147.72
1582653760043,147.72
1582653760043,147.72
1582653760043,147.72
1582653760043,147.72
1582653852310,147.69
1582653852310,147.69
1582653852310,147.69
1582653878818,147.6
1582653878818,147.6
1582653878818,147.6
1582653878818,147.6
1582653878818,147.6
1582653878818,147.6
1582653878818,147.6
1582653957387,147.695
1582653957387,147.695
1582653975759,147.72
1582653975759,147.72
1582653975759,147.72
1582654005091,147.75
1582654013299,147.8
1582654013299,147.8
1582654013299,147.8
1582654013299,147.8
1582654013299,147.8
1582654013299,147.8
1582654013299,147.8
1582654013299,147.8
1582654013299,147.8
1582654013299,147.8
1582654013299,147.8
1582654013299,147.8
1582654013299,147.8
1582654013299,147.8
1582654013299,147.8
1582654013299,147.8
1582654184401,147.97
1582654184401,147.97
1582654184401,147.97
1582654184401,147.97
1582654184401,147.97
1582654184401,147.97
1582654184401,147.97
1582654184401,147.97
1582654184401,147.97
1582654184401,147.97
1582654184401,147.97
1582654302719,148.065
1582654302719,148.065
1582654302719,148.065
1582654302719,148.065
1582654337119,148.095
1582654337119,148.095
1582654364680,148.14
1582654364680,148.14
1582654364680,148.14
1582654364680,148.14
1582654364680,148.14
1582654413814,148.075
1582654413814,148.075
1582654438106,147.915
1582654438106,147.915
1582654438106,147.915
1582654469247,147.935
1582654469247,147.935
1582654491001,148
1582654503758,148.025
1582654503758,148.025
1582654503758,148.025
1582654538816,148.03
1582654550875,147.98
1582654550875,147.98
1582654574176,147.91
1582654574176,147.91
1582654590088,147.92
1582654605586,147.87
1582654605586,147.87
1582654605586,147.87
1582654605586,147.87
1582654646969,147.74
1582654646969,147.74
1582654646969,147.74
1582654646969,147.74
1582654646969,147.74
1582654646969,147.74
1582654646969,147.74
1582654719505,147.61
1582654719505,147.61
1582654719505,147.61
1582654719505,147.61
1582654719505,147.61
1582654719505,147.61
1582654719505,147.61
1582654719505,147.61
1582654719505,147.61
1582654719505,147.61
1582654832192,147.67
1582654832192,147.67
1582654845482,147.66
1582654845482,147.66
1582654845482,147.66
1582654845482,147.66
1582654845482,147.66
1582654904604,147.65
1582654904604,147.65
1582654924510,147.59
1582654924510,147.59
1582654924510,147.59
1582654924510,147.59
1582654924510,147.59
1582654924510,147.59
1582654924510,147.59
1582654924510,147.59
1582654924510,147.59
1582654924510,147.59
1582654924510,147.59
1582654924510,147.59
1582654924510,147.59
1582654924510,147.59
1582654924510,147.59
1582654924510,147.59
1582654924510,147.59
1582654924510,147.59
1582654924510,147.59
1582654924510,147.59
1582654924510,147.59
1582655145044,147.56
1582655145044,147.56
1582655165592,147.485
1582655165592,147.485
1582655165592,147.485
1582655165592,147.485
1582655165592,147.485
1582655165592,147.485
1582655165592,147.485
1582655165592,147.485
1582655165592,147.485
1582655165592,147.485
1582655264336,147.66
1582655264336,147.66
1582655264336,147.66
1582655264336,147.66
1582655264336,147.66
1582655326625,147.68
1582655326625,147.68
1582655326625,147.68
1582655326625,147.68
1582655326625,147.68
1582655326625,147.68
1582655385452,147.69
1582655385452,147.69
1582655385452,147.69
1582655385452,147.69
1582655385452,147.69
1582655385452,147.69
1582655385452,147.69
1582655385452,147.69
1582655385452,147.69
1582655385452,147.69
1582655385452,147.69
1582655385452,147.69
1582655385452,147.69
1582655385452,147.69
1582655385452,147.69
1582655385452,147.69
1582655385452,147.69
1582655385452,147.69
1582655578777,147.33
1582655578777,147.33
1582655578777,147.33
1582655578777,147.33
1582655578777,147.33
1582655578777,147.33
1582655578777,147.33
1582655578777,147.33
1582655578777,147.33
1582655578777,147.33
1582655578777,147.33
1582655578777,147.33
1582655578777,147.33
1582655714634,147.42
1582655714634,147.42
1582655714634,147.42
1582655714634,147.42
1582655714634,147.42
1582655714634,147.42
1582655779811,147.27
1582655779811,147.27
1582655779811,147.27
1582655779811,147.27
1582655779811,147.27
1582655779811,147.27
1582655779811,147.27
1582655779811,147.27
1582655779811,147.27
1582655779811,147.27
1582655885224,147.47
1582655890902,147.42
1582655890902,147.42
1582655890902,147.42
1582655930935,147.33
1582655930935,147.33
1582655930935,147.33
1582655930935,147.33
1582655930935,147.33
1582655975245,147.39
1582655975245,147.39
1582656000987,147.41
1582656000987,147.41
1582656000987,147.41
1582656000987,147.41
1582656000987,147.41
1582656000987,147.41
1582656000987,147.41
1582656000987,147.41
1582656000987,147.41
1582656095026,147.31
1582656103297,147.31
1582656103297,147.31
1582656103297,147.31
1582656103297,147.31
1582656144227,147.36
1582656159887,147.445
1582656165713,147.515
1582656165713,147.515
1582656193025,147.61
1582656199779,147.55
1582656199779,147.55
1582656199779,147.55
1582656225817,147.66
1582656241377,147.605
1582656241377,147.605
1582656241377,147.605
1582656241377,147.605
1582656285948,147.79
1582656299075,147.79
1582656305493,147.75
1582656305493,147.75
1582656305493,147.75
1582656337157,147.77
1582656342718,147.71
1582656353574,147.71
1582656353574,147.71
1582656353574,147.71
1582656388185,147.8
1582656388185,147.8
1582656388185,147.8
1582656421337,147.85
1582656427016,147.78
1582656427016,147.78
1582656450855,147.93
1582656466444,147.89
1582656475329,147.91
1582656475329,147.91
1582656491701,147.89
1582656491701,147.89
1582656491701,147.89
1582656527390,147.815
1582656527390,147.815
1582656527390,147.815
1582656527390,147.815
1582656562087,147.69
1582656581608,147.65
1582656585468,147.755
1582656585468,147.755
1582656606947,147.75
1582656606947,147.75
1582656606947,147.75
1582656645582,147.91
1582656651076,147.88
1582656651076,147.88
1582656674913,147.82
1582656674913,147.82
1582656674913,147.82
1582656674913,147.82
1582656674913,147.82
1582656674913,147.82
1582656674913,147.82
1582656674913,147.82
1582656751548,147.72
1582656765807,147.72
1582656765807,147.72
1582656765807,147.72
1582656765807,147.72
1582656805428,147.7
1582656805428,147.7
1582656805428,147.7
1582656805428,147.7
1582656855418,147.67
1582656861117,147.71
1582656861117,147.71
1582656861117,147.71
1582656861117,147.71
1582656861117,147.71
1582656861117,147.71
1582656927583,147.725
1582656927583,147.725
1582656946170,147.745
1582656957523,147.7
1582656957523,147.7
1582656980236,147.75
1582656980236,147.75
1582657003558,147.785
1582657011754,147.765
1582657011754,147.765
1582657035019,147.75
1582657035019,147.75
1582657035019,147.75
1582657063380,147.73
1582657068678,147.725
1582657068678,147.725
1582657068678,147.725
1582657068678,147.725
1582657068678,147.725
1582657126403,147.745
1582657138648,147.715
1582657144657,147.66
1582657155949,147.705
1582657169481,147.59
1582657180621,147.615
1582657189976,147.6
1582657202513,147.52
1582657207915,147.57
1582657214892,147.59
1582657214892,147.59
1582657237062,147.62
1582657252837,147.555
1582657257754,147.555
1582657276109,147.61
1582657287749,147.55
1582657287749,147.55
1582657306558,147.415
1582657306558,147.415
1582657326828,147.26
1582657326828,147.26
1582657326828,147.26
1582657326828,147.26
1582657367296,147.26
1582657380926,147.26
1582657393031,147.22
1582657398351,147.22
1582657398351,147.22
1582657420790,147.31
1582657426763,147.31
1582657443298,147.43
1582657451140,147.435
1582657463609,147.53
1582657463609,147.53
1582657463609,147.53
1582657492954,147.44
1582657492954,147.44
1582657492954,147.44
1582657525733,147.41
1582657525733,147.41
1582657542472,147.44
1582657562653,147.5
1582657562653,147.5
1582657562653,147.5
1582657562653,147.5
1582657596884,147.415
1582657614191,147.4
1582657621178,147.37
1582657632640,147.325
1582657637936,147.325
1582657637936,147.325
1582657658274,147.345
1582657658274,147.345
1582657688105,147.345
1582657688105,147.345
1582657703969,147.35
1582657703969,147.35
1582657726553,147.14
1582657741881,147.14
1582657741881,147.14
1582657761887,146.925
1582657767160,146.895
1582657775370,146.73
1582657785952,146.71
1582657799255,146.805
1582657814661,146.965
1582657814661,146.965
1582657814661,146.965
1582657846727,147.05
1582657851922,147.045
1582657868213,147.085
1582657877219,146.915
1582657885580,147
1582657894219,146.945
1582657910047,146.845
1582657919562,146.97
1582657933163,147.11
1582657942167,147.165
1582657946494,147.23
1582657946494,147.23
1582657946494,147.23
1582657946494,147.23
1582657990082,147.21
1582657990082,147.21
1582658018144,147.395
1582658027117,147.29
1582658027117,147.29
1582658042941,147.335
1582658042941,147.335
1582658063409,147.345
1582658079260,147.31
1582658079260,147.31
1582658079260,147.31
1582658114014,147.3
1582658114014,147.3
1582658114014,147.3
1582658144476,147.22
1582658144476,147.22
1582658144476,147.22
1582658144476,147.22
1582658144476,147.22
1582658144476,147.22
1582658144476,147.22
1582658144476,147.22
1582658144476,147.22
1582658232084,147.125
1582658232084,147.125
1582658259787,147.095
1582658259787,147.095
1582658259787,147.095
1582658282941,146.97
1582658282941,146.97
1582658282941,146.97
1582658282941,146.97
1582658282941,146.97
1582658282941,146.97
1582658282941,146.97
1582658357769,146.905
1582658357769,146.905
1582658357769,146.905
1582658357769,146.905
1582658404109,146.915
1582658404109,146.915
1582658404109,146.915
1582658404109,146.915
1582658446967,147.17
1582658454951,147.135
1582658468663,146.98
1582658482012,146.925
1582658491917,146.92
1582658502836,146.91
1582658513253,146.88
1582658522388,146.88
1582658529548,146.94
1582658539940,146.91
1582658554924,146.94
1582658564993,146.865
1582658570711,146.82
1582658584300,146.76
1582658595962,146.78
1582658604302,146.715
1582658604302,146.715
1582658604302,146.715
1582658635805,146.765
1582658635805,146.765
1582658655674,146.56
1582658655674,146.56
1582658679628,146.48
1582658686348,146.47
1582658686348,146.47
1582658686348,146.47
1582658686348,146.47
1582658686348,146.47
1582658686348,146.47
1582658686348,146.47
1582658686348,146.47
1582658686348,146.47
1582658686348,146.47
1582658686348,146.47
1582658686348,146.47
1582658806664,146.59
1582658806664,146.59
1582658832950,146.59
1582658832950,146.59
1582658832950,146.59
1582658832950,146.59
1582658832950,146.59
1582658832950,146.59
1582658832950,146.59
1582658832950,146.59
1582658832950,146.59
1582658832950,146.59
1582658832950,146.59
1582658832950,146.59
1582658832950,146.59
1582658832950,146.59
1582658832950,146.59
1582658994051,146.435
1582658999123,146.43
1582658999123,146.43
1582659021726,146.37
1582659027059,146.32
1582659027059,146.32
1582659051213,146.265
1582659051213,146.265
1582659068698,146.22
1582659080242,146.22
1582659089449,146.28
1582659107674,146.24
1582659107674,146.24
1582659125064,146.12
1582659125064,146.12
1582659125064,146.12
1582659159643,146.25
1582659159643,146.25
1582659159643,146.25
1582659159643,146.25
1582659196166,146.54
1582659196166,146.54
1582659196166,146.54
1582659196166,146.54
1582659196166,146.54
1582659252252,146.33
1582659252252,146.33
1582659270897,146.45
1582659270897,146.45
1582659270897,146.45
1582659270897,146.45
1582659313082,146.2
1582659313082,146.2
1582659313082,146.2
1582659347810,146.13
1582659357079,146.13
1582659357079,146.13
1582659382032,146.12
1582659382032,146.12
1582659394218,146.21
1582659394218,146.21
1582659394218,146.21
1582659394218,146.21
1582659442147,146.105
1582659445977,146.085
1582659445977,146.085
1582659471395,146.025
1582659471395,146.025
1582659471395,146.025
1582659471395,146.025
1582659512771,146.03
1582659525580,146.035
1582659533795,146.05
1582659549449,146.06
1582659549449,146.06
1582659549449,146.06
1582659549449,146.06
1582659586599,146.055
1582659586599,146.055
1582659606475,146.07
1582659606475,146.07
1582659631024,145.975
1582659639571,146.04
1582659639571,146.04
1582659639571,146.04
1582659669591,146.12
1582659669591,146.12
1582659698580,146.07
1582659698580,146.07
1582659719582,146.035
1582659721520,146.01
1582659721520,146.01
1582659743237,146.205
1582659762227,146.37
1582659762227,146.37
1582659762227,146.37
1582659762227,146.37
1582659762227,146.37
1582659762227,146.37
1582659762227,146.37
1582659762227,146.37
1582659762227,146.37
1582659762227,146.37
1582659762227,146.37
1582659762227,146.37
1582659762227,146.37
1582659894244,146.68
1582659894244,146.68
1582659894244,146.68
1582659894244,146.68
1582659894244,146.68
1582659894244,146.68
1582659894244,146.68
1582659894244,146.68
1582659894244,146.68
1582659894244,146.68
1582659894244,146.68
1582659894244,146.68
1582659894244,146.68
1582659894244,146.68
1582659894244,146.68
1582659894244,146.68
1582659894244,146.68
1582659894244,146.68
1582659894244,146.68
1582659894244,146.68
1582659894244,146.68
1582659894244,146.68
1582660126464,146.71
1582660132405,146.66
1582660132405,146.66
1582660132405,146.66
1582660132405,146.66
1582660132405,146.66
1582660183004,146.79
1582660183004,146.79
1582660183004,146.79
1582660183004,146.79
1582660183004,146.79
1582660183004,146.79
1582660183004,146.79
1582660183004,146.79
1582660183004,146.79
1582660183004,146.79
1582660183004,146.79
1582660183004,146.79
1582660183004,146.79
1582660322115,146.915
1582660322115,146.915
1582660322115,146.915
1582660322115,146.915
1582660361740,146.91
1582660374091,146.95
1582660390584,146.96
1582660397784,146.95
1582660397784,146.95
1582660397784,146.95
1582660427963,146.98
1582660427963,146.98
1582660427963,146.98
1582660427963,146.98
1582660427963,146.98
1582660427963,146.98
1582660427963,146.98
1582660506728,147.19
1582660508340,147.23
1582660508340,147.23
1582660508340,147.23
1582660508340,147.23
1582660508340,147.23
1582660508340,147.23
1582660508340,147.23
1582660582557,147.31
1582660582557,147.31
1582660582557,147.31
1582660582557,147.31
1582660582557,147.31
1582660582557,147.31
1582660655498,147.15
1582660655498,147.15
1582660655498,147.15
1582660655498,147.15
1582660690393,147.12
1582660690393,147.12
1582660690393,147.12
1582660690393,147.12
1582660690393,147.12
1582660690393,147.12
1582660690393,147.12
1582660690393,147.12
1582660690393,147.12
1582660690393,147.12
1582660690393,147.12
1582660690393,147.12
1582660690393,147.12
1582660690393,147.12
1582660690393,147.12
1582660690393,147.12
1582660690393,147.12
1582660690393,147.12
1582660690393,147.12
1582660690393,147.12
1582660690393,147.12
1582660690393,147.12
1582660690393,147.12
1582660690393,147.12
1582660938991,147.41
1582660938991,147.41
1582660965331,147.42
1582660965331,147.42
1582660965331,147.42
1582660965331,147.42
1582660965331,147.42
1582660965331,147.42
1582660965331,147.42
1582660965331,147.42
1582661046973,147.3
1582661046973,147.3
1582661046973,147.3
1582661046973,147.3
1582661046973,147.3
1582661046973,147.3
1582661046973,147.3
1582661046973,147.3
1582661135359,147.48
1582661135359,147.48
1582661135359,147.48
1582661161258,147.61
1582661161258,147.61
1582661186709,147.325
1582661196328,147.37
1582661196328,147.37
1582661215086,147.37
1582661215086,147.37
1582661233759,147.41
1582661233759,147.41
1582661233759,147.41
1582661233759,147.41
1582661233759,147.41
1582661233759,147.41
1582661233759,147.41
1582661233759,147.41
1582661233759,147.41
1582661233759,147.41
1582661233759,147.41
1582661233759,147.41
1582661364847,147.245
1582661375444,147.235
1582661375444,147.235
1582661375444,147.235
1582661375444,147.235
1582661375444,147.235
1582661375444,147.235
1582661375444,147.235
1582661375444,147.235
1582661375444,147.235
1582661375444,147.235
1582661375444,147.235
1582661375444,147.235
1582661498742,147.195
1582661498742,147.195
1582661525480,147.115
1582661525480,147.115
1582661525480,147.115
1582661525480,147.115
1582661525480,147.115
1582661525480,147.115
1582661525480,147.115
1582661525480,147.115
1582661611234,147.04
1582661620809,147.09
1582661625285,147.1
1582661642357,147.13
1582661649574,147.025
1582661656584,147.01
1582661656584,147.01
1582661656584,147.01
1582661656584,147.01
1582661656584,147.01
1582661656584,147.01
1582661656584,147.01
1582661656584,147.01
1582661656584,147.01
1582661656584,147.01
1582661656584,147.01
1582661656584,147.01
1582661656584,147.01
1582661789418,147.08
1582661789418,147.08
1582661789418,147.08
1582661821097,147.15
1582661821097,147.15
1582661847307,147.07
1582661847307,147.07
1582661847307,147.07
1582661878494,146.87
1582661891461,146.84
1582661898942,146.61
1582661898942,146.61
1582661898942,146.61
1582661898942,146.61
1582661898942,146.61
1582661898942,146.61
1582661898942,146.61
1582661898942,146.61
1582661898942,146.61
1582661898942,146.61
1582661898942,146.61
1582662014361,146.84
1582662014361,146.84
1582662014361,146.84
1582662014361,146.84
1582662014361,146.84
1582662014361,146.84
1582662088259,146.86
1582662091304,146.83
1582662091304,146.83
1582662111648,146.76
1582662111648,146.76
1582662111648,146.76
1582662111648,146.76
1582662111648,146.76
1582662111648,146.76
1582662111648,146.76
1582662111648,146.76
1582662111648,146.76
1582662111648,146.76
1582662111648,146.76
1582662111648,146.76
1582662111648,146.76
1582662111648,146.76
1582662111648,146.76
1582662111648,146.76
1582662288966,146.635
1582662288966,146.635
1582662288966,146.635
1582662316858,146.62
1582662316858,146.62
1582662341934,146.595
1582662341934,146.595
1582662362177,146.625
1582662362177,146.625
1582662385327,146.73
1582662393675,146.78
1582662393675,146.78
1582662393675,146.78
1582662393675,146.78
1582662393675,146.78
1582662393675,146.78
1582662393675,146.78
1582662393675,146.78
1582662393675,146.78
1582662488848,146.9
1582662488848,146.9
1582662488848,146.9
1582662488848,146.9
1582662488848,146.9
1582662488848,146.9
1582662552487,146.85
1582662552487,146.85
1582662571354,146.775
1582662571354,146.775
1582662599952,146.82
1582662611087,146.725
1582662611087,146.725
1582662626803,146.75
1582662626803,146.75
1582662655161,146.66
1582662655161,146.66
1582662655161,146.66
1582662685683,146.8
1582662685683,146.8
1582662685683,146.8
1582662713493,146.62
1582662720978,146.6
1582662720978,146.6
1582662751296,146.53
1582662761495,146.56
1582662771199,146.475
1582662771199,146.475
1582662771199,146.475
1582662802409,146.425
1582662812236,146.41
1582662812236,146.41
1582662812236,146.41
1582662844590,146.55
1582662846298,146.57
1582662865163,146.51
1582662865163,146.51
1582662878901,146.61
1582662889403,146.72
1582662900304,146.71
1582662918317,146.66
1582662930703,146.595
1582662930703,146.595
1582662946310,146.61
1582662957361,146.65
1582662957361,146.65
1582662957361,146.65
1582662957361,146.65
1582662957361,146.65
1582663005508,146.53
1582663005508,146.53
1582663029608,146.6
1582663029608,146.6
1582663029608,146.6
1582663029608,146.6
1582663029608,146.6
1582663029608,146.6
1582663029608,146.6
1582663029608,146.6
1582663113815,146.6
1582663130021,146.55
1582663130021,146.55
1582663146068,146.54
1582663146068,146.54
1582663169905,146.58
1582663176313,146.6
1582663176313,146.6
1582663197425,146.65
1582663207038,146.67
1582663223480,146.84
1582663234969,146.96
1582663234969,146.96
1582663255305,147
1582663262540,147.01
1582663262540,147.01
1582663262540,147.01
1582663293016,147.1
1582663298899,147.085
1582663298899,147.085
1582663323722,147.06
1582663323722,147.06
1582663349602,147.075
1582663349602,147.075
1582663364792,147.14
1582663364792,147.14
1582663364792,147.14
1582663364792,147.14
1582663364792,147.14
1582663364792,147.14
1582663364792,147.14
1582663442493,147.055
1582663442493,147.055
1582663442493,147.055
1582663468966,146.98
1582663485821,146.94
1582663493530,146.95
1582663493530,146.95
1582663516143,147.16
1582663516143,147.16
1582663516143,147.16
1582663516143,147.16
1582663516143,147.16
1582663560447,147.245
1582663577402,147.37
1582663577402,147.37
1582663592104,147.41
1582663592104,147.41
1582663592104,147.41
1582663592104,147.41
1582663592104,147.41
1582663592104,147.41
1582663660345,147.235
1582663670251,147.25
1582663670251,147.25
1582663670251,147.25
1582663670251,147.25
1582663670251,147.25
1582663670251,147.25
1582663736758,147.3
1582663748195,147.295
1582663752588,147.265
1582663763543,147.25
1582663763543,147.25
1582663790793,147.18
1582663802951,147.215
1582663810243,147.06
1582663821539,147.015
1582663825712,147.02
1582663844825,146.97
1582663849154,146.97
1582663849154,146.97
1582663870878,146.97
1582663886782,146.97
1582663898357,147.03
1582663905742,146.99
1582663918642,146.955
1582663928496,146.99
1582663938192,146.97
1582663950398,146.9
1582663960986,146.97
1582663969993,146.945
1582663974638,146.945
1582663990033,147.11
1582664001330,147.1
1582664013730,147.12
1582664019996,147.105
1582664031042,147.19
1582664043797,147.17
1582664047043,147.1
1582664064384,147.21
1582664073165,147.15
1582664083389,147.14
1582664094711,147.04
1582664107701,147.01
1582664114513,146.99
1582664125338,147.045
1582664133474,146.95
1582664151030,147.04
1582664160826,147.1
1582664172083,146.94
1582664179362,146.955
1582664186217,146.985
1582664203434,146.98
1582664213823,146.85
1582664224765,146.835
1582664229175,146.83
1582664236221,146.92
1582664255220,146.955
1582664261933,147.03
1582664277619,146.98
1582664287323,146.97
1582664295564,146.96
1582664309538,146.98
1582664314569,146.99
1582664320556,147.05
1582664339965,147.045
1582664351733,146.99
1582664359941,147.01
1582664373188,146.98
1582664383302,146.885
1582664393332,146.83
1582664396537,146.8
1582664396537,146.8
1582664396537,146.8
1582664396537,146.8
1582664396537,146.8
1582664396537,146.8
1582664396537,146.8
1582664396537,146.8
1582664396537,146.8
1582664396537,146.8
1582664396537,146.8
1582664396537,146.8
1582664396537,146.8
1582664396537,146.8
1582664396537,146.8
1582664396537,146.8
1582664396537,146.8
1582664396537,146.8
1582664396537,146.8
1582664396537,146.8
1582664396537,146.8
1582664396537,146.8
1582664396537,146.8
1582664396537,146.8
1582664396537,146.8
1582664396537,146.8
1582664396537,146.8
1582664396537,146.8
1582664396537,146.8
1582664396537,146.8
