0,0
0,0
0,0
0,0
0,0
0,0
0,0
0,0
0,0
0,0
0,0
0,0
0,0
0,0
0,0
0,0
0,0
0,0
0,0
0,0
1585661670975,22.335
1585661670975,22.335
1585661670975,22.335
1585661670975,22.335
1585661670975,22.335
1585661670975,22.335
1585661670975,22.335
1585661670975,22.335
1585661670975,22.335
1585661763972,22.325
1585661763972,22.325
1585661763972,22.325
1585661789071,22.29
1585661789071,22.29
1585661789071,22.29
1585661820035,22.29
1585661820035,22.29
1585661820035,22.29
1585661820035,22.29
1585661820035,22.29
1585661820035,22.29
1585661820035,22.29
1585661820035,22.29
1585661820035,22.29
1585661820035,22.29
1585661820035,22.29
1585661820035,22.29
1585661820035,22.29
1585661820035,22.29
1585661820035,22.29
1585661820035,22.29
1585661820035,22.29
1585661820035,22.29
1585661820035,22.29
1585661820035,22.29
1585661820035,22.29
1585661820035,22.29
1585661820035,22.29
1585661820035,22.29
1585661820035,22.29
1585661820035,22.29
1585661820035,22.29
1585661820035,22.29
1585661820035,22.29
1585661820035,22.29
1585661820035,22.29
1585661820035,22.29
1585661820035,22.29
1585661820035,22.29
1585662183728,22.28
1585662187531,22.28
1585662187531,22.28
1585662207808,22.275
1585662207808,22.275
1585662235512,22.27
1585662235512,22.27
1585662235512,22.27
1585662235512,22.27
1585662272744,22.25
1585662272744,22.25
1585662272744,22.25
1585662272744,22.25
1585662272744,22.25
1585662272744,22.25
1585662330969,22.245
1585662330969,22.245
1585662330969,22.245
1585662330969,22.245
1585662330969,22.245
1585662330969,22.245
1585662330969,22.245
1585662330969,22.245
1585662330969,22.245
1585662425664,22.17
1585662425664,22.17
1585662425664,22.17
1585662425664,22.17
1585662475575,22.145
1585662478173,22.145
1585662478173,22.145
1585662506742,22.135
1585662506742,22.135
1585662506742,22.135
1585662535296,22.145
1585662535296,22.145
1585662535296,22.145
1585662535296,22.145
1585662578746,22.14
1585662578746,22.14
1585662578746,22.14
1585662603971,22.135
1585662603971,22.135
1585662603971,22.135
1585662633902,22.1
1585662633902,22.1
1585662633902,22.1
1585662633902,22.1
1585662678946,22.115
1585662695749,22.14
1585662695749,22.14
1585662695749,22.14
1585662695749,22.14
1585662695749,22.14
1585662695749,22.14
1585662749166,22.13
1585662765212,22.12
1585662765212,22.12
1585662765212,22.12
1585662765212,22.12
1585662765212,22.12
1585662765212,22.12
1585662821741,22.095
1585662821741,22.095
1585662851738,22.17
1585662851738,22.17
1585662851738,22.17
1585662875460,22.14
1585662875460,22.14
1585662875460,22.14
1585662911860,22.13
1585662911860,22.13
1585662911860,22.13
1585662911860,22.13
1585662911860,22.13
1585662911860,22.13
1585662911860,22.13
1585662911860,22.13
1585662911860,22.13
1585662911860,22.13
1585662911860,22.13
1585662911860,22.13
1585662911860,22.13
1585663046744,22.125
1585663046744,22.125
1585663046744,22.125
1585663046744,22.125
1585663046744,22.125
1585663046744,22.125
1585663046744,22.125
1585663116701,22.135
1585663130397,22.16
1585663130397,22.16
1585663130397,22.16
1585663130397,22.16
1585663130397,22.16
1585663130397,22.16
1585663130397,22.16
1585663130397,22.16
1585663130397,22.16
1585663227916,22.21
1585663235748,22.21
1585663244914,22.22
1585663257256,22.21
1585663257256,22.21
1585663279779,22.195
1585663289532,22.2
1585663289532,22.2
1585663289532,22.2
1585663289532,22.2
1585663289532,22.2
1585663289532,22.2
1585663352135,22.175
1585663352135,22.175
1585663352135,22.175
1585663352135,22.175
1585663352135,22.175
1585663352135,22.175
1585663352135,22.175
1585663352135,22.175
1585663352135,22.175
1585663447342,22.23
1585663447342,22.23
1585663469756,22.245
1585663472128,22.255
1585663483349,22.245
1585663483349,22.245
1585663483349,22.245
1585663483349,22.245
1585663483349,22.245
1585663483349,22.245
1585663483349,22.245
1585663483349,22.245
1585663483349,22.245
1585663483349,22.245
1585663595750,22.255
1585663595750,22.255
1585663610104,22.27
1585663610104,22.27
1585663610104,22.27
1585663649196,22.29
1585663649196,22.29
1585663649196,22.29
1585663649196,22.29
1585663649196,22.29
1585663699377,22.275
1585663699377,22.275
1585663699377,22.275
1585663724261,22.29
1585663724261,22.29
1585663724261,22.29
1585663724261,22.29
1585663724261,22.29
1585663724261,22.29
1585663724261,22.29
1585663804993,22.28
1585663816187,22.29
1585663816187,22.29
1585663829756,22.295
1585663829756,22.295
1585663829756,22.295
1585663829756,22.295
1585663829756,22.295
1585663829756,22.295
1585663892369,22.32
1585663892369,22.32
1585663892369,22.32
1585663892369,22.32
1585663892369,22.32
1585663946532,22.335
1585663946532,22.335
1585663946532,22.335
1585663946532,22.335
1585663946532,22.335
1585663946532,22.335
1585663946532,22.335
1585663946532,22.335
1585663946532,22.335
1585664036756,22.36
1585664036756,22.36
1585664036756,22.36
1585664036756,22.36
1585664036756,22.36
1585664036756,22.36
1585664036756,22.36
1585664036756,22.36
1585664036756,22.36
1585664036756,22.36
1585664036756,22.36
1585664036756,22.36
1585664036756,22.36
1585664181160,22.37
1585664181160,22.37
1585664181160,22.37
1585664181160,22.37
1585664181160,22.37
1585664181160,22.37
1585664181160,22.37
1585664181160,22.37
1585664181160,22.37
1585664270760,22.395
1585664270760,22.395
1585664270760,22.395
1585664270760,22.395
1585664270760,22.395
1585664325236,22.395
1585664325236,22.395
1585664325236,22.395
1585664325236,22.395
1585664325236,22.395
1585664325236,22.395
1585664391689,22.405
1585664394037,22.405
1585664410696,22.405
1585664410696,22.405
1585664410696,22.405
1585664410696,22.405
1585664410696,22.405
1585664461573,22.435
1585664461573,22.435
1585664477759,22.43
1585664477759,22.43
1585664477759,22.43
1585664477759,22.43
1585664477759,22.43
1585664477759,22.43
1585664477759,22.43
1585664477759,22.43
1585664477759,22.43
1585664477759,22.43
1585664477759,22.43
1585664477759,22.43
1585664477759,22.43
1585664477759,22.43
1585664477759,22.43
1585664477759,22.43
1585664477759,22.43
1585664477759,22.43
1585664477759,22.43
1585664477759,22.43
1585664477759,22.43
1585664477759,22.43
1585664477759,22.43
1585664477759,22.43
1585664477759,22.43
1585664477759,22.43
1585664477759,22.43
1585664477759,22.43
1585664477759,22.43
1585664477759,22.43
1585664477759,22.43
1585664477759,22.43
1585664477759,22.43
1585664827919,22.38
1585664827919,22.38
1585664827919,22.38
1585664827919,22.38
1585664827919,22.38
1585664827919,22.38
1585664827919,22.38
1585664827919,22.38
1585664827919,22.38
1585664827919,22.38
1585664827919,22.38
1585664827919,22.38
1585664827919,22.38
1585664827919,22.38
1585664827919,22.38
1585664827919,22.38
1585664827919,22.38
1585664827919,22.38
1585664827919,22.38
1585664827919,22.38
1585664827919,22.38
1585664827919,22.38
1585664827919,22.38
1585665066038,22.42
1585665066038,22.42
1585665090754,22.425
1585665090754,22.425
1585665090754,22.425
1585665090754,22.425
1585665125287,22.425
1585665125287,22.425
1585665125287,22.425
1585665125287,22.425
1585665169572,22.45
1585665169572,22.45
1585665169572,22.45
1585665169572,22.45
1585665169572,22.45
1585665169572,22.45
1585665169572,22.45
1585665169572,22.45
1585665169572,22.45
1585665169572,22.45
1585665169572,22.45
1585665169572,22.45
1585665169572,22.45
1585665169572,22.45
1585665169572,22.45
1585665169572,22.45
1585665169572,22.45
1585665169572,22.45
1585665169572,22.45
1585665169572,22.45
1585665169572,22.45
1585665169572,22.45
1585665169572,22.45
1585665413905,22.515
1585665413905,22.515
1585665413905,22.515
1585665443705,22.54
1585665443705,22.54
1585665443705,22.54
1585665443705,22.54
1585665443705,22.54
1585665443705,22.54
1585665443705,22.54
1585665443705,22.54
1585665443705,22.54
1585665443705,22.54
1585665443705,22.54
1585665443705,22.54
1585665443705,22.54
1585665443705,22.54
1585665443705,22.54
1585665443705,22.54
1585665443705,22.54
1585665443705,22.54
1585665443705,22.54
1585665443705,22.54
1585665443705,22.54
1585665443705,22.54
1585665443705,22.54
1585665443705,22.54
1585665443705,22.54
1585665443705,22.54
1585665443705,22.54
1585665443705,22.54
1585665443705,22.54
1585665443705,22.54
1585665443705,22.54
1585665443705,22.54
1585665443705,22.54
1585665443705,22.54
1585665443705,22.54
1585665443705,22.54
1585665443705,22.54
1585665833871,22.61
1585665833871,22.61
1585665833871,22.61
1585665862700,22.61
1585665862700,22.61
1585665862700,22.61
1585665862700,22.61
1585665862700,22.61
1585665862700,22.61
1585665862700,22.61
1585665862700,22.61
1585665862700,22.61
1585665862700,22.61
1585665862700,22.61
1585665862700,22.61
1585665862700,22.61
1585665862700,22.61
1585665862700,22.61
1585665862700,22.61
1585666032177,22.6
1585666032177,22.6
1585666049814,22.605
1585666049814,22.605
1585666071516,22.61
1585666071516,22.61
1585666071516,22.61
1585666071516,22.61
1585666071516,22.61
1585666127675,22.6
1585666127675,22.6
1585666127675,22.6
1585666127675,22.6
1585666127675,22.6
1585666127675,22.6
1585666189908,22.595
1585666189908,22.595
1585666189908,22.595
1585666189908,22.595
1585666189908,22.595
1585666189908,22.595
1585666189908,22.595
1585666189908,22.595
1585666189908,22.595
1585666189908,22.595
1585666189908,22.595
1585666189908,22.595
1585666189908,22.595
1585666189908,22.595
1585666189908,22.595
1585666189908,22.595
1585666189908,22.595
1585666189908,22.595
1585666189908,22.595
1585666189908,22.595
1585666189908,22.595
1585666189908,22.595
1585666189908,22.595
1585666189908,22.595
1585666189908,22.595
1585666189908,22.595
1585666189908,22.595
1585666189908,22.595
1585666189908,22.595
1585666189908,22.595
1585666189908,22.595
1585666189908,22.595
1585666189908,22.595
1585666189908,22.595
1585666189908,22.595
1585666189908,22.595
1585666189908,22.595
1585666189908,22.595
1585666189908,22.595
1585666189908,22.595
1585666189908,22.595
1585666189908,22.595
1585666189908,22.595
1585666189908,22.595
1585666189908,22.595
1585666189908,22.595
1585666189908,22.595
1585666189908,22.595
1585666189908,22.595
1585666703383,22.595
1585666711418,22.575
1585666711418,22.575
1585666730797,22.575
1585666730797,22.575
1585666730797,22.575
1585666730797,22.575
1585666730797,22.575
1585666730797,22.575
1585666730797,22.575
1585666730797,22.575
1585666822401,22.555
1585666830061,22.56
1585666834559,22.56
1585666834559,22.56
1585666834559,22.56
1585666834559,22.56
1585666834559,22.56
1585666834559,22.56
1585666834559,22.56
1585666834559,22.56
1585666834559,22.56
1585666834559,22.56
1585666834559,22.56
1585666834559,22.56
1585666834559,22.56
1585666834559,22.56
1585666989453,22.515
1585666989453,22.515
1585666989453,22.515
1585666989453,22.515
1585666989453,22.515
1585666989453,22.515
1585666989453,22.515
1585666989453,22.515
1585666989453,22.515
1585666989453,22.515
1585666989453,22.515
1585667095582,22.505
1585667095582,22.505
1585667095582,22.505
1585667095582,22.505
1585667095582,22.505
1585667095582,22.505
1585667095582,22.505
1585667095582,22.505
1585667186775,22.545
1585667186775,22.545
1585667186775,22.545
1585667186775,22.545
1585667186775,22.545
1585667186775,22.545
1585667186775,22.545
1585667186775,22.545
1585667186775,22.545
1585667186775,22.545
1585667186775,22.545
1585667186775,22.545
1585667186775,22.545
1585667186775,22.545
1585667186775,22.545
1585667186775,22.545
1585667360299,22.565
1585667360299,22.565
1585667360299,22.565
1585667360299,22.565
1585667400807,22.56
1585667410985,22.57
1585667410985,22.57
1585667435376,22.57
1585667442343,22.57
1585667455584,22.575
1585667462324,22.565
1585667462324,22.565
1585667462324,22.565
1585667462324,22.565
1585667462324,22.565
1585667462324,22.565
1585667462324,22.565
1585667462324,22.565
1585667462324,22.565
1585667462324,22.565
1585667462324,22.565
1585667462324,22.565
1585667462324,22.565
1585667462324,22.565
1585667462324,22.565
1585667462324,22.565
1585667462324,22.565
1585667638124,22.565
1585667645317,22.565
1585667645317,22.565
1585667645317,22.565
1585667685747,22.545
1585667686476,22.54
1585667686476,22.54
1585667686476,22.54
1585667686476,22.54
1585667737854,22.565
1585667744437,22.565
1585667758831,22.575
1585667765420,22.565
1585667772892,22.565
1585667772892,22.565
1585667772892,22.565
1585667772892,22.565
1585667772892,22.565
1585667772892,22.565
1585667772892,22.565
1585667772892,22.565
1585667863706,22.535
1585667863706,22.535
1585667863706,22.535
1585667863706,22.535
1585667863706,22.535
1585667863706,22.535
1585667863706,22.535
1585667863706,22.535
1585667863706,22.535
1585667863706,22.535
1585667863706,22.535
1585667863706,22.535
1585667863706,22.535
1585668000245,22.505
1585668000245,22.505
1585668000245,22.505
1585668032904,22.545
1585668032904,22.545
1585668044115,22.565
1585668044115,22.565
1585668044115,22.565
1585668044115,22.565
1585668044115,22.565
1585668044115,22.565
1585668107833,22.55
1585668107833,22.55
1585668107833,22.55
1585668107833,22.55
1585668107833,22.55
1585668107833,22.55
1585668107833,22.55
1585668183318,22.545
1585668183318,22.545
1585668183318,22.545
1585668213519,22.555
1585668213519,22.555
1585668238269,22.555
1585668238269,22.555
1585668262546,22.55
1585668262546,22.55
1585668262546,22.55
1585668262546,22.55
1585668262546,22.55
1585668262546,22.55
1585668262546,22.55
1585668262546,22.55
1585668262546,22.55
1585668262546,22.55
1585668262546,22.55
1585668262546,22.55
1585668384767,22.545
1585668384767,22.545
1585668384767,22.545
1585668384767,22.545
1585668384767,22.545
1585668440691,22.6
1585668440691,22.6
1585668440691,22.6
1585668440691,22.6
1585668474789,22.595
1585668474789,22.595
1585668474789,22.595
1585668474789,22.595
1585668474789,22.595
1585668535172,22.62
1585668535172,22.62
1585668535172,22.62
1585668535172,22.62
1585668535172,22.62
1585668535172,22.62
1585668535172,22.62
1585668601448,22.655
1585668601448,22.655
1585668601448,22.655
1585668601448,22.655
1585668601448,22.655
1585668601448,22.655
1585668601448,22.655
1585668601448,22.655
1585668601448,22.655
1585668601448,22.655
1585668601448,22.655
1585668601448,22.655
1585668601448,22.655
1585668601448,22.655
1585668601448,22.655
1585668758183,22.605
1585668758183,22.605
1585668758183,22.605
1585668758183,22.605
1585668758183,22.605
1585668758183,22.605
1585668758183,22.605
1585668758183,22.605
1585668758183,22.605
1585668758183,22.605
1585668758183,22.605
1585668758183,22.605
1585668758183,22.605
1585668758183,22.605
1585668758183,22.605
1585668758183,22.605
1585668758183,22.605
1585668939350,22.635
1585668939350,22.635
1585668939350,22.635
1585668939350,22.635
1585668939350,22.635
1585668939350,22.635
1585668939350,22.635
1585668939350,22.635
1585668939350,22.635
1585668939350,22.635
1585668939350,22.635
1585668939350,22.635
1585669060020,22.605
1585669077945,22.595
1585669077945,22.595
1585669077945,22.595
1585669077945,22.595
1585669077945,22.595
1585669077945,22.595
1585669077945,22.595
1585669077945,22.595
1585669077945,22.595
1585669077945,22.595
1585669077945,22.595
1585669077945,22.595
1585669077945,22.595
1585669077945,22.595
1585669077945,22.595
1585669077945,22.595
1585669077945,22.595
1585669077945,22.595
1585669077945,22.595
1585669077945,22.595
1585669077945,22.595
1585669077945,22.595
1585669077945,22.595
1585669077945,22.595
1585669077945,22.595
1585669077945,22.595
1585669077945,22.595
1585669077945,22.595
1585669077945,22.595
1585669077945,22.595
1585669077945,22.595
1585669077945,22.595
1585669077945,22.595
1585669077945,22.595
1585669077945,22.595
1585669077945,22.595
1585669077945,22.595
1585669077945,22.595
1585669077945,22.595
1585669077945,22.595
1585669077945,22.595
1585669077945,22.595
1585669077945,22.595
1585669077945,22.595
1585669077945,22.595
1585669077945,22.595
1585669077945,22.595
1585669077945,22.595
1585669077945,22.595
1585669077945,22.595
1585669077945,22.595
1585669077945,22.595
1585669077945,22.595
1585669077945,22.595
1585669077945,22.595
1585669077945,22.595
1585669077945,22.595
1585669077945,22.595
1585669077945,22.595
1585669077945,22.595
1585669077945,22.595
1585669077945,22.595
1585669077945,22.595
1585669077945,22.595
1585669077945,22.595
1585669077945,22.595
1585669077945,22.595
1585669077945,22.595
1585669077945,22.595
1585669077945,22.595
1585669077945,22.595
1585669077945,22.595
1585669077945,22.595
1585669077945,22.595
1585669077945,22.595
1585669077945,22.595
1585669077945,22.595
1585669077945,22.595
1585669077945,22.595
1585669077945,22.595
1585669077945,22.595
1585669077945,22.595
1585669077945,22.595
1585669077945,22.595
1585669077945,22.595
1585669077945,22.595
1585669077945,22.595
1585669077945,22.595
1585669077945,22.595
1585669077945,22.595
1585669077945,22.595
1585669077945,22.595
1585669077945,22.595
1585669077945,22.595
1585669077945,22.595
1585669077945,22.595
1585669077945,22.595
1585669077945,22.595
1585669077945,22.595
1585669077945,22.595
1585669077945,22.595
1585669077945,22.595
1585669077945,22.595
1585669077945,22.595
1585669077945,22.595
1585669077945,22.595
1585669077945,22.595
1585669077945,22.595
1585669077945,22.595
1585669077945,22.595
1585669077945,22.595
1585669077945,22.595
1585669077945,22.595
1585669077945,22.595
1585669077945,22.595
1585669077945,22.595
1585669077945,22.595
1585669077945,22.595
1585669077945,22.595
1585669077945,22.595
1585669077945,22.595
1585669077945,22.595
1585669077945,22.595
1585669077945,22.595
1585669077945,22.595
1585669077945,22.595
1585669077945,22.595
1585669077945,22.595
1585669077945,22.595
1585669077945,22.595
1585669077945,22.595
1585669077945,22.595
1585669077945,22.595
1585669077945,22.595
1585669077945,22.595
1585669077945,22.595
1585669077945,22.595
1585669077945,22.595
1585669077945,22.595
1585669077945,22.595
1585669077945,22.595
1585669077945,22.595
1585669077945,22.595
1585669077945,22.595
1585669077945,22.595
1585669077945,22.595
1585669077945,22.595
1585669077945,22.595
1585669077945,22.595
1585669077945,22.595
1585670652053,22.58
1585670652053,22.58
1585670652053,22.58
1585670678009,22.575
1585670678009,22.575
1585670678009,22.575
1585670678009,22.575
1585670727628,22.58
1585670727628,22.58
1585670746092,22.595
1585670746092,22.595
1585670746092,22.595
1585670746092,22.595
1585670746092,22.595
1585670746092,22.595
1585670746092,22.595
1585670746092,22.595
1585670746092,22.595
1585670746092,22.595
1585670746092,22.595
1585670746092,22.595
1585670746092,22.595
1585670746092,22.595
1585670746092,22.595
1585670746092,22.595
1585670746092,22.595
1585670746092,22.595
1585670746092,22.595
1585670746092,22.595
1585670746092,22.595
1585670746092,22.595
1585670746092,22.595
1585670746092,22.595
1585670746092,22.595
1585670746092,22.595
1585670746092,22.595
1585670746092,22.595
1585670746092,22.595
1585670746092,22.595
1585670746092,22.595
1585670746092,22.595
1585670746092,22.595
1585670746092,22.595
1585671105350,22.605
1585671105350,22.605
1585671105350,22.605
1585671105350,22.605
1585671105350,22.605
1585671105350,22.605
1585671105350,22.605
1585671105350,22.605
1585671105350,22.605
1585671105350,22.605
1585671105350,22.605
1585671105350,22.605
1585671105350,22.605
1585671105350,22.605
1585671105350,22.605
1585671105350,22.605
1585671105350,22.605
1585671105350,22.605
1585671105350,22.605
1585671105350,22.605
1585671105350,22.605
1585671105350,22.605
1585671105350,22.605
1585671105350,22.605
1585671105350,22.605
1585671105350,22.605
1585671105350,22.605
1585671105350,22.605
1585671105350,22.605
1585671105350,22.605
1585671105350,22.605
1585671105350,22.605
1585671105350,22.605
1585671105350,22.605
1585671105350,22.605
1585671105350,22.605
1585671105350,22.605
1585671105350,22.605
1585671105350,22.605
1585671105350,22.605
1585671105350,22.605
1585671105350,22.605
1585671105350,22.605
1585671549613,22.555
1585671549613,22.555
1585671549613,22.555
1585671549613,22.555
1585671549613,22.555
1585671549613,22.555
1585671549613,22.555
1585671549613,22.555
1585671549613,22.555
1585671549613,22.555
1585671549613,22.555
1585671549613,22.555
1585671682110,22.565
1585671682110,22.565
1585671682110,22.565
1585671682110,22.565
1585671720866,22.545
1585671720866,22.545
1585671748741,22.53
1585671748741,22.53
1585671748741,22.53
1585671774867,22.525
1585671774867,22.525
1585671774867,22.525
1585671774867,22.525
1585671774867,22.525
1585671774867,22.525
1585671774867,22.525
1585671774867,22.525
1585671774867,22.525
1585671774867,22.525
1585671774867,22.525
1585671888271,22.535
1585671888271,22.535
1585671914591,22.515
1585671914591,22.515
1585671931840,22.505
1585671931840,22.505
1585671931840,22.505
1585671931840,22.505
1585671931840,22.505
1585671981609,22.495
1585671981609,22.495
1585672008198,22.475
1585672008198,22.475
1585672008198,22.475
1585672008198,22.475
1585672008198,22.475
1585672008198,22.475
1585672064031,22.48
1585672064031,22.48
1585672064031,22.48
1585672064031,22.48
1585672064031,22.48
1585672064031,22.48
1585672064031,22.48
1585672064031,22.48
1585672064031,22.48
1585672064031,22.48
1585672064031,22.48
1585672064031,22.48
1585672064031,22.48
1585672064031,22.48
1585672064031,22.48
1585672064031,22.48
1585672064031,22.48
1585672064031,22.48
1585672064031,22.48
1585672064031,22.48
1585672064031,22.48
1585672064031,22.48
1585672064031,22.48
1585672064031,22.48
1585672064031,22.48
1585672064031,22.48
1585672064031,22.48
1585672064031,22.48
1585672064031,22.48
1585672064031,22.48
1585672064031,22.48
1585672064031,22.48
1585672064031,22.48
1585672064031,22.48
1585672064031,22.48
1585672064031,22.48
1585672064031,22.48
1585672064031,22.48
1585672064031,22.48
1585672064031,22.48
1585672064031,22.48
1585672064031,22.48
1585672064031,22.48
1585672064031,22.48
1585672064031,22.48
1585672064031,22.48
1585672064031,22.48
1585672064031,22.48
1585672064031,22.48
1585672064031,22.48
1585672064031,22.48
1585672064031,22.48
1585672064031,22.48
1585672064031,22.48
1585672064031,22.48
1585672064031,22.48
1585672064031,22.48
1585672064031,22.48
1585672064031,22.48
1585672064031,22.48
1585672064031,22.48
1585672064031,22.48
1585672064031,22.48
1585672064031,22.48
1585672064031,22.48
1585672064031,22.48
1585672064031,22.48
1585672064031,22.48
1585672064031,22.48
1585672064031,22.48
1585672064031,22.48
1585672064031,22.48
1585672064031,22.48
1585672064031,22.48
1585672064031,22.48
1585672064031,22.48
1585672064031,22.48
1585672064031,22.48
1585672064031,22.48
1585672064031,22.48
1585672064031,22.48
1585672064031,22.48
1585672064031,22.48
1585672064031,22.48
1585672064031,22.48
1585672064031,22.48
1585672064031,22.48
1585672064031,22.48
1585672064031,22.48
1585672064031,22.48
1585672064031,22.48
1585672064031,22.48
1585672064031,22.48
1585672064031,22.48
1585672064031,22.48
1585672064031,22.48
1585672064031,22.48
1585672064031,22.48
1585672064031,22.48
1585672064031,22.48
1585672064031,22.48
1585672064031,22.48
1585672064031,22.48
1585672064031,22.48
1585672064031,22.48
1585672064031,22.48
1585672064031,22.48
1585672064031,22.48
1585672064031,22.48
1585672064031,22.48
1585672064031,22.48
1585672064031,22.48
1585672064031,22.48
1585672064031,22.48
1585672064031,22.48
1585672064031,22.48
1585672064031,22.48
1585672064031,22.48
1585672064031,22.48
1585672064031,22.48
1585672064031,22.48
1585672064031,22.48
1585672064031,22.48
1585672064031,22.48
1585672064031,22.48
1585672064031,22.48
1585672064031,22.48
1585672064031,22.48
1585672064031,22.48
1585672064031,22.48
1585672064031,22.48
1585672064031,22.48
1585672064031,22.48
1585672064031,22.48
1585672064031,22.48
1585672064031,22.48
1585672064031,22.48
1585672064031,22.48
1585672064031,22.48
1585672064031,22.48
1585672064031,22.48
1585672064031,22.48
1585672064031,22.48
1585672064031,22.48
1585672064031,22.48
1585672064031,22.48
1585672064031,22.48
1585672064031,22.48
1585672064031,22.48
1585672064031,22.48
1585672064031,22.48
1585672064031,22.48
1585672064031,22.48
1585672064031,22.48
1585672064031,22.48
1585672064031,22.48
1585672064031,22.48
1585672064031,22.48
1585672064031,22.48
1585672064031,22.48
1585672064031,22.48
1585672064031,22.48
1585672064031,22.48
1585672064031,22.48
1585673798642,22.415
1585673798642,22.415
1585673798642,22.415
1585673798642,22.415
1585673798642,22.415
1585673798642,22.415
1585673798642,22.415
1585673798642,22.415
1585673798642,22.415
1585673798642,22.415
1585673798642,22.415
1585673798642,22.415
1585673798642,22.415
1585673798642,22.415
1585673798642,22.415
1585673798642,22.415
1585673798642,22.415
1585673798642,22.415
1585673798642,22.415
1585673798642,22.415
1585673798642,22.415
1585673798642,22.415
1585673798642,22.415
1585673798642,22.415
1585673798642,22.415
1585673798642,22.415
1585673798642,22.415
1585673798642,22.415
1585673798642,22.415
1585673798642,22.415
1585673798642,22.415
1585673798642,22.415
1585673798642,22.415
1585673798642,22.415
1585673798642,22.415
1585673798642,22.415
1585673798642,22.415
1585673798642,22.415
1585673798642,22.415
1585673798642,22.415
1585673798642,22.415
1585673798642,22.415
1585673798642,22.415
1585673798642,22.415
1585673798642,22.415
1585673798642,22.415
1585673798642,22.415
1585673798642,22.415
1585673798642,22.415
1585673798642,22.415
1585673798642,22.415
1585673798642,22.415
1585673798642,22.415
1585673798642,22.415
1585673798642,22.415
1585673798642,22.415
1585674385982,22.385
1585674385982,22.385
1585674385982,22.385
1585674385982,22.385
1585674385982,22.385
1585674385982,22.385
1585674385982,22.385
1585674385982,22.385
1585674385982,22.385
1585674385982,22.385
1585674385982,22.385
1585674385982,22.385
1585674385982,22.385
1585674385982,22.385
1585674385982,22.385
1585674385982,22.385
1585674385982,22.385
1585674385982,22.385
1585674385982,22.385
1585674385982,22.385
1585674385982,22.385
1585674385982,22.385
1585674385982,22.385
1585674385982,22.385
1585674385982,22.385
1585674385982,22.385
1585674385982,22.385
1585674385982,22.385
1585674385982,22.385
1585674385982,22.385
1585674385982,22.385
1585674385982,22.385
1585674385982,22.385
1585674385982,22.385
1585674385982,22.385
1585674385982,22.385
1585674385982,22.385
1585674385982,22.385
1585674385982,22.385
1585674385982,22.385
1585674385982,22.385
1585674385982,22.385
1585674385982,22.385
1585674385982,22.385
1585674385982,22.385
1585674385982,22.385
1585674385982,22.385
1585674385982,22.385
1585674385982,22.385
1585674385982,22.385
1585674385982,22.385
1585674385982,22.385
1585674385982,22.385
1585674385982,22.385
1585674385982,22.385
1585674385982,22.385
1585674385982,22.385
1585674385982,22.385
1585674385982,22.385
1585674385982,22.385
1585674385982,22.385
1585674385982,22.385
1585674385982,22.385
1585675052828,22.35
1585675052828,22.35
1585675052828,22.35
1585675052828,22.35
1585675052828,22.35
1585675052828,22.35
1585675052828,22.35
1585675052828,22.35
1585675052828,22.35
1585675052828,22.35
1585675052828,22.35
1585675052828,22.35
1585675052828,22.35
1585675052828,22.35
1585675052828,22.35
1585675052828,22.35
1585675052828,22.35
1585675052828,22.35
1585675052828,22.35
1585675052828,22.35
1585675052828,22.35
1585675052828,22.35
1585675052828,22.35
1585675293471,22.315
1585675293471,22.315
1585675293471,22.315
1585675293471,22.315
1585675293471,22.315
1585675293471,22.315
1585675293471,22.315
1585675293471,22.315
1585675293471,22.315
1585675293471,22.315
1585675293471,22.315
1585675293471,22.315
1585675421831,22.32
1585675421831,22.32
1585675421831,22.32
1585675421831,22.32
1585675421831,22.32
1585675421831,22.32
1585675421831,22.32
1585675421831,22.32
1585675421831,22.32
1585675421831,22.32
1585675421831,22.32
1585675421831,22.32
1585675421831,22.32
1585675421831,22.32
1585675421831,22.32
1585675421831,22.32
1585675421831,22.32
1585675421831,22.32
1585675421831,22.32
1585675421831,22.32
1585675421831,22.32
1585675421831,22.32
1585675421831,22.32
1585675421831,22.32
1585675421831,22.32
1585675421831,22.32
1585675421831,22.32
1585675421831,22.32
1585675421831,22.32
1585675421831,22.32
1585675421831,22.32
1585675421831,22.32
1585675421831,22.32
1585675421831,22.32
1585675778368,22.32
1585675778368,22.32
1585675778368,22.32
1585675778368,22.32
1585675778368,22.32
1585675778368,22.32
1585675778368,22.32
1585675778368,22.32
1585675778368,22.32
1585675778368,22.32
1585675778368,22.32
1585675778368,22.32
1585675778368,22.32
1585675778368,22.32
1585675778368,22.32
1585675778368,22.32
1585675778368,22.32
1585675778368,22.32
1585675778368,22.32
1585675778368,22.32
1585675778368,22.32
1585675778368,22.32
1585675778368,22.32
1585675778368,22.32
1585675778368,22.32
1585675778368,22.32
1585675778368,22.32
1585675778368,22.32
1585675778368,22.32
1585675778368,22.32
1585675778368,22.32
1585676103071,22.375
1585676103071,22.375
1585676103071,22.375
1585676103071,22.375
1585676103071,22.375
1585676103071,22.375
1585676103071,22.375
1585676103071,22.375
1585676103071,22.375
1585676103071,22.375
1585676103071,22.375
1585676103071,22.375
1585676103071,22.375
1585676103071,22.375
1585676103071,22.375
1585676103071,22.375
1585676103071,22.375
1585676103071,22.375
1585676103071,22.375
1585676103071,22.375
1585676103071,22.375
1585676103071,22.375
1585676103071,22.375
1585676103071,22.375
1585676103071,22.375
1585676103071,22.375
1585676103071,22.375
1585676103071,22.375
1585676103071,22.375
1585676103071,22.375
1585676103071,22.375
1585676103071,22.375
1585676103071,22.375
1585676103071,22.375
1585676103071,22.375
1585676103071,22.375
1585676103071,22.375
1585676103071,22.375
1585676103071,22.375
1585676103071,22.375
1585676103071,22.375
1585676103071,22.375
1585676103071,22.375
1585676103071,22.375
1585676103071,22.375
1585676103071,22.375
1585676103071,22.375
1585676103071,22.375
1585676103071,22.375
1585676103071,22.375
1585676103071,22.375
1585676103071,22.375
1585676103071,22.375
1585676103071,22.375
1585676103071,22.375
1585676103071,22.375
1585676103071,22.375
1585676103071,22.375
1585676103071,22.375
1585676103071,22.375
1585676103071,22.375
1585676103071,22.375
1585676103071,22.375
1585676103071,22.375
1585676103071,22.375
1585676103071,22.375
1585676103071,22.375
1585676103071,22.375
1585676103071,22.375
1585676103071,22.375
1585676103071,22.375
1585676103071,22.375
1585676103071,22.375
1585676103071,22.375
1585676103071,22.375
1585676103071,22.375
1585676103071,22.375
1585676103071,22.375
1585676103071,22.375
1585676103071,22.375
1585676103071,22.375
1585676103071,22.375
1585676103071,22.375
1585676103071,22.375
1585676103071,22.375
1585676103071,22.375
1585676103071,22.375
1585676103071,22.375
1585676103071,22.375
1585676103071,22.375
1585676103071,22.375
1585676103071,22.375
1585676103071,22.375
1585676103071,22.375
1585676103071,22.375
1585676103071,22.375
1585676103071,22.375
1585676103071,22.375
1585676103071,22.375
1585676103071,22.375
1585676103071,22.375
1585676103071,22.375
1585676103071,22.375
1585676103071,22.375
1585676103071,22.375
1585676103071,22.375
1585676103071,22.375
1585676103071,22.375
1585676103071,22.375
1585676103071,22.375
1585676103071,22.375
1585676103071,22.375
1585676103071,22.375
1585676103071,22.375
1585676103071,22.375
1585676103071,22.375
1585676103071,22.375
1585676103071,22.375
1585676103071,22.375
1585677360033,22.375
1585677360033,22.375
1585677360033,22.375
1585677360033,22.375
1585677360033,22.375
1585677360033,22.375
1585677360033,22.375
1585677360033,22.375
1585677360033,22.375
1585677360033,22.375
1585677360033,22.375
1585677360033,22.375
1585677360033,22.375
1585677360033,22.375
1585677360033,22.375
1585677360033,22.375
1585677360033,22.375
1585677360033,22.375
1585677360033,22.375
1585677360033,22.375
1585677360033,22.375
1585677360033,22.375
1585677360033,22.375
1585677360033,22.375
1585677360033,22.375
1585677360033,22.375
1585677360033,22.375
1585677360033,22.375
1585677360033,22.375
1585677360033,22.375
1585677360033,22.375
1585677360033,22.375
1585677360033,22.375
1585677360033,22.375
1585677360033,22.375
1585677360033,22.375
1585677360033,22.375
1585677360033,22.375
1585677360033,22.375
1585677360033,22.375
1585677360033,22.375
1585677360033,22.375
1585677360033,22.375
1585677812088,22.45
1585677812088,22.45
1585677812088,22.45
1585677812088,22.45
1585677812088,22.45
1585677812088,22.45
1585677812088,22.45
1585677812088,22.45
1585677812088,22.45
1585677812088,22.45
1585677812088,22.45
1585677812088,22.45
1585677812088,22.45
1585677812088,22.45
1585677812088,22.45
1585677812088,22.45
1585677812088,22.45
1585677812088,22.45
1585677812088,22.45
1585677812088,22.45
1585677812088,22.45
1585677812088,22.45
1585677812088,22.45
1585677812088,22.45
1585677812088,22.45
1585677812088,22.45
1585677812088,22.45
1585677812088,22.45
1585677812088,22.45
1585677812088,22.45
1585677812088,22.45
1585677812088,22.45
1585677812088,22.45
1585677812088,22.45
1585677812088,22.45
1585677812088,22.45
1585677812088,22.45
1585677812088,22.45
1585677812088,22.45
1585677812088,22.45
1585677812088,22.45
1585677812088,22.45
1585677812088,22.45
1585677812088,22.45
1585677812088,22.45
1585677812088,22.45
1585677812088,22.45
1585677812088,22.45
1585677812088,22.45
1585677812088,22.45
1585677812088,22.45
1585677812088,22.45
1585677812088,22.45
1585677812088,22.45
1585677812088,22.45
1585677812088,22.45
1585677812088,22.45
1585677812088,22.45
1585677812088,22.45
1585677812088,22.45
1585677812088,22.45
1585677812088,22.45
1585677812088,22.45
1585677812088,22.45
1585677812088,22.45
1585677812088,22.45
1585677812088,22.45
1585677812088,22.45
1585677812088,22.45
1585677812088,22.45
1585677812088,22.45
1585677812088,22.45
1585677812088,22.45
1585677812088,22.45
1585677812088,22.45
1585677812088,22.45
1585677812088,22.45
1585677812088,22.45
1585677812088,22.45
1585677812088,22.45
1585677812088,22.45
1585677812088,22.45
1585677812088,22.45
1585677812088,22.45
1585677812088,22.45
1585677812088,22.45
1585677812088,22.45
1585677812088,22.45
1585677812088,22.45
1585677812088,22.45
1585677812088,22.45
1585677812088,22.45
1585677812088,22.45
1585677812088,22.45
1585677812088,22.45
1585677812088,22.45
1585677812088,22.45
1585677812088,22.45
1585677812088,22.45
1585678862671,22.425
1585678862671,22.425
1585678862671,22.425
1585678862671,22.425
1585678862671,22.425
1585678862671,22.425
1585678862671,22.425
1585678862671,22.425
1585678862671,22.425
1585678862671,22.425
1585678862671,22.425
1585678862671,22.425
1585678862671,22.425
1585678994832,22.445
1585678994832,22.445
1585678994832,22.445
1585678994832,22.445
1585678994832,22.445
1585678994832,22.445
1585678994832,22.445
1585678994832,22.445
1585678994832,22.445
1585678994832,22.445
1585678994832,22.445
1585678994832,22.445
1585678994832,22.445
1585678994832,22.445
1585678994832,22.445
1585678994832,22.445
1585678994832,22.445
1585679178230,22.445
1585679178230,22.445
1585679178230,22.445
1585679178230,22.445
1585679178230,22.445
1585679178230,22.445
1585679178230,22.445
1585679178230,22.445
1585679178230,22.445
1585679178230,22.445
1585679178230,22.445
1585679178230,22.445
1585679178230,22.445
1585679178230,22.445
1585679178230,22.445
1585679178230,22.445
1585679178230,22.445
1585679178230,22.445
1585679178230,22.445
1585679178230,22.445
1585679178230,22.445
1585679178230,22.445
1585679178230,22.445
1585679178230,22.445
1585679178230,22.445
1585679178230,22.445
1585679178230,22.445
1585679178230,22.445
1585679178230,22.445
1585679178230,22.445
1585679178230,22.445
1585679178230,22.445
1585679178230,22.445
1585679178230,22.445
1585679178230,22.445
1585679178230,22.445
1585679178230,22.445
1585679178230,22.445
1585679178230,22.445
1585679178230,22.445
1585679178230,22.445
1585679178230,22.445
1585679178230,22.445
1585679178230,22.445
1585679178230,22.445
1585679178230,22.445
1585679178230,22.445
1585679178230,22.445
1585679178230,22.445
1585679178230,22.445
1585679178230,22.445
1585679178230,22.445
1585679178230,22.445
1585679178230,22.445
1585679178230,22.445
1585679178230,22.445
1585679178230,22.445
1585679178230,22.445
1585679178230,22.445
1585679178230,22.445
1585679178230,22.445
1585679178230,22.445
1585679178230,22.445
1585679850040,22.445
1585679850040,22.445
1585679850040,22.445
1585679850040,22.445
1585679850040,22.445
1585679850040,22.445
1585679850040,22.445
1585679850040,22.445
1585679850040,22.445
1585679850040,22.445
1585679850040,22.445
1585679850040,22.445
1585679850040,22.445
1585679850040,22.445
1585679850040,22.445
1585679850040,22.445
1585679850040,22.445
1585679850040,22.445
1585679850040,22.445
1585679850040,22.445
1585679850040,22.445
1585679850040,22.445
1585679850040,22.445
1585679850040,22.445
1585679850040,22.445
1585679850040,22.445
1585679850040,22.445
1585679850040,22.445
1585679850040,22.445
1585679850040,22.445
1585680176365,22.495
1585680176365,22.495
1585680176365,22.495
1585680176365,22.495
1585680176365,22.495
1585680176365,22.495
1585680176365,22.495
1585680176365,22.495
1585680176365,22.495
1585680176365,22.495
1585680273793,22.495
1585680273793,22.495
1585680273793,22.495
1585680273793,22.495
1585680273793,22.495
1585680273793,22.495
1585680273793,22.495
1585680273793,22.495
1585680273793,22.495
1585680273793,22.495
1585680273793,22.495
1585680273793,22.495
1585680273793,22.495
1585680273793,22.495
1585680273793,22.495
1585680273793,22.495
1585680273793,22.495
1585680273793,22.495
1585680273793,22.495
1585680273793,22.495
1585680273793,22.495
1585680273793,22.495
1585680273793,22.495
1585680273793,22.495
1585680273793,22.495
1585680273793,22.495
1585680273793,22.495
1585680273793,22.495
1585680273793,22.495
1585680273793,22.495
1585680273793,22.495
1585680273793,22.495
1585680273793,22.495
1585680273793,22.495
1585680273793,22.495
1585680273793,22.495
1585680273793,22.495
1585680676034,22.475
1585680676034,22.475
1585680676034,22.475
1585680676034,22.475
1585680676034,22.475
1585680676034,22.475
1585680676034,22.475
1585680746971,22.49
1585680746971,22.49
1585680746971,22.49
1585680746971,22.49
1585680746971,22.49
1585680746971,22.49
1585680746971,22.49
1585680746971,22.49
1585680746971,22.49
1585680746971,22.49
1585680746971,22.49
1585680746971,22.49
1585680746971,22.49
1585680746971,22.49
1585680746971,22.49
1585680746971,22.49
1585680746971,22.49
1585680746971,22.49
1585680746971,22.49
1585680746971,22.49
1585680746971,22.49
1585680746971,22.49
1585680746971,22.49
1585680746971,22.49
1585680746971,22.49
1585680746971,22.49
1585680746971,22.49
1585680746971,22.49
1585680746971,22.49
1585680746971,22.49
1585680746971,22.49
1585680746971,22.49
1585680746971,22.49
1585680746971,22.49
1585680746971,22.49
1585680746971,22.49
1585680746971,22.49
1585680746971,22.49
1585680746971,22.49
1585680746971,22.49
1585680746971,22.49
1585680746971,22.49
1585680746971,22.49
