1587043857496,88.03
1587043857496,88.03
1587043857496,88.03
1587043892901,88.17
1587043892901,88.17
1587043892901,88.17
1587043892901,88.17
1587043892901,88.17
1587043892901,88.17
1587043892901,88.17
1587043892901,88.17
1587043892901,88.17
1587043892901,88.17
1587043892901,88.17
1587043892901,88.17
1587043892901,88.17
1587043892901,88.17
1587043892901,88.17
1587043892901,88.17
1587043892901,88.17
1587043892901,88.17
1587043892901,88.17
1587043892901,88.17
1587043892901,88.17
1587043892901,88.17
1587044121248,88.135
1587044121248,88.135
1587044121248,88.135
1587044121248,88.135
1587044121248,88.135
1587044121248,88.135
1587044121248,88.135
1587044121248,88.135
1587044121248,88.135
1587044121248,88.135
1587044121248,88.135
1587044121248,88.135
1587044121248,88.135
1587044121248,88.135
1587044268433,88.24
1587044268433,88.24
1587044288046,88.1
1587044288046,88.1
1587044288046,88.1
1587044288046,88.1
1587044288046,88.1
1587044288046,88.1
1587044288046,88.1
1587044288046,88.1
1587044288046,88.1
1587044288046,88.1
1587044288046,88.1
1587044404565,88.345
1587044404565,88.345
1587044404565,88.345
1587044404565,88.345
1587044404565,88.345
1587044404565,88.345
1587044404565,88.345
1587044404565,88.345
1587044480516,88.48
1587044480516,88.48
1587044480516,88.48
1587044480516,88.48
1587044480516,88.48
1587044480516,88.48
1587044480516,88.48
1587044480516,88.48
1587044480516,88.48
1587044480516,88.48
1587044480516,88.48
1587044480516,88.48
1587044480516,88.48
1587044480516,88.48
1587044480516,88.48
1587044480516,88.48
1587044480516,88.48
1587044480516,88.48
1587044480516,88.48
1587044480516,88.48
1587044480516,88.48
1587044480516,88.48
1587044480516,88.48
1587044480516,88.48
1587044480516,88.48
1587044480516,88.48
1587044480516,88.48
1587044770722,88.16
1587044770722,88.16
1587044770722,88.16
1587044770722,88.16
1587044770722,88.16
1587044770722,88.16
1587044770722,88.16
1587044770722,88.16
1587044770722,88.16
1587044770722,88.16
1587044770722,88.16
1587044770722,88.16
1587044770722,88.16
1587044770722,88.16
1587044770722,88.16
1587044770722,88.16
1587044770722,88.16
1587044770722,88.16
1587044770722,88.16
1587044969005,87.83
1587044969005,87.83
1587044969005,87.83
1587044969005,87.83
1587044969005,87.83
1587044969005,87.83
1587044969005,87.83
1587044969005,87.83
1587044969005,87.83
1587044969005,87.83
1587044969005,87.83
1587044969005,87.83
1587044969005,87.83
1587044969005,87.83
1587044969005,87.83
1587044969005,87.83
1587044969005,87.83
1587044969005,87.83
1587044969005,87.83
1587044969005,87.83
1587044969005,87.83
1587044969005,87.83
1587045200920,87.88
1587045200920,87.88
1587045223564,87.79
1587045223564,87.79
1587045223564,87.79
1587045223564,87.79
1587045223564,87.79
1587045223564,87.79
1587045223564,87.79
1587045223564,87.79
1587045303846,87.93
1587045303846,87.93
1587045303846,87.93
1587045303846,87.93
1587045340184,88
1587045340184,88
1587045340184,88
1587045340184,88
1587045340184,88
1587045340184,88
1587045340184,88
1587045340184,88
1587045340184,88
1587045340184,88
1587045340184,88
1587045455053,87.75
1587045455053,87.75
1587045455053,87.75
1587045455053,87.75
1587045455053,87.75
1587045512741,87.605
1587045512741,87.605
1587045512741,87.605
1587045512741,87.605
1587045512741,87.605
1587045565171,87.5
1587045565171,87.5
1587045565171,87.5
1587045565171,87.5
1587045565171,87.5
1587045565171,87.5
1587045565171,87.5
1587045565171,87.5
1587045565171,87.5
1587045661214,87.52
1587045661214,87.52
1587045661214,87.52
1587045661214,87.52
1587045661214,87.52
1587045661214,87.52
1587045661214,87.52
1587045661214,87.52
1587045661214,87.52
1587045661214,87.52
1587045661214,87.52
1587045661214,87.52
1587045661214,87.52
1587045661214,87.52
1587045661214,87.52
1587045661214,87.52
1587045661214,87.52
1587045661214,87.52
1587045661214,87.52
1587045661214,87.52
1587045661214,87.52
1587045661214,87.52
1587045661214,87.52
1587045898631,87.52
1587045898631,87.52
1587045898631,87.52
1587045898631,87.52
1587045898631,87.52
1587045898631,87.52
1587045898631,87.52
1587045898631,87.52
1587045898631,87.52
1587045898631,87.52
1587045898631,87.52
1587045898631,87.52
1587045898631,87.52
1587045898631,87.52
1587045898631,87.52
1587045898631,87.52
1587045898631,87.52
1587045898631,87.52
1587045898631,87.52
1587045898631,87.52
1587046108032,87.56
1587046108032,87.56
1587046126745,87.55
1587046141403,87.485
1587046141403,87.485
1587046141403,87.485
1587046141403,87.485
1587046141403,87.485
1587046141403,87.485
1587046141403,87.485
1587046141403,87.485
1587046141403,87.485
1587046141403,87.485
1587046141403,87.485
1587046141403,87.485
1587046141403,87.485
1587046141403,87.485
1587046141403,87.485
1587046141403,87.485
1587046141403,87.485
1587046141403,87.485
1587046141403,87.485
1587046141403,87.485
1587046141403,87.485
1587046141403,87.485
1587046141403,87.485
1587046141403,87.485
1587046141403,87.485
1587046141403,87.485
1587046141403,87.485
1587046141403,87.485
1587046141403,87.485
1587046141403,87.485
1587046141403,87.485
1587046141403,87.485
1587046141403,87.485
1587046141403,87.485
1587046141403,87.485
1587046141403,87.485
1587046141403,87.485
1587046141403,87.485
1587046534178,87.47
1587046534178,87.47
1587046534178,87.47
1587046570751,87.52
1587046570751,87.52
1587046570751,87.52
1587046570751,87.52
1587046570751,87.52
1587046570751,87.52
1587046570751,87.52
1587046570751,87.52
1587046570751,87.52
1587046570751,87.52
1587046570751,87.52
1587046570751,87.52
1587046570751,87.52
1587046570751,87.52
1587046570751,87.52
1587046570751,87.52
1587046570751,87.52
1587046570751,87.52
1587046753106,87.64
1587046753106,87.64
1587046753106,87.64
1587046753106,87.64
1587046795328,87.61
1587046807333,87.53
1587046807333,87.53
1587046807333,87.53
1587046807333,87.53
1587046807333,87.53
1587046807333,87.53
1587046807333,87.53
1587046807333,87.53
1587046888274,87.74
1587046888274,87.74
1587046888274,87.74
1587046888274,87.74
1587046888274,87.74
1587046888274,87.74
1587046888274,87.74
1587046888274,87.74
1587046888274,87.74
1587046888274,87.74
1587046888274,87.74
1587046888274,87.74
1587046888274,87.74
1587046888274,87.74
1587046888274,87.74
1587047048543,87.78
1587047048543,87.78
1587047048543,87.78
1587047048543,87.78
1587047048543,87.78
1587047101716,87.81
1587047119502,87.85
1587047119502,87.85
1587047119502,87.85
1587047119502,87.85
1587047161957,87.78
1587047161957,87.78
1587047161957,87.78
1587047161957,87.78
1587047161957,87.78
1587047161957,87.78
1587047161957,87.78
1587047161957,87.78
1587047161957,87.78
1587047161957,87.78
1587047161957,87.78
1587047161957,87.78
1587047161957,87.78
1587047161957,87.78
1587047301460,87.83
1587047301460,87.83
1587047301460,87.83
1587047301460,87.83
1587047301460,87.83
1587047301460,87.83
1587047301460,87.83
1587047301460,87.83
1587047301460,87.83
1587047301460,87.83
1587047301460,87.83
1587047301460,87.83
1587047301460,87.83
1587047301460,87.83
1587047301460,87.83
1587047301460,87.83
1587047301460,87.83
1587047301460,87.83
1587047301460,87.83
1587047504996,88.135
1587047516104,88.02
1587047516104,88.02
1587047516104,88.02
1587047516104,88.02
1587047516104,88.02
1587047516104,88.02
1587047516104,88.02
1587047516104,88.02
1587047516104,88.02
1587047516104,88.02
1587047516104,88.02
1587047516104,88.02
1587047516104,88.02
1587047516104,88.02
1587047516104,88.02
1587047516104,88.02
1587047516104,88.02
1587047516104,88.02
1587047516104,88.02
1587047709021,87.87
1587047709021,87.87
1587047709021,87.87
1587047709021,87.87
1587047753719,87.86
1587047753719,87.86
1587047753719,87.86
1587047753719,87.86
1587047753719,87.86
1587047753719,87.86
1587047753719,87.86
1587047830532,87.8
1587047830532,87.8
1587047830532,87.8
1587047857623,87.87
1587047857623,87.87
1587047857623,87.87
1587047857623,87.87
1587047857623,87.87
1587047905820,87.76
1587047905820,87.76
1587047905820,87.76
1587047905820,87.76
1587047905820,87.76
1587047905820,87.76
1587047905820,87.76
1587047905820,87.76
1587047905820,87.76
1587047905820,87.76
1587048016687,87.675
1587048016687,87.675
1587048016687,87.675
1587048016687,87.675
1587048016687,87.675
1587048016687,87.675
1587048016687,87.675
1587048016687,87.675
1587048016687,87.675
1587048107302,87.84
1587048107302,87.84
1587048124321,87.925
1587048124321,87.925
1587048124321,87.925
1587048124321,87.925
1587048124321,87.925
1587048124321,87.925
1587048124321,87.925
1587048124321,87.925
1587048124321,87.925
1587048222278,88.065
1587048232159,87.96
1587048232159,87.96
1587048232159,87.96
1587048232159,87.96
1587048232159,87.96
1587048232159,87.96
1587048232159,87.96
1587048232159,87.96
1587048232159,87.96
1587048232159,87.96
1587048232159,87.96
1587048232159,87.96
1587048232159,87.96
1587048232159,87.96
1587048232159,87.96
1587048232159,87.96
1587048232159,87.96
1587048232159,87.96
1587048232159,87.96
1587048232159,87.96
1587048232159,87.96
1587048232159,87.96
1587048232159,87.96
1587048232159,87.96
1587048232159,87.96
1587048232159,87.96
1587048232159,87.96
1587048232159,87.96
1587048232159,87.96
1587048232159,87.96
1587048543592,87.68
1587048555812,87.8
1587048555812,87.8
1587048555812,87.8
1587048555812,87.8
1587048555812,87.8
1587048555812,87.8
1587048555812,87.8
1587048555812,87.8
1587048555812,87.8
1587048555812,87.8
1587048555812,87.8
1587048555812,87.8
1587048687427,87.83
1587048687427,87.83
1587048705106,87.825
1587048705106,87.825
1587048705106,87.825
1587048705106,87.825
1587048705106,87.825
1587048705106,87.825
1587048705106,87.825
1587048705106,87.825
1587048705106,87.825
1587048705106,87.825
1587048705106,87.825
1587048705106,87.825
1587048705106,87.825
1587048844470,87.64
1587048844470,87.64
1587048844470,87.64
1587048844470,87.64
1587048844470,87.64
1587048844470,87.64
1587048844470,87.64
1587048844470,87.64
1587048928435,87.72
1587048947241,87.69
1587048947241,87.69
1587048947241,87.69
1587048947241,87.69
1587048947241,87.69
1587048947241,87.69
1587048947241,87.69
1587048947241,87.69
1587048947241,87.69
1587048947241,87.69
1587048947241,87.69
1587048947241,87.69
1587048947241,87.69
1587049082149,88
1587049082149,88
1587049082149,88
1587049082149,88
1587049082149,88
1587049133742,87.995
1587049133742,87.995
1587049133742,87.995
1587049133742,87.995
1587049133742,87.995
1587049133742,87.995
1587049133742,87.995
1587049133742,87.995
1587049133742,87.995
1587049223935,88.07
1587049223935,88.07
1587049223935,88.07
1587049260855,88.06
1587049260855,88.06
1587049260855,88.06
1587049260855,88.06
1587049298002,88.07
1587049298002,88.07
1587049324069,88.04
1587049324069,88.04
1587049324069,88.04
1587049324069,88.04
1587049324069,88.04
1587049324069,88.04
1587049324069,88.04
1587049324069,88.04
1587049324069,88.04
1587049417937,87.91
1587049417937,87.91
1587049432906,87.99
1587049432906,87.99
1587049432906,87.99
1587049432906,87.99
1587049432906,87.99
1587049432906,87.99
1587049432906,87.99
1587049505948,87.945
1587049505948,87.945
1587049505948,87.945
1587049505948,87.945
1587049505948,87.945
1587049505948,87.945
1587049505948,87.945
1587049505948,87.945
1587049505948,87.945
1587049505948,87.945
1587049505948,87.945
1587049505948,87.945
1587049505948,87.945
1587049505948,87.945
1587049505948,87.945
1587049505948,87.945
1587049505948,87.945
1587049505948,87.945
1587049505948,87.945
1587049505948,87.945
1587049722228,88.09
1587049722228,88.09
1587049722228,88.09
1587049748332,88.13
1587049748332,88.13
1587049748332,88.13
1587049748332,88.13
1587049748332,88.13
1587049748332,88.13
1587049748332,88.13
1587049748332,88.13
1587049748332,88.13
1587049748332,88.13
1587049748332,88.13
1587049748332,88.13
1587049748332,88.13
1587049881316,88.02
1587049881316,88.02
1587049881316,88.02
1587049921295,88.04
1587049921295,88.04
1587049921295,88.04
1587049921295,88.04
1587049921295,88.04
1587049921295,88.04
1587049921295,88.04
1587049921295,88.04
1587049921295,88.04
1587049921295,88.04
1587049921295,88.04
1587049921295,88.04
1587050046410,87.79
1587050046410,87.79
1587050046410,87.79
1587050046410,87.79
1587050046410,87.79
1587050046410,87.79
1587050046410,87.79
1587050046410,87.79
1587050046410,87.79
1587050046410,87.79
1587050046410,87.79
1587050046410,87.79
1587050046410,87.79
1587050046410,87.79
1587050046410,87.79
1587050201513,87.66
1587050201513,87.66
1587050201513,87.66
1587050201513,87.66
1587050201513,87.66
1587050201513,87.66
1587050201513,87.66
1587050201513,87.66
1587050201513,87.66
1587050201513,87.66
1587050201513,87.66
1587050201513,87.66
1587050201513,87.66
1587050201513,87.66
1587050201513,87.66
1587050201513,87.66
1587050201513,87.66
1587050201513,87.66
1587050201513,87.66
1587050201513,87.66
1587050201513,87.66
1587050201513,87.66
1587050201513,87.66
1587050201513,87.66
1587050201513,87.66
1587050201513,87.66
1587050201513,87.66
1587050201513,87.66
1587050201513,87.66
1587050201513,87.66
1587050201513,87.66
1587050201513,87.66
1587050201513,87.66
1587050201513,87.66
1587050201513,87.66
1587050201513,87.66
1587050201513,87.66
1587050201513,87.66
1587050201513,87.66
1587050201513,87.66
1587050201513,87.66
1587050201513,87.66
1587050201513,87.66
1587050201513,87.66
1587050201513,87.66
1587050667166,87.53
1587050667166,87.53
1587050667166,87.53
1587050667166,87.53
1587050667166,87.53
1587050667166,87.53
1587050667166,87.53
1587050667166,87.53
1587050667166,87.53
1587050667166,87.53
1587050667166,87.53
1587050667166,87.53
1587050667166,87.53
1587050667166,87.53
1587050822121,87.52
1587050830172,87.525
1587050830172,87.525
1587050830172,87.525
1587050830172,87.525
1587050830172,87.525
1587050830172,87.525
1587050830172,87.525
1587050830172,87.525
1587050830172,87.525
1587050830172,87.525
1587050830172,87.525
1587050949744,87.555
1587050949744,87.555
1587050949744,87.555
1587050978495,87.43
1587050978495,87.43
1587050978495,87.43
1587050978495,87.43
1587050978495,87.43
1587050978495,87.43
1587050978495,87.43
1587050978495,87.43
1587050978495,87.43
1587050978495,87.43
1587051080826,87.425
1587051080826,87.425
1587051080826,87.425
1587051080826,87.425
1587051080826,87.425
1587051080826,87.425
1587051080826,87.425
1587051152365,87.395
1587051170287,87.385
1587051170287,87.385
1587051170287,87.385
1587051170287,87.385
1587051170287,87.385
1587051217399,87.37
1587051217399,87.37
1587051217399,87.37
1587051217399,87.37
1587051217399,87.37
1587051217399,87.37
1587051217399,87.37
1587051217399,87.37
1587051298354,87.355
1587051298354,87.355
1587051298354,87.355
1587051298354,87.355
1587051298354,87.355
1587051298354,87.355
1587051298354,87.355
1587051298354,87.355
1587051298354,87.355
1587051396651,87.4
1587051396651,87.4
1587051420422,87.41
1587051420422,87.41
1587051420422,87.41
1587051444307,87.39
1587051444307,87.39
1587051444307,87.39
1587051444307,87.39
1587051444307,87.39
1587051444307,87.39
1587051444307,87.39
1587051444307,87.39
1587051444307,87.39
1587051444307,87.39
1587051444307,87.39
1587051444307,87.39
1587051574123,87.34
1587051584622,87.345
1587051584622,87.345
1587051601794,87.36
1587051601794,87.36
1587051601794,87.36
1587051601794,87.36
1587051601794,87.36
1587051601794,87.36
1587051670069,87.505
1587051670069,87.505
1587051670069,87.505
1587051670069,87.505
1587051708633,87.485
1587051708633,87.485
1587051708633,87.485
1587051708633,87.485
1587051755221,87.47
1587051755221,87.47
1587051755221,87.47
1587051755221,87.47
1587051755221,87.47
1587051755221,87.47
1587051755221,87.47
1587051755221,87.47
1587051755221,87.47
1587051755221,87.47
1587051755221,87.47
1587051755221,87.47
1587051878296,87.425
1587051878296,87.425
1587051878296,87.425
1587051878296,87.425
1587051878296,87.425
1587051878296,87.425
1587051878296,87.425
1587051878296,87.425
1587051878296,87.425
1587051973422,87.35
1587051973422,87.35
1587051973422,87.35
1587051973422,87.35
1587051973422,87.35
1587051973422,87.35
1587051973422,87.35
1587051973422,87.35
1587052057469,87.225
1587052057469,87.225
1587052057469,87.225
1587052057469,87.225
1587052057469,87.225
1587052057469,87.225
1587052057469,87.225
1587052057469,87.225
1587052057469,87.225
1587052057469,87.225
1587052057469,87.225
1587052057469,87.225
1587052057469,87.225
1587052057469,87.225
1587052200357,87.32
1587052200357,87.32
1587052200357,87.32
1587052200357,87.32
1587052200357,87.32
1587052200357,87.32
1587052200357,87.32
1587052200357,87.32
1587052200357,87.32
1587052200357,87.32
1587052200357,87.32
1587052200357,87.32
1587052200357,87.32
1587052200357,87.32
1587052350741,87.435
1587052350741,87.435
1587052350741,87.435
1587052350741,87.435
1587052350741,87.435
1587052399132,87.515
1587052399132,87.515
1587052420055,87.53
1587052433190,87.55
1587052433190,87.55
1587052433190,87.55
1587052433190,87.55
1587052470019,87.7
1587052470019,87.7
1587052498069,87.685
1587052502310,87.69
1587052502310,87.69
1587052502310,87.69
1587052502310,87.69
1587052502310,87.69
1587052564037,87.645
1587052564037,87.645
1587052564037,87.645
1587052564037,87.645
1587052564037,87.645
1587052564037,87.645
1587052564037,87.645
1587052564037,87.645
1587052564037,87.645
1587052564037,87.645
1587052564037,87.645
1587052564037,87.645
1587052688796,87.595
1587052692884,87.57
1587052692884,87.57
1587052721233,87.595
1587052721233,87.595
1587052742504,87.635
1587052746136,87.63
1587052758640,87.63
1587052758640,87.63
1587052758640,87.63
1587052758640,87.63
1587052758640,87.63
1587052758640,87.63
1587052758640,87.63
1587052758640,87.63
1587052758640,87.63
1587052863976,87.68
1587052863976,87.68
1587052863976,87.68
1587052863976,87.68
1587052863976,87.68
1587052863976,87.68
1587052863976,87.68
1587052933098,87.6
1587052933098,87.6
1587052933098,87.6
1587052933098,87.6
1587052933098,87.6
1587052933098,87.6
1587052991542,87.635
1587052991542,87.635
1587052991542,87.635
1587052991542,87.635
1587052991542,87.635
1587052991542,87.635
1587052991542,87.635
1587052991542,87.635
1587052991542,87.635
1587052991542,87.635
1587052991542,87.635
1587052991542,87.635
1587053122539,87.63
1587053122539,87.63
1587053141646,87.625
1587053141646,87.625
1587053141646,87.625
1587053141646,87.625
1587053141646,87.625
1587053195302,87.61
1587053195302,87.61
1587053195302,87.61
1587053195302,87.61
1587053195302,87.61
1587053195302,87.61
1587053258369,87.545
1587053258369,87.545
1587053258369,87.545
1587053258369,87.545
1587053258369,87.545
1587053317722,87.55
1587053327833,87.56
1587053331251,87.56
1587053331251,87.56
1587053331251,87.56
1587053331251,87.56
1587053331251,87.56
1587053331251,87.56
1587053331251,87.56
1587053331251,87.56
1587053331251,87.56
1587053428807,87.625
1587053428807,87.625
1587053447578,87.68
1587053447578,87.68
1587053447578,87.68
1587053447578,87.68
1587053447578,87.68
1587053447578,87.68
1587053447578,87.68
1587053447578,87.68
1587053447578,87.68
1587053447578,87.68
1587053447578,87.68
1587053572252,87.65
1587053572252,87.65
1587053572252,87.65
1587053572252,87.65
1587053607001,87.69
1587053621367,87.66
1587053621367,87.66
1587053621367,87.66
1587053651039,87.64
1587053651039,87.64
1587053651039,87.64
1587053651039,87.64
1587053651039,87.64
1587053651039,87.64
1587053720748,87.655
1587053720748,87.655
1587053720748,87.655
1587053720748,87.655
1587053720748,87.655
1587053774008,87.76
1587053774008,87.76
1587053774008,87.76
1587053774008,87.76
1587053774008,87.76
1587053774008,87.76
1587053774008,87.76
1587053774008,87.76
1587053774008,87.76
1587053774008,87.76
1587053774008,87.76
1587053888773,87.445
1587053890077,87.445
1587053890077,87.445
1587053890077,87.445
1587053890077,87.445
1587053890077,87.445
1587053890077,87.445
1587053890077,87.445
1587053890077,87.445
1587053890077,87.445
1587053890077,87.445
1587053890077,87.445
1587053890077,87.445
1587053890077,87.445
1587053890077,87.445
1587053890077,87.445
1587054048189,87.305
1587054066709,87.28
1587054066709,87.28
1587054066709,87.28
1587054066709,87.28
1587054066709,87.28
1587054066709,87.28
1587054066709,87.28
1587054066709,87.28
1587054066709,87.28
1587054066709,87.28
1587054066709,87.28
1587054066709,87.28
1587054066709,87.28
1587054197130,87.37
1587054197130,87.37
1587054197130,87.37
1587054197130,87.37
1587054244784,87.36
1587054244784,87.36
1587054244784,87.36
1587054244784,87.36
1587054244784,87.36
1587054244784,87.36
1587054244784,87.36
1587054244784,87.36
1587054244784,87.36
1587054244784,87.36
1587054244784,87.36
1587054244784,87.36
1587054244784,87.36
1587054244784,87.36
1587054244784,87.36
1587054244784,87.36
1587054244784,87.36
1587054244784,87.36
1587054244784,87.36
1587054244784,87.36
1587054244784,87.36
1587054244784,87.36
1587054244784,87.36
1587054244784,87.36
1587054244784,87.36
1587054508444,87.48
1587054508444,87.48
1587054508444,87.48
1587054508444,87.48
1587054550255,87.395
1587054550255,87.395
1587054550255,87.395
1587054550255,87.395
1587054550255,87.395
1587054599381,87.43
1587054599381,87.43
1587054622157,87.4
1587054622157,87.4
1587054622157,87.4
1587054622157,87.4
1587054668474,87.295
1587054668474,87.295
1587054668474,87.295
1587054668474,87.295
1587054668474,87.295
1587054719043,87.33
1587054719043,87.33
1587054740448,87.285
1587054745554,87.275
1587054745554,87.275
1587054745554,87.275
1587054776776,87.2
1587054776776,87.2
1587054776776,87.2
1587054812258,87.175
1587054812258,87.175
1587054812258,87.175
1587054812258,87.175
1587054812258,87.175
1587054812258,87.175
1587054812258,87.175
1587054812258,87.175
1587054812258,87.175
1587054812258,87.175
1587054812258,87.175
1587054932938,87.21
1587054932938,87.21
1587054932938,87.21
1587054956217,87.175
1587054956217,87.175
1587054956217,87.175
1587054956217,87.175
1587054956217,87.175
1587054956217,87.175
1587054956217,87.175
1587054956217,87.175
1587054956217,87.175
1587054956217,87.175
1587054956217,87.175
1587054956217,87.175
1587054956217,87.175
1587055092057,87.23
1587055092057,87.23
1587055092057,87.23
1587055092057,87.23
1587055092057,87.23
1587055092057,87.23
1587055092057,87.23
1587055092057,87.23
1587055092057,87.23
1587055092057,87.23
1587055092057,87.23
1587055092057,87.23
1587055092057,87.23
1587055092057,87.23
1587055092057,87.23
1587055092057,87.23
1587055092057,87.23
1587055092057,87.23
1587055092057,87.23
1587055092057,87.23
1587055092057,87.23
1587055092057,87.23
1587055092057,87.23
1587055092057,87.23
1587055092057,87.23
1587055092057,87.23
1587055092057,87.23
1587055377348,87.3
1587055377348,87.3
1587055377348,87.3
1587055377348,87.3
1587055377348,87.3
1587055377348,87.3
1587055377348,87.3
1587055377348,87.3
1587055377348,87.3
1587055377348,87.3
1587055377348,87.3
1587055377348,87.3
1587055377348,87.3
1587055377348,87.3
1587055377348,87.3
1587055377348,87.3
1587055377348,87.3
1587055377348,87.3
1587055565763,87.35
1587055565763,87.35
1587055565763,87.35
1587055565763,87.35
1587055565763,87.35
1587055565763,87.35
1587055565763,87.35
1587055565763,87.35
1587055565763,87.35
1587055565763,87.35
1587055565763,87.35
1587055565763,87.35
1587055565763,87.35
1587055565763,87.35
1587055565763,87.35
1587055565763,87.35
1587055565763,87.35
1587055565763,87.35
1587055565763,87.35
1587055565763,87.35
1587055565763,87.35
1587055565763,87.35
1587055565763,87.35
1587055565763,87.35
1587055565763,87.35
1587055565763,87.35
1587055565763,87.35
1587055565763,87.35
1587055863522,87.415
1587055863522,87.415
1587055863522,87.415
1587055863522,87.415
1587055863522,87.415
1587055863522,87.415
1587055863522,87.415
1587055863522,87.415
1587055863522,87.415
1587055863522,87.415
1587055863522,87.415
1587055863522,87.415
1587055863522,87.415
1587056002336,87.44
1587056002336,87.44
1587056002336,87.44
1587056038071,87.44
1587056038071,87.44
1587056038071,87.44
1587056038071,87.44
1587056038071,87.44
1587056038071,87.44
1587056038071,87.44
1587056038071,87.44
1587056038071,87.44
1587056038071,87.44
1587056038071,87.44
1587056038071,87.44
1587056160896,87.29
1587056167504,87.32
1587056167504,87.32
1587056167504,87.32
1587056167504,87.32
1587056218142,87.42
1587056218142,87.42
1587056218142,87.42
1587056218142,87.42
1587056218142,87.42
1587056218142,87.42
1587056218142,87.42
1587056218142,87.42
1587056218142,87.42
1587056218142,87.42
1587056218142,87.42
1587056218142,87.42
1587056218142,87.42
1587056347507,87.29
1587056347507,87.29
1587056347507,87.29
1587056347507,87.29
1587056347507,87.29
1587056347507,87.29
1587056347507,87.29
1587056438897,87.31
1587056438897,87.31
1587056438897,87.31
1587056438897,87.31
1587056438897,87.31
1587056438897,87.31
1587056438897,87.31
1587056507754,87.445
1587056507754,87.445
1587056507754,87.445
1587056507754,87.445
1587056507754,87.445
1587056507754,87.445
1587056507754,87.445
1587056507754,87.445
1587056507754,87.445
1587056507754,87.445
1587056507754,87.445
1587056507754,87.445
1587056507754,87.445
1587056653489,87.16
1587056664117,87.09
1587056664117,87.09
1587056664117,87.09
1587056664117,87.09
1587056664117,87.09
1587056664117,87.09
1587056664117,87.09
1587056664117,87.09
1587056664117,87.09
1587056664117,87.09
1587056664117,87.09
1587056664117,87.09
1587056664117,87.09
1587056664117,87.09
1587056664117,87.09
1587056824885,87.135
1587056824885,87.135
1587056824885,87.135
1587056824885,87.135
1587056824885,87.135
1587056824885,87.135
1587056824885,87.135
1587056824885,87.135
1587056824885,87.135
1587056824885,87.135
1587056824885,87.135
1587056824885,87.135
1587056824885,87.135
1587056824885,87.135
1587056824885,87.135
1587056824885,87.135
1587056824885,87.135
1587056824885,87.135
1587056824885,87.135
1587056824885,87.135
1587057033735,87.055
1587057033735,87.055
1587057033735,87.055
1587057033735,87.055
1587057076074,87.09
1587057086720,87.165
1587057086720,87.165
1587057086720,87.165
1587057086720,87.165
1587057086720,87.165
1587057086720,87.165
1587057086720,87.165
1587057086720,87.165
1587057086720,87.165
1587057086720,87.165
1587057086720,87.165
1587057086720,87.165
1587057086720,87.165
1587057086720,87.165
1587057086720,87.165
1587057086720,87.165
1587057086720,87.165
1587057258835,87.18
1587057258835,87.18
1587057279846,87.235
1587057279846,87.235
1587057279846,87.235
1587057279846,87.235
1587057279846,87.235
1587057338476,87.31
1587057338476,87.31
1587057338476,87.31
1587057338476,87.31
1587057338476,87.31
1587057390501,87.19
1587057390501,87.19
1587057390501,87.19
1587057390501,87.19
1587057390501,87.19
1587057390501,87.19
1587057390501,87.19
1587057390501,87.19
1587057390501,87.19
1587057390501,87.19
1587057390501,87.19
1587057390501,87.19
1587057390501,87.19
1587057390501,87.19
1587057390501,87.19
1587057390501,87.19
1587057390501,87.19
1587057563972,87.33
1587057563972,87.33
1587057563972,87.33
1587057563972,87.33
1587057563972,87.33
1587057563972,87.33
1587057563972,87.33
1587057563972,87.33
1587057563972,87.33
1587057563972,87.33
1587057563972,87.33
1587057563972,87.33
1587057563972,87.33
1587057563972,87.33
1587057563972,87.33
1587057563972,87.33
1587057563972,87.33
1587057563972,87.33
1587057563972,87.33
1587057563972,87.33
1587057780374,87.34
1587057780374,87.34
1587057780374,87.34
1587057780374,87.34
1587057780374,87.34
1587057780374,87.34
1587057780374,87.34
1587057780374,87.34
1587057780374,87.34
1587057780374,87.34
1587057780374,87.34
1587057780374,87.34
1587057780374,87.34
1587057780374,87.34
1587057780374,87.34
1587057780374,87.34
1587057780374,87.34
1587057780374,87.34
1587057780374,87.34
1587057780374,87.34
1587057780374,87.34
1587057780374,87.34
1587057780374,87.34
1587057780374,87.34
1587058027154,87.36
1587058027154,87.36
1587058027154,87.36
1587058027154,87.36
1587058027154,87.36
1587058089879,87.43
1587058089879,87.43
1587058110653,87.44
1587058110653,87.44
1587058110653,87.44
1587058110653,87.44
1587058110653,87.44
1587058110653,87.44
1587058110653,87.44
1587058110653,87.44
1587058110653,87.44
1587058110653,87.44
1587058110653,87.44
1587058110653,87.44
1587058231236,87.41
1587058231236,87.41
1587058231236,87.41
1587058231236,87.41
1587058272509,87.43
1587058272509,87.43
1587058272509,87.43
1587058272509,87.43
1587058272509,87.43
1587058326289,87.45
1587058344135,87.43
1587058344135,87.43
1587058360135,87.435
1587058375553,87.41
1587058375553,87.41
1587058375553,87.41
1587058375553,87.41
1587058375553,87.41
1587058375553,87.41
1587058375553,87.41
1587058375553,87.41
1587058375553,87.41
1587058468031,87.41
1587058468031,87.41
1587058468031,87.41
1587058468031,87.41
1587058468031,87.41
1587058468031,87.41
1587058468031,87.41
1587058468031,87.41
1587058468031,87.41
1587058468031,87.41
1587058468031,87.41
1587058578001,87.38
1587058588813,87.41
1587058588813,87.41
1587058588813,87.41
1587058588813,87.41
1587058588813,87.41
1587058588813,87.41
1587058661008,87.41
1587058661008,87.41
1587058661008,87.41
1587058661008,87.41
1587058661008,87.41
1587058661008,87.41
1587058661008,87.41
1587058661008,87.41
1587058661008,87.41
1587058661008,87.41
1587058661008,87.41
1587058661008,87.41
1587058661008,87.41
1587058661008,87.41
1587058661008,87.41
1587058661008,87.41
1587058661008,87.41
1587058661008,87.41
1587058661008,87.41
1587058661008,87.41
1587058661008,87.41
1587058886929,87.405
1587058887831,87.415
1587058887831,87.415
1587058887831,87.415
1587058920702,87.34
1587058920702,87.34
1587058920702,87.34
1587058920702,87.34
1587058920702,87.34
1587058971270,87.35
1587058971270,87.35
1587058998261,87.435
1587058998261,87.435
1587058998261,87.435
1587058998261,87.435
1587058998261,87.435
1587058998261,87.435
1587058998261,87.435
1587058998261,87.435
1587058998261,87.435
1587059095306,87.49
1587059095306,87.49
1587059095306,87.49
1587059095306,87.49
1587059095306,87.49
1587059095306,87.49
1587059095306,87.49
1587059095306,87.49
1587059095306,87.49
1587059095306,87.49
1587059095306,87.49
1587059095306,87.49
1587059095306,87.49
1587059095306,87.49
1587059095306,87.49
1587059095306,87.49
1587059095306,87.49
1587059095306,87.49
1587059095306,87.49
1587059095306,87.49
1587059312655,87.42
1587059312655,87.42
1587059312655,87.42
1587059312655,87.42
1587059312655,87.42
1587059312655,87.42
1587059312655,87.42
1587059312655,87.42
1587059312655,87.42
1587059312655,87.42
1587059312655,87.42
1587059312655,87.42
1587059312655,87.42
1587059312655,87.42
1587059312655,87.42
1587059312655,87.42
1587059312655,87.42
1587059312655,87.42
1587059312655,87.42
1587059312655,87.42
1587059515535,87.26
1587059515535,87.26
1587059515535,87.26
1587059515535,87.26
1587059515535,87.26
1587059515535,87.26
1587059586257,87.24
1587059586257,87.24
1587059586257,87.24
1587059586257,87.24
1587059586257,87.24
1587059586257,87.24
1587059586257,87.24
1587059586257,87.24
1587059586257,87.24
1587059586257,87.24
1587059586257,87.24
1587059704982,87.215
1587059704982,87.215
1587059704982,87.215
1587059704982,87.215
1587059704982,87.215
1587059749726,87.24
1587059749726,87.24
1587059749726,87.24
1587059749726,87.24
1587059749726,87.24
1587059749726,87.24
1587059818405,87.26
1587059818405,87.26
1587059818405,87.26
1587059818405,87.26
1587059818405,87.26
1587059818405,87.26
1587059818405,87.26
1587059818405,87.26
1587059818405,87.26
1587059818405,87.26
1587059818405,87.26
1587059818405,87.26
1587059950151,87.33
1587059961191,87.38
1587059961191,87.38
1587059961191,87.38
1587059961191,87.38
1587059961191,87.38
1587059961191,87.38
1587059961191,87.38
1587059961191,87.38
1587059961191,87.38
1587059961191,87.38
1587059961191,87.38
1587059961191,87.38
1587059961191,87.38
1587059961191,87.38
1587059961191,87.38
1587059961191,87.38
1587059961191,87.38
1587059961191,87.38
1587059961191,87.38
1587059961191,87.38
1587059961191,87.38
1587059961191,87.38
1587059961191,87.38
1587059961191,87.38
1587059961191,87.38
1587059961191,87.38
1587059961191,87.38
1587059961191,87.38
1587059961191,87.38
1587059961191,87.38
1587059961191,87.38
1587059961191,87.38
1587059961191,87.38
1587059961191,87.38
1587059961191,87.38
1587059961191,87.38
1587060340954,87.2
1587060340954,87.2
1587060340954,87.2
1587060373727,87.215
1587060373727,87.215
1587060391729,87.215
1587060391729,87.215
1587060414606,87.29
1587060423471,87.31
1587060423471,87.31
1587060423471,87.31
1587060423471,87.31
1587060423471,87.31
1587060423471,87.31
1587060423471,87.31
1587060495490,87.37
1587060495490,87.37
1587060521469,87.35
1587060521469,87.35
1587060521469,87.35
1587060521469,87.35
1587060521469,87.35
1587060521469,87.35
1587060521469,87.35
1587060521469,87.35
1587060521469,87.35
1587060610831,87.46
1587060610831,87.46
1587060610831,87.46
1587060610831,87.46
1587060610831,87.46
1587060610831,87.46
1587060610831,87.46
1587060610831,87.46
1587060610831,87.46
1587060706123,87.44
1587060706123,87.44
1587060725059,87.48
1587060725059,87.48
1587060725059,87.48
1587060725059,87.48
1587060769261,87.475
1587060769261,87.475
1587060769261,87.475
1587060769261,87.475
1587060769261,87.475
1587060769261,87.475
1587060769261,87.475
1587060769261,87.475
1587060769261,87.475
1587060769261,87.475
1587060769261,87.475
1587060769261,87.475
1587060769261,87.475
1587060769261,87.475
1587060769261,87.475
1587060769261,87.475
1587060769261,87.475
1587060769261,87.475
1587060769261,87.475
1587060769261,87.475
1587060769261,87.475
1587060995524,87.6
1587060995524,87.6
1587060995524,87.6
1587060995524,87.6
1587060995524,87.6
1587060995524,87.6
1587060995524,87.6
1587060995524,87.6
1587060995524,87.6
1587060995524,87.6
1587060995524,87.6
1587060995524,87.6
1587060995524,87.6
1587060995524,87.6
1587060995524,87.6
1587060995524,87.6
1587060995524,87.6
1587060995524,87.6
1587060995524,87.6
1587060995524,87.6
1587060995524,87.6
1587060995524,87.6
1587061228053,87.41
1587061228053,87.41
1587061228053,87.41
1587061228053,87.41
1587061277846,87.54
1587061277846,87.54
1587061277846,87.54
1587061277846,87.54
1587061277846,87.54
1587061277846,87.54
1587061277846,87.54
1587061277846,87.54
1587061277846,87.54
1587061277846,87.54
1587061277846,87.54
1587061277846,87.54
1587061277846,87.54
1587061277846,87.54
1587061427479,87.47
1587061427479,87.47
1587061427479,87.47
1587061427479,87.47
1587061427479,87.47
1587061427479,87.47
1587061427479,87.47
1587061427479,87.47
1587061427479,87.47
1587061427479,87.47
1587061427479,87.47
1587061427479,87.47
1587061427479,87.47
1587061561802,87.37
1587061561802,87.37
1587061561802,87.37
1587061561802,87.37
1587061608900,87.37
1587061622045,87.36
1587061622045,87.36
1587061622045,87.36
1587061622045,87.36
1587061622045,87.36
1587061622045,87.36
1587061622045,87.36
1587061622045,87.36
1587061622045,87.36
1587061622045,87.36
1587061622045,87.36
1587061622045,87.36
1587061622045,87.36
1587061622045,87.36
1587061763042,87.28
1587061763042,87.28
1587061763042,87.28
1587061763042,87.28
1587061810510,87.245
1587061810510,87.245
1587061810510,87.245
1587061810510,87.245
1587061810510,87.245
1587061810510,87.245
1587061810510,87.245
1587061888271,87.285
1587061888271,87.285
1587061888271,87.285
1587061888271,87.285
1587061888271,87.285
1587061888271,87.285
1587061888271,87.285
1587061959899,87.275
1587061959899,87.275
1587061959899,87.275
1587061959899,87.275
1587061996055,87.24
1587061996055,87.24
1587061996055,87.24
1587062028691,87.275
1587062028691,87.275
1587062028691,87.275
1587062028691,87.275
1587062028691,87.275
1587062028691,87.275
1587062028691,87.275
1587062028691,87.275
1587062028691,87.275
1587062028691,87.275
1587062028691,87.275
1587062155036,87.4
1587062155036,87.4
1587062155036,87.4
1587062180583,87.36
1587062180583,87.36
1587062203639,87.385
1587062203639,87.385
1587062226242,87.4
1587062226242,87.4
1587062226242,87.4
1587062226242,87.4
1587062226242,87.4
1587062226242,87.4
1587062226242,87.4
1587062226242,87.4
1587062309875,87.63
1587062309875,87.63
1587062309875,87.63
1587062309875,87.63
1587062309875,87.63
1587062309875,87.63
1587062309875,87.63
1587062309875,87.63
1587062309875,87.63
1587062309875,87.63
1587062309875,87.63
1587062422231,87.53
1587062422231,87.53
1587062422231,87.53
1587062422231,87.53
1587062422231,87.53
1587062422231,87.53
1587062422231,87.53
1587062422231,87.53
1587062422231,87.53
1587062422231,87.53
1587062422231,87.53
1587062538348,87.52
1587062538348,87.52
1587062538348,87.52
1587062572866,87.51
1587062572866,87.51
1587062572866,87.51
1587062572866,87.51
1587062572866,87.51
1587062572866,87.51
1587062572866,87.51
1587062572866,87.51
1587062572866,87.51
1587062572866,87.51
1587062572866,87.51
1587062572866,87.51
1587062572866,87.51
1587062572866,87.51
1587062572866,87.51
1587062572866,87.51
1587062572866,87.51
1587062572866,87.51
1587062572866,87.51
1587062572866,87.51
1587062572866,87.51
1587062572866,87.51
1587062572866,87.51
1587062572866,87.51
1587062572866,87.51
1587062572866,87.51
1587062572866,87.51
1587062572866,87.51
1587062572866,87.51
1587062572866,87.51
1587062572866,87.51
1587062572866,87.51
1587062572866,87.51
1587062572866,87.51
1587062572866,87.51
1587062572866,87.51
1587062572866,87.51
1587062572866,87.51
1587062980277,87.45
1587062980277,87.45
1587062980277,87.45
1587062980277,87.45
1587062980277,87.45
1587062980277,87.45
1587062980277,87.45
1587062980277,87.45
1587063064225,87.435
1587063064225,87.435
1587063083837,87.37
1587063083837,87.37
1587063083837,87.37
1587063083837,87.37
1587063125087,87.42
1587063125087,87.42
1587063125087,87.42
1587063125087,87.42
1587063125087,87.42
1587063125087,87.42
1587063125087,87.42
1587063125087,87.42
1587063125087,87.42
1587063125087,87.42
1587063125087,87.42
1587063125087,87.42
1587063252896,87.57
1587063272310,87.59
1587063272310,87.59
1587063272310,87.59
1587063302827,87.59
1587063302827,87.59
1587063302827,87.59
1587063302827,87.59
1587063302827,87.59
1587063302827,87.59
1587063302827,87.59
1587063302827,87.59
1587063302827,87.59
1587063398007,87.56
1587063403629,87.535
1587063403629,87.535
1587063403629,87.535
1587063403629,87.535
1587063403629,87.535
1587063463914,87.48
1587063463914,87.48
1587063463914,87.48
1587063463914,87.48
1587063463914,87.48
1587063463914,87.48
1587063463914,87.48
1587063463914,87.48
1587063463914,87.48
1587063553622,87.57
1587063553622,87.57
1587063583267,87.53
1587063583267,87.53
