1585920650017,6.2
1585920650017,6.2
1585920650017,6.2
1585920688772,6.24
1585920688772,6.24
1585920710218,6.24
1585920710218,6.24
1585920710218,6.24
1585920710218,6.24
1585920710218,6.24
1585920710218,6.24
1585920769170,6.22
1585920769170,6.22
1585920789279,6.22
1585920789279,6.22
1585920789279,6.22
1585920829701,6.24
1585920840114,6.255
1585920845635,6.255
1585920858650,6.25
1585920858650,6.25
1585920858650,6.25
1585920858650,6.25
1585920858650,6.25
1585920913028,6.25
1585920913028,6.25
1585920913028,6.25
1585920913028,6.25
1585920946438,6.26
1585920946438,6.26
1585920946438,6.26
1585920977711,6.25
1585920977711,6.25
1585920977711,6.25
1585920977711,6.25
1585920977711,6.25
1585921029875,6.25
1585921029875,6.25
1585921029875,6.25
1585921029875,6.25
1585921072164,6.24
1585921083091,6.25
1585921083091,6.25
1585921083091,6.25
1585921083091,6.25
1585921083091,6.25
1585921136250,6.255
1585921136250,6.255
1585921156853,6.29
1585921172574,6.325
1585921172574,6.325
1585921192673,6.325
1585921192673,6.325
1585921215222,6.33
1585921227665,6.35
1585921235489,6.345
1585921244619,6.35
1585921244619,6.35
1585921259856,6.335
1585921259856,6.335
1585921283143,6.38
1585921293817,6.4
1585921293817,6.4
1585921321218,6.39
1585921325293,6.405
1585921325293,6.405
1585921347323,6.41
1585921347323,6.41
1585921347323,6.41
1585921380132,6.395
1585921391849,6.375
1585921391849,6.375
1585921412801,6.38
1585921412801,6.38
1585921412801,6.38
1585921412801,6.38
1585921412801,6.38
1585921412801,6.38
1585921412801,6.38
1585921486416,6.375
1585921486416,6.375
1585921486416,6.375
1585921515181,6.355
1585921515181,6.355
1585921538203,6.34
1585921538203,6.34
1585921538203,6.34
1585921538203,6.34
1585921538203,6.34
1585921593254,6.365
1585921593254,6.365
1585921593254,6.365
1585921593254,6.365
1585921593254,6.365
1585921636958,6.355
1585921651241,6.35
1585921651241,6.35
1585921651241,6.35
1585921651241,6.35
1585921651241,6.35
1585921704606,6.33
1585921710780,6.325
1585921726564,6.32
1585921726564,6.32
1585921726564,6.32
1585921726564,6.32
1585921764739,6.285
1585921764739,6.285
1585921764739,6.285
1585921793636,6.27
1585921806019,6.27
1585921822312,6.28
1585921833055,6.305
1585921833055,6.305
1585921833055,6.305
1585921863275,6.28
1585921863275,6.28
1585921879740,6.28
1585921879740,6.28
1585921879740,6.28
1585921879740,6.28
1585921879740,6.28
1585921879740,6.28
1585921879740,6.28
1585921879740,6.28
1585921879740,6.28
1585921879740,6.28
1585921879740,6.28
1585921879740,6.28
1585921879740,6.28
1585922019616,6.265
1585922019616,6.265
1585922019616,6.265
1585922052476,6.29
1585922052476,6.29
1585922066940,6.29
1585922066940,6.29
1585922089792,6.275
1585922089792,6.275
1585922114732,6.29
1585922125673,6.3
1585922125673,6.3
1585922148273,6.29
1585922148273,6.29
1585922148273,6.29
1585922148273,6.29
1585922148273,6.29
1585922200805,6.275
1585922200805,6.275
1585922212306,6.3
1585922212306,6.3
1585922212306,6.3
1585922246085,6.3
1585922263590,6.29
1585922268687,6.28
1585922268687,6.28
1585922285182,6.28
1585922303325,6.275
1585922303325,6.275
1585922303325,6.275
1585922332435,6.26
1585922337271,6.26
1585922337271,6.26
1585922362072,6.255
1585922362072,6.255
1585922382436,6.25
1585922382436,6.25
1585922382436,6.25
1585922382436,6.25
1585922382436,6.25
1585922439428,6.265
1585922439428,6.265
1585922459481,6.27
1585922459481,6.27
1585922459481,6.27
1585922459481,6.27
1585922459481,6.27
1585922459481,6.27
1585922459481,6.27
1585922459481,6.27
1585922459481,6.27
1585922459481,6.27
1585922459481,6.27
1585922459481,6.27
1585922459481,6.27
1585922590817,6.26
1585922590817,6.26
1585922590817,6.26
1585922629498,6.25
1585922629498,6.25
1585922629498,6.25
1585922629498,6.25
1585922629498,6.25
1585922629498,6.25
1585922629498,6.25
1585922629498,6.25
1585922629498,6.25
1585922629498,6.25
1585922725318,6.25
1585922725318,6.25
1585922725318,6.25
1585922762995,6.26
1585922767613,6.25
1585922767613,6.25
1585922767613,6.25
1585922767613,6.25
1585922767613,6.25
1585922767613,6.25
1585922835153,6.26
1585922846512,6.26
1585922846512,6.26
1585922846512,6.26
1585922846512,6.26
1585922846512,6.26
1585922846512,6.26
1585922846512,6.26
1585922846512,6.26
1585922846512,6.26
1585922846512,6.26
1585922846512,6.26
1585922846512,6.26
1585922964446,6.25
1585922964446,6.25
1585922964446,6.25
1585922995292,6.24
1585922995292,6.24
1585922995292,6.24
1585922995292,6.24
1585922995292,6.24
1585922995292,6.24
1585922995292,6.24
1585922995292,6.24
1585922995292,6.24
1585922995292,6.24
1585922995292,6.24
1585922995292,6.24
1585922995292,6.24
1585922995292,6.24
1585922995292,6.24
1585923152920,6.18
1585923152920,6.18
1585923152920,6.18
1585923152920,6.18
1585923152920,6.18
1585923152920,6.18
1585923152920,6.18
1585923228278,6.2
1585923228278,6.2
1585923228278,6.2
1585923256932,6.18
1585923256932,6.18
1585923256932,6.18
1585923256932,6.18
1585923256932,6.18
1585923256932,6.18
1585923256932,6.18
1585923336828,6.175
1585923336828,6.175
1585923336828,6.175
1585923336828,6.175
1585923371973,6.165
1585923385285,6.15
1585923385285,6.15
1585923385285,6.15
1585923385285,6.15
1585923433280,6.12
1585923433280,6.12
1585923433280,6.12
1585923461285,6.12
1585923461285,6.12
1585923461285,6.12
1585923461285,6.12
1585923506562,6.11
1585923506562,6.11
1585923527518,6.08
1585923531303,6.07
1585923531303,6.07
1585923552205,6.07
1585923560922,6.06
1585923575574,6.06
1585923584481,6.06
1585923584481,6.06
1585923584481,6.06
1585923621300,6.06
1585923621300,6.06
1585923639763,6.085
1585923639763,6.085
1585923639763,6.085
1585923639763,6.085
1585923639763,6.085
1585923688267,6.11
1585923688267,6.11
1585923688267,6.11
1585923688267,6.11
1585923732781,6.105
1585923732781,6.105
1585923732781,6.105
1585923732781,6.105
1585923777245,6.09
1585923777245,6.09
1585923777245,6.09
1585923809796,6.115
1585923809796,6.115
1585923809796,6.115
1585923834904,6.12
1585923834904,6.12
1585923834904,6.12
1585923834904,6.12
1585923834904,6.12
1585923834904,6.12
1585923834904,6.12
1585923834904,6.12
1585923834904,6.12
1585923834904,6.12
1585923834904,6.12
1585923834904,6.12
1585923834904,6.12
1585923834904,6.12
1585923834904,6.12
1585923834904,6.12
1585923834904,6.12
1585923834904,6.12
1585923834904,6.12
1585923834904,6.12
1585923834904,6.12
1585923834904,6.12
1585923834904,6.12
1585924075580,6.135
1585924075580,6.135
1585924098275,6.15
1585924098275,6.15
1585924098275,6.15
1585924098275,6.15
1585924134694,6.13
1585924134694,6.13
1585924158624,6.125
1585924158624,6.125
1585924158624,6.125
1585924158624,6.125
1585924158624,6.125
1585924207718,6.12
1585924207718,6.12
1585924236932,6.12
1585924236932,6.12
1585924236932,6.12
1585924236932,6.12
1585924236932,6.12
1585924284005,6.115
1585924291394,6.095
1585924291394,6.095
1585924313638,6.09
1585924313638,6.09
1585924313638,6.09
1585924313638,6.09
1585924313638,6.09
1585924313638,6.09
1585924313638,6.09
1585924313638,6.09
1585924313638,6.09
1585924313638,6.09
1585924313638,6.09
1585924313638,6.09
1585924313638,6.09
1585924313638,6.09
1585924313638,6.09
1585924313638,6.09
1585924313638,6.09
1585924313638,6.09
1585924313638,6.09
1585924313638,6.09
1585924313638,6.09
1585924313638,6.09
1585924313638,6.09
1585924313638,6.09
1585924313638,6.09
1585924313638,6.09
1585924313638,6.09
1585924313638,6.09
1585924313638,6.09
1585924313638,6.09
1585924313638,6.09
1585924313638,6.09
1585924313638,6.09
1585924313638,6.09
1585924313638,6.09
1585924313638,6.09
1585924313638,6.09
1585924313638,6.09
1585924313638,6.09
1585924313638,6.09
1585924313638,6.09
1585924740966,6.115
1585924759151,6.11
1585924759151,6.11
1585924777984,6.1
1585924777984,6.1
1585924777984,6.1
1585924808317,6.11
1585924808317,6.11
1585924808317,6.11
1585924808317,6.11
1585924808317,6.11
1585924808317,6.11
1585924808317,6.11
1585924808317,6.11
1585924808317,6.11
1585924808317,6.11
1585924808317,6.11
1585924808317,6.11
1585924808317,6.11
1585924808317,6.11
1585924808317,6.11
1585924808317,6.11
1585924808317,6.11
1585924989290,6.1
1585924989290,6.1
1585924989290,6.1
1585924989290,6.1
1585924989290,6.1
1585924989290,6.1
1585924989290,6.1
1585925065677,6.105
1585925065677,6.105
1585925065677,6.105
1585925065677,6.105
1585925065677,6.105
1585925065677,6.105
1585925124003,6.09
1585925131896,6.09
1585925131896,6.09
1585925158997,6.1
1585925158997,6.1
1585925158997,6.1
1585925158997,6.1
1585925202319,6.09
1585925202319,6.09
1585925214719,6.095
1585925214719,6.095
1585925214719,6.095
1585925214719,6.095
1585925214719,6.095
1585925214719,6.095
1585925214719,6.095
1585925214719,6.095
1585925301603,6.11
1585925301603,6.11
1585925301603,6.11
1585925332482,6.135
1585925332482,6.135
1585925332482,6.135
1585925332482,6.135
1585925332482,6.135
1585925332482,6.135
1585925332482,6.135
1585925332482,6.135
1585925418203,6.11
1585925418203,6.11
1585925418203,6.11
1585925453365,6.11
1585925453365,6.11
1585925453365,6.11
1585925453365,6.11
1585925495660,6.115
1585925495660,6.115
1585925495660,6.115
1585925525405,6.115
1585925535319,6.125
1585925535319,6.125
1585925535319,6.125
1585925535319,6.125
1585925579288,6.125
1585925579288,6.125
1585925593315,6.125
1585925593315,6.125
1585925616995,6.135
1585925629399,6.125
1585925640744,6.115
1585925651008,6.105
1585925660673,6.105
1585925672630,6.095
1585925674126,6.09
1585925674126,6.09
1585925674126,6.09
1585925674126,6.09
1585925674126,6.09
1585925674126,6.09
1585925674126,6.09
1585925674126,6.09
1585925674126,6.09
1585925778181,6.12
1585925778376,6.12
1585925778376,6.12
1585925778376,6.12
1585925819528,6.105
1585925819528,6.105
1585925819528,6.105
1585925846360,6.105
1585925846360,6.105
1585925846360,6.105
1585925881217,6.13
1585925881217,6.13
1585925895112,6.13
1585925895112,6.13
1585925895112,6.13
1585925895112,6.13
1585925937114,6.12
1585925937114,6.12
1585925937114,6.12
1585925937114,6.12
1585925937114,6.12
1585925937114,6.12
1585925937114,6.12
1585925937114,6.12
1585925937114,6.12
1585925937114,6.12
1585926047156,6.14
1585926047156,6.14
1585926067620,6.135
1585926067620,6.135
1585926067620,6.135
1585926067620,6.135
1585926067620,6.135
1585926067620,6.135
1585926067620,6.135
1585926067620,6.135
1585926067620,6.135
1585926067620,6.135
1585926067620,6.135
1585926067620,6.135
1585926067620,6.135
1585926199727,6.11
1585926199727,6.11
1585926199727,6.11
1585926199727,6.11
1585926199727,6.11
1585926199727,6.11
1585926199727,6.11
1585926199727,6.11
1585926199727,6.11
1585926199727,6.11
1585926199727,6.11
1585926199727,6.11
1585926199727,6.11
1585926199727,6.11
1585926199727,6.11
1585926199727,6.11
1585926199727,6.11
1585926199727,6.11
1585926199727,6.11
1585926199727,6.11
1585926199727,6.11
1585926199727,6.11
1585926199727,6.11
1585926199727,6.11
1585926199727,6.11
1585926199727,6.11
1585926199727,6.11
1585926199727,6.11
1585926199727,6.11
1585926199727,6.11
1585926199727,6.11
1585926199727,6.11
1585926199727,6.11
1585926553183,6.095
1585926565062,6.095
1585926571774,6.11
1585926585091,6.115
1585926585091,6.115
1585926585091,6.115
1585926585091,6.115
1585926585091,6.115
1585926639180,6.125
1585926639180,6.125
1585926639180,6.125
1585926639180,6.125
1585926639180,6.125
1585926639180,6.125
1585926697371,6.135
1585926704943,6.135
1585926704943,6.135
1585926726025,6.125
1585926744657,6.125
1585926754534,6.125
1585926754534,6.125
1585926754534,6.125
1585926784283,6.125
1585926798280,6.125
1585926804190,6.125
1585926804190,6.125
1585926822705,6.125
1585926839547,6.115
1585926845872,6.115
1585926859953,6.115
1585926870143,6.115
1585926875914,6.115
1585926875914,6.115
1585926897915,6.09
1585926897915,6.09
1585926924317,6.1
1585926928911,6.1
1585926936074,6.095
1585926948578,6.095
1585926961550,6.095
1585926972184,6.09
1585926972184,6.09
1585926972184,6.09
1585927003148,6.085
1585927018615,6.09
1585927018615,6.09
1585927039478,6.095
1585927045761,6.095
1585927055900,6.075
1585927055900,6.075
1585927076611,6.075
1585927086136,6.065
1585927086136,6.065
1585927086136,6.065
1585927086136,6.065
1585927086136,6.065
1585927086136,6.065
1585927148906,6.075
1585927158674,6.075
1585927170799,6.075
1585927170799,6.075
1585927170799,6.075
1585927170799,6.075
1585927219490,6.1
1585927225256,6.095
1585927232353,6.09
1585927232353,6.09
1585927232353,6.09
1585927232353,6.09
1585927275214,6.095
1585927275214,6.095
1585927275214,6.095
1585927275214,6.095
1585927315236,6.1
1585927315236,6.1
1585927315236,6.1
1585927348475,6.125
1585927362426,6.125
1585927371377,6.13
1585927371377,6.13
1585927371377,6.13
1585927371377,6.13
1585927416179,6.12
1585927416179,6.12
1585927416179,6.12
1585927416179,6.12
1585927458305,6.125
1585927469325,6.115
1585927481539,6.12
1585927491288,6.12
1585927491288,6.12
1585927491288,6.12
1585927521887,6.14
1585927521887,6.14
1585927537854,6.14
1585927537854,6.14
1585927537854,6.14
1585927572281,6.125
1585927572281,6.125
1585927593721,6.13
1585927608736,6.135
1585927616511,6.125
1585927630632,6.135
1585927630632,6.135
1585927630632,6.135
1585927630632,6.135
1585927630632,6.135
1585927630632,6.135
1585927688305,6.135
1585927688305,6.135
1585927688305,6.135
1585927688305,6.135
1585927688305,6.135
1585927744699,6.16
1585927744699,6.16
1585927744699,6.16
1585927771276,6.14
1585927780366,6.145
1585927797564,6.16
1585927797564,6.16
1585927797564,6.16
1585927797564,6.16
1585927797564,6.16
1585927845864,6.18
1585927845864,6.18
1585927869148,6.18
1585927869148,6.18
1585927887985,6.175
1585927887985,6.175
1585927913286,6.175
1585927924212,6.17
1585927924212,6.17
1585927938259,6.165
1585927952183,6.16
1585927952183,6.16
1585927952183,6.16
1585927981809,6.19
1585927993079,6.195
1585927993079,6.195
1585927993079,6.195
1585928025551,6.215
1585928025551,6.215
1585928041444,6.195
1585928041444,6.195
1585928068630,6.2
1585928068630,6.2
1585928068630,6.2
1585928102075,6.205
1585928102075,6.205
1585928102075,6.205
1585928133269,6.22
1585928133269,6.22
1585928133269,6.22
1585928133269,6.22
1585928133269,6.22
1585928187542,6.215
1585928187542,6.215
1585928208148,6.22
1585928218770,6.215
1585928218770,6.215
1585928237248,6.21
1585928249462,6.205
1585928249462,6.205
1585928263705,6.215
1585928263705,6.215
1585928263705,6.215
1585928300211,6.215
1585928311543,6.235
1585928321636,6.23
1585928321636,6.23
1585928339031,6.225
1585928351552,6.215
1585928363725,6.22
1585928375059,6.23
1585928381628,6.225
1585928381628,6.225
1585928401680,6.205
1585928401680,6.205
1585928422438,6.22
1585928422438,6.22
1585928447346,6.245
1585928454403,6.245
1585928470583,6.24
1585928479340,6.245
1585928491014,6.235
1585928498030,6.235
1585928503895,6.25
1585928520754,6.245
1585928532471,6.24
1585928541486,6.245
1585928541486,6.245
1585928556713,6.235
1585928575004,6.235
1585928578149,6.24
1585928578149,6.24
1585928578149,6.24
1585928616097,6.24
1585928616097,6.24
1585928640016,6.24
1585928640016,6.24
1585928640016,6.24
1585928640016,6.24
1585928640016,6.24
1585928640016,6.24
1585928640016,6.24
1585928640016,6.24
1585928719712,6.19
1585928719712,6.19
1585928719712,6.19
1585928719712,6.19
1585928719712,6.19
1585928719712,6.19
1585928787744,6.19
1585928787744,6.19
1585928787744,6.19
1585928787744,6.19
1585928787744,6.19
1585928787744,6.19
1585928787744,6.19
1585928787744,6.19
1585928866261,6.185
1585928866261,6.185
1585928866261,6.185
1585928866261,6.185
1585928866261,6.185
1585928866261,6.185
1585928866261,6.185
1585928866261,6.185
1585928866261,6.185
1585928866261,6.185
1585928866261,6.185
1585928866261,6.185
1585928866261,6.185
1585928866261,6.185
1585928866261,6.185
1585929020667,6.19
1585929020667,6.19
1585929020667,6.19
1585929020667,6.19
1585929068183,6.18
1585929078159,6.18
1585929087443,6.185
1585929087443,6.185
1585929103876,6.185
1585929122206,6.185
1585929134036,6.185
1585929134036,6.185
1585929149043,6.185
1585929149043,6.185
1585929173644,6.185
1585929173644,6.185
1585929188777,6.175
1585929188777,6.175
1585929217503,6.175
1585929217503,6.175
1585929217503,6.175
1585929248535,6.135
1585929254580,6.125
1585929269467,6.13
1585929275909,6.14
1585929286100,6.145
1585929295615,6.155
1585929295615,6.155
1585929317491,6.155
1585929332328,6.155
1585929332328,6.155
1585929332328,6.155
1585929362078,6.155
1585929362078,6.155
1585929362078,6.155
1585929362078,6.155
1585929362078,6.155
1585929362078,6.155
1585929362078,6.155
1585929362078,6.155
1585929447831,6.135
1585929447831,6.135
1585929447831,6.135
1585929447831,6.135
1585929447831,6.135
1585929447831,6.135
1585929447831,6.135
1585929518782,6.12
1585929518782,6.12
1585929518782,6.12
1585929543619,6.115
1585929543619,6.115
1585929543619,6.115
1585929543619,6.115
1585929543619,6.115
1585929543619,6.115
1585929543619,6.115
1585929543619,6.115
1585929543619,6.115
1585929543619,6.115
1585929543619,6.115
1585929543619,6.115
1585929543619,6.115
1585929543619,6.115
1585929543619,6.115
1585929543619,6.115
1585929543619,6.115
1585929543619,6.115
1585929543619,6.115
1585929752014,6.105
1585929752014,6.105
1585929752014,6.105
1585929782542,6.1
1585929782542,6.1
1585929799532,6.095
1585929817391,6.095
1585929822868,6.085
1585929822868,6.085
1585929841092,6.085
1585929841092,6.085
1585929865234,6.09
1585929865234,6.09
1585929865234,6.09
1585929865234,6.09
1585929911147,6.105
1585929911147,6.105
1585929911147,6.105
1585929911147,6.105
1585929911147,6.105
1585929911147,6.105
1585929911147,6.105
1585929911147,6.105
1585929911147,6.105
1585929911147,6.105
1585929911147,6.105
1585929911147,6.105
1585930039288,6.1
1585930042040,6.095
1585930050845,6.095
1585930050845,6.095
1585930050845,6.095
1585930084954,6.085
1585930084954,6.085
1585930107408,6.09
1585930113660,6.085
1585930130971,6.085
1585930134714,6.09
1585930150410,6.095
1585930165299,6.085
1585930169649,6.085
1585930169649,6.085
1585930196800,6.09
1585930196800,6.09
1585930196800,6.09
1585930196800,6.09
1585930230972,6.1
1585930230972,6.1
1585930230972,6.1
1585930230972,6.1
1585930230972,6.1
1585930230972,6.1
1585930230972,6.1
1585930230972,6.1
1585930230972,6.1
1585930230972,6.1
1585930230972,6.1
1585930230972,6.1
1585930230972,6.1
1585930230972,6.1
1585930380602,6.075
1585930380602,6.075
1585930405310,6.085
1585930405310,6.085
1585930405310,6.085
1585930435549,6.075
1585930435549,6.075
1585930435549,6.075
1585930461214,6.07
1585930461214,6.07
1585930485280,6.085
1585930485280,6.085
1585930485280,6.085
1585930485280,6.085
1585930485280,6.085
1585930485280,6.085
1585930485280,6.085
1585930554714,6.09
1585930554714,6.09
1585930554714,6.09
1585930554714,6.09
1585930601217,6.08
1585930601217,6.08
1585930601217,6.08
1585930601217,6.08
1585930601217,6.08
1585930601217,6.08
1585930601217,6.08
1585930673027,6.065
1585930682814,6.055
1585930682814,6.055
1585930682814,6.055
1585930723562,6.035
1585930729295,6.045
1585930729295,6.045
1585930729295,6.045
1585930729295,6.045
1585930729295,6.045
1585930729295,6.045
1585930792409,6.05
1585930792409,6.05
1585930792409,6.05
1585930792409,6.05
1585930792409,6.05
1585930848594,6.05
1585930848594,6.05
1585930866793,6.06
1585930866793,6.06
1585930866793,6.06
1585930866793,6.06
1585930866793,6.06
1585930866793,6.06
1585930927805,6.065
1585930927805,6.065
1585930927805,6.065
1585930963309,6.05
1585930963309,6.05
1585930963309,6.05
1585930990831,6.055
1585930990831,6.055
1585931015827,6.065
1585931015827,6.065
1585931015827,6.065
1585931050011,6.055
1585931050011,6.055
1585931050011,6.055
1585931050011,6.055
1585931050011,6.055
1585931050011,6.055
1585931050011,6.055
1585931050011,6.055
1585931132811,6.035
1585931132811,6.035
1585931132811,6.035
1585931132811,6.035
1585931132811,6.035
1585931181845,6.025
1585931181845,6.025
1585931181845,6.025
1585931181845,6.025
1585931181845,6.025
1585931181845,6.025
1585931181845,6.025
1585931181845,6.025
1585931181845,6.025
1585931181845,6.025
1585931181845,6.025
1585931296172,6.035
1585931296172,6.035
1585931318793,6.045
1585931334131,6.045
1585931337206,6.045
1585931337206,6.045
1585931361403,6.04
1585931361403,6.04
1585931377032,6.055
1585931377032,6.055
1585931377032,6.055
1585931410386,6.06
1585931410386,6.06
1585931410386,6.06
1585931410386,6.06
1585931410386,6.06
1585931410386,6.06
1585931410386,6.06
1585931410386,6.06
1585931410386,6.06
1585931410386,6.06
1585931410386,6.06
1585931535723,6.065
1585931543680,6.06
1585931543680,6.06
1585931543680,6.06
1585931543680,6.06
1585931543680,6.06
1585931595289,6.075
1585931602608,6.085
1585931602608,6.085
1585931602608,6.085
1585931602608,6.085
1585931602608,6.085
1585931654969,6.09
1585931654969,6.09
1585931654969,6.09
1585931686629,6.105
1585931686629,6.105
1585931686629,6.105
1585931686629,6.105
1585931686629,6.105
1585931686629,6.105
1585931686629,6.105
1585931686629,6.105
1585931686629,6.105
1585931782383,6.105
1585931782383,6.105
1585931782383,6.105
1585931782383,6.105
1585931782383,6.105
1585931782383,6.105
1585931782383,6.105
1585931782383,6.105
1585931782383,6.105
1585931880586,6.085
1585931880586,6.085
1585931880586,6.085
1585931908432,6.085
1585931908432,6.085
1585931931111,6.095
1585931931111,6.095
1585931949991,6.105
1585931965487,6.105
1585931965487,6.105
1585931987746,6.105
1585931987746,6.105
1585932010769,6.105
1585932016868,6.095
1585932016868,6.095
1585932016868,6.095
1585932047288,6.095
1585932060649,6.095
1585932072741,6.095
1585932078239,6.085
1585932088614,6.085
1585932088614,6.085
1585932114372,6.085
1585932114372,6.085
1585932114372,6.085
1585932148439,6.095
1585932153381,6.095
1585932165891,6.105
1585932165891,6.105
1585932181966,6.095
1585932181966,6.095
1585932210392,6.105
1585932210392,6.105
1585932210392,6.105
1585932210392,6.105
1585932245360,6.105
1585932245360,6.105
1585932273890,6.105
1585932283592,6.105
1585932290531,6.105
1585932290531,6.105
1585932308192,6.105
1585932317560,6.095
1585932330037,6.095
1585932330037,6.095
1585932353563,6.095
1585932369379,6.075
1585932378392,6.075
1585932378392,6.075
1585932378392,6.075
1585932406257,6.075
1585932415592,6.075
1585932432317,6.065
1585932439315,6.055
1585932452092,6.065
1585932460216,6.065
1585932472443,6.065
1585932484262,6.065
1585932492314,6.065
1585932503261,6.065
1585932511264,6.055
1585932511264,6.055
1585932511264,6.055
1585932544270,6.06
1585932549790,6.055
1585932561242,6.055
1585932575577,6.055
1585932581167,6.065
1585932581167,6.065
1585932605221,6.065
1585932620857,6.07
1585932620857,6.07
1585932641257,6.08
1585932641257,6.08
1585932655005,6.085
1585932655005,6.085
1585932655005,6.085
1585932655005,6.085
1585932655005,6.085
1585932655005,6.085
1585932655005,6.085
1585932655005,6.085
1585932655005,6.085
1585932759067,6.085
1585932770278,6.065
1585932777561,6.065
1585932790793,6.065
1585932790793,6.065
1585932790793,6.065
1585932790793,6.065
1585932827335,6.06
1585932827335,6.06
1585932827335,6.06
1585932827335,6.06
1585932827335,6.06
1585932882290,6.065
1585932882290,6.065
1585932882290,6.065
1585932882290,6.065
1585932923460,6.055
1585932923460,6.055
1585932923460,6.055
1585932923460,6.055
1585932923460,6.055
1585932923460,6.055
1585932923460,6.055
1585932923460,6.055
1585932923460,6.055
1585932923460,6.055
1585932923460,6.055
1585932923460,6.055
1585932923460,6.055
1585932923460,6.055
1585932923460,6.055
1585932923460,6.055
1585932923460,6.055
1585933100559,6.065
1585933100559,6.065
1585933100559,6.065
1585933132335,6.075
1585933132335,6.075
1585933132335,6.075
1585933132335,6.075
1585933132335,6.075
1585933132335,6.075
1585933132335,6.075
1585933132335,6.075
1585933132335,6.075
1585933132335,6.075
1585933132335,6.075
1585933132335,6.075
1585933132335,6.075
1585933132335,6.075
1585933132335,6.075
1585933132335,6.075
1585933132335,6.075
1585933316491,6.06
1585933316491,6.06
1585933335231,6.045
1585933335231,6.045
1585933335231,6.045
1585933335231,6.045
1585933376683,6.05
1585933386200,6.06
1585933399961,6.06
1585933399961,6.06
1585933399961,6.06
1585933399961,6.06
1585933399961,6.06
1585933399961,6.06
1585933399961,6.06
1585933399961,6.06
1585933399961,6.06
1585933399961,6.06
1585933399961,6.06
1585933399961,6.06
1585933527055,6.08
1585933527055,6.08
1585933527055,6.08
1585933527055,6.08
1585933527055,6.08
1585933527055,6.08
1585933527055,6.08
1585933527055,6.08
1585933527055,6.08
1585933527055,6.08
1585933527055,6.08
1585933527055,6.08
1585933527055,6.08
1585933527055,6.08
1585933527055,6.08
1585933527055,6.08
1585933527055,6.08
1585933527055,6.08
1585933527055,6.08
1585933725577,6.08
1585933725577,6.08
1585933725577,6.08
1585933725577,6.08
1585933725577,6.08
1585933725577,6.08
1585933725577,6.08
1585933725577,6.08
1585933725577,6.08
1585933725577,6.08
1585933825655,6.08
1585933825655,6.08
1585933825655,6.08
1585933825655,6.08
1585933825655,6.08
1585933825655,6.08
1585933894329,6.06
1585933894329,6.06
1585933915357,6.065
1585933915357,6.065
1585933915357,6.065
1585933915357,6.065
1585933959016,6.055
1585933959016,6.055
1585933979383,6.06
1585933979383,6.06
1585933979383,6.06
1585933979383,6.06
1585933979383,6.06
1585933979383,6.06
1585933979383,6.06
1585933979383,6.06
1585933979383,6.06
1585933979383,6.06
1585933979383,6.06
1585934091076,6.045
1585934091076,6.045
1585934091076,6.045
1585934091076,6.045
1585934091076,6.045
1585934091076,6.045
1585934091076,6.045
1585934091076,6.045
1585934091076,6.045
1585934091076,6.045
1585934195293,6.05
1585934195293,6.05
1585934195293,6.05
1585934229642,6.05
1585934240861,6.05
1585934240861,6.05
1585934265139,6.03
1585934265139,6.03
1585934279672,6.035
1585934279672,6.035
1585934279672,6.035
1585934279672,6.035
1585934279672,6.035
1585934341011,6.05
1585934341011,6.05
1585934341011,6.05
1585934341011,6.05
1585934373613,6.05
1585934373613,6.05
1585934373613,6.05
1585934373613,6.05
1585934373613,6.05
1585934373613,6.05
1585934437514,6.04
1585934447835,6.025
1585934460065,6.03
1585934460065,6.03
1585934460065,6.03
1585934460065,6.03
1585934460065,6.03
1585934460065,6.03
1585934528352,6.02
1585934532646,6.03
1585934532646,6.03
1585934552721,6.015
1585934570298,6.005
1585934570298,6.005
1585934570298,6.005
1585934570298,6.005
1585934570298,6.005
1585934570298,6.005
1585934570298,6.005
1585934570298,6.005
1585934570298,6.005
1585934570298,6.005
1585934674987,5.99
1585934674987,5.99
1585934674987,5.99
1585934674987,5.99
1585934674987,5.99
1585934674987,5.99
1585934739354,5.995
1585934739354,5.995
1585934739354,5.995
1585934739354,5.995
1585934739354,5.995
1585934739354,5.995
1585934793101,5.975
1585934793101,5.975
1585934793101,5.975
1585934825334,5.97
1585934825334,5.97
1585934851664,5.965
1585934851664,5.965
1585934872171,5.955
1585934872171,5.955
1585934872171,5.955
1585934872171,5.955
1585934912505,5.96
1585934912505,5.96
1585934932002,5.965
1585934932002,5.965
1585934932002,5.965
1585934932002,5.965
1585934932002,5.965
1585934932002,5.965
1585934932002,5.965
1585934932002,5.965
1585934932002,5.965
1585934932002,5.965
1585934932002,5.965
1585934932002,5.965
1585934932002,5.965
1585934932002,5.965
1585934932002,5.965
1585934932002,5.965
1585935106831,5.925
1585935106831,5.925
1585935126713,5.935
1585935132301,5.945
1585935132301,5.945
1585935132301,5.945
1585935132301,5.945
1585935132301,5.945
1585935185185,5.945
1585935185185,5.945
1585935212383,5.945
1585935223498,5.945
1585935226227,5.945
1585935243807,5.945
1585935251304,5.945
1585935251304,5.945
1585935251304,5.945
1585935251304,5.945
1585935251304,5.945
1585935303911,5.945
1585935303911,5.945
1585935330159,5.955
1585935338679,5.95
1585935338679,5.95
1585935338679,5.95
1585935338679,5.95
1585935338679,5.95
1585935338679,5.95
1585935338679,5.95
1585935338679,5.95
1585935417046,5.96
1585935431114,5.955
1585935446760,5.945
1585935452460,5.945
1585935465587,5.945
1585935465587,5.945
1585935488724,5.945
1585935495764,5.945
1585935505773,5.96
1585935505773,5.96
1585935527970,5.97
1585935527970,5.97
1585935527970,5.97
1585935527970,5.97
1585935527970,5.97
1585935582904,5.95
1585935592986,5.95
1585935603477,5.955
1585935603477,5.955
1585935603477,5.955
1585935603477,5.955
1585935603477,5.955
1585935603477,5.955
1585935603477,5.955
1585935677037,5.945
1585935677037,5.945
1585935677037,5.945
1585935677037,5.945
1585935677037,5.945
1585935729571,5.945
1585935739594,5.94
1585935750499,5.915
1585935759099,5.92
1585935772094,5.895
1585935781152,5.895
1585935781152,5.895
1585935804649,5.9
1585935816414,5.93
1585935820118,5.925
1585935839446,5.925
1585935839446,5.925
1585935839446,5.925
1585935839446,5.925
1585935839446,5.925
1585935839446,5.925
1585935839446,5.925
1585935839446,5.925
1585935923445,5.94
1585935923445,5.94
1585935923445,5.94
1585935923445,5.94
1585935923445,5.94
1585935976265,5.935
1585935991092,5.935
1585935991092,5.935
1585936006299,5.93
1585936006299,5.93
1585936006299,5.93
1585936006299,5.93
1585936006299,5.93
1585936066729,5.925
1585936076858,5.94
1585936076858,5.94
1585936095910,5.945
1585936106178,5.945
1585936106178,5.945
1585936126875,5.94
1585936126875,5.94
1585936148439,5.925
1585936160177,5.925
1585936160177,5.925
1585936160177,5.925
1585936188927,5.935
1585936188927,5.935
1585936188927,5.935
1585936214194,5.945
1585936214194,5.945
1585936239930,5.935
1585936251843,5.935
1585936257427,5.935
1585936257427,5.935
1585936257427,5.935
1585936295902,5.935
1585936307514,5.935
1585936310190,5.935
1585936320446,5.935
1585936330284,5.935
1585936344269,5.93
1585936353208,5.93
1585936353208,5.93
1585936380136,5.935
1585936380136,5.935
1585936399321,5.935
1585936407405,5.935
1585936422460,5.935
1585936431279,5.935
1585936443721,5.935
1585936455663,5.945
1585936467560,5.965
1585936477505,5.965
1585936477505,5.965
1585936498352,5.975
1585936504012,5.97
1585936514445,5.965
1585936528299,5.965
1585936539947,5.955
1585936544948,5.955
1585936544948,5.955
1585936572607,5.945
1585936578995,5.955
1585936590950,5.955
1585936603711,5.955
1585936609638,5.955
1585936618095,5.955
1585936633778,5.965
1585936641801,5.965
1585936648751,5.965
1585936648751,5.965
1585936648751,5.965
1585936687054,5.965
1585936696242,5.965
1585936700344,5.955
1585936700344,5.955
1585936725745,5.955
1585936734484,5.955
1585936734484,5.955
1585936758332,5.945
1585936758332,5.945
1585936779216,5.945
1585936791136,5.955
1585936792940,5.955
1585936819028,5.95
1585936819028,5.95
1585936833253,5.965
1585936843839,5.965
1585936858272,5.965
1585936858272,5.965
1585936879988,5.97
1585936893838,5.975
1585936898708,5.975
1585936898708,5.975
1585936921075,5.975
1585936921075,5.975
1585936947601,5.965
1585936957308,5.965
1585936957308,5.965
1585936975840,5.955
1585936975840,5.955
1585936995649,5.955
1585937007403,5.955
1585937019851,5.945
1585937023525,5.945
1585937023525,5.945
1585937052563,5.945
1585937060595,5.945
1585937071618,5.945
1585937080356,5.945
1585937093027,5.955
1585937104055,5.955
1585937111794,5.955
1585937111794,5.955
1585937135252,5.955
1585937147663,5.965
1585937155700,5.965
1585937155700,5.965
1585937155700,5.965
1585937188837,5.955
1585937188837,5.955
1585937188837,5.955
1585937188837,5.955
1585937231103,5.965
1585937233072,5.965
1585937233072,5.965
1585937233072,5.965
1585937272359,5.965
1585937275933,5.965
1585937275933,5.965
1585937299961,5.975
1585937299961,5.975
1585937325814,5.985
1585937327019,5.985
1585937342043,5.975
1585937347405,5.975
1585937363270,5.965
1585937363270,5.965
1585937363270,5.965
1585937363270,5.965
1585937363270,5.965
1585937363270,5.965
1585937421609,5.955
1585937421609,5.955
1585937421609,5.955
1585937421609,5.955
1585937469320,5.955
1585937480734,5.96
1585937480734,5.96
1585937480734,5.96
1585937504858,5.955
1585937504858,5.955
1585937504858,5.955
1585937504858,5.955
1585937547544,5.955
1585937566128,5.94
1585937566128,5.94
1585937566128,5.94
1585937566128,5.94
1585937604031,5.95
1585937604031,5.95
1585937620913,5.945
1585937620913,5.945
1585937620913,5.945
1585937620913,5.945
1585937670104,5.93
1585937672829,5.935
1585937691050,5.935
1585937691050,5.935
1585937705854,5.935
1585937705854,5.935
1585937705854,5.935
1585937705854,5.935
1585937705854,5.935
1585937705854,5.935
1585937705854,5.935
1585937705854,5.935
1585937705854,5.935
1585937705854,5.935
1585937705854,5.935
1585937705854,5.935
1585937835696,5.92
1585937835696,5.92
1585937835696,5.92
1585937863569,5.925
1585937881674,5.925
1585937881674,5.925
1585937899852,5.925
1585937906756,5.94
1585937906756,5.94
1585937906756,5.94
1585937940992,5.935
1585937940992,5.935
1585937960172,5.94
1585937977324,5.935
1585937977324,5.935
1585937997276,5.935
1585937997276,5.935
1585938019451,5.935
1585938030908,5.935
1585938030908,5.935
1585938051354,5.915
1585938051354,5.915
1585938051354,5.915
1585938051354,5.915
1585938051354,5.915
1585938051354,5.915
1585938051354,5.915
1585938051354,5.915
1585938051354,5.915
1585938051354,5.915
1585938051354,5.915
1585938051354,5.915
1585938051354,5.915
1585938185154,5.91
1585938189972,5.91
1585938189972,5.91
1585938218672,5.905
1585938224116,5.915
1585938235256,5.9
1585938235256,5.9
1585938235256,5.9
1585938235256,5.9
1585938273508,5.925
1585938273508,5.925
1585938273508,5.925
1585938273508,5.925
1585938273508,5.925
1585938273508,5.925
1585938273508,5.925
1585938347563,5.935
1585938347563,5.935
1585938347563,5.935
1585938383381,5.935
1585938383381,5.935
1585938402645,5.93
1585938402645,5.93
1585938428062,5.92
1585938435082,5.92
1585938435082,5.92
1585938459034,5.94
1585938468032,5.94
1585938477036,5.95
1585938477036,5.95
1585938493187,5.96
1585938493187,5.96
1585938513646,5.955
1585938513646,5.955
1585938539813,5.965
1585938539813,5.965
1585938539813,5.965
1585938572324,5.955
1585938572324,5.955
1585938572324,5.955
1585938597526,5.965
1585938597526,5.965
1585938597526,5.965
1585938597526,5.965
1585938597526,5.965
1585938597526,5.965
1585938597526,5.965
1585938597526,5.965
1585938690498,5.935
1585938690498,5.935
1585938690498,5.935
1585938690498,5.935
1585938690498,5.935
1585938690498,5.935
1585938690498,5.935
1585938690498,5.935
1585938768610,5.945
1585938778562,5.95
1585938778562,5.95
1585938808393,5.945
1585938814102,5.94
1585938814102,5.94
1585938814102,5.94
1585938814102,5.94
1585938814102,5.94
1585938814102,5.94
1585938814102,5.94
1585938814102,5.94
1585938814102,5.94
1585938911113,5.95
1585938911113,5.95
1585938911113,5.95
1585938941207,5.94
1585938948571,5.945
1585938948571,5.945
1585938948571,5.945
1585938948571,5.945
1585938948571,5.945
1585939008715,5.945
1585939008715,5.945
1585939008715,5.945
1585939008715,5.945
1585939008715,5.945
1585939008715,5.945
1585939008715,5.945
1585939008715,5.945
1585939008715,5.945
1585939008715,5.945
1585939008715,5.945
1585939008715,5.945
1585939008715,5.945
1585939146054,5.955
1585939146054,5.955
1585939164890,5.96
1585939164890,5.96
1585939188051,5.95
1585939188051,5.95
1585939188051,5.95
1585939188051,5.95
1585939188051,5.95
1585939188051,5.95
1585939188051,5.95
1585939188051,5.95
1585939188051,5.95
1585939188051,5.95
1585939188051,5.95
1585939188051,5.95
1585939188051,5.95
1585939188051,5.95
1585939188051,5.95
1585939188051,5.95
1585939188051,5.95
1585939188051,5.95
1585939188051,5.95
1585939188051,5.95
1585939188051,5.95
1585939188051,5.95
1585939414269,5.96
1585939428480,5.96
1585939428480,5.96
1585939451047,5.955
1585939451047,5.955
1585939451047,5.955
1585939451047,5.955
1585939451047,5.955
1585939451047,5.955
1585939515809,5.95
1585939515809,5.95
1585939515809,5.95
1585939515809,5.95
1585939515809,5.95
1585939515809,5.95
1585939515809,5.95
1585939515809,5.95
1585939515809,5.95
1585939515809,5.95
1585939515809,5.95
1585939515809,5.95
1585939515809,5.95
1585939515809,5.95
1585939515809,5.95
1585939515809,5.95
1585939515809,5.95
1585939515809,5.95
1585939515809,5.95
1585939515809,5.95
1585939515809,5.95
1585939515809,5.95
1585939515809,5.95
1585939515809,5.95
1585939762094,5.975
1585939778007,5.98
1585939778007,5.98
1585939778007,5.98
1585939778007,5.98
1585939823869,6.01
1585939823869,6.01
1585939837624,6.005
1585939849343,5.995
1585939849343,5.995
1585939869483,6
1585939869483,6
1585939896215,6.02
1585939896215,6.02
1585939896215,6.02
1585939896215,6.02
1585939933147,6.015
1585939949779,6.02
1585939949779,6.02
1585939969615,6.015
1585939975813,6.02
1585939975813,6.02
1585939975813,6.02
1585939975813,6.02
1585939975813,6.02
1585939975813,6.02
1585939975813,6.02
1585939975813,6.02
1585939975813,6.02
1585939975813,6.02
1585939975813,6.02
1585940094317,5.99
1585940094317,5.99
1585940094317,5.99
1585940094317,5.99
1585940094317,5.99
1585940094317,5.99
1585940094317,5.99
1585940094317,5.99
1585940094317,5.99
1585940094317,5.99
1585940094317,5.99
1585940094317,5.99
1585940222387,6.02
1585940222387,6.02
1585940222387,6.02
1585940222387,6.02
1585940222387,6.02
1585940284641,6.025
1585940284641,6.025
1585940284641,6.025
1585940284641,6.025
1585940284641,6.025
1585940284641,6.025
1585940284641,6.025
1585940284641,6.025
1585940284641,6.025
1585940284641,6.025
1585940284641,6.025
