1585834252084,22.505
1585834267031,22.425
1585834282380,22.355
1585834282380,22.355
1585834282380,22.355
1585834282380,22.355
1585834282380,22.355
1585834329774,22.55
1585834329774,22.55
1585834329774,22.55
1585834329774,22.55
1585834329774,22.55
1585834329774,22.55
1585834329774,22.55
1585834402181,22.76
1585834419243,22.68
1585834419243,22.68
1585834419243,22.68
1585834448022,22.77
1585834452748,22.78
1585834471953,22.75
1585834471953,22.75
1585834471953,22.75
1585834471953,22.75
1585834471953,22.75
1585834521477,22.885
1585834526455,22.885
1585834526455,22.885
1585834526455,22.885
1585834561076,22.93
1585834561076,22.93
1585834561076,22.93
1585834561076,22.93
1585834561076,22.93
1585834561076,22.93
1585834561076,22.93
1585834561076,22.93
1585834561076,22.93
1585834659066,23.03
1585834659066,23.03
1585834659066,23.03
1585834681307,23.07
1585834681307,23.07
1585834681307,23.07
1585834681307,23.07
1585834681307,23.07
1585834681307,23.07
1585834751328,23.24
1585834751328,23.24
1585834751328,23.24
1585834751328,23.24
1585834751328,23.24
1585834751328,23.24
1585834816022,23.38
1585834818459,23.35
1585834833631,23.34
1585834833631,23.34
1585834847976,23.345
1585834868038,23.295
1585834868038,23.295
1585834868038,23.295
1585834890059,23.31
1585834890059,23.31
1585834890059,23.31
1585834922433,23.3
1585834938422,23.165
1585834945484,23.25
1585834945484,23.25
1585834945484,23.25
1585834945484,23.25
1585834945484,23.25
1585835001883,23.19
1585835001883,23.19
1585835018875,23.265
1585835032336,23.225
1585835039803,23.27
1585835039803,23.27
1585835060579,23.275
1585835075394,23.24
1585835083485,23.245
1585835091982,23.235
1585835091982,23.235
1585835091982,23.235
1585835121988,23.315
1585835133497,23.24
1585835133497,23.24
1585835155596,23.125
1585835155596,23.125
1585835155596,23.125
1585835155596,23.125
1585835198692,22.94
1585835198692,22.94
1585835198692,22.94
1585835198692,22.94
1585835198692,22.94
1585835198692,22.94
1585835198692,22.94
1585835198692,22.94
1585835198692,22.94
1585835198692,22.94
1585835304035,22.84
1585835304035,22.84
1585835304035,22.84
1585835304035,22.84
1585835304035,22.84
1585835358498,22.855
1585835358498,22.855
1585835378891,22.75
1585835378891,22.75
1585835378891,22.75
1585835378891,22.75
1585835378891,22.75
1585835378891,22.75
1585835378891,22.75
1585835378891,22.75
1585835461355,22.835
1585835461355,22.835
1585835461355,22.835
1585835461355,22.835
1585835461355,22.835
1585835461355,22.835
1585835461355,22.835
1585835461355,22.835
1585835461355,22.835
1585835461355,22.835
1585835461355,22.835
1585835461355,22.835
1585835461355,22.835
1585835461355,22.835
1585835461355,22.835
1585835461355,22.835
1585835461355,22.835
1585835461355,22.835
1585835650288,22.73
1585835650288,22.73
1585835650288,22.73
1585835650288,22.73
1585835650288,22.73
1585835697509,22.775
1585835714526,22.79
1585835718289,22.815
1585835718289,22.815
1585835742471,22.815
1585835742471,22.815
1585835742471,22.815
1585835742471,22.815
1585835742471,22.815
1585835794242,22.81
1585835807874,22.78
1585835820435,22.785
1585835820435,22.785
1585835834756,22.73
1585835834756,22.73
1585835834756,22.73
1585835872746,22.78
1585835877547,22.77
1585835890581,22.82
1585835900343,22.85
1585835900343,22.85
1585835925305,22.82
1585835925305,22.82
1585835925305,22.82
1585835953558,22.875
1585835966108,22.83
1585835966108,22.83
1585835966108,22.83
1585835966108,22.83
1585835966108,22.83
1585835966108,22.83
1585836030811,22.9
1585836030811,22.9
1585836030811,22.9
1585836030811,22.9
1585836068488,22.915
1585836068488,22.915
1585836068488,22.915
1585836098257,22.895
1585836098257,22.895
1585836118837,22.935
1585836128466,22.96
1585836141900,22.975
1585836148621,22.98
1585836165834,22.99
1585836169050,23.03
1585836188366,23.03
1585836194791,23.065
1585836201987,23.065
1585836219813,23.075
1585836219813,23.075
1585836237158,23.055
1585836237158,23.055
1585836252850,22.995
1585836252850,22.995
1585836252850,22.995
1585836252850,22.995
1585836252850,22.995
1585836252850,22.995
1585836314741,22.96
1585836314741,22.96
1585836314741,22.96
1585836314741,22.96
1585836314741,22.96
1585836314741,22.96
1585836314741,22.96
1585836314741,22.96
1585836314741,22.96
1585836314741,22.96
1585836427753,23.01
1585836427753,23.01
1585836427753,23.01
1585836427753,23.01
1585836427753,23.01
1585836476230,23.05
1585836476230,23.05
1585836476230,23.05
1585836476230,23.05
1585836476230,23.05
1585836476230,23.05
1585836476230,23.05
1585836547039,23.13
1585836547039,23.13
1585836547039,23.13
1585836580800,23.155
1585836580800,23.155
1585836580800,23.155
1585836580800,23.155
1585836580800,23.155
1585836580800,23.155
1585836641928,23.23
1585836641928,23.23
1585836641928,23.23
1585836641928,23.23
1585836641928,23.23
1585836641928,23.23
1585836641928,23.23
1585836641928,23.23
1585836726686,23.18
1585836726686,23.18
1585836726686,23.18
1585836726686,23.18
1585836726686,23.18
1585836726686,23.18
1585836794792,23.18
1585836794792,23.18
1585836794792,23.18
1585836794792,23.18
1585836794792,23.18
1585836794792,23.18
1585836794792,23.18
1585836794792,23.18
1585836794792,23.18
1585836794792,23.18
1585836794792,23.18
1585836794792,23.18
1585836794792,23.18
1585836794792,23.18
1585836794792,23.18
1585836794792,23.18
1585836794792,23.18
1585836794792,23.18
1585836794792,23.18
1585836794792,23.18
1585836794792,23.18
1585836794792,23.18
1585836794792,23.18
1585836794792,23.18
1585836794792,23.18
1585836794792,23.18
1585836794792,23.18
1585836794792,23.18
1585836794792,23.18
1585837091902,23.14
1585837091902,23.14
1585837116576,23.185
1585837129426,23.155
1585837135654,23.13
1585837147558,23.11
1585837147558,23.11
1585837170660,23.13
1585837181479,23.16
1585837181479,23.16
1585837199361,23.14
1585837209126,23.18
1585837209126,23.18
1585837232022,23.175
1585837232022,23.175
1585837232022,23.175
1585837232022,23.175
1585837232022,23.175
1585837232022,23.175
1585837232022,23.175
1585837232022,23.175
1585837232022,23.175
1585837232022,23.175
1585837232022,23.175
1585837232022,23.175
1585837232022,23.175
1585837232022,23.175
1585837232022,23.175
1585837232022,23.175
1585837232022,23.175
1585837232022,23.175
1585837232022,23.175
1585837232022,23.175
1585837232022,23.175
1585837444805,23.165
1585837444805,23.165
1585837444805,23.165
1585837444805,23.165
1585837444805,23.165
1585837500042,23.15
1585837500042,23.15
1585837500042,23.15
1585837500042,23.15
1585837500042,23.15
1585837500042,23.15
1585837500042,23.15
1585837500042,23.15
1585837582348,23.17
1585837582348,23.17
1585837582348,23.17
1585837582348,23.17
1585837582348,23.17
1585837582348,23.17
1585837582348,23.17
1585837582348,23.17
1585837582348,23.17
1585837681282,23.11
1585837681282,23.11
1585837681282,23.11
1585837711161,23.1
1585837711161,23.1
1585837728262,23.07
1585837728262,23.07
1585837750619,23.045
1585837750619,23.045
1585837750619,23.045
1585837750619,23.045
1585837750619,23.045
1585837805716,23.065
1585837805716,23.065
1585837805716,23.065
1585837840344,23.14
1585837840344,23.14
1585837840344,23.14
1585837840344,23.14
1585837840344,23.14
1585837840344,23.14
1585837840344,23.14
1585837840344,23.14
1585837925005,23.23
1585837925005,23.23
1585837947308,23.215
1585837956475,23.18
1585837956475,23.18
1585837956475,23.18
1585837956475,23.18
1585837956475,23.18
1585837956475,23.18
1585837956475,23.18
1585838030005,23.24
1585838030005,23.24
1585838030005,23.24
1585838062820,23.24
1585838064108,23.255
1585838075005,23.25
1585838092412,23.25
1585838103342,23.265
1585838103342,23.265
1585838122893,23.25
1585838122893,23.25
1585838122893,23.25
1585838150005,23.335
1585838150005,23.335
1585838150005,23.335
1585838150005,23.335
1585838150005,23.335
1585838205667,23.44
1585838218482,23.44
1585838225006,23.46
1585838240300,23.47
1585838243004,23.48
1585838251756,23.49
1585838251756,23.49
1585838251756,23.49
1585838286449,23.405
1585838286449,23.405
1585838286449,23.405
1585838314035,23.44
1585838314035,23.44
1585838314035,23.44
1585838314035,23.44
1585838314035,23.44
1585838314035,23.44
1585838377250,23.47
1585838396470,23.47
1585838396470,23.47
1585838396470,23.47
1585838396470,23.47
1585838396470,23.47
1585838448892,23.47
1585838459755,23.44
1585838459755,23.44
1585838472626,23.42
1585838472626,23.42
1585838500427,23.385
1585838500427,23.385
1585838500427,23.385
1585838526618,23.42
1585838526618,23.42
1585838526618,23.42
1585838556312,23.41
1585838556312,23.41
1585838556312,23.41
1585838556312,23.41
1585838597141,23.38
1585838597141,23.38
1585838597141,23.38
1585838597141,23.38
1585838637951,23.315
1585838637951,23.315
1585838637951,23.315
1585838637951,23.315
1585838637951,23.315
1585838690696,23.335
1585838690696,23.335
1585838690696,23.335
1585838690696,23.335
1585838739427,23.4
1585838739427,23.4
1585838739427,23.4
1585838767658,23.425
1585838782717,23.39
1585838782717,23.39
1585838797102,23.34
1585838805340,23.285
1585838805340,23.285
1585838805340,23.285
1585838840923,23.175
1585838840923,23.175
1585838840923,23.175
1585838840923,23.175
1585838840923,23.175
1585838840923,23.175
1585838840923,23.175
1585838840923,23.175
1585838840923,23.175
1585838840923,23.175
1585838944604,23.22
1585838944604,23.22
1585838944604,23.22
1585838944604,23.22
1585838944604,23.22
1585838944604,23.22
1585838944604,23.22
1585839017299,23.155
1585839017299,23.155
1585839036638,23.12
1585839036638,23.12
1585839036638,23.12
1585839070151,23.175
1585839070151,23.175
1585839070151,23.175
1585839106278,23.19
1585839111006,23.16
1585839111006,23.16
1585839111006,23.16
1585839111006,23.16
1585839111006,23.16
1585839160737,23.15
1585839172425,23.11
1585839172425,23.11
1585839191828,23.105
1585839191828,23.105
1585839191828,23.105
1585839191828,23.105
1585839239621,23.155
1585839244793,23.14
1585839244793,23.14
1585839244793,23.14
1585839244793,23.14
1585839295583,23.1
1585839295583,23.1
1585839295583,23.1
1585839295583,23.1
1585839295583,23.1
1585839295583,23.1
1585839351610,23.18
1585839351610,23.18
1585839351610,23.18
1585839351610,23.18
1585839351610,23.18
1585839401275,23.23
1585839401275,23.23
1585839425982,23.25
1585839425982,23.25
1585839425982,23.25
1585839425982,23.25
1585839425982,23.25
1585839477498,23.205
1585839477498,23.205
1585839477498,23.205
1585839477498,23.205
1585839517969,23.22
1585839517969,23.22
1585839517969,23.22
1585839517969,23.22
1585839517969,23.22
1585839517969,23.22
1585839517969,23.22
1585839517969,23.22
1585839604746,23.29
1585839621166,23.25
1585839621166,23.25
1585839637709,23.235
1585839637709,23.235
1585839656536,23.19
1585839670934,23.12
1585839670934,23.12
1585839670934,23.12
1585839698891,23.12
1585839715176,23.115
1585839715176,23.115
1585839736098,23.105
1585839736098,23.105
1585839736098,23.105
1585839736098,23.105
1585839773503,23.11
1585839773503,23.11
1585839789189,23.11
1585839789189,23.11
1585839789189,23.11
1585839789189,23.11
1585839789189,23.11
1585839789189,23.11
1585839861838,23.135
1585839864211,23.125
1585839864211,23.125
1585839883296,23.12
1585839883296,23.12
1585839883296,23.12
1585839883296,23.12
1585839883296,23.12
1585839883296,23.12
1585839951912,23.1
1585839951912,23.1
1585839951912,23.1
1585839951912,23.1
1585839951912,23.1
1585839951912,23.1
1585839951912,23.1
1585840020811,23.07
1585840037613,23.005
1585840037613,23.005
1585840037613,23.005
1585840064567,22.98
1585840064567,22.98
1585840064567,22.98
1585840064567,22.98
1585840064567,22.98
1585840064567,22.98
1585840064567,22.98
1585840064567,22.98
1585840152478,22.94
1585840152478,22.94
1585840152478,22.94
1585840152478,22.94
1585840152478,22.94
1585840152478,22.94
1585840217821,22.945
1585840217821,22.945
1585840217821,22.945
1585840217821,22.945
1585840217821,22.945
1585840217821,22.945
1585840217821,22.945
1585840217821,22.945
1585840300414,22.915
1585840300414,22.915
1585840300414,22.915
1585840300414,22.915
1585840300414,22.915
1585840344655,22.915
1585840344655,22.915
1585840344655,22.915
1585840344655,22.915
1585840344655,22.915
1585840395674,22.875
1585840395674,22.875
1585840426028,22.86
1585840426028,22.86
1585840426028,22.86
1585840426028,22.86
1585840426028,22.86
1585840426028,22.86
1585840426028,22.86
1585840426028,22.86
1585840426028,22.86
1585840426028,22.86
1585840426028,22.86
1585840426028,22.86
1585840542959,22.97
1585840542959,22.97
1585840542959,22.97
1585840584044,23.005
1585840592334,23.015
1585840592334,23.015
1585840592334,23.015
1585840592334,23.015
1585840592334,23.015
1585840592334,23.015
1585840592334,23.015
1585840592334,23.015
1585840592334,23.015
1585840592334,23.015
1585840592334,23.015
1585840592334,23.015
1585840592334,23.015
1585840592334,23.015
1585840592334,23.015
1585840592334,23.015
1585840751978,23.03
1585840751978,23.03
1585840751978,23.03
1585840751978,23.03
1585840751978,23.03
1585840751978,23.03
1585840751978,23.03
1585840751978,23.03
1585840751978,23.03
1585840751978,23.03
1585840751978,23.03
1585840751978,23.03
1585840751978,23.03
1585840751978,23.03
1585840901162,22.945
1585840915322,22.9
1585840915322,22.9
1585840915322,22.9
1585840915322,22.9
1585840915322,22.9
1585840915322,22.9
1585840915322,22.9
1585840915322,22.9
1585840915322,22.9
1585840915322,22.9
1585840915322,22.9
1585840915322,22.9
1585840915322,22.9
1585840915322,22.9
1585840915322,22.9
1585840915322,22.9
1585840915322,22.9
1585841092543,22.885
1585841107036,22.86
1585841107036,22.86
1585841107036,22.86
1585841107036,22.86
1585841107036,22.86
1585841107036,22.86
1585841107036,22.86
1585841107036,22.86
1585841107036,22.86
1585841107036,22.86
1585841107036,22.86
1585841107036,22.86
1585841107036,22.86
1585841107036,22.86
1585841244793,22.795
1585841244793,22.795
1585841244793,22.795
1585841244793,22.795
1585841244793,22.795
1585841244793,22.795
1585841244793,22.795
1585841244793,22.795
1585841244793,22.795
1585841341166,22.825
1585841351699,22.82
1585841351699,22.82
1585841351699,22.82
1585841351699,22.82
1585841400004,22.87
1585841409764,22.865
1585841409764,22.865
1585841409764,22.865
1585841409764,22.865
1585841409764,22.865
1585841409764,22.865
1585841409764,22.865
1585841484080,22.885
1585841492150,22.875
1585841500611,22.88
1585841500611,22.88
1585841523746,22.89
1585841523746,22.89
1585841537912,22.88
1585841537912,22.88
1585841537912,22.88
1585841537912,22.88
1585841537912,22.88
1585841537912,22.88
1585841604309,22.93
1585841604309,22.93
1585841604309,22.93
1585841604309,22.93
1585841643361,22.925
1585841657968,22.91
1585841664336,22.9
1585841664336,22.9
1585841664336,22.9
1585841664336,22.9
1585841664336,22.9
1585841664336,22.9
1585841728098,22.91
1585841728098,22.91
1585841728098,22.91
1585841728098,22.91
1585841773022,22.915
1585841773022,22.915
1585841791559,22.895
1585841791559,22.895
1585841811847,22.89
1585841811847,22.89
1585841811847,22.89
1585841847121,22.85
1585841847121,22.85
1585841847121,22.85
1585841847121,22.85
1585841847121,22.85
1585841894253,22.775
1585841894253,22.775
1585841894253,22.775
1585841894253,22.775
1585841894253,22.775
1585841894253,22.775
1585841965047,22.73
1585841965047,22.73
1585841965047,22.73
1585841965047,22.73
1585841965047,22.73
1585841965047,22.73
1585841965047,22.73
1585841965047,22.73
1585841965047,22.73
1585841965047,22.73
1585841965047,22.73
1585841965047,22.73
1585841965047,22.73
1585841965047,22.73
1585842107365,22.83
1585842107365,22.83
1585842107365,22.83
1585842107365,22.83
1585842107365,22.83
1585842107365,22.83
1585842107365,22.83
1585842107365,22.83
1585842192314,22.875
1585842192314,22.875
1585842192314,22.875
1585842217832,22.835
1585842217832,22.835
1585842241473,22.81
1585842241473,22.81
1585842261784,22.81
1585842261784,22.81
1585842282720,22.83
1585842282720,22.83
1585842282720,22.83
1585842282720,22.83
1585842282720,22.83
1585842282720,22.83
1585842282720,22.83
1585842282720,22.83
1585842282720,22.83
1585842384430,22.875
1585842384430,22.875
1585842384430,22.875
1585842384430,22.875
1585842423658,22.885
1585842427321,22.89
1585842447396,22.875
1585842447396,22.875
1585842463208,22.9
1585842463208,22.9
1585842484332,22.88
1585842484332,22.88
1585842484332,22.88
1585842484332,22.88
1585842484332,22.88
1585842484332,22.88
1585842484332,22.88
1585842484332,22.88
1585842484332,22.88
1585842484332,22.88
1585842484332,22.88
1585842484332,22.88
1585842484332,22.88
1585842484332,22.88
1585842484332,22.88
1585842484332,22.88
1585842654585,22.945
1585842654585,22.945
1585842674605,22.945
1585842674605,22.945
1585842689125,22.92
1585842689125,22.92
1585842689125,22.92
1585842689125,22.92
1585842689125,22.92
1585842741918,22.94
1585842741918,22.94
1585842741918,22.94
1585842773807,22.98
1585842773807,22.98
1585842773807,22.98
1585842773807,22.98
1585842773807,22.98
1585842773807,22.98
1585842773807,22.98
1585842773807,22.98
1585842773807,22.98
1585842773807,22.98
1585842773807,22.98
1585842773807,22.98
1585842773807,22.98
1585842773807,22.98
1585842773807,22.98
1585842773807,22.98
1585842773807,22.98
1585842773807,22.98
1585842773807,22.98
1585842773807,22.98
1585842773807,22.98
1585842773807,22.98
1585842773807,22.98
1585842773807,22.98
1585842773807,22.98
1585842773807,22.98
1585843054050,23.03
1585843054050,23.03
1585843054050,23.03
1585843054050,23.03
1585843054050,23.03
1585843054050,23.03
1585843054050,23.03
1585843122604,23.005
1585843122604,23.005
1585843141080,23
1585843141080,23
1585843165500,22.965
1585843165500,22.965
1585843165500,22.965
1585843165500,22.965
1585843165500,22.965
1585843165500,22.965
1585843165500,22.965
1585843165500,22.965
1585843165500,22.965
1585843165500,22.965
1585843165500,22.965
1585843165500,22.965
1585843165500,22.965
1585843165500,22.965
1585843165500,22.965
1585843318206,22.95
1585843318206,22.95
1585843318206,22.95
1585843318206,22.95
1585843318206,22.95
1585843379193,22.915
1585843379193,22.915
1585843379193,22.915
1585843379193,22.915
1585843379193,22.915
1585843379193,22.915
1585843379193,22.915
1585843379193,22.915
1585843379193,22.915
1585843379193,22.915
1585843379193,22.915
1585843379193,22.915
1585843379193,22.915
1585843379193,22.915
1585843525116,22.895
1585843531128,22.905
1585843531128,22.905
1585843531128,22.905
1585843531128,22.905
1585843531128,22.905
1585843581493,22.975
1585843581493,22.975
1585843581493,22.975
1585843581493,22.975
1585843628129,22.955
1585843628129,22.955
1585843644309,22.935
1585843644309,22.935
1585843644309,22.935
1585843644309,22.935
1585843644309,22.935
1585843644309,22.935
1585843644309,22.935
1585843644309,22.935
1585843644309,22.935
1585843644309,22.935
1585843644309,22.935
1585843644309,22.935
1585843644309,22.935
1585843644309,22.935
1585843644309,22.935
1585843644309,22.935
1585843811969,22.905
1585843811969,22.905
1585843811969,22.905
1585843811969,22.905
1585843811969,22.905
1585843811969,22.905
1585843811969,22.905
1585843811969,22.905
1585843811969,22.905
1585843811969,22.905
1585843811969,22.905
1585843811969,22.905
1585843811969,22.905
1585843811969,22.905
1585843811969,22.905
1585843811969,22.905
1585843983336,22.98
1585843983336,22.98
1585844005599,22.99
1585844005599,22.99
1585844005599,22.99
1585844005599,22.99
1585844005599,22.99
1585844005599,22.99
1585844005599,22.99
1585844005599,22.99
1585844086789,23.01
1585844100432,22.995
1585844100432,22.995
1585844115976,22.94
1585844126215,22.955
1585844126215,22.955
1585844126215,22.955
1585844126215,22.955
1585844126215,22.955
1585844126215,22.955
1585844126215,22.955
1585844126215,22.955
1585844126215,22.955
1585844126215,22.955
1585844126215,22.955
1585844126215,22.955
1585844126215,22.955
1585844126215,22.955
1585844126215,22.955
1585844126215,22.955
1585844126215,22.955
1585844126215,22.955
1585844126215,22.955
1585844126215,22.955
1585844126215,22.955
1585844126215,22.955
1585844126215,22.955
1585844373951,22.965
1585844380174,22.94
1585844380174,22.94
1585844380174,22.94
1585844380174,22.94
1585844380174,22.94
1585844380174,22.94
1585844444441,22.95
1585844444441,22.95
1585844444441,22.95
1585844471487,22.92
1585844471487,22.92
1585844471487,22.92
1585844471487,22.92
1585844471487,22.92
1585844471487,22.92
1585844471487,22.92
1585844471487,22.92
1585844471487,22.92
1585844471487,22.92
1585844471487,22.92
1585844471487,22.92
1585844471487,22.92
1585844471487,22.92
1585844471487,22.92
1585844632913,22.885
1585844638934,22.865
1585844638934,22.865
1585844638934,22.865
1585844638934,22.865
1585844638934,22.865
1585844638934,22.865
1585844638934,22.865
1585844638934,22.865
1585844638934,22.865
1585844740716,22.805
1585844740716,22.805
1585844740716,22.805
1585844740716,22.805
1585844740716,22.805
1585844740716,22.805
1585844801745,22.8
1585844801745,22.8
1585844801745,22.8
1585844801745,22.8
1585844801745,22.8
1585844801745,22.8
1585844801745,22.8
1585844801745,22.8
1585844879272,22.79
1585844879272,22.79
1585844879272,22.79
1585844879272,22.79
1585844879272,22.79
1585844879272,22.79
1585844879272,22.79
1585844879272,22.79
1585844879272,22.79
1585844979797,22.745
1585844979797,22.745
1585844979797,22.745
1585845003615,22.765
1585845003615,22.765
1585845003615,22.765
1585845003615,22.765
1585845003615,22.765
1585845003615,22.765
1585845003615,22.765
1585845003615,22.765
1585845003615,22.765
1585845003615,22.765
1585845003615,22.765
1585845003615,22.765
1585845003615,22.765
1585845003615,22.765
1585845003615,22.765
1585845003615,22.765
1585845003615,22.765
1585845003615,22.765
1585845003615,22.765
1585845003615,22.765
1585845003615,22.765
1585845003615,22.765
1585845245487,22.685
1585845245487,22.685
1585845245487,22.685
1585845245487,22.685
1585845245487,22.685
1585845245487,22.685
1585845245487,22.685
1585845245487,22.685
1585845245487,22.685
1585845245487,22.685
1585845245487,22.685
1585845245487,22.685
1585845245487,22.685
1585845245487,22.685
1585845245487,22.685
1585845245487,22.685
1585845245487,22.685
1585845245487,22.685
1585845245487,22.685
1585845245487,22.685
1585845446165,22.78
1585845446165,22.78
1585845446165,22.78
1585845446165,22.78
1585845446165,22.78
1585845501118,22.755
1585845501118,22.755
1585845501118,22.755
1585845501118,22.755
1585845501118,22.755
1585845501118,22.755
1585845501118,22.755
1585845501118,22.755
1585845501118,22.755
1585845501118,22.755
1585845501118,22.755
1585845501118,22.755
1585845501118,22.755
1585845501118,22.755
1585845501118,22.755
1585845501118,22.755
1585845501118,22.755
1585845501118,22.755
1585845501118,22.755
1585845701157,22.775
1585845701157,22.775
1585845725753,22.76
1585845725753,22.76
1585845725753,22.76
1585845725753,22.76
1585845725753,22.76
1585845725753,22.76
1585845725753,22.76
1585845725753,22.76
1585845812959,22.83
1585845812959,22.83
1585845812959,22.83
1585845812959,22.83
1585845812959,22.83
1585845812959,22.83
1585845812959,22.83
1585845882262,22.89
1585845882262,22.89
1585845908340,22.89
1585845908340,22.89
1585845908340,22.89
1585845908340,22.89
1585845908340,22.89
1585845908340,22.89
1585845908340,22.89
1585845908340,22.89
1585845908340,22.89
1585845908340,22.89
1585845908340,22.89
1585846019961,22.9
1585846019961,22.9
1585846019961,22.9
1585846019961,22.9
1585846019961,22.9
1585846019961,22.9
1585846019961,22.9
1585846019961,22.9
1585846019961,22.9
1585846019961,22.9
1585846125714,22.905
1585846125714,22.905
1585846148496,22.895
1585846148496,22.895
1585846173478,22.89
1585846180771,22.875
1585846180771,22.875
1585846197406,22.875
1585846216211,22.86
1585846216211,22.86
1585846216211,22.86
1585846240845,22.845
1585846240845,22.845
1585846265671,22.87
1585846270327,22.87
1585846270327,22.87
1585846300943,22.835
1585846300943,22.835
1585846300943,22.835
1585846332514,22.865
1585846332514,22.865
1585846332514,22.865
1585846361018,22.855
1585846365615,22.86
1585846365615,22.86
1585846365615,22.86
1585846365615,22.86
1585846410062,22.84
1585846421107,22.85
1585846433223,22.83
1585846433223,22.83
1585846454563,22.84
1585846454563,22.84
1585846454563,22.84
1585846481238,22.84
1585846494423,22.84
1585846494423,22.84
1585846494423,22.84
1585846494423,22.84
1585846541316,22.82
1585846541316,22.82
1585846541316,22.82
1585846541316,22.82
1585846541316,22.82
1585846541316,22.82
1585846541316,22.82
1585846541316,22.82
1585846624537,22.765
1585846624537,22.765
1585846645953,22.74
1585846645953,22.74
1585846661600,22.75
1585846661600,22.75
1585846661600,22.75
1585846661600,22.75
1585846705203,22.72
1585846705203,22.72
1585846721637,22.715
1585846721637,22.715
1585846721637,22.715
1585846721637,22.715
1585846771005,22.72
1585846771005,22.72
1585846771005,22.72
1585846802851,22.755
1585846807368,22.755
1585846820196,22.75
1585846820196,22.75
1585846820196,22.75
1585846820196,22.75
1585846820196,22.75
1585846820196,22.75
1585846820196,22.75
1585846900906,22.725
1585846900906,22.725
1585846900906,22.725
1585846900906,22.725
1585846900906,22.725
1585846900906,22.725
1585846960996,22.725
1585846960996,22.725
1585846960996,22.725
1585846960996,22.725
1585846960996,22.725
1585846960996,22.725
1585847027072,22.715
1585847027072,22.715
1585847027072,22.715
1585847027072,22.715
1585847027072,22.715
1585847027072,22.715
1585847084953,22.705
1585847084953,22.705
1585847084953,22.705
1585847116891,22.65
1585847116891,22.65
1585847116891,22.65
1585847116891,22.65
1585847116891,22.65
1585847116891,22.65
1585847178827,22.645
1585847178827,22.645
1585847178827,22.645
1585847178827,22.645
1585847178827,22.645
1585847178827,22.645
1585847242032,22.575
1585847242032,22.575
1585847242032,22.575
1585847242032,22.575
1585847242032,22.575
1585847242032,22.575
1585847242032,22.575
1585847242032,22.575
1585847242032,22.575
1585847242032,22.575
1585847242032,22.575
1585847242032,22.575
1585847242032,22.575
1585847381668,22.53
1585847389013,22.48
1585847389013,22.48
1585847389013,22.48
1585847389013,22.48
1585847389013,22.48
1585847389013,22.48
1585847389013,22.48
1585847389013,22.48
1585847389013,22.48
1585847389013,22.48
1585847389013,22.48
1585847389013,22.48
1585847389013,22.48
1585847389013,22.48
1585847389013,22.48
1585847389013,22.48
1585847389013,22.48
1585847389013,22.48
1585847389013,22.48
1585847389013,22.48
1585847389013,22.48
1585847389013,22.48
1585847389013,22.48
1585847389013,22.48
1585847644847,22.37
1585847654573,22.37
1585847654573,22.37
1585847654573,22.37
1585847682329,22.345
1585847701931,22.34
1585847701931,22.34
1585847701931,22.34
1585847701931,22.34
1585847701931,22.34
1585847701931,22.34
1585847701931,22.34
1585847701931,22.34
1585847783016,22.375
1585847783016,22.375
1585847802251,22.345
1585847802251,22.345
1585847802251,22.345
1585847802251,22.345
1585847850934,22.32
1585847850934,22.32
1585847862339,22.305
1585847862339,22.305
1585847862339,22.305
1585847862339,22.305
1585847862339,22.305
1585847862339,22.305
1585847862339,22.305
1585847939454,22.305
1585847939454,22.305
1585847939454,22.305
1585847939454,22.305
1585847977811,22.3
1585847977811,22.3
1585848006116,22.3
1585848006116,22.3
1585848006116,22.3
1585848038815,22.375
1585848038815,22.375
1585848038815,22.375
1585848038815,22.375
1585848038815,22.375
1585848088328,22.385
1585848088328,22.385
1585848088328,22.385
1585848088328,22.385
1585848088328,22.385
1585848088328,22.385
1585848088328,22.385
1585848162840,22.425
1585848162840,22.425
1585848162840,22.425
1585848198514,22.445
1585848198514,22.445
1585848198514,22.445
1585848198514,22.445
1585848198514,22.445
1585848198514,22.445
1585848254715,22.45
1585848263843,22.435
1585848278790,22.42
1585848278790,22.42
1585848278790,22.42
1585848312111,22.37
1585848312111,22.37
1585848329639,22.32
1585848329639,22.32
1585848356854,22.31
1585848356854,22.31
1585848356854,22.31
1585848356854,22.31
1585848356854,22.31
1585848356854,22.31
1585848356854,22.31
1585848356854,22.31
1585848356854,22.31
1585848356854,22.31
1585848462460,22.255
1585848462460,22.255
1585848462460,22.255
1585848462460,22.255
1585848462460,22.255
1585848462460,22.255
1585848522517,22.225
1585848522517,22.225
1585848543899,22.18
1585848543899,22.18
1585848543899,22.18
1585848543899,22.18
1585848582697,22.175
1585848582697,22.175
1585848582697,22.175
1585848617574,22.15
1585848617574,22.15
1585848643158,22.125
1585848643158,22.125
1585848643158,22.125
1585848643158,22.125
1585848643158,22.125
1585848643158,22.125
1585848643158,22.125
1585848643158,22.125
1585848720031,22.21
1585848720031,22.21
1585848720031,22.21
1585848720031,22.21
1585848720031,22.21
1585848720031,22.21
1585848720031,22.21
1585848720031,22.21
1585848720031,22.21
1585848720031,22.21
1585848720031,22.21
1585848720031,22.21
1585848853917,22.21
1585848853917,22.21
1585848853917,22.21
1585848853917,22.21
1585848853917,22.21
1585848853917,22.21
1585848853917,22.21
1585848853917,22.21
1585848853917,22.21
1585848853917,22.21
1585848853917,22.21
1585848853917,22.21
1585848853917,22.21
1585848853917,22.21
1585849002265,22.275
1585849002265,22.275
1585849002265,22.275
1585849025316,22.26
1585849040436,22.23
1585849040436,22.23
1585849040436,22.23
1585849040436,22.23
1585849040436,22.23
1585849040436,22.23
1585849099328,22.235
1585849099328,22.235
1585849099328,22.235
1585849099328,22.235
1585849099328,22.235
1585849099328,22.235
1585849162808,22.215
1585849162808,22.215
1585849162808,22.215
1585849162808,22.215
1585849162808,22.215
1585849162808,22.215
1585849162808,22.215
1585849237782,22.265
1585849237782,22.265
1585849237782,22.265
1585849237782,22.265
1585849237782,22.265
1585849237782,22.265
1585849237782,22.265
1585849237782,22.265
1585849237782,22.265
1585849237782,22.265
1585849345718,22.285
1585849345718,22.285
1585849345718,22.285
1585849345718,22.285
1585849345718,22.285
1585849345718,22.285
1585849345718,22.285
1585849422890,22.275
1585849422890,22.275
1585849439580,22.31
1585849439580,22.31
1585849439580,22.31
1585849469323,22.305
1585849469323,22.305
1585849469323,22.305
1585849469323,22.305
1585849515392,22.31
1585849515392,22.31
1585849515392,22.31
1585849515392,22.31
1585849515392,22.31
1585849515392,22.31
1585849515392,22.31
1585849515392,22.31
1585849515392,22.31
1585849515392,22.31
1585849515392,22.31
1585849636120,22.265
1585849636120,22.265
1585849636120,22.265
1585849660325,22.25
1585849660325,22.25
1585849660325,22.25
1585849660325,22.25
1585849708368,22.245
1585849708368,22.245
1585849723402,22.28
1585849723402,22.28
1585849723402,22.28
1585849723402,22.28
1585849723402,22.28
1585849723402,22.28
1585849723402,22.28
1585849723402,22.28
1585849723402,22.28
1585849723402,22.28
1585849830631,22.305
1585849830631,22.305
1585849830631,22.305
1585849860404,22.345
1585849860404,22.345
1585849860404,22.345
1585849860404,22.345
1585849860404,22.345
1585849860404,22.345
1585849860404,22.345
1585849860404,22.345
1585849860404,22.345
1585849958672,22.36
1585849958672,22.36
1585849958672,22.36
1585849958672,22.36
1585849958672,22.36
1585849958672,22.36
1585849958672,22.36
1585849958672,22.36
1585849958672,22.36
1585850054561,22.375
1585850054561,22.375
1585850075065,22.36
1585850075065,22.36
1585850075065,22.36
1585850075065,22.36
1585850075065,22.36
1585850075065,22.36
1585850075065,22.36
1585850075065,22.36
1585850075065,22.36
1585850075065,22.36
1585850075065,22.36
1585850075065,22.36
1585850203320,22.32
1585850203320,22.32
1585850203320,22.32
1585850203320,22.32
1585850203320,22.32
1585850203320,22.32
1585850203320,22.32
1585850203320,22.32
1585850287821,22.3
1585850291394,22.295
1585850291394,22.295
1585850291394,22.295
1585850291394,22.295
1585850291394,22.295
1585850291394,22.295
1585850291394,22.295
1585850291394,22.295
1585850375471,22.25
1585850375471,22.25
1585850375471,22.25
1585850375471,22.25
1585850375471,22.25
1585850375471,22.25
1585850375471,22.25
1585850375471,22.25
1585850375471,22.25
1585850375471,22.25
1585850487706,22.155
1585850503909,22.17
1585850503909,22.17
1585850503909,22.17
1585850503909,22.17
1585850503909,22.17
1585850503909,22.17
1585850503909,22.17
1585850503909,22.17
1585850503909,22.17
1585850503909,22.17
1585850503909,22.17
1585850619092,22.125
1585850619092,22.125
1585850619092,22.125
1585850619092,22.125
1585850619092,22.125
1585850619092,22.125
1585850619092,22.125
1585850688211,22.19
1585850688211,22.19
1585850711355,22.17
1585850711355,22.17
1585850711355,22.17
1585850711355,22.17
1585850711355,22.17
1585850711355,22.17
1585850711355,22.17
1585850711355,22.17
1585850711355,22.17
1585850711355,22.17
1585850711355,22.17
1585850711355,22.17
1585850711355,22.17
1585850711355,22.17
1585850711355,22.17
1585850868731,22.15
1585850868731,22.15
1585850868731,22.15
1585850868731,22.15
1585850868731,22.15
1585850868731,22.15
1585850868731,22.15
1585850868731,22.15
1585850868731,22.15
1585850868731,22.15
1585850972500,22.125
1585850984022,22.125
1585850984022,22.125
1585850984022,22.125
1585850984022,22.125
1585850984022,22.125
1585850984022,22.125
1585850984022,22.125
1585851068968,22.06
1585851068968,22.06
1585851068968,22.06
1585851068968,22.06
1585851068968,22.06
1585851068968,22.06
1585851068968,22.06
1585851068968,22.06
1585851068968,22.06
1585851068968,22.06
1585851068968,22.06
1585851068968,22.06
1585851068968,22.06
1585851068968,22.06
1585851068968,22.06
1585851068968,22.06
1585851068968,22.06
1585851068968,22.06
1585851068968,22.06
1585851068968,22.06
1585851068968,22.06
1585851068968,22.06
1585851068968,22.06
1585851068968,22.06
1585851314457,22.115
1585851314457,22.115
1585851336478,22.075
1585851336478,22.075
1585851336478,22.075
1585851336478,22.075
1585851336478,22.075
1585851336478,22.075
1585851336478,22.075
1585851417290,22.16
1585851417290,22.16
1585851438129,22.145
1585851446682,22.165
1585851446682,22.165
1585851463794,22.135
1585851478627,22.16
1585851478627,22.16
1585851478627,22.16
1585851478627,22.16
1585851478627,22.16
1585851478627,22.16
1585851478627,22.16
1585851478627,22.16
1585851566575,22.11
1585851566575,22.11
1585851566575,22.11
1585851566575,22.11
1585851566575,22.11
1585851566575,22.11
1585851566575,22.11
1585851566575,22.11
1585851566575,22.11
1585851566575,22.11
1585851566575,22.11
1585851566575,22.11
1585851566575,22.11
1585851566575,22.11
1585851705210,22.115
1585851705210,22.115
1585851705210,22.115
1585851705210,22.115
1585851705210,22.115
1585851764375,22.125
1585851764375,22.125
1585851784690,22.115
1585851795466,22.11
1585851795466,22.11
1585851795466,22.11
1585851795466,22.11
1585851795466,22.11
1585851795466,22.11
1585851795466,22.11
1585851795466,22.11
1585851795466,22.11
1585851883692,22.07
1585851900462,22.06
1585851900462,22.06
1585851900462,22.06
1585851900462,22.06
1585851900462,22.06
1585851900462,22.06
1585851900462,22.06
1585851900462,22.06
1585851981754,22.14
1585851981754,22.14
1585851981754,22.14
1585851981754,22.14
1585851981754,22.14
1585851981754,22.14
1585851981754,22.14
1585851981754,22.14
1585851981754,22.14
1585851981754,22.14
1585851981754,22.14
1585851981754,22.14
1585852113215,22.22
1585852127281,22.22
1585852127281,22.22
1585852127281,22.22
1585852127281,22.22
1585852127281,22.22
1585852127281,22.22
1585852127281,22.22
1585852127281,22.22
1585852203929,22.22
1585852203929,22.22
1585852225172,22.2
1585852225172,22.2
1585852247890,22.19
1585852247890,22.19
1585852247890,22.19
1585852247890,22.19
1585852247890,22.19
1585852247890,22.19
1585852247890,22.19
1585852247890,22.19
1585852247890,22.19
1585852247890,22.19
1585852247890,22.19
1585852247890,22.19
1585852247890,22.19
1585852247890,22.19
1585852247890,22.19
1585852247890,22.19
1585852247890,22.19
1585852247890,22.19
1585852247890,22.19
1585852247890,22.19
1585852247890,22.19
1585852472228,22.255
1585852483175,22.235
1585852483175,22.235
1585852506969,22.26
1585852506969,22.26
1585852506969,22.26
1585852506969,22.26
1585852506969,22.26
1585852551035,22.25
1585852551035,22.25
1585852551035,22.25
1585852551035,22.25
1585852551035,22.25
1585852551035,22.25
1585852551035,22.25
1585852551035,22.25
1585852551035,22.25
1585852551035,22.25
1585852551035,22.25
1585852551035,22.25
1585852551035,22.25
1585852551035,22.25
1585852551035,22.25
1585852551035,22.25
1585852551035,22.25
1585852734207,22.275
1585852734207,22.275
1585852734207,22.275
1585852734207,22.275
1585852785305,22.255
1585852785305,22.255
1585852785305,22.255
1585852785305,22.255
1585852785305,22.255
1585852785305,22.255
1585852845451,22.24
1585852845451,22.24
1585852845451,22.24
1585852877588,22.215
1585852877588,22.215
1585852877588,22.215
1585852877588,22.215
1585852877588,22.215
1585852877588,22.215
1585852877588,22.215
1585852877588,22.215
1585852963793,22.175
1585852963793,22.175
1585852963793,22.175
1585852963793,22.175
1585852963793,22.175
1585853010580,22.2
1585853010580,22.2
1585853010580,22.2
1585853010580,22.2
1585853054723,22.195
1585853054723,22.195
1585853054723,22.195
1585853054723,22.195
1585853054723,22.195
1585853054723,22.195
1585853115783,22.165
1585853115783,22.165
1585853115783,22.165
1585853115783,22.165
1585853115783,22.165
1585853115783,22.165
1585853115783,22.165
1585853115783,22.165
1585853115783,22.165
1585853115783,22.165
1585853115783,22.165
1585853115783,22.165
1585853253898,22.19
1585853253898,22.19
1585853253898,22.19
1585853253898,22.19
1585853253898,22.19
1585853253898,22.19
1585853253898,22.19
1585853325564,22.21
1585853325564,22.21
1585853325564,22.21
1585853325564,22.21
1585853325564,22.21
1585853325564,22.21
1585853325564,22.21
1585853325564,22.21
1585853404236,22.17
1585853404236,22.17
1585853404236,22.17
1585853404236,22.17
1585853445688,22.165
1585853445688,22.165
1585853445688,22.165
1585853445688,22.165
1585853445688,22.165
1585853508067,22.17
1585853512228,22.155
1585853512228,22.155
1585853512228,22.155
1585853543321,22.19
1585853543321,22.19
1585853543321,22.19
1585853543321,22.19
1585853543321,22.19
1585853543321,22.19
1585853543321,22.19
1585853617068,22.265
1585853617068,22.265
1585853617068,22.265
1585853653691,22.305
1585853653691,22.305
1585853653691,22.305
1585853683559,22.3
1585853683559,22.3
1585853683559,22.3
1585853717191,22.245
1585853717191,22.245
1585853740958,22.28
1585853740958,22.28
1585853758002,22.29
1585853758002,22.29
1585853758002,22.29
1585853758002,22.29
1585853758002,22.29
1585853758002,22.29
1585853758002,22.29
1585853834293,22.3
1585853834293,22.3
1585853857712,22.27
1585853857712,22.27
1585853857712,22.27
1585853857712,22.27
1585853896928,22.27
1585853896928,22.27
1585853896928,22.27
1585853925649,22.295
1585853936977,22.3
1585853936977,22.3
1585853936977,22.3
1585853975924,22.315
1585853975924,22.315
1585853994865,22.3
