0,0
0,0
0,0
0,0
0,0
0,0
0,0
0,0
0,0
0,0
0,0
0,0
0,0
0,0
0,0
0,0
0,0
0,0
0,0
0,0
0,0
0,0
0,0
0,0
0,0
0,0
0,0
0,0
0,0
0,0
0,0
0,0
0,0
0,0
0,0
0,0
0,0
0,0
0,0
0,0
0,0
0,0
0,0
0,0
0,0
0,0
0,0
0,0
0,0
0,0
0,0
0,0
0,0
0,0
0,0
0,0
0,0
0,0
0,0
0,0
0,0
0,0
1587735712040,75.97
1587735712040,75.97
1587735712040,75.97
1587735712040,75.97
1587735712040,75.97
1587735712040,75.97
1587735712040,75.97
1587735712040,75.97
1587735712040,75.97
1587735712040,75.97
1587735712040,75.97
1587735712040,75.97
1587735712040,75.97
1587735712040,75.97
1587735712040,75.97
1587735712040,75.97
1587735712040,75.97
1587735712040,75.97
1587735712040,75.97
1587735712040,75.97
1587735712040,75.97
1587735712040,75.97
1587735712040,75.97
1587735712040,75.97
1587735712040,75.97
1587735712040,75.97
1587735712040,75.97
1587735712040,75.97
1587735712040,75.97
1587735712040,75.97
1587735712040,75.97
1587735712040,75.97
1587735712040,75.97
1587735712040,75.97
1587735712040,75.97
1587735712040,75.97
1587735712040,75.97
1587735712040,75.97
1587735712040,75.97
1587735712040,75.97
1587735712040,75.97
1587735712040,75.97
1587735712040,75.97
1587735712040,75.97
1587735712040,75.97
1587735712040,75.97
1587735712040,75.97
1587735712040,75.97
1587735712040,75.97
1587735712040,75.97
1587735712040,75.97
1587735712040,75.97
1587735712040,75.97
1587735712040,75.97
1587735712040,75.97
1587735712040,75.97
1587735712040,75.97
1587735712040,75.97
1587735712040,75.97
1587735712040,75.97
1587735712040,75.97
1587735712040,75.97
1587735712040,75.97
1587735712040,75.97
1587735712040,75.97
1587735712040,75.97
1587735712040,75.97
1587735712040,75.97
1587735712040,75.97
1587736438266,76.09
1587736448388,76.02
1587736448388,76.02
1587736448388,76.02
1587736448388,76.02
1587736448388,76.02
1587736448388,76.02
1587736448388,76.02
1587736448388,76.02
1587736448388,76.02
1587736448388,76.02
1587736448388,76.02
1587736448388,76.02
1587736448388,76.02
1587736448388,76.02
1587736448388,76.02
1587736599006,75.6
1587736611462,75.6
1587736611462,75.6
1587736611462,75.6
1587736611462,75.6
1587736611462,75.6
1587736611462,75.6
1587736611462,75.6
1587736611462,75.6
1587736611462,75.6
1587736611462,75.6
1587736611462,75.6
1587736611462,75.6
1587736611462,75.6
1587736611462,75.6
1587736611462,75.6
1587736611462,75.6
1587736611462,75.6
1587736611462,75.6
1587736611462,75.6
1587736611462,75.6
1587736611462,75.6
1587736611462,75.6
1587736611462,75.6
1587736611462,75.6
1587736611462,75.6
1587736611462,75.6
1587736611462,75.6
1587736611462,75.6
1587736611462,75.6
1587736611462,75.6
1587736611462,75.6
1587736611462,75.6
1587736611462,75.6
1587736611462,75.6
1587736611462,75.6
1587736611462,75.6
1587736611462,75.6
1587736611462,75.6
1587736611462,75.6
1587736611462,75.6
1587736611462,75.6
1587736611462,75.6
1587736611462,75.6
1587736611462,75.6
1587736611462,75.6
1587736611462,75.6
1587736611462,75.6
1587736611462,75.6
1587736611462,75.6
1587736611462,75.6
1587736611462,75.6
1587736611462,75.6
1587736611462,75.6
1587737173973,75.92
1587737173973,75.92
1587737173973,75.92
1587737173973,75.92
1587737173973,75.92
1587737173973,75.92
1587737173973,75.92
1587737173973,75.92
1587737173973,75.92
1587737173973,75.92
1587737173973,75.92
1587737173973,75.92
1587737295972,75.73
1587737295972,75.73
1587737295972,75.73
1587737295972,75.73
1587737295972,75.73
1587737295972,75.73
1587737295972,75.73
1587737295972,75.73
1587737295972,75.73
1587737295972,75.73
1587737295972,75.73
1587737295972,75.73
1587737295972,75.73
1587737295972,75.73
1587737295972,75.73
1587737295972,75.73
1587737295972,75.73
1587737295972,75.73
1587737295972,75.73
1587737295972,75.73
1587737295972,75.73
1587737295972,75.73
1587737295972,75.73
1587737295972,75.73
1587737295972,75.73
1587737295972,75.73
1587737295972,75.73
1587737295972,75.73
1587737295972,75.73
1587737295972,75.73
1587737295972,75.73
1587737295972,75.73
1587737295972,75.73
1587737295972,75.73
1587737295972,75.73
1587737295972,75.73
1587737295972,75.73
1587737295972,75.73
1587737295972,75.73
1587737295972,75.73
1587737295972,75.73
1587737295972,75.73
1587737295972,75.73
1587737295972,75.73
1587737295972,75.73
1587737295972,75.73
1587737295972,75.73
1587737295972,75.73
1587737295972,75.73
1587737295972,75.73
1587737295972,75.73
1587737295972,75.73
1587737295972,75.73
1587737295972,75.73
1587737295972,75.73
1587737295972,75.73
1587737295972,75.73
1587737295972,75.73
1587737295972,75.73
1587737295972,75.73
1587737295972,75.73
1587737295972,75.73
1587737295972,75.73
1587737295972,75.73
1587737295972,75.73
1587737295972,75.73
1587737295972,75.73
1587737295972,75.73
1587737295972,75.73
1587737295972,75.73
1587737295972,75.73
1587737295972,75.73
1587738060427,75.91
1587738060427,75.91
1587738060427,75.91
1587738060427,75.91
1587738060427,75.91
1587738060427,75.91
1587738060427,75.91
1587738060427,75.91
1587738060427,75.91
1587738060427,75.91
1587738060427,75.91
1587738060427,75.91
1587738060427,75.91
1587738060427,75.91
1587738060427,75.91
1587738060427,75.91
1587738060427,75.91
1587738060427,75.91
1587738060427,75.91
1587738060427,75.91
1587738060427,75.91
1587738060427,75.91
1587738060427,75.91
1587738060427,75.91
1587738060427,75.91
1587738060427,75.91
1587738060427,75.91
1587738060427,75.91
1587738060427,75.91
1587738060427,75.91
1587738060427,75.91
1587738060427,75.91
1587738060427,75.91
1587738060427,75.91
1587738060427,75.91
1587738060427,75.91
1587738060427,75.91
1587738060427,75.91
1587738060427,75.91
1587738060427,75.91
1587738060427,75.91
1587738060427,75.91
1587738060427,75.91
1587738060427,75.91
1587738060427,75.91
1587738060427,75.91
1587738060427,75.91
1587738060427,75.91
1587738559855,75.95
1587738559855,75.95
1587738559855,75.95
1587738559855,75.95
1587738559855,75.95
1587738559855,75.95
1587738559855,75.95
1587738559855,75.95
1587738559855,75.95
1587738559855,75.95
1587738559855,75.95
1587738559855,75.95
1587738559855,75.95
1587738559855,75.95
1587738559855,75.95
1587738559855,75.95
1587738559855,75.95
1587738559855,75.95
1587738559855,75.95
1587738559855,75.95
1587738559855,75.95
1587738559855,75.95
1587738559855,75.95
1587738559855,75.95
1587738559855,75.95
1587738559855,75.95
1587738559855,75.95
1587738559855,75.95
1587738559855,75.95
1587738559855,75.95
1587738559855,75.95
1587738559855,75.95
1587738559855,75.95
1587738559855,75.95
1587738559855,75.95
1587738559855,75.95
1587738559855,75.95
1587738559855,75.95
1587738559855,75.95
1587738559855,75.95
1587738559855,75.95
1587738559855,75.95
1587738559855,75.95
1587738559855,75.95
1587738559855,75.95
1587738559855,75.95
1587738559855,75.95
1587738559855,75.95
1587738559855,75.95
1587738559855,75.95
1587738559855,75.95
1587738559855,75.95
1587738559855,75.95
1587738559855,75.95
1587738559855,75.95
1587738559855,75.95
1587738559855,75.95
1587738559855,75.95
1587738559855,75.95
1587738559855,75.95
1587738559855,75.95
1587738559855,75.95
1587738559855,75.95
1587739217573,76.06
1587739217573,76.06
1587739217573,76.06
1587739217573,76.06
1587739217573,76.06
1587739217573,76.06
1587739217573,76.06
1587739217573,76.06
1587739217573,76.06
1587739217573,76.06
1587739217573,76.06
1587739217573,76.06
1587739217573,76.06
1587739217573,76.06
1587739217573,76.06
1587739217573,76.06
1587739217573,76.06
1587739217573,76.06
1587739217573,76.06
1587739217573,76.06
1587739217573,76.06
1587739217573,76.06
1587739217573,76.06
1587739217573,76.06
1587739217573,76.06
1587739217573,76.06
1587739217573,76.06
1587739217573,76.06
1587739217573,76.06
1587739217573,76.06
1587739217573,76.06
1587739217573,76.06
1587739217573,76.06
1587739217573,76.06
1587739217573,76.06
1587739217573,76.06
1587739217573,76.06
1587739217573,76.06
1587739217573,76.06
1587739217573,76.06
1587739217573,76.06
1587739217573,76.06
1587739217573,76.06
1587739217573,76.06
1587739217573,76.06
1587739217573,76.06
1587739217573,76.06
1587739217573,76.06
1587739217573,76.06
1587739217573,76.06
1587739217573,76.06
1587739217573,76.06
1587739217573,76.06
1587739217573,76.06
1587739217573,76.06
1587739799577,76.15
1587739799577,76.15
1587739799577,76.15
1587739799577,76.15
1587739799577,76.15
1587739799577,76.15
1587739799577,76.15
1587739799577,76.15
1587739799577,76.15
1587739799577,76.15
1587739799577,76.15
1587739799577,76.15
1587739799577,76.15
1587739799577,76.15
1587739799577,76.15
1587739799577,76.15
1587739799577,76.15
1587739799577,76.15
1587739799577,76.15
1587739999005,76.335
1587739999005,76.335
1587739999005,76.335
1587739999005,76.335
1587739999005,76.335
1587739999005,76.335
1587739999005,76.335
1587739999005,76.335
1587739999005,76.335
1587739999005,76.335
1587739999005,76.335
1587739999005,76.335
1587739999005,76.335
1587739999005,76.335
1587739999005,76.335
1587739999005,76.335
1587739999005,76.335
1587739999005,76.335
1587739999005,76.335
1587739999005,76.335
1587739999005,76.335
1587739999005,76.335
1587739999005,76.335
1587739999005,76.335
1587739999005,76.335
1587739999005,76.335
1587739999005,76.335
1587740280966,76.235
1587740294014,76.235
1587740295757,76.25
1587740308151,76.23
1587740308151,76.23
1587740308151,76.23
1587740308151,76.23
1587740308151,76.23
1587740308151,76.23
1587740375044,76.335
1587740381387,76.3
1587740381387,76.3
1587740381387,76.3
1587740381387,76.3
1587740381387,76.3
1587740381387,76.3
1587740381387,76.3
1587740381387,76.3
1587740381387,76.3
1587740381387,76.3
1587740487018,76.13
1587740487018,76.13
1587740487018,76.13
1587740487018,76.13
1587740487018,76.13
1587740487018,76.13
1587740487018,76.13
1587740487018,76.13
1587740487018,76.13
1587740487018,76.13
1587740487018,76.13
1587740606853,76.19
1587740606853,76.19
1587740606853,76.19
1587740606853,76.19
1587740606853,76.19
1587740606853,76.19
1587740606853,76.19
1587740606853,76.19
1587740606853,76.19
1587740606853,76.19
1587740606853,76.19
1587740606853,76.19
1587740606853,76.19
1587740606853,76.19
1587740606853,76.19
1587740606853,76.19
1587740606853,76.19
1587740606853,76.19
1587740606853,76.19
1587740606853,76.19
1587740606853,76.19
1587740606853,76.19
1587740606853,76.19
1587740606853,76.19
1587740606853,76.19
1587740606853,76.19
1587740882031,76.195
1587740882031,76.195
1587740882031,76.195
1587740882031,76.195
1587740882031,76.195
1587740882031,76.195
1587740882031,76.195
1587740882031,76.195
1587740882031,76.195
1587740882031,76.195
1587740882031,76.195
1587740882031,76.195
1587740882031,76.195
1587740882031,76.195
1587740882031,76.195
1587740882031,76.195
1587740882031,76.195
1587740882031,76.195
1587740882031,76.195
1587740882031,76.195
1587740882031,76.195
1587740882031,76.195
1587740882031,76.195
1587740882031,76.195
1587740882031,76.195
1587740882031,76.195
1587740882031,76.195
1587740882031,76.195
1587740882031,76.195
1587740882031,76.195
1587740882031,76.195
1587740882031,76.195
1587740882031,76.195
1587740882031,76.195
1587740882031,76.195
1587740882031,76.195
1587740882031,76.195
1587740882031,76.195
1587740882031,76.195
1587740882031,76.195
1587740882031,76.195
1587740882031,76.195
1587740882031,76.195
1587740882031,76.195
1587740882031,76.195
1587740882031,76.195
1587740882031,76.195
1587740882031,76.195
1587740882031,76.195
1587740882031,76.195
1587740882031,76.195
1587740882031,76.195
1587740882031,76.195
1587740882031,76.195
1587740882031,76.195
1587740882031,76.195
1587740882031,76.195
1587740882031,76.195
1587740882031,76.195
1587740882031,76.195
1587740882031,76.195
1587740882031,76.195
1587740882031,76.195
1587740882031,76.195
1587740882031,76.195
1587740882031,76.195
1587740882031,76.195
1587740882031,76.195
1587740882031,76.195
1587740882031,76.195
1587740882031,76.195
1587740882031,76.195
1587740882031,76.195
1587741642400,76.475
1587741642400,76.475
1587741642400,76.475
1587741642400,76.475
1587741642400,76.475
1587741642400,76.475
1587741642400,76.475
1587741642400,76.475
1587741642400,76.475
1587741642400,76.475
1587741642400,76.475
1587741642400,76.475
1587741642400,76.475
1587741642400,76.475
1587741642400,76.475
1587741642400,76.475
1587741642400,76.475
1587741642400,76.475
1587741642400,76.475
1587741642400,76.475
1587741642400,76.475
1587741642400,76.475
1587741642400,76.475
1587741642400,76.475
1587741642400,76.475
1587741642400,76.475
1587741642400,76.475
1587741642400,76.475
1587741642400,76.475
1587741642400,76.475
1587741642400,76.475
1587741642400,76.475
1587741642400,76.475
1587741642400,76.475
1587741642400,76.475
1587741642400,76.475
1587741642400,76.475
1587741642400,76.475
1587741642400,76.475
1587741642400,76.475
1587741642400,76.475
1587741642400,76.475
1587741642400,76.475
1587741642400,76.475
1587741642400,76.475
1587741642400,76.475
1587741642400,76.475
1587741642400,76.475
1587741642400,76.475
1587741642400,76.475
1587741642400,76.475
1587741642400,76.475
1587741642400,76.475
1587741642400,76.475
1587741642400,76.475
1587741642400,76.475
1587741642400,76.475
1587741642400,76.475
1587741642400,76.475
1587741642400,76.475
1587741642400,76.475
1587741642400,76.475
1587741642400,76.475
1587741642400,76.475
1587741642400,76.475
1587741642400,76.475
1587741642400,76.475
1587741642400,76.475
1587741642400,76.475
1587741642400,76.475
1587741642400,76.475
1587742389603,76.375
1587742389603,76.375
1587742389603,76.375
1587742389603,76.375
1587742389603,76.375
1587742389603,76.375
1587742389603,76.375
1587742389603,76.375
1587742389603,76.375
1587742389603,76.375
1587742389603,76.375
1587742389603,76.375
1587742389603,76.375
1587742389603,76.375
1587742389603,76.375
1587742389603,76.375
1587742560230,76.64
1587742562559,76.605
1587742562559,76.605
1587742562559,76.605
1587742594262,76.65
1587742594262,76.65
1587742594262,76.65
1587742594262,76.65
1587742594262,76.65
1587742594262,76.65
1587742594262,76.65
1587742594262,76.65
1587742594262,76.65
1587742594262,76.65
1587742594262,76.65
1587742594262,76.65
1587742594262,76.65
1587742594262,76.65
1587742594262,76.65
1587742594262,76.65
1587742594262,76.65
1587742594262,76.65
1587742594262,76.65
1587742594262,76.65
1587742594262,76.65
1587742594262,76.65
1587742594262,76.65
1587742594262,76.65
1587742594262,76.65
1587742594262,76.65
1587742594262,76.65
1587742888019,76.545
1587742888019,76.545
1587742888019,76.545
1587742888019,76.545
1587742888019,76.545
1587742888019,76.545
1587742888019,76.545
1587742888019,76.545
1587742888019,76.545
1587742888019,76.545
1587742888019,76.545
1587742888019,76.545
1587742888019,76.545
1587743017894,76.405
1587743017894,76.405
1587743017894,76.405
1587743017894,76.405
1587743017894,76.405
1587743017894,76.405
1587743017894,76.405
1587743017894,76.405
1587743017894,76.405
1587743017894,76.405
1587743017894,76.405
1587743017894,76.405
1587743017894,76.405
1587743160060,76.58
1587743170873,76.57
1587743170873,76.57
1587743170873,76.57
1587743170873,76.57
1587743170873,76.57
1587743170873,76.57
1587743170873,76.57
1587743170873,76.57
1587743170873,76.57
1587743170873,76.57
1587743170873,76.57
1587743170873,76.57
1587743170873,76.57
1587743170873,76.57
1587743170873,76.57
1587743170873,76.57
1587743170873,76.57
1587743170873,76.57
1587743170873,76.57
1587743170873,76.57
1587743170873,76.57
1587743170873,76.57
1587743170873,76.57
1587743170873,76.57
1587743170873,76.57
1587743170873,76.57
1587743170873,76.57
1587743170873,76.57
1587743170873,76.57
1587743170873,76.57
1587743170873,76.57
1587743170873,76.57
1587743170873,76.57
1587743170873,76.57
1587743170873,76.57
1587743170873,76.57
1587743170873,76.57
1587743170873,76.57
1587743170873,76.57
1587743170873,76.57
1587743589514,76.72
1587743589514,76.72
1587743589514,76.72
1587743589514,76.72
1587743589514,76.72
1587743589514,76.72
1587743589514,76.72
1587743589514,76.72
1587743589514,76.72
1587743589514,76.72
1587743589514,76.72
1587743589514,76.72
1587743589514,76.72
1587743589514,76.72
1587743728518,76.72
1587743728518,76.72
1587743728518,76.72
1587743728518,76.72
1587743728518,76.72
1587743728518,76.72
1587743728518,76.72
1587743728518,76.72
1587743728518,76.72
1587743728518,76.72
1587743728518,76.72
1587743728518,76.72
1587743728518,76.72
1587743728518,76.72
1587743728518,76.72
1587743728518,76.72
1587743728518,76.72
1587743728518,76.72
1587743728518,76.72
1587743728518,76.72
1587743728518,76.72
1587743728518,76.72
1587743728518,76.72
1587743728518,76.72
1587743728518,76.72
1587743728518,76.72
1587743728518,76.72
1587743728518,76.72
1587743728518,76.72
1587743728518,76.72
1587743728518,76.72
1587743728518,76.72
1587743728518,76.72
1587743728518,76.72
1587743728518,76.72
1587743728518,76.72
1587743728518,76.72
1587743728518,76.72
1587743728518,76.72
1587743728518,76.72
1587743728518,76.72
1587743728518,76.72
1587743728518,76.72
1587743728518,76.72
1587743728518,76.72
1587743728518,76.72
1587743728518,76.72
1587743728518,76.72
1587743728518,76.72
1587743728518,76.72
1587743728518,76.72
1587743728518,76.72
1587743728518,76.72
1587743728518,76.72
1587743728518,76.72
1587743728518,76.72
1587743728518,76.72
1587743728518,76.72
1587743728518,76.72
1587743728518,76.72
1587744358868,76.89
1587744358868,76.89
1587744358868,76.89
1587744358868,76.89
1587744358868,76.89
1587744358868,76.89
1587744358868,76.89
1587744358868,76.89
1587744358868,76.89
1587744358868,76.89
1587744358868,76.89
1587744358868,76.89
1587744358868,76.89
1587744358868,76.89
1587744358868,76.89
1587744358868,76.89
1587744358868,76.89
1587744358868,76.89
1587744358868,76.89
1587744358868,76.89
1587744358868,76.89
1587744358868,76.89
1587744358868,76.89
1587744358868,76.89
1587744358868,76.89
1587744358868,76.89
1587744358868,76.89
1587744358868,76.89
1587744358868,76.89
1587744358868,76.89
1587744358868,76.89
1587744358868,76.89
1587744358868,76.89
1587744358868,76.89
1587744358868,76.89
1587744358868,76.89
1587744358868,76.89
1587744358868,76.89
1587744358868,76.89
1587744358868,76.89
1587744358868,76.89
1587744358868,76.89
1587744358868,76.89
1587744358868,76.89
1587744358868,76.89
1587744358868,76.89
1587744358868,76.89
1587744358868,76.89
1587744358868,76.89
1587744358868,76.89
1587744358868,76.89
1587744358868,76.89
1587744358868,76.89
1587744358868,76.89
1587744358868,76.89
1587744358868,76.89
1587744358868,76.89
1587744358868,76.89
1587744358868,76.89
1587744358868,76.89
1587744358868,76.89
1587744358868,76.89
1587744358868,76.89
1587744358868,76.89
1587744358868,76.89
1587744358868,76.89
1587744358868,76.89
1587744358868,76.89
1587744358868,76.89
1587744358868,76.89
1587744358868,76.89
1587744358868,76.89
1587744358868,76.89
1587744358868,76.89
1587744358868,76.89
1587744358868,76.89
1587744358868,76.89
1587744358868,76.89
1587744358868,76.89
1587744358868,76.89
1587744358868,76.89
1587744358868,76.89
1587744358868,76.89
1587744358868,76.89
1587744358868,76.89
1587744358868,76.89
1587744358868,76.89
1587744358868,76.89
1587744358868,76.89
1587744358868,76.89
1587744358868,76.89
1587744358868,76.89
1587744358868,76.89
1587744358868,76.89
1587744358868,76.89
1587744358868,76.89
1587744358868,76.89
1587744358868,76.89
1587744358868,76.89
1587744358868,76.89
1587744358868,76.89
1587744358868,76.89
1587744358868,76.89
1587744358868,76.89
1587744358868,76.89
1587744358868,76.89
1587744358868,76.89
1587744358868,76.89
1587745508444,76.9
1587745508444,76.9
1587745508444,76.9
1587745508444,76.9
1587745508444,76.9
1587745508444,76.9
1587745508444,76.9
1587745508444,76.9
1587745508444,76.9
1587745508444,76.9
1587745508444,76.9
1587745508444,76.9
1587745508444,76.9
1587745508444,76.9
1587745508444,76.9
1587745508444,76.9
1587745508444,76.9
1587745508444,76.9
1587745508444,76.9
1587745508444,76.9
1587745715598,77.04
1587745715598,77.04
1587745715598,77.04
1587745715598,77.04
1587745715598,77.04
1587745715598,77.04
1587745715598,77.04
1587745715598,77.04
1587745715598,77.04
1587745715598,77.04
1587745715598,77.04
1587745715598,77.04
1587745715598,77.04
1587745857090,77
1587745857090,77
1587745857090,77
1587745857090,77
1587745857090,77
1587745857090,77
1587745857090,77
1587745857090,77
1587745857090,77
1587745857090,77
1587745857090,77
1587745857090,77
1587745857090,77
1587745857090,77
1587745857090,77
1587745857090,77
1587745857090,77
1587745857090,77
1587745857090,77
1587745857090,77
1587745857090,77
1587745857090,77
1587745857090,77
1587745857090,77
1587745857090,77
1587745857090,77
1587745857090,77
1587745857090,77
1587745857090,77
1587745857090,77
1587745857090,77
1587745857090,77
1587745857090,77
1587745857090,77
1587745857090,77
1587745857090,77
1587745857090,77
1587745857090,77
1587745857090,77
1587745857090,77
1587745857090,77
1587746283025,77.005
1587746283025,77.005
1587746283025,77.005
1587746283025,77.005
1587746283025,77.005
1587746283025,77.005
1587746283025,77.005
1587746283025,77.005
1587746283025,77.005
1587746283025,77.005
1587746283025,77.005
1587746283025,77.005
1587746283025,77.005
1587746283025,77.005
1587746283025,77.005
1587746283025,77.005
1587746283025,77.005
1587746283025,77.005
1587746283025,77.005
1587746283025,77.005
1587746283025,77.005
1587746283025,77.005
1587746283025,77.005
1587746283025,77.005
1587746283025,77.005
1587746283025,77.005
1587746283025,77.005
1587746283025,77.005
1587746283025,77.005
1587746283025,77.005
1587746283025,77.005
1587746283025,77.005
1587746283025,77.005
1587746283025,77.005
1587746283025,77.005
1587746283025,77.005
1587746283025,77.005
1587746283025,77.005
1587746283025,77.005
1587746283025,77.005
1587746283025,77.005
1587746283025,77.005
1587746283025,77.005
1587746283025,77.005
1587746283025,77.005
1587746283025,77.005
1587746283025,77.005
1587746283025,77.005
1587746283025,77.005
1587746283025,77.005
1587746283025,77.005
1587746283025,77.005
1587746283025,77.005
1587746283025,77.005
1587746283025,77.005
1587746283025,77.005
1587746283025,77.005
1587746283025,77.005
1587746283025,77.005
1587746283025,77.005
1587746920601,77.25
1587746920601,77.25
1587746920601,77.25
1587746920601,77.25
1587746920601,77.25
1587746920601,77.25
1587746920601,77.25
1587746920601,77.25
1587746920601,77.25
1587746920601,77.25
1587746920601,77.25
1587746920601,77.25
1587746920601,77.25
1587746920601,77.25
1587746920601,77.25
1587746920601,77.25
1587746920601,77.25
1587746920601,77.25
1587746920601,77.25
1587746920601,77.25
1587746920601,77.25
1587746920601,77.25
1587746920601,77.25
1587746920601,77.25
1587746920601,77.25
1587746920601,77.25
1587746920601,77.25
1587746920601,77.25
1587746920601,77.25
1587746920601,77.25
1587746920601,77.25
1587746920601,77.25
1587746920601,77.25
1587746920601,77.25
1587746920601,77.25
1587746920601,77.25
1587746920601,77.25
1587746920601,77.25
1587746920601,77.25
1587747322102,77.16
1587747330868,77.18
1587747330868,77.18
1587747330868,77.18
1587747330868,77.18
1587747330868,77.18
1587747330868,77.18
1587747330868,77.18
1587747330868,77.18
1587747330868,77.18
1587747330868,77.18
1587747330868,77.18
1587747330868,77.18
1587747330868,77.18
1587747330868,77.18
1587747477079,77.215
1587747477079,77.215
1587747477079,77.215
1587747477079,77.215
1587747477079,77.215
1587747477079,77.215
1587747477079,77.215
1587747477079,77.215
1587747477079,77.215
1587747477079,77.215
1587747477079,77.215
1587747477079,77.215
1587747477079,77.215
1587747477079,77.215
1587747477079,77.215
1587747477079,77.215
1587747477079,77.215
1587747477079,77.215
1587747477079,77.215
1587747477079,77.215
1587747477079,77.215
1587747477079,77.215
1587747477079,77.215
1587747477079,77.215
1587747477079,77.215
1587747477079,77.215
1587747477079,77.215
1587747477079,77.215
1587747477079,77.215
1587747477079,77.215
1587747477079,77.215
1587747477079,77.215
1587747477079,77.215
1587747477079,77.215
1587747477079,77.215
1587747477079,77.215
1587747477079,77.215
1587747477079,77.215
1587747477079,77.215
1587747477079,77.215
1587747477079,77.215
1587747477079,77.215
1587747477079,77.215
1587747477079,77.215
1587747477079,77.215
1587747477079,77.215
1587747477079,77.215
1587747477079,77.215
1587747477079,77.215
1587747477079,77.215
1587747477079,77.215
1587747477079,77.215
1587747477079,77.215
1587747477079,77.215
1587747477079,77.215
1587747477079,77.215
1587747477079,77.215
1587747477079,77.215
1587747477079,77.215
1587747477079,77.215
1587747477079,77.215
1587747477079,77.215
1587747477079,77.215
1587747477079,77.215
1587747477079,77.215
1587747477079,77.215
1587747477079,77.215
1587747477079,77.215
1587747477079,77.215
1587747477079,77.215
1587747477079,77.215
1587747477079,77.215
1587747477079,77.215
1587747477079,77.215
1587747477079,77.215
1587747477079,77.215
1587747477079,77.215
1587747477079,77.215
1587747477079,77.215
1587747477079,77.215
1587747477079,77.215
1587747477079,77.215
1587747477079,77.215
1587747477079,77.215
1587747477079,77.215
1587747477079,77.215
1587747477079,77.215
1587747477079,77.215
1587747477079,77.215
1587747477079,77.215
1587747477079,77.215
1587747477079,77.215
1587747477079,77.215
1587747477079,77.215
1587747477079,77.215
1587747477079,77.215
1587747477079,77.215
1587747477079,77.215
1587747477079,77.215
1587747477079,77.215
1587747477079,77.215
1587747477079,77.215
1587747477079,77.215
1587747477079,77.215
1587747477079,77.215
1587747477079,77.215
1587747477079,77.215
1587747477079,77.215
1587747477079,77.215
1587747477079,77.215
1587747477079,77.215
1587747477079,77.215
1587747477079,77.215
1587747477079,77.215
1587747477079,77.215
1587747477079,77.215
1587747477079,77.215
1587747477079,77.215
1587747477079,77.215
1587747477079,77.215
1587747477079,77.215
1587747477079,77.215
1587747477079,77.215
1587747477079,77.215
1587747477079,77.215
1587747477079,77.215
1587747477079,77.215
1587747477079,77.215
1587747477079,77.215
1587747477079,77.215
1587747477079,77.215
1587747477079,77.215
1587747477079,77.215
1587747477079,77.215
1587747477079,77.215
1587747477079,77.215
1587747477079,77.215
1587747477079,77.215
1587747477079,77.215
1587747477079,77.215
1587747477079,77.215
1587747477079,77.215
1587747477079,77.215
1587747477079,77.215
1587747477079,77.215
1587747477079,77.215
1587747477079,77.215
1587747477079,77.215
1587747477079,77.215
1587747477079,77.215
1587747477079,77.215
1587747477079,77.215
1587747477079,77.215
1587747477079,77.215
1587747477079,77.215
1587747477079,77.215
1587747477079,77.215
1587747477079,77.215
1587747477079,77.215
1587747477079,77.215
1587747477079,77.215
1587747477079,77.215
1587747477079,77.215
1587747477079,77.215
1587747477079,77.215
1587747477079,77.215
1587747477079,77.215
1587747477079,77.215
1587747477079,77.215
1587747477079,77.215
1587747477079,77.215
1587747477079,77.215
1587747477079,77.215
1587747477079,77.215
1587747477079,77.215
1587747477079,77.215
1587747477079,77.215
1587747477079,77.215
1587747477079,77.215
1587747477079,77.215
1587747477079,77.215
1587747477079,77.215
1587747477079,77.215
1587747477079,77.215
1587747477079,77.215
1587747477079,77.215
1587747477079,77.215
1587747477079,77.215
1587747477079,77.215
1587747477079,77.215
1587747477079,77.215
1587747477079,77.215
1587747477079,77.215
1587747477079,77.215
1587747477079,77.215
1587747477079,77.215
1587747477079,77.215
1587747477079,77.215
1587747477079,77.215
1587747477079,77.215
1587747477079,77.215
1587747477079,77.215
1587747477079,77.215
1587747477079,77.215
1587747477079,77.215
1587747477079,77.215
1587747477079,77.215
1587747477079,77.215
1587747477079,77.215
1587747477079,77.215
1587747477079,77.215
1587747477079,77.215
1587747477079,77.215
1587747477079,77.215
1587747477079,77.215
1587747477079,77.215
1587747477079,77.215
1587747477079,77.215
1587747477079,77.215
1587747477079,77.215
1587747477079,77.215
1587747477079,77.215
1587747477079,77.215
1587747477079,77.215
1587747477079,77.215
1587747477079,77.215
1587747477079,77.215
1587747477079,77.215
1587747477079,77.215
1587747477079,77.215
1587747477079,77.215
1587747477079,77.215
1587747477079,77.215
1587747477079,77.215
1587747477079,77.215
1587747477079,77.215
1587747477079,77.215
1587747477079,77.215
1587747477079,77.215
1587747477079,77.215
1587747477079,77.215
1587747477079,77.215
1587747477079,77.215
1587747477079,77.215
1587747477079,77.215
1587747477079,77.215
1587747477079,77.215
1587747477079,77.215
1587747477079,77.215
1587747477079,77.215
1587747477079,77.215
1587747477079,77.215
1587747477079,77.215
1587747477079,77.215
1587747477079,77.215
1587747477079,77.215
1587747477079,77.215
1587747477079,77.215
1587747477079,77.215
1587747477079,77.215
1587747477079,77.215
1587747477079,77.215
1587747477079,77.215
1587747477079,77.215
1587747477079,77.215
1587747477079,77.215
1587747477079,77.215
1587747477079,77.215
1587747477079,77.215
1587747477079,77.215
1587747477079,77.215
1587747477079,77.215
1587747477079,77.215
1587747477079,77.215
1587747477079,77.215
1587747477079,77.215
1587747477079,77.215
1587747477079,77.215
1587747477079,77.215
1587747477079,77.215
1587747477079,77.215
1587747477079,77.215
1587747477079,77.215
1587747477079,77.215
1587747477079,77.215
1587747477079,77.215
1587747477079,77.215
1587747477079,77.215
1587747477079,77.215
1587747477079,77.215
1587747477079,77.215
1587747477079,77.215
1587747477079,77.215
1587747477079,77.215
1587747477079,77.215
1587747477079,77.215
1587747477079,77.215
1587747477079,77.215
1587747477079,77.215
1587747477079,77.215
1587747477079,77.215
1587747477079,77.215
1587747477079,77.215
1587747477079,77.215
1587747477079,77.215
1587747477079,77.215
1587747477079,77.215
1587747477079,77.215
1587747477079,77.215
1587747477079,77.215
1587747477079,77.215
1587747477079,77.215
1587750783234,77.21
1587750783234,77.21
1587750783234,77.21
1587750783234,77.21
1587750783234,77.21
1587750783234,77.21
1587750783234,77.21
1587750783234,77.21
1587750783234,77.21
1587750783234,77.21
1587750783234,77.21
1587750783234,77.21
1587750783234,77.21
1587750783234,77.21
1587750783234,77.21
1587750783234,77.21
1587750783234,77.21
1587750783234,77.21
1587750783234,77.21
1587750783234,77.21
1587750783234,77.21
1587750783234,77.21
1587750783234,77.21
1587750783234,77.21
1587750783234,77.21
1587750783234,77.21
1587750783234,77.21
1587750783234,77.21
1587750783234,77.21
1587750783234,77.21
1587750783234,77.21
1587750783234,77.21
1587750783234,77.21
1587750783234,77.21
1587750783234,77.21
1587750783234,77.21
1587750783234,77.21
1587750783234,77.21
1587750783234,77.21
1587750783234,77.21
1587750783234,77.21
1587750783234,77.21
1587750783234,77.21
1587750783234,77.21
1587750783234,77.21
1587750783234,77.21
1587750783234,77.21
1587750783234,77.21
1587750783234,77.21
1587750783234,77.21
1587750783234,77.21
1587750783234,77.21
1587751337877,77.275
1587751337877,77.275
1587751337877,77.275
1587751337877,77.275
1587751383877,77.38
1587751383877,77.38
1587751407696,77.54
1587751407696,77.54
1587751407696,77.54
1587751407696,77.54
1587751407696,77.54
1587751407696,77.54
1587751407696,77.54
1587751407696,77.54
1587751407696,77.54
1587751407696,77.54
1587751407696,77.54
1587751407696,77.54
1587751407696,77.54
1587751407696,77.54
1587751407696,77.54
1587751407696,77.54
1587751407696,77.54
1587751407696,77.54
1587751588113,77.45
1587751588113,77.45
1587751588113,77.45
1587751588113,77.45
1587751588113,77.45
1587751588113,77.45
1587751588113,77.45
1587751588113,77.45
1587751588113,77.45
1587751588113,77.45
1587751588113,77.45
1587751708013,77.54
1587751708013,77.54
1587751708013,77.54
1587751708013,77.54
1587751708013,77.54
1587751708013,77.54
1587751708013,77.54
1587751708013,77.54
1587751708013,77.54
1587751708013,77.54
1587751708013,77.54
1587751708013,77.54
1587751708013,77.54
1587751708013,77.54
1587751708013,77.54
1587751708013,77.54
1587751708013,77.54
1587751708013,77.54
1587751708013,77.54
1587751708013,77.54
1587751708013,77.54
1587751708013,77.54
1587751708013,77.54
1587751708013,77.54
1587751708013,77.54
1587751708013,77.54
1587751708013,77.54
1587751708013,77.54
1587751708013,77.54
1587751708013,77.54
1587751708013,77.54
1587751708013,77.54
1587751708013,77.54
1587751708013,77.54
1587751708013,77.54
1587751708013,77.54
1587751708013,77.54
1587751708013,77.54
1587751708013,77.54
1587751708013,77.54
1587751708013,77.54
1587751708013,77.54
1587751708013,77.54
1587751708013,77.54
1587751708013,77.54
1587751708013,77.54
1587751708013,77.54
1587751708013,77.54
1587751708013,77.54
1587751708013,77.54
1587751708013,77.54
1587751708013,77.54
1587751708013,77.54
1587751708013,77.54
1587751708013,77.54
1587751708013,77.54
1587751708013,77.54
1587751708013,77.54
1587751708013,77.54
1587751708013,77.54
1587751708013,77.54
1587751708013,77.54
1587751708013,77.54
1587751708013,77.54
1587751708013,77.54
1587751708013,77.54
1587751708013,77.54
1587751708013,77.54
1587751708013,77.54
1587751708013,77.54
1587751708013,77.54
1587752466767,77.525
1587752466767,77.525
1587752466767,77.525
1587752466767,77.525
1587752466767,77.525
1587752466767,77.525
1587752466767,77.525
1587752466767,77.525
1587752466767,77.525
1587752466767,77.525
1587752466767,77.525
1587752466767,77.525
1587752466767,77.525
1587752466767,77.525
1587752466767,77.525
1587752466767,77.525
1587752466767,77.525
1587752466767,77.525
1587752466767,77.525
1587752466767,77.525
1587752466767,77.525
1587752466767,77.525
1587752466767,77.525
1587752466767,77.525
1587752466767,77.525
1587752466767,77.525
1587752466767,77.525
1587752466767,77.525
1587752466767,77.525
1587752466767,77.525
1587752466767,77.525
1587752788648,77.42
1587752788648,77.42
1587752788648,77.42
1587752788648,77.42
1587752788648,77.42
1587752788648,77.42
1587752788648,77.42
1587752788648,77.42
1587752788648,77.42
1587752788648,77.42
1587752788648,77.42
1587752788648,77.42
1587752788648,77.42
1587752788648,77.42
1587752788648,77.42
1587752788648,77.42
1587752788648,77.42
1587752788648,77.42
1587752788648,77.42
1587752788648,77.42
1587752788648,77.42
1587752788648,77.42
1587752788648,77.42
1587752788648,77.42
1587752788648,77.42
1587752788648,77.42
1587752788648,77.42
1587752788648,77.42
1587752788648,77.42
1587752788648,77.42
1587752788648,77.42
1587752788648,77.42
1587752788648,77.42
1587752788648,77.42
1587752788648,77.42
1587752788648,77.42
1587752788648,77.42
1587752788648,77.42
1587752788648,77.42
1587752788648,77.42
1587752788648,77.42
1587752788648,77.42
1587752788648,77.42
1587752788648,77.42
1587752788648,77.42
1587752788648,77.42
1587752788648,77.42
1587752788648,77.42
1587752788648,77.42
1587752788648,77.42
1587752788648,77.42
1587752788648,77.42
1587752788648,77.42
1587752788648,77.42
1587752788648,77.42
1587752788648,77.42
1587752788648,77.42
1587753388187,77.48
1587753388187,77.48
1587753388187,77.48
1587753388187,77.48
1587753388187,77.48
1587753388187,77.48
1587753450847,77.355
1587753450847,77.355
1587753450847,77.355
1587753450847,77.355
1587753450847,77.355
1587753450847,77.355
1587753450847,77.355
1587753450847,77.355
1587753450847,77.355
1587753450847,77.355
1587753450847,77.355
1587753450847,77.355
1587753450847,77.355
1587753450847,77.355
1587753450847,77.355
1587753450847,77.355
1587753450847,77.355
1587753450847,77.355
1587753450847,77.355
1587753450847,77.355
1587753450847,77.355
1587753450847,77.355
1587753450847,77.355
1587753450847,77.355
1587753450847,77.355
1587753450847,77.355
1587753450847,77.355
1587753450847,77.355
1587753450847,77.355
1587753450847,77.355
1587753450847,77.355
1587753450847,77.355
1587753450847,77.355
1587753450847,77.355
1587753450847,77.355
1587753450847,77.355
1587753450847,77.355
1587753450847,77.355
1587753450847,77.355
1587753450847,77.355
1587753450847,77.355
1587753450847,77.355
1587753450847,77.355
1587753450847,77.355
1587753450847,77.355
1587753450847,77.355
1587753450847,77.355
1587753450847,77.355
1587753450847,77.355
1587753450847,77.355
1587753450847,77.355
1587753994817,77.42
1587753994817,77.42
1587753994817,77.42
1587753994817,77.42
1587753994817,77.42
1587753994817,77.42
1587753994817,77.42
1587753994817,77.42
1587753994817,77.42
1587753994817,77.42
1587753994817,77.42
1587753994817,77.42
1587753994817,77.42
1587753994817,77.42
1587753994817,77.42
1587753994817,77.42
1587753994817,77.42
1587753994817,77.42
1587753994817,77.42
1587753994817,77.42
1587753994817,77.42
1587753994817,77.42
1587753994817,77.42
1587753994817,77.42
1587753994817,77.42
1587753994817,77.42
1587753994817,77.42
1587753994817,77.42
1587753994817,77.42
1587753994817,77.42
1587754323912,77.55
1587754323912,77.55
1587754323912,77.55
1587754323912,77.55
1587754323912,77.55
1587754323912,77.55
1587754323912,77.55
1587754323912,77.55
1587754323912,77.55
1587754323912,77.55
1587754323912,77.55
1587754323912,77.55
1587754445273,77.45
1587754445273,77.45
1587754445273,77.45
1587754445273,77.45
1587754445273,77.45
1587754445273,77.45
1587754445273,77.45
1587754445273,77.45
1587754445273,77.45
1587754445273,77.45
1587754445273,77.45
1587754445273,77.45
1587754445273,77.45
1587754445273,77.45
1587754445273,77.45
1587754445273,77.45
1587754445273,77.45
1587754445273,77.45
1587754445273,77.45
1587754445273,77.45
1587754445273,77.45
1587754445273,77.45
1587754445273,77.45
1587754445273,77.45
1587754445273,77.45
1587754445273,77.45
1587754445273,77.45
1587754445273,77.45
1587754445273,77.45
1587754445273,77.45
1587754445273,77.45
1587754445273,77.45
1587754445273,77.45
