1586957453048,2246
1586957453048,2246
1586957484557,2247.03
1586957492567,2247.11
1586957492567,2247.11
1586957515206,2248.905
1586957526796,2249.9
1586957529068,2249.49
1586957544589,2254
1586957544589,2254
1586957567357,2261.5
1586957577914,2261.81
1586957590357,2259.41
1586957598300,2256.25
1586957598300,2256.25
1586957598300,2256.25
1586957633177,2257.28
1586957635360,2257.44
1586957650633,2256.44
1586957659364,2258.55
1586957667365,2258.5
1586957683349,2259.55
1586957692305,2260.63
1586957692305,2260.63
1586957692305,2260.63
1586957692305,2260.63
1586957734174,2258
1586957747266,2260.53
1586957757620,2260.27
1586957768930,2259.18
1586957768930,2259.18
1586957768930,2259.18
1586957797427,2260.435
1586957809852,2261.875
1586957817772,2262.78
1586957817772,2262.78
1586957834643,2264.99
1586957845760,2268.63
1586957857230,2267.9
1586957872607,2268
1586957886342,2267.77
1586957896235,2268.95
1586957908020,2271.9
1586957910150,2273.5
1586957910150,2273.5
1586957910150,2273.5
1586957910150,2273.5
1586957954168,2271.98
1586957954168,2271.98
1586957980813,2269.81
1586957980813,2269.81
1586957997099,2270.16
1586958005173,2268.14
1586958020413,2267.51
1586958020413,2267.51
1586958020413,2267.51
1586958056607,2264.105
1586958060397,2265.32
1586958060397,2265.32
1586958060397,2265.32
1586958060397,2265.32
1586958060397,2265.32
1586958119820,2266.56
1586958126427,2267.835
1586958137701,2266.68
1586958150190,2262.31
1586958150190,2262.31
1586958163584,2260.735
1586958182982,2260.2
1586958186837,2261.425
1586958197650,2262.04
1586958197650,2262.04
1586958225307,2261.105
1586958225307,2261.105
1586958225307,2261.105
1586958225307,2261.105
1586958261190,2256.51
1586958279464,2251.87
1586958289867,2255.67
1586958295991,2256.49
1586958309495,2258.63
1586958319152,2258.465
1586958325929,2258.005
1586958341916,2257.7
1586958354845,2258.52
1586958363940,2259.19
1586958368691,2258.63
1586958368691,2258.63
1586958392785,2256.8
1586958410519,2257.06
1586958423851,2260.275
1586958430892,2260.94
1586958449778,2260.66
1586958449778,2260.66
1586958470333,2259.92
1586958470333,2259.92
1586958470333,2259.92
1586958470333,2259.92
1586958509568,2260.57
1586958509568,2260.57
1586958531209,2260.49
1586958531209,2260.49
1586958551691,2259.965
1586958551691,2259.965
1586958551691,2259.965
1586958585276,2258.02
1586958585276,2258.02
1586958585276,2258.02
1586958585276,2258.02
1586958585276,2258.02
1586958631197,2256.05
1586958650776,2256.97
1586958650776,2256.97
1586958673357,2258.01
1586958673357,2258.01
1586958673357,2258.01
1586958703728,2257.06
1586958715452,2257.1
1586958715452,2257.1
1586958715452,2257.1
1586958745712,2257.385
1586958755016,2254.38
1586958767067,2252.63
1586958781369,2252.87
1586958781369,2252.87
1586958781369,2252.87
1586958781369,2252.87
1586958821771,2253.45
1586958821771,2253.45
1586958848943,2253.965
1586958853316,2254.05
1586958853316,2254.05
1586958853316,2254.05
1586958888473,2251.61
1586958894789,2251.92
1586958904664,2250
1586958904664,2250
1586958928960,2249.085
1586958937110,2249.54
1586958937110,2249.54
1586958958659,2248.72
1586958970278,2250
1586958978681,2250.01
1586958978681,2250.01
1586959004852,2251.37
1586959004852,2251.37
1586959023252,2252
1586959039326,2251.665
1586959039326,2251.665
1586959039326,2251.665
1586959061821,2252.92
1586959061821,2252.92
1586959089906,2254.82
1586959095192,2255.16
1586959095192,2255.16
1586959124077,2256.55
1586959130557,2255.86
1586959141503,2255.83
1586959141503,2255.83
1586959164743,2256.99
1586959181404,2262.5
1586959183039,2263.21
1586959199406,2261.28
1586959199406,2261.28
1586959199406,2261.28
1586959235445,2260.54
1586959235445,2260.54
1586959257012,2259.45
1586959257012,2259.45
1586959257012,2259.45
1586959257012,2259.45
1586959257012,2259.45
1586959257012,2259.45
1586959257012,2259.45
1586959257012,2259.45
1586959339612,2259.53
1586959350436,2260.425
1586959361460,2262.225
1586959369369,2262.91
1586959377023,2262.27
1586959389475,2265.73
1586959399502,2265.11
1586959399502,2265.11
1586959427860,2265.485
1586959427860,2265.485
1586959442096,2266.33
1586959442096,2266.33
1586959442096,2266.33
1586959478144,2266.065
1586959486712,2264.885
1586959501105,2264.44
1586959508443,2265.135
1586959528928,2269.49
1586959540510,2272.79
1586959543657,2273
1586959556913,2271.76
1586959556913,2271.76
1586959583225,2274.29
1586959584629,2274.39
1586959584629,2274.39
1586959584629,2274.39
1586959584629,2274.39
1586959635138,2276.215
1586959635138,2276.215
1586959635138,2276.215
1586959635138,2276.215
1586959635138,2276.215
1586959635138,2276.215
1586959694343,2279.43
1586959701663,2278.835
1586959711653,2278.06
1586959724246,2277.18
1586959734963,2278.65
1586959750915,2278.635
1586959750915,2278.635
1586959750915,2278.635
1586959779018,2280.04
1586959790009,2281.17
1586959800009,2282.97
1586959800009,2282.97
1586959800009,2282.97
1586959834637,2285.66
1586959834637,2285.66
1586959854000,2285.495
1586959864352,2286.96
1586959873587,2284.495
1586959873587,2284.495
1586959873587,2284.495
1586959873587,2284.495
1586959873587,2284.495
1586959923971,2288.13
1586959934851,2287.53
1586959934851,2287.53
1586959934851,2287.53
1586959934851,2287.53
1586959974721,2285.04
1586959974721,2285.04
1586960002895,2287.66
1586960002895,2287.66
1586960002895,2287.66
1586960036709,2289.465
1586960044492,2289.45
1586960054777,2290
1586960063525,2293.46
1586960080943,2294.205
1586960080943,2294.205
1586960099496,2297.18
1586960105572,2295.16
1586960105572,2295.16
1586960105572,2295.16
1586960105572,2295.16
1586960105572,2295.16
1586960164021,2285.81
1586960174976,2287.01
1586960185025,2288.01
1586960185025,2288.01
1586960185025,2288.01
1586960215214,2287.535
1586960228180,2286.87
1586960228180,2286.87
1586960228180,2286.87
1586960255294,2282.645
1586960255294,2282.645
1586960280230,2284.07
1586960289240,2285.26
1586960289240,2285.26
1586960308839,2285.315
1586960308839,2285.315
1586960308839,2285.315
1586960335894,2285
1586960335894,2285
1586960335894,2285
1586960335894,2285
1586960380108,2287.37
1586960380108,2287.37
1586960404647,2287.15
1586960404647,2287.15
1586960404647,2287.15
1586960433974,2288.21
1586960450889,2289.22
1586960450889,2289.22
1586960450889,2289.22
1586960450889,2289.22
1586960485061,2290.93
1586960500801,2292.58
1586960516707,2295.16
1586960525265,2296.48
1586960525265,2296.48
1586960539656,2298.28
1586960557659,2298.4
1586960565086,2299.11
1586960582303,2305.02
1586960592630,2306.5
1586960598676,2306.11
1586960598676,2306.11
1586960618207,2306.685
1586960618207,2306.685
1586960636909,2309.19
1586960636909,2309.19
1586960665541,2307.13
1586960673940,2308.695
1586960680818,2309.89
1586960691649,2312.16
1586960691649,2312.16
1586960720733,2309.235
1586960732290,2310.44
1586960732290,2310.44
1586960749246,2307.67
1586960754595,2307.01
1586960754595,2307.01
1586960780554,2306.3
1586960780554,2306.3
1586960806408,2299.985
1586960813410,2298.675
1586960813410,2298.675
1586960839421,2300.69
1586960839421,2300.69
1586960839421,2300.69
1586960862069,2302.16
1586960880953,2301.86
1586960890007,2301.08
1586960890007,2301.08
1586960910176,2301.78
1586960910176,2301.78
1586960910176,2301.78
1586960937869,2301.26
1586960945701,2300.095
1586960945701,2300.095
1586960969077,2301.63
1586960975569,2304
1586960975569,2304
1586961005287,2303.03
1586961005287,2303.03
1586961005287,2303.03
1586961005287,2303.03
1586961005287,2303.03
1586961005287,2303.03
1586961005287,2303.03
1586961078974,2308.305
1586961078974,2308.305
1586961094151,2308.655
1586961110523,2310
1586961110523,2310
1586961132419,2308.245
1586961132532,2308.245
1586961132532,2308.245
1586961132532,2308.245
1586961170709,2302.955
1586961170709,2302.955
1586961170709,2302.955
1586961170709,2302.955
1586961209881,2301.25
1586961224182,2300
1586961224182,2300
1586961224182,2300
1586961224182,2300
1586961224182,2300
1586961224182,2300
1586961224182,2300
1586961299707,2294.54
1586961299707,2294.54
1586961299707,2294.54
1586961299707,2294.54
1586961342591,2298.835
1586961353653,2298.95
1586961363494,2300.06
1586961363494,2300.06
1586961363494,2300.06
1586961363494,2300.06
1586961411070,2294.11
1586961418712,2293.845
1586961432985,2293.495
1586961443355,2293.27
1586961452427,2295.525
1586961452427,2295.525
1586961470109,2294.74
1586961485400,2293.02
1586961485400,2293.02
1586961485400,2293.02
1586961515088,2288.01
1586961526927,2287.42
1586961536374,2287.125
1586961548098,2287.4
1586961555569,2288
1586961567679,2289.88
1586961574844,2290.085
1586961590294,2289.01
1586961602494,2289.015
1586961614503,2289.6
1586961614503,2289.6
1586961614503,2289.6
1586961647534,2289.43
1586961650905,2288.92
1586961666862,2287.65
1586961669597,2287.84
1586961689404,2290.29
1586961689404,2290.29
1586961689404,2290.29
1586961689404,2290.29
1586961729563,2288.14
1586961735558,2288.58
1586961753228,2290.4
1586961758876,2292.5
1586961758876,2292.5
1586961785387,2295.92
1586961791554,2295.01
1586961791554,2295.01
1586961791554,2295.01
1586961825123,2297.92
1586961825123,2297.92
1586961825123,2297.92
1586961825123,2297.92
1586961860883,2302.91
1586961878804,2302.575
1586961878804,2302.575
1586961878804,2302.575
1586961901750,2298.005
1586961901750,2298.005
1586961923938,2298.325
1586961923938,2298.325
1586961945859,2299.08
1586961945859,2299.08
1586961945859,2299.08
1586961974461,2299.7
1586961974461,2299.7
1586961974461,2299.7
1586962012059,2297.32
1586962012059,2297.32
1586962012059,2297.32
1586962012059,2297.32
1586962012059,2297.32
1586962012059,2297.32
1586962012059,2297.32
1586962090738,2303.98
1586962099580,2303.98
1586962099580,2303.98
1586962099580,2303.98
1586962099580,2303.98
1586962099580,2303.98
1586962099580,2303.98
1586962165953,2301.41
1586962165953,2301.41
1586962165953,2301.41
1586962165953,2301.41
1586962165953,2301.41
1586962213871,2301.01
1586962222917,2301.005
1586962222917,2301.005
1586962222917,2301.005
1586962222917,2301.005
1586962269488,2299.22
1586962284743,2298.49
1586962295875,2299.955
1586962295875,2299.955
1586962311002,2300.56
1586962324426,2299.17
1586962324426,2299.17
1586962324426,2299.17
1586962324426,2299.17
1586962368698,2299.825
1586962379551,2300.07
1586962379551,2300.07
1586962393059,2300.51
1586962412846,2301.01
1586962412846,2301.01
1586962412846,2301.01
1586962412846,2301.01
1586962412846,2301.01
1586962464701,2296.69
1586962464701,2296.69
1586962464701,2296.69
1586962491544,2299.035
1586962491544,2299.035
1586962512915,2298
1586962512915,2298
1586962512915,2298
1586962551454,2298.6
1586962551454,2298.6
1586962551454,2298.6
1586962581746,2299.145
1586962581746,2299.145
1586962581746,2299.145
1586962612695,2299.855
1586962623965,2298.355
1586962623965,2298.355
1586962646500,2298.005
1586962661208,2299.45
1586962661208,2299.45
1586962661208,2299.45
1586962661208,2299.45
1586962696961,2299.14
1586962696961,2299.14
1586962719595,2301.28
1586962719595,2301.28
1586962719595,2301.28
1586962719595,2301.28
1586962759901,2299.245
1586962775546,2298.01
1586962781631,2297.15
1586962795313,2299.04
1586962804713,2298.935
1586962804713,2298.935
1586962831552,2299.165
1586962831552,2299.165
1586962850914,2300.11
1586962861553,2299.75
1586962861553,2299.75
1586962861553,2299.75
1586962861553,2299.75
1586962904664,2299.89
1586962904664,2299.89
1586962904664,2299.89
1586962904664,2299.89
1586962949894,2295.85
1586962949894,2295.85
1586962949894,2295.85
1586962949894,2295.85
1586962949894,2295.85
1586962999138,2293.89
1586963012130,2295
1586963012130,2295
1586963029771,2295.51
1586963029771,2295.51
1586963029771,2295.51
1586963029771,2295.51
1586963029771,2295.51
1586963089258,2293.66
1586963089258,2293.66
1586963110039,2292.17
1586963119499,2291.84
1586963124962,2291.955
1586963142023,2291.27
1586963148123,2291.05
1586963158699,2287.84
1586963173982,2289.38
1586963173982,2289.38
1586963193109,2288.5
1586963193109,2288.5
1586963211925,2287.07
1586963211925,2287.07
1586963211925,2287.07
1586963250168,2285.17
1586963250168,2285.17
1586963271660,2285.48
1586963272947,2285.485
1586963272947,2285.485
1586963272947,2285.485
1586963304248,2284.695
1586963304248,2284.695
1586963334520,2287.68
1586963334520,2287.68
1586963349151,2286.875
1586963349151,2286.875
1586963369067,2288.31
1586963385181,2291.405
1586963396585,2291.685
1586963396585,2291.685
1586963396585,2291.685
1586963396585,2291.685
1586963396585,2291.685
1586963441789,2293.78
1586963441789,2293.78
1586963441789,2293.78
1586963441789,2293.78
1586963441789,2293.78
1586963501686,2295.61
1586963501686,2295.61
1586963501686,2295.61
1586963501686,2295.61
1586963501686,2295.61
1586963501686,2295.61
1586963501686,2295.61
1586963573888,2299.15
1586963573888,2299.15
1586963597162,2297.745
1586963597162,2297.745
1586963597162,2297.745
1586963597162,2297.745
1586963642333,2297.09
1586963642333,2297.09
1586963642333,2297.09
1586963642333,2297.09
1586963642333,2297.09
1586963686048,2295.13
1586963686048,2295.13
1586963686048,2295.13
1586963686048,2295.13
1586963686048,2295.13
1586963686048,2295.13
1586963686048,2295.13
1586963686048,2295.13
1586963686048,2295.13
1586963686048,2295.13
1586963686048,2295.13
1586963686048,2295.13
1586963817928,2291.095
1586963837485,2289.915
1586963845016,2288.01
1586963852184,2288.57
1586963852184,2288.57
1586963852184,2288.57
1586963852184,2288.57
1586963897686,2289.375
1586963897686,2289.375
1586963918635,2290.11
1586963918635,2290.11
1586963918635,2290.11
1586963918635,2290.11
1586963958602,2292.145
1586963958602,2292.145
1586963958602,2292.145
1586963958602,2292.145
1586963958602,2292.145
1586964016291,2290.86
1586964016291,2290.86
1586964016291,2290.86
1586964016291,2290.86
1586964016291,2290.86
1586964069548,2290.005
1586964082578,2288.115
1586964082578,2288.115
1586964082578,2288.115
1586964082578,2288.115
1586964123925,2287.07
1586964123925,2287.07
1586964123925,2287.07
1586964123925,2287.07
1586964123925,2287.07
1586964172600,2290.43
1586964186075,2290
1586964186075,2290
1586964186075,2290
1586964186075,2290
1586964230023,2291.69
1586964230023,2291.69
1586964252549,2290
1586964252549,2290
1586964252549,2290
1586964280325,2289.34
1586964293184,2289.485
1586964293184,2289.485
1586964293184,2289.485
1586964293184,2289.485
1586964293184,2289.485
1586964293184,2289.485
1586964293184,2289.485
1586964293184,2289.485
1586964293184,2289.485
1586964293184,2289.485
1586964293184,2289.485
1586964293184,2289.485
1586964424657,2293.06
1586964424657,2293.06
1586964424657,2293.06
1586964424657,2293.06
1586964424657,2293.06
1586964424657,2293.06
1586964424657,2293.06
1586964424657,2293.06
1586964424657,2293.06
1586964424657,2293.06
1586964424657,2293.06
1586964424657,2293.06
1586964424657,2293.06
1586964424657,2293.06
1586964424657,2293.06
1586964577900,2294.72
1586964577900,2294.72
1586964577900,2294.72
1586964577900,2294.72
1586964577900,2294.72
1586964577900,2294.72
1586964645893,2295.48
1586964645893,2295.48
1586964645893,2295.48
1586964645893,2295.48
1586964691577,2297.835
1586964691577,2297.835
1586964691577,2297.835
1586964691577,2297.835
1586964691577,2297.835
1586964744620,2294.78
1586964744620,2294.78
1586964744620,2294.78
1586964744620,2294.78
1586964744620,2294.78
1586964744620,2294.78
1586964802039,2294.58
1586964802039,2294.58
1586964802039,2294.58
1586964838612,2296.54
1586964838612,2296.54
1586964862065,2295.68
1586964868936,2295.72
1586964868936,2295.72
1586964868936,2295.72
1586964868936,2295.72
1586964868936,2295.72
1586964868936,2295.72
1586964868936,2295.72
1586964868936,2295.72
1586964868936,2295.72
1586964868936,2295.72
1586964868936,2295.72
1586964868936,2295.72
1586964868936,2295.72
1586964868936,2295.72
1586964868936,2295.72
1586965033897,2293.7
1586965039327,2292.58
1586965039327,2292.58
1586965039327,2292.58
1586965039327,2292.58
1586965039327,2292.58
1586965096530,2289.895
1586965096530,2289.895
1586965096530,2289.895
1586965096530,2289.895
1586965096530,2289.895
1586965096530,2289.895
1586965096530,2289.895
1586965096530,2289.895
1586965096530,2289.895
1586965096530,2289.895
1586965096530,2289.895
1586965096530,2289.895
1586965096530,2289.895
1586965238020,2290.79
1586965238020,2290.79
1586965238020,2290.79
1586965238020,2290.79
1586965238020,2290.79
1586965238020,2290.79
1586965238020,2290.79
1586965238020,2290.79
1586965238020,2290.79
1586965238020,2290.79
1586965238020,2290.79
1586965351697,2289.005
1586965362581,2289.01
1586965362581,2289.01
1586965362581,2289.01
1586965362581,2289.01
1586965362581,2289.01
1586965362581,2289.01
1586965362581,2289.01
1586965362581,2289.01
1586965362581,2289.01
1586965459342,2290.48
1586965466195,2290.3
1586965480282,2290.775
1586965480282,2290.775
1586965480282,2290.775
1586965480282,2290.775
1586965480282,2290.775
1586965480282,2290.775
1586965480282,2290.775
1586965480282,2290.775
1586965480282,2290.775
1586965480282,2290.775
1586965480282,2290.775
1586965480282,2290.775
1586965480282,2290.775
1586965480282,2290.775
1586965480282,2290.775
1586965480282,2290.775
1586965650116,2287.26
1586965666804,2285.33
1586965666804,2285.33
1586965666804,2285.33
1586965666804,2285.33
1586965666804,2285.33
1586965666804,2285.33
1586965666804,2285.33
1586965743480,2285.9
1586965743480,2285.9
1586965743480,2285.9
1586965776784,2285.28
1586965776784,2285.28
1586965776784,2285.28
1586965776784,2285.28
1586965776784,2285.28
1586965776784,2285.28
1586965776784,2285.28
1586965776784,2285.28
1586965776784,2285.28
1586965869510,2289.85
1586965869510,2289.85
1586965869510,2289.85
1586965869510,2289.85
1586965869510,2289.85
1586965869510,2289.85
1586965869510,2289.85
1586965869510,2289.85
1586965869510,2289.85
1586965869510,2289.85
1586965869510,2289.85
1586965869510,2289.85
1586966005704,2286.76
1586966005704,2286.76
1586966005704,2286.76
1586966005704,2286.76
1586966005704,2286.76
1586966005704,2286.76
1586966005704,2286.76
1586966075776,2291.05
1586966075776,2291.05
1586966075776,2291.05
1586966075776,2291.05
1586966075776,2291.05
1586966075776,2291.05
1586966144675,2293.485
1586966144675,2293.485
1586966144675,2293.485
1586966144675,2293.485
1586966144675,2293.485
1586966144675,2293.485
1586966203086,2292.11
1586966221346,2291.89
1586966221346,2291.89
1586966221346,2291.89
1586966221346,2291.89
1586966255473,2291.39
1586966268356,2291.06
1586966286166,2291.42
1586966286166,2291.42
1586966286166,2291.42
1586966317221,2291.52
1586966317221,2291.52
1586966317221,2291.52
1586966317221,2291.52
1586966317221,2291.52
1586966317221,2291.52
1586966377712,2291.75
1586966390532,2290.03
1586966390532,2290.03
1586966411583,2290.69
1586966411583,2290.69
1586966411583,2290.69
1586966411583,2290.69
1586966411583,2290.69
1586966465651,2290.85
1586966465651,2290.85
1586966487217,2291.25
1586966487217,2291.25
1586966487217,2291.25
1586966487217,2291.25
1586966487217,2291.25
1586966545061,2294.63
1586966553537,2295.38
1586966553537,2295.38
1586966553537,2295.38
1586966553537,2295.38
1586966553537,2295.38
1586966553537,2295.38
1586966553537,2295.38
1586966553537,2295.38
1586966553537,2295.38
1586966553537,2295.38
1586966553537,2295.38
1586966553537,2295.38
1586966553537,2295.38
1586966553537,2295.38
1586966708653,2295.83
1586966708653,2295.83
1586966729490,2294.29
1586966729490,2294.29
1586966729490,2294.29
1586966729490,2294.29
1586966729490,2294.29
1586966787615,2295.685
1586966787615,2295.685
1586966787615,2295.685
1586966787615,2295.685
1586966787615,2295.685
1586966787615,2295.685
1586966787615,2295.685
1586966787615,2295.685
1586966787615,2295.685
1586966787615,2295.685
1586966787615,2295.685
1586966787615,2295.685
1586966908039,2296.33
1586966926799,2294.25
1586966926799,2294.25
1586966926799,2294.25
1586966956909,2293.01
1586966956909,2293.01
1586966956909,2293.01
1586966956909,2293.01
1586966956909,2293.01
1586967007085,2291.76
1586967007085,2291.76
1586967007085,2291.76
1586967007085,2291.76
1586967007085,2291.76
1586967007085,2291.76
1586967007085,2291.76
1586967007085,2291.76
1586967007085,2291.76
1586967007085,2291.76
1586967116871,2293.84
1586967116871,2293.84
1586967116871,2293.84
1586967116871,2293.84
1586967116871,2293.84
1586967116871,2293.84
1586967116871,2293.84
1586967183991,2293.32
1586967198572,2290.8
1586967198572,2290.8
1586967198572,2290.8
1586967198572,2290.8
1586967198572,2290.8
1586967198572,2290.8
1586967198572,2290.8
1586967198572,2290.8
1586967198572,2290.8
1586967198572,2290.8
1586967198572,2290.8
1586967198572,2290.8
1586967329622,2292.57
1586967329622,2292.57
1586967343037,2291.16
1586967343037,2291.16
1586967343037,2291.16
1586967343037,2291.16
1586967343037,2291.16
1586967403681,2291.9
1586967403681,2291.9
1586967403681,2291.9
1586967403681,2291.9
1586967403681,2291.9
1586967403681,2291.9
1586967403681,2291.9
1586967403681,2291.9
1586967479133,2292.97
1586967479133,2292.97
1586967479133,2292.97
1586967479133,2292.97
1586967479133,2292.97
1586967543940,2294.56
1586967543940,2294.56
1586967565322,2294.46
1586967565322,2294.46
1586967565322,2294.46
1586967565322,2294.46
1586967565322,2294.46
1586967565322,2294.46
1586967565322,2294.46
1586967565322,2294.46
1586967565322,2294.46
1586967565322,2294.46
1586967565322,2294.46
1586967565322,2294.46
1586967565322,2294.46
1586967565322,2294.46
1586967565322,2294.46
1586967565322,2294.46
1586967565322,2294.46
1586967565322,2294.46
1586967565322,2294.46
1586967565322,2294.46
1586967565322,2294.46
1586967565322,2294.46
1586967565322,2294.46
1586967565322,2294.46
1586967565322,2294.46
1586967565322,2294.46
1586967838285,2295.5
1586967840742,2296.39
1586967855637,2298.09
1586967869057,2296.85
1586967869057,2296.85
1586967869057,2296.85
1586967869057,2296.85
1586967905823,2294.715
1586967905823,2294.715
1586967905823,2294.715
1586967905823,2294.715
1586967948321,2296.86
1586967948321,2296.86
1586967948321,2296.86
1586967948321,2296.86
1586967948321,2296.86
1586967948321,2296.86
1586967948321,2296.86
1586967948321,2296.86
1586968034120,2295.765
1586968034120,2295.765
1586968034120,2295.765
1586968034120,2295.765
1586968075347,2294.99
1586968075347,2294.99
1586968075347,2294.99
1586968075347,2294.99
1586968075347,2294.99
1586968075347,2294.99
1586968075347,2294.99
1586968148435,2295.85
1586968159790,2297.67
1586968159790,2297.67
1586968185219,2297.71
1586968185219,2297.71
1586968185219,2297.71
1586968185219,2297.71
1586968185219,2297.71
1586968185219,2297.71
1586968185219,2297.71
1586968185219,2297.71
1586968185219,2297.71
1586968185219,2297.71
1586968289461,2300.93
1586968289461,2300.93
1586968289461,2300.93
1586968289461,2300.93
1586968289461,2300.93
1586968289461,2300.93
1586968289461,2300.93
1586968289461,2300.93
1586968289461,2300.93
1586968289461,2300.93
1586968399834,2304
1586968399834,2304
1586968414338,2303.35
1586968414338,2303.35
1586968414338,2303.35
1586968414338,2303.35
1586968414338,2303.35
1586968414338,2303.35
1586968414338,2303.35
1586968496423,2304.03
1586968496423,2304.03
1586968496423,2304.03
1586968496423,2304.03
1586968534155,2304.28
1586968534155,2304.28
1586968534155,2304.28
1586968562311,2304.44
1586968582002,2303.27
1586968582002,2303.27
1586968582002,2303.27
1586968582002,2303.27
1586968582002,2303.27
1586968582002,2303.27
1586968582002,2303.27
1586968582002,2303.27
1586968582002,2303.27
1586968582002,2303.27
1586968582002,2303.27
1586968582002,2303.27
1586968582002,2303.27
1586968582002,2303.27
1586968582002,2303.27
1586968582002,2303.27
1586968582002,2303.27
1586968755497,2303.23
1586968766232,2301.93
1586968766232,2301.93
1586968766232,2301.93
1586968766232,2301.93
1586968766232,2301.93
1586968766232,2301.93
1586968766232,2301.93
1586968766232,2301.93
1586968766232,2301.93
1586968766232,2301.93
1586968882072,2299.34
1586968882072,2299.34
1586968898366,2300.13
1586968898366,2300.13
1586968898366,2300.13
1586968898366,2300.13
1586968898366,2300.13
1586968898366,2300.13
1586968969103,2299.675
1586968971400,2300.52
1586968987464,2300.71
1586969001095,2300.755
1586969001095,2300.755
1586969001095,2300.755
1586969001095,2300.755
1586969039685,2301.985
1586969039685,2301.985
1586969039685,2301.985
1586969039685,2301.985
1586969086939,2303.79
1586969086939,2303.79
1586969086939,2303.79
1586969086939,2303.79
1586969086939,2303.79
1586969086939,2303.79
1586969086939,2303.79
1586969086939,2303.79
1586969168548,2302.13
1586969168548,2302.13
1586969185358,2302.15
1586969185358,2302.15
1586969185358,2302.15
1586969185358,2302.15
1586969185358,2302.15
1586969185358,2302.15
1586969185358,2302.15
1586969185358,2302.15
1586969185358,2302.15
1586969185358,2302.15
1586969185358,2302.15
1586969185358,2302.15
1586969185358,2302.15
1586969185358,2302.15
1586969185358,2302.15
1586969185358,2302.15
1586969185358,2302.15
1586969185358,2302.15
1586969388657,2298.67
1586969388657,2298.67
1586969388657,2298.67
1586969388657,2298.67
1586969388657,2298.67
1586969388657,2298.67
1586969388657,2298.67
1586969466555,2301.49
1586969466555,2301.49
1586969466555,2301.49
1586969466555,2301.49
1586969466555,2301.49
1586969514664,2301.99
1586969514664,2301.99
1586969514664,2301.99
1586969514664,2301.99
1586969514664,2301.99
1586969514664,2301.99
1586969514664,2301.99
1586969514664,2301.99
1586969603934,2299.3
1586969605011,2298.01
1586969625527,2297.03
1586969627554,2297.08
1586969645295,2296.815
1586969645295,2296.815
1586969645295,2296.815
1586969676304,2294.89
1586969676304,2294.89
1586969676304,2294.89
1586969676304,2294.89
1586969676304,2294.89
1586969676304,2294.89
1586969739931,2295.46
1586969747457,2296.3
1586969747457,2296.3
1586969747457,2296.3
1586969747457,2296.3
1586969747457,2296.3
1586969747457,2296.3
1586969747457,2296.3
1586969747457,2296.3
1586969747457,2296.3
1586969747457,2296.3
1586969747457,2296.3
1586969864262,2296.76
1586969864262,2296.76
1586969864262,2296.76
1586969900999,2296.51
1586969900999,2296.51
1586969900999,2296.51
1586969900999,2296.51
1586969900999,2296.51
1586969900999,2296.51
1586969900999,2296.51
1586969900999,2296.51
1586969988966,2297.39
1586969988966,2297.39
1586969988966,2297.39
1586969988966,2297.39
1586970034217,2294.99
1586970034217,2294.99
1586970034217,2294.99
1586970066440,2295.04
1586970080525,2295.86
1586970080525,2295.86
1586970080525,2295.86
1586970108603,2297.04
1586970124220,2297.93
1586970124220,2297.93
1586970124220,2297.93
1586970124220,2297.93
1586970124220,2297.93
1586970124220,2297.93
1586970183279,2296.07
1586970183279,2296.07
1586970183279,2296.07
1586970183279,2296.07
1586970183279,2296.07
1586970183279,2296.07
1586970183279,2296.07
1586970270774,2296.705
1586970270774,2296.705
1586970270774,2296.705
1586970270774,2296.705
1586970270774,2296.705
1586970270774,2296.705
1586970331995,2296.07
1586970342965,2294.93
1586970342965,2294.93
1586970342965,2294.93
1586970342965,2294.93
1586970342965,2294.93
1586970392249,2295.925
1586970404357,2296.66
1586970404357,2296.66
1586970404357,2296.66
1586970404357,2296.66
1586970450527,2294.97
1586970450527,2294.97
1586970450527,2294.97
1586970450527,2294.97
1586970450527,2294.97
1586970450527,2294.97
1586970450527,2294.97
1586970450527,2294.97
1586970450527,2294.97
1586970450527,2294.97
1586970450527,2294.97
1586970450527,2294.97
1586970450527,2294.97
1586970588643,2297.09
1586970588643,2297.09
1586970588643,2297.09
1586970588643,2297.09
1586970588643,2297.09
1586970638270,2297.025
1586970638270,2297.025
1586970638270,2297.025
1586970638270,2297.025
1586970638270,2297.025
1586970689420,2296.61
1586970705337,2296.93
1586970705337,2296.93
1586970705337,2296.93
1586970743342,2297.59
1586970743342,2297.59
1586970743342,2297.59
1586970743342,2297.59
1586970743342,2297.59
1586970787944,2297.52
1586970787944,2297.52
1586970787944,2297.52
1586970827345,2298.67
1586970827345,2298.67
1586970827345,2298.67
1586970853747,2300.075
1586970871815,2298.075
1586970875829,2298.055
1586970875829,2298.055
1586970875829,2298.055
1586970875829,2298.055
1586970875829,2298.055
1586970934183,2297.955
1586970944420,2297.145
1586970944420,2297.145
1586970944420,2297.145
1586970944420,2297.145
1586970944420,2297.145
1586970944420,2297.145
1586970944420,2297.145
1586971018767,2297.63
1586971025456,2296.62
1586971025456,2296.62
1586971025456,2296.62
1586971025456,2296.62
1586971070767,2297.76
1586971070767,2297.76
1586971070767,2297.76
1586971070767,2297.76
1586971070767,2297.76
1586971130010,2299.19
1586971130010,2299.19
1586971130010,2299.19
1586971130010,2299.19
1586971130010,2299.19
1586971130010,2299.19
1586971130010,2299.19
1586971130010,2299.19
1586971130010,2299.19
1586971130010,2299.19
1586971130010,2299.19
1586971130010,2299.19
1586971130010,2299.19
1586971130010,2299.19
1586971130010,2299.19
1586971130010,2299.19
1586971130010,2299.19
1586971130010,2299.19
1586971130010,2299.19
1586971130010,2299.19
1586971130010,2299.19
1586971130010,2299.19
1586971130010,2299.19
1586971380900,2297.45
1586971392705,2298.11
1586971392705,2298.11
1586971392705,2298.11
1586971392705,2298.11
1586971392705,2298.11
1586971392705,2298.11
1586971392705,2298.11
1586971392705,2298.11
1586971392705,2298.11
1586971484071,2298.42
1586971484071,2298.42
1586971484071,2298.42
1586971484071,2298.42
1586971484071,2298.42
1586971547465,2300.48
1586971547465,2300.48
1586971547465,2300.48
1586971547465,2300.48
1586971547465,2300.48
1586971600988,2298.905
1586971600988,2298.905
1586971600988,2298.905
1586971600988,2298.905
1586971600988,2298.905
1586971600988,2298.905
1586971600988,2298.905
1586971600988,2298.905
1586971600988,2298.905
1586971600988,2298.905
1586971600988,2298.905
1586971723917,2298.41
1586971726752,2298.56
1586971726752,2298.56
1586971726752,2298.56
1586971726752,2298.56
1586971726752,2298.56
1586971787147,2299.26
1586971787147,2299.26
1586971787147,2299.26
1586971787147,2299.26
1586971787147,2299.26
1586971787147,2299.26
1586971787147,2299.26
1586971787147,2299.26
1586971878154,2298.02
1586971878154,2298.02
1586971895381,2298.27
1586971895381,2298.27
1586971895381,2298.27
1586971895381,2298.27
1586971895381,2298.27
1586971947587,2297.08
1586971947587,2297.08
1586971947587,2297.08
1586971983727,2296.42
1586971983727,2296.42
1586971983727,2296.42
1586971983727,2296.42
1586971983727,2296.42
1586972033618,2297.555
1586972033618,2297.555
1586972033618,2297.555
1586972033618,2297.555
1586972033618,2297.555
1586972033618,2297.555
1586972033618,2297.555
1586972033618,2297.555
1586972033618,2297.555
1586972033618,2297.555
1586972033618,2297.555
1586972033618,2297.555
1586972162095,2296.82
1586972162095,2296.82
1586972162095,2296.82
1586972193494,2296.78
1586972193494,2296.78
1586972193494,2296.78
1586972193494,2296.78
1586972193494,2296.78
1586972193494,2296.78
1586972193494,2296.78
1586972193494,2296.78
1586972193494,2296.78
1586972295260,2295.32
1586972295260,2295.32
1586972313809,2295.715
1586972313809,2295.715
1586972313809,2295.715
1586972313809,2295.715
1586972313809,2295.715
1586972313809,2295.715
1586972313809,2295.715
1586972313809,2295.715
1586972313809,2295.715
1586972313809,2295.715
1586972313809,2295.715
1586972313809,2295.715
1586972313809,2295.715
1586972313809,2295.715
1586972313809,2295.715
1586972313809,2295.715
1586972313809,2295.715
1586972503569,2293.35
1586972503569,2293.35
1586972503569,2293.35
1586972503569,2293.35
1586972503569,2293.35
1586972503569,2293.35
1586972503569,2293.35
1586972576733,2298.33
1586972576733,2298.33
1586972600293,2298.665
1586972600293,2298.665
1586972600293,2298.665
1586972600293,2298.665
1586972600293,2298.665
1586972600293,2298.665
1586972600293,2298.665
1586972600293,2298.665
1586972600293,2298.665
1586972600293,2298.665
1586972600293,2298.665
1586972600293,2298.665
1586972600293,2298.665
1586972741846,2298.17
1586972741846,2298.17
1586972741846,2298.17
1586972741846,2298.17
1586972741846,2298.17
1586972741846,2298.17
1586972801756,2299.14
1586972815479,2300
1586972825290,2299.18
1586972825290,2299.18
1586972825290,2299.18
1586972825290,2299.18
1586972825290,2299.18
1586972825290,2299.18
1586972825290,2299.18
1586972825290,2299.18
1586972825290,2299.18
1586972825290,2299.18
1586972825290,2299.18
1586972825290,2299.18
1586972825290,2299.18
1586972825290,2299.18
1586972825290,2299.18
1586972825290,2299.18
1586972825290,2299.18
1586973010808,2298.66
1586973010808,2298.66
1586973010808,2298.66
1586973010808,2298.66
1586973010808,2298.66
1586973067958,2299.73
1586973083716,2299.62
1586973083716,2299.62
1586973083716,2299.62
1586973083716,2299.62
1586973124672,2299.05
1586973124672,2299.05
1586973124672,2299.05
1586973124672,2299.05
1586973124672,2299.05
1586973124672,2299.05
1586973124672,2299.05
1586973124672,2299.05
1586973213843,2300.27
1586973213843,2300.27
1586973213843,2300.27
1586973239763,2300.99
1586973253461,2300.605
1586973263366,2300.645
1586973278479,2300.435
1586973278479,2300.435
1586973278479,2300.435
1586973278479,2300.435
1586973278479,2300.435
1586973278479,2300.435
1586973278479,2300.435
1586973278479,2300.435
1586973365792,2300.34
1586973365792,2300.34
1586973365792,2300.34
1586973365792,2300.34
1586973365792,2300.34
1586973365792,2300.34
1586973365792,2300.34
1586973365792,2300.34
1586973444623,2300
1586973444623,2300
1586973444623,2300
1586973444623,2300
1586973444623,2300
1586973444623,2300
1586973444623,2300
1586973444623,2300
1586973444623,2300
1586973444623,2300
1586973444623,2300
1586973444623,2300
1586973444623,2300
1586973444623,2300
1586973596913,2299.715
1586973596913,2299.715
1586973596913,2299.715
1586973632153,2300.56
1586973632153,2300.56
1586973632153,2300.56
1586973632153,2300.56
1586973632153,2300.56
1586973632153,2300.56
1586973632153,2300.56
1586973708325,2300
1586973723567,2300.5
1586973729802,2300.5
1586973729802,2300.5
1586973729802,2300.5
1586973729802,2300.5
1586973729802,2300.5
1586973729802,2300.5
1586973729802,2300.5
1586973729802,2300.5
1586973824897,2301.67
1586973833394,2302.33
1586973833394,2302.33
1586973833394,2302.33
1586973833394,2302.33
1586973879392,2300.825
1586973879392,2300.825
1586973879392,2300.825
1586973879392,2300.825
1586973879392,2300.825
1586973879392,2300.825
1586973945861,2300.215
1586973945861,2300.215
1586973945861,2300.215
1586973982794,2301.52
1586973982794,2301.52
1586973982794,2301.52
1586973982794,2301.52
1586973982794,2301.52
1586973982794,2301.52
1586973982794,2301.52
1586973982794,2301.52
1586973982794,2301.52
1586973982794,2301.52
1586974090384,2304
1586974090384,2304
1586974090384,2304
1586974090384,2304
1586974090384,2304
1586974090384,2304
1586974090384,2304
1586974090384,2304
1586974090384,2304
1586974189539,2303.29
1586974189539,2303.29
1586974189539,2303.29
1586974189539,2303.29
1586974229273,2302.56
1586974235624,2302.56
1586974235624,2302.56
1586974235624,2302.56
1586974235624,2302.56
1586974282957,2301.86
1586974282957,2301.86
1586974282957,2301.86
1586974282957,2301.86
1586974282957,2301.86
1586974282957,2301.86
1586974282957,2301.86
1586974282957,2301.86
1586974282957,2301.86
1586974282957,2301.86
1586974282957,2301.86
1586974282957,2301.86
1586974282957,2301.86
1586974282957,2301.86
1586974282957,2301.86
1586974282957,2301.86
1586974282957,2301.86
1586974282957,2301.86
1586974282957,2301.86
1586974282957,2301.86
1586974282957,2301.86
1586974282957,2301.86
1586974282957,2301.86
1586974282957,2301.86
1586974282957,2301.86
1586974559502,2302.68
1586974559502,2302.68
1586974559502,2302.68
1586974559502,2302.68
1586974559502,2302.68
1586974559502,2302.68
1586974559502,2302.68
1586974559502,2302.68
1586974559502,2302.68
1586974559502,2302.68
1586974559502,2302.68
1586974559502,2302.68
1586974682606,2307.12
1586974682606,2307.12
1586974682606,2307.12
1586974682606,2307.12
1586974682606,2307.12
1586974741600,2308.21
1586974741600,2308.21
1586974741600,2308.21
1586974778554,2307.47
1586974778554,2307.47
1586974778554,2307.47
1586974807981,2309.07
1586974815677,2309.405
1586974815677,2309.405
1586974840477,2309.6
1586974852591,2309.99
1586974852591,2309.99
1586974852591,2309.99
1586974885473,2312.01
1586974885473,2312.01
1586974885473,2312.01
1586974909104,2312.185
1586974909104,2312.185
1586974933100,2312.04
1586974953568,2310.73
1586974957875,2311.73
1586974957875,2311.73
1586974957875,2311.73
1586974957875,2311.73
1586974957875,2311.73
1586974957875,2311.73
1586975023995,2313.8
1586975023995,2313.8
1586975023995,2313.8
1586975023995,2313.8
1586975067518,2315.81
1586975067518,2315.81
1586975067518,2315.81
1586975067518,2315.81
1586975067518,2315.81
1586975067518,2315.81
1586975134590,2312.17
1586975134590,2312.17
1586975134590,2312.17
1586975134590,2312.17
1586975134590,2312.17
1586975134590,2312.17
1586975134590,2312.17
1586975134590,2312.17
1586975134590,2312.17
1586975234836,2308.99
1586975234836,2308.99
1586975234836,2308.99
1586975270309,2309.97
1586975270309,2309.97
1586975270309,2309.97
1586975298422,2310.135
1586975298422,2310.135
1586975323435,2311.575
1586975323435,2311.575
1586975323435,2311.575
1586975323435,2311.575
1586975361495,2311.99
1586975361495,2311.99
1586975361495,2311.99
1586975361495,2311.99
1586975361495,2311.99
1586975361495,2311.99
1586975361495,2311.99
1586975361495,2311.99
1586975453399,2311.61
1586975453399,2311.61
1586975453399,2311.61
1586975453399,2311.61
1586975453399,2311.61
1586975453399,2311.61
1586975527218,2309.59
1586975527218,2309.59
1586975527218,2309.59
1586975527218,2309.59
1586975527218,2309.59
1586975527218,2309.59
1586975527218,2309.59
1586975527218,2309.59
1586975609097,2308.76
1586975609097,2308.76
1586975609097,2308.76
1586975641288,2307.85
1586975641288,2307.85
1586975656575,2308.645
1586975673428,2310.98
1586975679587,2312
1586975688162,2310.63
1586975688162,2310.63
1586975688162,2310.63
1586975725380,2311.16
1586975725380,2311.16
1586975725380,2311.16
1586975725380,2311.16
1586975765110,2310.72
1586975765110,2310.72
1586975765110,2310.72
1586975765110,2310.72
1586975765110,2310.72
1586975765110,2310.72
1586975765110,2310.72
1586975765110,2310.72
1586975765110,2310.72
1586975868370,2312.75
1586975868370,2312.75
1586975868370,2312.75
1586975892325,2313.005
1586975892325,2313.005
1586975892325,2313.005
1586975928817,2316.53
1586975936856,2317.99
1586975936856,2317.99
1586975936856,2317.99
1586975936856,2317.99
1586975981667,2319.73
1586975996068,2319.28
1586975996068,2319.28
1586975996068,2319.28
1586976024176,2319.29
1586976024176,2319.29
1586976024176,2319.29
1586976024176,2319.29
1586976074931,2317.57
1586976086248,2317.86
1586976097035,2316.04
1586976097035,2316.04
1586976097035,2316.04
1586976123056,2317.86
1586976123056,2317.86
1586976123056,2317.86
1586976123056,2317.86
1586976123056,2317.86
1586976123056,2317.86
1586976123056,2317.86
1586976123056,2317.86
1586976123056,2317.86
1586976123056,2317.86
1586976123056,2317.86
1586976123056,2317.86
1586976123056,2317.86
1586976262186,2315.69
1586976262186,2315.69
1586976262186,2315.69
1586976262186,2315.69
1586976262186,2315.69
1586976262186,2315.69
1586976262186,2315.69
1586976262186,2315.69
1586976262186,2315.69
1586976262186,2315.69
1586976262186,2315.69
1586976262186,2315.69
1586976396163,2318.99
1586976396163,2318.99
1586976396163,2318.99
1586976396163,2318.99
1586976396163,2318.99
1586976396163,2318.99
1586976396163,2318.99
1586976396163,2318.99
1586976483349,2320.39
1586976496254,2318.87
1586976496254,2318.87
1586976496254,2318.87
1586976496254,2318.87
1586976496254,2318.87
1586976496254,2318.87
1586976557600,2324.36
1586976557600,2324.36
1586976577592,2324.45
1586976577592,2324.45
1586976577592,2324.45
1586976577592,2324.45
1586976577592,2324.45
1586976632490,2323.6
1586976632490,2323.6
1586976632490,2323.6
1586976671292,2319.92
1586976671292,2319.92
1586976671292,2319.92
1586976671292,2319.92
1586976671292,2319.92
1586976671292,2319.92
1586976671292,2319.92
1586976671292,2319.92
1586976671292,2319.92
1586976671292,2319.92
1586976671292,2319.92
1586976671292,2319.92
1586976671292,2319.92
1586976671292,2319.92
1586976671292,2319.92
1586976671292,2319.92
1586976844579,2324.01
1586976854314,2324.295
1586976867553,2324.47
1586976878346,2324.325
1586976878346,2324.325
1586976878346,2324.325
1586976878346,2324.325
1586976878346,2324.325
1586976934853,2325.89
1586976940271,2325.895
1586976940271,2325.895
1586976967505,2324.915
1586976975674,2325.03
1586976975674,2325.03
1586976997840,2325.07
1586977007992,2325.515
1586977015192,2325.88
1586977029585,2326.055
1586977042231,2325.735
1586977049676,2325.81
1586977063530,2327.32
1586977067245,2327.52
1586977074842,2329.72
1586977074842,2329.72
1586977106204,2327.985
1586977117766,2329.23
1586977117766,2329.23
1586977117766,2329.23
1586977146808,2330.005
1586977146808,2330.005
1586977146808,2330.005
1586977146808,2330.005
1586977146808,2330.005
1586977202823,2330.52
1586977206287,2329.25
1586977206287,2329.25
1586977232043,2329.25
1586977247638,2330.97
1586977247638,2330.97
1586977247638,2330.97
1586977247638,2330.97
1586977247638,2330.97
1586977294635,2332.06
1586977311953,2330.165
1586977311953,2330.165
1586977311953,2330.165
1586977311953,2330.165
1586977311953,2330.165
1586977311953,2330.165
1586977311953,2330.165
1586977311953,2330.165
1586977388422,2328.735
1586977400017,2327.79
1586977419396,2327.04
1586977431558,2327.615
1586977431558,2327.615
1586977431558,2327.615
1586977431558,2327.615
1586977431558,2327.615
1586977483764,2327.475
1586977486972,2327.515
1586977504552,2326.37
1586977511558,2326.37
1586977524078,2325.265
1586977534060,2323.845
1586977534060,2323.845
1586977534060,2323.845
1586977534060,2323.845
1586977575651,2319.01
1586977584737,2320.18
1586977589425,2318.86
1586977589425,2318.86
1586977589425,2318.86
1586977626164,2319.075
1586977636634,2318.01
1586977636634,2318.01
1586977636634,2318.01
1586977636634,2318.01
1586977636634,2318.01
1586977636634,2318.01
1586977636634,2318.01
1586977708689,2320.74
1586977708689,2320.74
1586977708689,2320.74
1586977708689,2320.74
1586977708689,2320.74
1586977762635,2323.28
1586977762635,2323.28
1586977762635,2323.28
1586977762635,2323.28
1586977812512,2322.485
1586977812512,2322.485
1586977833939,2321.59
1586977833939,2321.59
1586977833939,2321.59
1586977855714,2318.52
1586977855714,2318.52
1586977881410,2319.06
1586977881410,2319.06
1586977881410,2319.06
1586977881410,2319.06
1586977929335,2320.91
1586977929335,2320.91
1586977929335,2320.91
1586977929335,2320.91
1586977970243,2320.45
1586977973832,2320.3
1586977973832,2320.3
1586977973832,2320.3
1586977973832,2320.3
1586977973832,2320.3
1586977973832,2320.3
1586978037218,2323.31
1586978037218,2323.31
1586978037218,2323.31
1586978073862,2322.57
1586978073862,2322.57
1586978073862,2322.57
1586978108759,2322.26
1586978108759,2322.26
1586978108759,2322.26
1586978108759,2322.26
1586978108759,2322.26
1586978108759,2322.26
1586978108759,2322.26
1586978108759,2322.26
1586978108759,2322.26
1586978203007,2323.27
1586978213586,2324.54
1586978213586,2324.54
1586978213586,2324.54
1586978213586,2324.54
1586978251793,2323.955
1586978269327,2324.61
1586978269327,2324.61
1586978269327,2324.61
1586978269327,2324.61
1586978269327,2324.61
1586978317198,2325.6
1586978328977,2326.57
1586978328977,2326.57
1586978328977,2326.57
1586978328977,2326.57
1586978328977,2326.57
1586978384277,2326.07
1586978384277,2326.07
1586978405340,2325.68
1586978405340,2325.68
1586978405340,2325.68
1586978443486,2325.71
1586978454175,2325.54
1586978454175,2325.54
1586978454175,2325.54
1586978486147,2325.54
1586978486147,2325.54
1586978486147,2325.54
1586978486147,2325.54
1586978486147,2325.54
1586978486147,2325.54
1586978486147,2325.54
1586978486147,2325.54
1586978486147,2325.54
1586978486147,2325.54
1586978486147,2325.54
1586978486147,2325.54
1586978616744,2325.12
1586978616744,2325.12
1586978630784,2324.52
1586978648008,2323.16
1586978661665,2323.99
1586978661665,2323.99
1586978677374,2322.57
1586978692336,2323.61
1586978692336,2323.61
1586978712531,2322.795
1586978712531,2322.795
1586978712531,2322.795
1586978712531,2322.795
1586978712531,2322.795
1586978712531,2322.795
1586978712531,2322.795
1586978712531,2322.795
1586978712531,2322.795
1586978712531,2322.795
1586978712531,2322.795
1586978824597,2317.39
1586978824597,2317.39
1586978849549,2316.47
1586978849549,2316.47
1586978849549,2316.47
1586978849549,2316.47
1586978885825,2315
1586978885825,2315
1586978885825,2315
1586978885825,2315
1586978885825,2315
1586978941817,2312.12
1586978941817,2312.12
1586978941817,2312.12
1586978979541,2313.04
1586978982512,2313.52
1586978997897,2313.165
1586979010955,2312.98
1586979012045,2314.07
1586979032331,2312.89
1586979032331,2312.89
1586979051379,2310.16
1586979051379,2310.16
1586979075876,2310.04
1586979075876,2310.04
1586979075876,2310.04
1586979110958,2311.28
1586979110958,2311.28
1586979110958,2311.28
1586979110958,2311.28
1586979151528,2309.54
1586979151528,2309.54
1586979174301,2309.03
1586979174301,2309.03
1586979195526,2305.75
1586979195526,2305.75
1586979195526,2305.75
1586979195526,2305.75
1586979245301,2305.95
1586979255070,2307.05
1586979255070,2307.05
1586979255070,2307.05
1586979255070,2307.05
1586979300436,2309.19
1586979300436,2309.19
1586979300436,2309.19
1586979331577,2308.04
1586979347138,2308.68
1586979347138,2308.68
1586979361771,2308.515
1586979361771,2308.515
1586979389062,2307.165
1586979398772,2304.42
1586979410847,2304.51
1586979416563,2304.77
1586979430857,2305.615
1586979444057,2307.12
1586979444057,2307.12
1586979463859,2308.39
1586979463859,2308.39
1586979484589,2308.89
1586979500563,2308.88
1586979503892,2308.89
1586979522515,2310
1586979522515,2310
1586979522515,2310
1586979522515,2310
1586979522515,2310
1586979575067,2312.485
1586979585434,2312
1586979598914,2311.14
1586979607754,2309.59
1586979607754,2309.59
1586979626110,2309.86
1586979642794,2308.85
1586979653723,2306.36
1586979663591,2305.6
1586979666927,2305.37
1586979666927,2305.37
1586979666927,2305.37
1586979707287,2307.13
1586979711155,2307.94
1586979711155,2307.94
1586979737634,2306.03
1586979747262,2305.33
1586979760091,2304.83
1586979772044,2302.82
1586979783127,2302.845
1586979783127,2302.845
1586979794912,2304.34
1586979811785,2305.595
1586979811785,2305.595
1586979811785,2305.595
1586979843428,2307.81
1586979851682,2307.96
1586979867678,2308.695
1586979878104,2308.03
1586979878104,2308.03
1586979878104,2308.03
1586979913065,2309.34
1586979922359,2311
1586979928277,2312.07
1586979940214,2310.79
1586979940214,2310.79
1586979969059,2310.97
1586979981481,2312.035
1586979995804,2314.88
1586980002881,2313.99
1586980002881,2313.99
1586980002881,2313.99
1586980037107,2312.37
1586980051111,2312.39
1586980059596,2312.375
1586980059596,2312.375
1586980081021,2311.84
1586980081021,2311.84
1586980111633,2312.81
1586980111633,2312.81
1586980111633,2312.81
1586980111633,2312.81
1586980111633,2312.81
1586980161143,2311.93
1586980161143,2311.93
1586980161143,2311.93
1586980161143,2311.93
1586980204442,2309.73
1586980213897,2309.89
1586980232192,2311.96
1586980236723,2310.28
1586980247003,2310.84
1586980265387,2311.41
1586980276531,2309.915
1586980276531,2309.915
1586980297365,2309.67
1586980297365,2309.67
1586980297365,2309.67
1586980333220,2309.06
1586980333220,2309.06
1586980333220,2309.06
1586980361803,2309.76
1586980372681,2308.465
1586980388938,2307.21
1586980388938,2307.21
1586980411844,2306.79
1586980411844,2306.79
1586980425485,2306.16
1586980436204,2306.49
1586980448013,2308.49
1586980467581,2308.02
1586980478999,2305.81
1586980488984,2307.67
1586980501694,2307.645
1586980513132,2307.5
1586980524601,2308.095
1586980524601,2308.095
1586980545018,2308.67
1586980556651,2308.56
1586980569949,2308.705
1586980578457,2308.715
1586980589664,2308.77
1586980603401,2307.58
1586980614117,2307.525
1586980626859,2307.46
1586980640356,2306.83
1586980652240,2307.075
1586980663564,2307.16
1586980675903,2308.155
1586980687314,2307.79
1586980699934,2308.21
1586980709417,2307.86
1586980714764,2307.57
1586980731216,2306.975
1586980743360,2307.48
1586980758006,2307.68
1586980771949,2308.095
1586980783261,2306.72
