1584624606366,22.31
1584624606366,22.31
1584624606366,22.31
1584624606366,22.31
1584624606366,22.31
1584624606366,22.31
1584624606366,22.31
1584624606366,22.31
1584624606366,22.31
1584624606366,22.31
1584624606366,22.31
1584624606366,22.31
1584624606366,22.31
1584624606366,22.31
1584624606366,22.31
1584624606366,22.31
1584624606366,22.31
1584624842101,22.03
1584624847236,22.07
1584624861156,22.1
1584624872646,22.02
1584624883273,22
1584624891279,22
1584624897951,22
1584624897951,22
1584624921398,21.82
1584624921398,21.82
1584624921398,21.82
1584624957225,21.89
1584624957225,21.89
1584624957225,21.89
1584624957225,21.89
1584624991618,21.88
1584624991618,21.88
1584624991618,21.88
1584624991618,21.88
1584624991618,21.88
1584624991618,21.88
1584624991618,21.88
1584624991618,21.88
1584625075953,21.78
1584625075953,21.78
1584625075953,21.78
1584625075953,21.78
1584625123661,21.64
1584625123661,21.64
1584625144493,21.62
1584625153683,21.62
1584625153683,21.62
1584625153683,21.62
1584625153683,21.62
1584625188544,21.61
1584625188544,21.61
1584625188544,21.61
1584625188544,21.61
1584625238948,21.57
1584625238948,21.57
1584625238948,21.57
1584625270976,21.44
1584625270976,21.44
1584625285201,21.41
1584625300612,21.505
1584625300612,21.505
1584625300612,21.505
1584625300612,21.505
1584625300612,21.505
1584625300612,21.505
1584625300612,21.505
1584625300612,21.505
1584625300612,21.505
1584625300612,21.505
1584625300612,21.505
1584625300612,21.505
1584625300612,21.505
1584625300612,21.505
1584625444152,21.53
1584625444152,21.53
1584625444152,21.53
1584625444152,21.53
1584625444152,21.53
1584625444152,21.53
1584625444152,21.53
1584625519004,21.39
1584625519004,21.39
1584625519004,21.39
1584625519004,21.39
1584625562280,21.48
1584625562280,21.48
1584625562280,21.48
1584625591376,21.49
1584625605920,21.425
1584625605920,21.425
1584625605920,21.425
1584625605920,21.425
1584625605920,21.425
1584625605920,21.425
1584625605920,21.425
1584625605920,21.425
1584625605920,21.425
1584625605920,21.425
1584625605920,21.425
1584625605920,21.425
1584625605920,21.425
1584625605920,21.425
1584625605920,21.425
1584625605920,21.425
1584625605920,21.425
1584625605920,21.425
1584625605920,21.425
1584625803212,21.39
1584625814766,21.46
1584625814766,21.46
1584625814766,21.46
1584625814766,21.46
1584625814766,21.46
1584625865254,21.495
1584625865254,21.495
1584625865254,21.495
1584625865254,21.495
1584625865254,21.495
1584625865254,21.495
1584625865254,21.495
1584625865254,21.495
1584625865254,21.495
1584625865254,21.495
1584625865254,21.495
1584625865254,21.495
1584625865254,21.495
1584625865254,21.495
1584625865254,21.495
1584625865254,21.495
1584625865254,21.495
1584625865254,21.495
1584626046740,21.5
1584626061012,21.505
1584626061012,21.505
1584626087230,21.53
1584626087230,21.53
1584626087230,21.53
1584626087230,21.53
1584626129952,21.55
1584626131298,21.56
1584626131298,21.56
1584626131298,21.56
1584626131298,21.56
1584626131298,21.56
1584626131298,21.56
1584626201967,21.755
1584626201967,21.755
1584626201967,21.755
1584626201967,21.755
1584626237341,21.73
1584626237341,21.73
1584626237341,21.73
1584626273756,21.65
1584626273756,21.65
1584626273756,21.65
1584626273756,21.65
1584626273756,21.65
1584626273756,21.65
1584626273756,21.65
1584626273756,21.65
1584626355945,21.535
1584626355945,21.535
1584626355945,21.535
1584626355945,21.535
1584626355945,21.535
1584626355945,21.535
1584626355945,21.535
1584626355945,21.535
1584626441639,21.415
1584626441639,21.415
1584626441639,21.415
1584626441639,21.415
1584626482002,21.31
1584626482002,21.31
1584626482002,21.31
1584626517754,21.27
1584626526263,21.305
1584626538196,21.2
1584626549341,21.27
1584626561609,21.27
1584626566452,21.32
1584626566452,21.32
1584626590955,21.17
1584626601021,21.115
1584626610372,21.145
1584626617374,21.1
1584626617374,21.1
1584626643438,21.17
1584626654054,21.135
1584626665310,21.115
1584626666479,21.115
1584626684635,21.065
1584626687442,21.075
1584626707609,21.1
1584626715747,21.05
1584626727462,21.13
1584626738942,21.215
1584626747012,21.19
1584626758018,21.075
1584626770637,21.16
1584626780665,21.17
1584626791398,21.14
1584626801443,21.085
1584626810184,21.09
1584626818147,21.08
1584626831110,21.07
1584626841729,21.04
1584626841729,21.04
1584626841729,21.04
1584626869166,20.83
1584626876166,20.98
1584626876166,20.98
1584626876166,20.98
1584626915007,21.05
1584626915007,21.05
1584626937582,21.21
1584626937582,21.21
1584626955445,21.125
1584626961569,21.175
1584626961569,21.175
1584626989891,21.35
1584626989891,21.35
1584627011893,21.47
1584627018641,21.39
1584627028703,21.36
1584627028703,21.36
1584627028703,21.36
1584627057974,21.23
1584627074975,21.24
1584627074975,21.24
1584627088375,21.25
1584627088375,21.25
1584627115578,21.25
1584627115578,21.25
1584627115578,21.25
1584627140778,21.365
1584627140778,21.365
1584627162378,21.42
1584627176380,21.41
1584627189410,21.49
1584627192981,21.515
1584627192981,21.515
1584627192981,21.515
1584627192981,21.515
1584627236253,21.69
1584627244406,21.66
1584627244406,21.66
1584627244406,21.66
1584627244406,21.66
1584627244406,21.66
1584627297489,21.73
1584627297489,21.73
1584627297489,21.73
1584627335891,21.78
1584627335891,21.78
1584627335891,21.78
1584627335891,21.78
1584627335891,21.78
1584627335891,21.78
1584627335891,21.78
1584627335891,21.78
1584627335891,21.78
1584627430617,21.935
1584627430617,21.935
1584627430617,21.935
1584627430617,21.935
1584627471420,21.91
1584627471420,21.91
1584627471420,21.91
1584627471420,21.91
1584627471420,21.91
1584627471420,21.91
1584627533907,21.88
1584627533907,21.88
1584627557007,21.86
1584627568284,21.88
1584627568284,21.88
1584627568284,21.88
1584627568284,21.88
1584627604393,21.91
1584627604393,21.91
1584627630261,21.9
1584627630261,21.9
1584627630261,21.9
1584627630261,21.9
1584627630261,21.9
1584627630261,21.9
1584627690530,22.07
1584627690530,22.07
1584627690530,22.07
1584627690530,22.07
1584627690530,22.07
1584627690530,22.07
1584627690530,22.07
1584627690530,22.07
1584627690530,22.07
1584627690530,22.07
1584627797054,22.02
1584627797054,22.02
1584627797054,22.02
1584627797054,22.02
1584627840640,22.2
1584627846384,22.13
1584627857895,22.12
1584627857895,22.12
1584627857895,22.12
1584627857895,22.12
1584627857895,22.12
1584627857895,22.12
1584627857895,22.12
1584627857895,22.12
1584627857895,22.12
1584627953063,22.155
1584627953063,22.155
1584627953063,22.155
1584627953063,22.155
1584627953063,22.155
1584628007697,22.33
1584628017247,22.345
1584628017247,22.345
1584628017247,22.345
1584628017247,22.345
1584628017247,22.345
1584628017247,22.345
1584628082114,22.48
1584628082576,22.49
1584628082576,22.49
1584628082576,22.49
1584628082576,22.49
1584628082576,22.49
1584628082576,22.49
1584628082576,22.49
1584628165649,22.51
1584628165649,22.51
1584628165649,22.51
1584628188616,22.49
1584628188616,22.49
1584628188616,22.49
1584628188616,22.49
1584628188616,22.49
1584628247194,22.49
1584628247194,22.49
1584628247194,22.49
1584628247194,22.49
1584628285780,22.49
1584628285780,22.49
1584628310112,22.49
1584628310112,22.49
1584628310112,22.49
1584628310112,22.49
1584628310112,22.49
1584628362948,22.52
1584628362948,22.52
1584628362948,22.52
1584628362948,22.52
1584628406119,22.61
1584628415169,22.62
1584628420088,22.61
1584628420088,22.61
1584628420088,22.61
1584628420088,22.61
1584628420088,22.61
1584628477696,22.89
1584628485506,22.925
1584628485506,22.925
1584628504411,22.865
1584628504411,22.865
1584628504411,22.865
1584628504411,22.865
1584628504411,22.865
1584628504411,22.865
1584628504411,22.865
1584628504411,22.865
1584628594253,22.69
1584628604641,22.69
1584628605239,22.69
1584628605239,22.69
1584628605239,22.69
1584628644601,22.695
1584628644601,22.695
1584628663954,22.645
1584628663954,22.645
1584628687532,22.61
1584628691633,22.61
1584628691633,22.61
1584628691633,22.61
1584628691633,22.61
1584628691633,22.61
1584628691633,22.61
1584628759099,22.455
1584628759099,22.455
1584628759099,22.455
1584628759099,22.455
1584628759099,22.455
1584628804253,22.42
1584628804253,22.42
1584628830434,22.42
1584628830434,22.42
1584628830434,22.42
1584628860024,22.36
1584628860024,22.36
1584628860024,22.36
1584628860024,22.36
1584628860024,22.36
1584628860024,22.36
1584628860024,22.36
1584628860024,22.36
1584628950113,22.41
1584628950113,22.41
1584628950113,22.41
1584628950113,22.41
1584628950113,22.41
1584628950113,22.41
1584628950113,22.41
1584628950113,22.41
1584629024911,22.425
1584629040347,22.435
1584629052874,22.43
1584629064960,22.42
1584629064960,22.42
1584629084459,22.45
1584629091087,22.48
1584629091087,22.48
1584629091087,22.48
1584629091087,22.48
1584629137437,22.5
1584629150157,22.51
1584629154858,22.51
1584629169441,22.525
1584629174537,22.51
1584629191073,22.495
1584629201724,22.455
1584629209672,22.37
1584629209672,22.37
1584629232764,22.27
1584629243964,22.26
1584629245975,22.27
1584629245975,22.27
1584629271446,22.34
1584629271446,22.34
1584629271446,22.34
1584629300197,22.405
1584629318573,22.465
1584629318573,22.465
1584629333973,22.415
1584629345364,22.36
1584629345364,22.36
1584629345364,22.36
1584629345364,22.36
1584629345364,22.36
1584629345364,22.36
1584629407427,22.28
1584629407427,22.28
1584629433639,22.295
1584629433639,22.295
1584629454352,22.3
1584629454352,22.3
1584629475883,22.29
1584629475883,22.29
1584629475883,22.29
1584629475883,22.29
1584629475883,22.29
1584629475883,22.29
1584629475883,22.29
1584629544944,22.265
1584629544944,22.265
1584629544944,22.265
1584629577903,22.22
1584629577903,22.22
1584629600642,22.24
1584629600642,22.24
1584629600642,22.24
1584629600642,22.24
1584629600642,22.24
1584629651659,22.245
1584629658006,22.305
1584629658006,22.305
1584629658006,22.305
1584629658006,22.305
1584629699617,22.33
1584629707290,22.3
1584629707290,22.3
1584629707290,22.3
1584629707290,22.3
1584629752780,22.42
1584629752780,22.42
1584629752780,22.42
1584629785181,22.435
1584629785181,22.435
1584629785181,22.435
1584629815347,22.535
1584629825696,22.505
1584629825696,22.505
1584629825696,22.505
1584629825696,22.505
1584629872554,22.535
1584629884460,22.5
1584629884460,22.5
1584629904437,22.45
1584629904437,22.45
1584629904437,22.45
1584629934205,22.475
1584629934205,22.475
1584629934205,22.475
1584629934205,22.475
1584629934205,22.475
1584629981218,22.475
1584629981218,22.475
1584630009628,22.425
1584630009628,22.425
1584630009628,22.425
1584630009628,22.425
1584630051036,22.56
1584630051036,22.56
1584630051036,22.56
1584630051036,22.56
1584630051036,22.56
1584630051036,22.56
1584630051036,22.56
1584630051036,22.56
1584630051036,22.56
1584630137048,22.715
1584630148346,22.675
1584630167002,22.69
1584630177278,22.695
1584630187371,22.695
1584630199289,22.78
1584630199289,22.78
1584630218034,22.72
1584630226674,22.635
1584630232912,22.645
1584630232912,22.645
1584630252532,22.565
1584630272210,22.605
1584630277553,22.59
1584630290570,22.645
1584630302218,22.645
1584630302218,22.645
1584630317224,22.615
1584630336891,22.62
1584630346073,22.59
1584630353616,22.59
1584630353616,22.59
1584630373588,22.58
1584630381696,22.58
1584630397609,22.62
1584630404416,22.635
1584630418888,22.645
1584630418888,22.645
1584630418888,22.645
1584630447478,22.585
1584630447478,22.585
1584630447478,22.585
1584630482749,22.645
1584630482749,22.645
1584630499216,22.675
1584630507170,22.68
1584630517685,22.695
1584630517685,22.695
1584630539009,22.775
1584630556067,22.82
1584630565517,22.815
1584630569221,22.805
1584630580114,22.85
1584630593935,22.84
1584630593935,22.84
1584630610360,22.905
1584630610360,22.905
1584630610360,22.905
1584630644480,22.985
1584630644480,22.985
1584630662229,22.975
1584630662229,22.975
1584630689946,22.985
1584630699746,22.99
1584630707123,23
1584630720950,23.025
1584630726751,23.015
1584630745955,23.09
1584630745955,23.09
1584630745955,23.09
1584630774168,23.21
1584630788217,23.26
1584630798251,23.325
1584630800551,23.35
1584630814381,23.36
1584630814381,23.36
1584630837296,23.405
1584630842420,23.42
1584630860700,23.345
1584630860700,23.345
1584630860700,23.345
1584630889161,23.33
1584630900513,23.335
1584630900513,23.335
1584630900513,23.335
1584630933577,23.215
1584630933577,23.215
1584630952078,23.225
1584630952078,23.225
1584630970609,23.205
1584630982568,23.195
1584630982568,23.195
1584630982568,23.195
1584631018116,23.2
1584631025010,23.255
1584631025010,23.255
1584631048237,23.3
1584631048237,23.3
1584631048237,23.3
1584631075574,23.255
1584631085030,23.235
1584631085030,23.235
1584631085030,23.235
1584631117581,23.265
1584631117581,23.265
1584631117581,23.265
1584631117581,23.265
1584631117581,23.265
1584631166051,23.32
1584631166051,23.32
1584631166051,23.32
1584631207092,23.225
1584631208838,23.18
1584631208838,23.18
1584631208838,23.18
1584631244535,23.15
1584631244535,23.15
1584631261988,23.15
1584631280152,23.15
1584631289628,23.16
1584631289628,23.16
1584631289628,23.16
1584631289628,23.16
1584631331036,23.14
1584631331036,23.14
1584631344217,23.14
1584631362808,23.14
1584631368525,23.195
1584631368525,23.195
1584631391230,23.16
1584631391230,23.16
1584631391230,23.16
1584631424006,23.14
1584631437276,23.14
1584631437276,23.14
1584631437276,23.14
1584631437276,23.14
1584631437276,23.14
1584631437276,23.14
1584631437276,23.14
1584631503434,23
1584631503434,23
1584631503434,23
1584631503434,23
1584631551462,23.13
1584631551462,23.13
1584631564550,23.155
1584631564550,23.155
1584631588519,23.17
1584631588519,23.17
1584631588519,23.17
1584631625418,23.095
1584631625418,23.095
1584631625418,23.095
1584631625418,23.095
1584631625418,23.095
1584631676481,23.075
1584631688277,23.065
1584631688277,23.065
1584631688277,23.065
1584631712472,23.19
1584631712472,23.19
1584631741751,23.21
1584631741751,23.21
1584631753143,23.22
1584631753143,23.22
1584631753143,23.22
1584631753143,23.22
1584631753143,23.22
1584631809468,23.155
1584631809468,23.155
1584631809468,23.155
1584631809468,23.155
1584631809468,23.155
1584631866585,22.915
1584631872801,22.91
1584631872801,22.91
1584631893307,22.85
1584631893307,22.85
1584631893307,22.85
1584631893307,22.85
1584631893307,22.85
1584631893307,22.85
1584631893307,22.85
1584631964178,22.71
1584631964178,22.71
1584631994647,22.72
1584632006049,22.745
1584632013864,22.76
1584632013864,22.76
1584632013864,22.76
1584632038496,22.865
1584632038496,22.865
1584632038496,22.865
1584632038496,22.865
1584632038496,22.865
1584632038496,22.865
1584632105152,22.905
1584632105152,22.905
1584632105152,22.905
1584632105152,22.905
1584632143350,22.835
1584632143350,22.835
1584632143350,22.835
1584632143350,22.835
1584632189261,22.87
1584632200552,22.87
1584632214629,22.87
1584632214629,22.87
1584632214629,22.87
1584632214629,22.87
1584632214629,22.87
1584632214629,22.87
1584632214629,22.87
1584632284349,23
1584632284349,23
1584632284349,23
1584632284349,23
1584632284349,23
1584632334360,22.93
1584632334360,22.93
1584632334360,22.93
1584632334360,22.93
1584632334360,22.93
1584632388553,22.755
1584632401087,22.73
1584632401087,22.73
1584632401087,22.73
1584632401087,22.73
1584632401087,22.73
1584632401087,22.73
1584632401087,22.73
1584632468225,22.795
1584632468225,22.795
1584632468225,22.795
1584632468225,22.795
1584632468225,22.795
1584632468225,22.795
1584632468225,22.795
1584632468225,22.795
1584632468225,22.795
1584632468225,22.795
1584632571266,22.69
1584632571266,22.69
1584632598356,22.715
1584632598356,22.715
1584632617730,22.695
1584632617730,22.695
1584632638332,22.67
1584632638332,22.67
1584632638332,22.67
1584632638332,22.67
1584632638332,22.67
1584632638332,22.67
1584632698729,22.805
1584632716273,22.8
1584632716273,22.8
1584632716273,22.8
1584632716273,22.8
1584632716273,22.8
1584632716273,22.8
1584632716273,22.8
1584632716273,22.8
1584632795299,22.85
1584632795299,22.85
1584632795299,22.85
1584632832380,22.73
1584632838556,22.705
1584632847449,22.665
1584632847449,22.665
1584632867078,22.69
1584632867078,22.69
1584632887190,22.7
1584632887190,22.7
1584632911168,22.645
1584632911168,22.645
1584632911168,22.645
1584632911168,22.645
1584632911168,22.645
1584632969254,22.75
1584632972426,22.74
1584632972426,22.74
1584632972426,22.74
1584632972426,22.74
1584632972426,22.74
1584632972426,22.74
1584632972426,22.74
1584632972426,22.74
1584632972426,22.74
1584633071013,22.72
1584633071013,22.72
1584633071013,22.72
1584633071013,22.72
1584633071013,22.72
1584633071013,22.72
1584633071013,22.72
1584633071013,22.72
1584633071013,22.72
1584633165198,22.82
1584633165198,22.82
1584633165198,22.82
1584633165198,22.82
1584633165198,22.82
1584633210923,22.9
1584633229500,22.855
1584633241494,22.77
1584633247065,22.735
1584633257945,22.71
1584633270184,22.69
1584633279735,22.71
1584633287937,22.72
1584633299805,22.715
1584633314033,22.71
1584633323928,22.73
1584633335474,22.71
1584633335474,22.71
1584633353589,22.705
1584633359581,22.7
1584633377209,22.7
1584633382824,22.71
1584633388970,22.7
1584633404954,22.72
1584633413514,22.69
1584633425469,22.65
1584633436748,22.61
1584633451300,22.56
1584633451300,22.56
1584633451300,22.56
1584633480096,22.515
1584633480096,22.515
1584633500104,22.45
1584633510365,22.41
1584633523305,22.41
1584633528887,22.42
1584633543674,22.47
1584633554705,22.46
1584633566752,22.465
1584633572747,22.46
1584633584359,22.46
1584633596599,22.505
1584633607037,22.48
1584633617958,22.49
1584633627192,22.495
1584633640747,22.47
1584633648453,22.475
1584633653425,22.5
1584633664114,22.495
1584633681745,22.45
1584633681745,22.45
1584633701305,22.45
1584633712005,22.5
1584633723724,22.535
1584633733589,22.525
1584633742120,22.475
1584633754058,22.37
1584633766759,22.34
1584633772259,22.355
1584633784719,22.385
1584633797191,22.38
1584633809165,22.36
1584633815624,22.39
1584633828284,22.39
1584633834406,22.39
1584633846230,22.39
1584633858882,22.32
1584633867212,22.29
1584633879129,22.3
1584633892540,22.315
1584633901675,22.315
1584633907725,22.37
1584633920528,22.38
1584633933756,22.38
1584633944557,22.38
1584633945137,22.38
1584633963048,22.38
1584633973370,22.38
1584633985620,22.405
1584633994034,22.41
1584634006313,22.45
1584634014750,22.47
1584634026391,22.465
1584634031628,22.44
1584634050316,22.45
1584634050854,22.455
1584634070391,22.39
1584634070391,22.39
1584634089866,22.335
1584634089866,22.335
1584634109935,22.335
1584634121846,22.31
1584634126886,22.33
1584634126886,22.33
1584634126886,22.33
1584634126886,22.33
1584634168274,22.3
1584634181402,22.255
1584634187614,22.235
1584634187614,22.235
1584634212588,22.185
1584634225916,22.1
1584634234427,22.115
1584634246080,22.1
1584634250240,22.09
1584634250240,22.09
1584634280642,22.115
1584634280642,22.115
1584634300377,22.15
1584634300377,22.15
1584634300377,22.15
1584634300377,22.15
1584634300377,22.15
1584634300377,22.15
1584634300377,22.15
1584634373481,22.055
1584634373481,22.055
1584634395476,22.09
1584634410016,22.08
1584634410016,22.08
1584634410016,22.08
1584634437023,22.08
1584634437023,22.08
1584634460087,22.075
1584634460087,22.075
1584634483025,22.07
1584634492769,22.06
1584634503563,22.08
1584634509781,22
1584634524735,21.985
1584634524735,21.985
1584634524735,21.985
1584634524735,21.985
1584634559877,21.85
1584634559877,21.85
1584634587262,21.83
1584634593970,21.86
1584634609657,21.895
1584634609657,21.895
1584634609657,21.895
1584634609657,21.895
1584634645009,21.83
1584634645009,21.83
1584634672015,21.85
1584634672015,21.85
1584634692431,21.925
1584634703911,21.88
1584634707013,21.895
1584634725384,21.905
1584634735239,21.93
1584634742476,21.91
1584634754453,21.93
1584634754453,21.93
1584634773385,21.885
1584634783748,21.845
1584634783748,21.845
1584634783748,21.845
1584634817210,21.76
1584634828368,21.81
1584634828368,21.81
1584634846925,21.845
1584634846925,21.845
1584634870558,21.8
1584634870558,21.8
1584634870558,21.8
1584634870558,21.8
1584634870558,21.8
1584634870558,21.8
1584634870558,21.8
1584634870558,21.8
1584634870558,21.8
1584634870558,21.8
1584634870558,21.8
1584634982638,21.635
1584634992643,21.61
1584634992643,21.61
1584635009553,21.615
1584635009553,21.615
1584635031327,21.595
1584635041093,21.595
1584635060139,21.52
1584635069652,21.52
1584635069652,21.52
1584635084062,21.52
1584635084062,21.52
1584635084062,21.52
1584635123369,21.51
1584635124163,21.52
1584635142741,21.525
1584635145678,21.54
1584635162031,21.545
1584635173238,21.52
1584635186130,21.525
1584635186130,21.525
1584635204668,21.505
1584635204668,21.505
1584635224003,21.48
1584635234930,21.49
1584635234930,21.49
1584635257441,21.56
1584635257441,21.56
1584635273482,21.55
1584635284743,21.53
1584635300852,21.54
1584635304588,21.55
1584635304588,21.55
1584635326407,21.55
1584635336965,21.56
1584635349400,21.55
1584635359077,21.54
1584635369317,21.55
1584635384340,21.54
1584635393810,21.485
1584635405486,21.49
1584635405486,21.49
1584635427452,21.455
1584635430597,21.465
1584635447983,21.435
1584635457973,21.4
1584635468865,21.42
1584635480035,21.365
1584635485034,21.395
1584635496936,21.365
1584635511416,21.33
1584635516303,21.37
1584635530004,21.36
1584635536422,21.365
1584635551078,21.37
1584635561972,21.375
1584635571339,21.375
1584635583220,21.31
1584635586829,21.31
1584635606686,21.3
1584635608457,21.31
1584635625052,21.285
1584635625052,21.285
1584635644887,21.29
1584635656776,21.285
1584635670502,21.29
1584635670502,21.29
1584635683575,21.315
1584635696544,21.315
1584635696544,21.315
1584635721011,21.275
1584635726995,21.275
1584635736715,21.27
1584635736715,21.27
1584635758714,21.265
1584635773539,21.28
1584635779908,21.285
1584635779908,21.285
1584635802976,21.34
1584635811176,21.3
1584635823421,21.245
1584635831285,21.28
1584635844413,21.285
1584635858419,21.375
1584635865561,21.365
1584635876444,21.335
1584635876444,21.335
1584635899774,21.225
1584635905542,21.25
1584635905542,21.25
1584635905542,21.25
1584635937814,21.29
1584635937814,21.29
1584635959646,21.3
1584635969907,21.265
1584635969907,21.265
1584635969907,21.265
1584635969907,21.265
1584635969907,21.265
1584636026246,21.29
1584636032134,21.27
1584636032134,21.27
1584636056862,21.34
1584636064703,21.405
1584636064703,21.405
1584636083279,21.405
1584636083279,21.405
1584636083279,21.405
1584636121071,21.37
1584636126776,21.39
1584636134830,21.43
1584636134830,21.43
1584636134830,21.43
1584636169181,21.38
1584636169181,21.38
1584636169181,21.38
1584636202476,21.44
1584636202476,21.44
1584636224122,21.47
1584636224122,21.47
1584636244704,21.495
1584636244704,21.495
1584636266736,21.445
1584636270928,21.45
1584636281785,21.435
1584636291238,21.425
1584636291238,21.425
1584636291238,21.425
1584636291238,21.425
1584636291238,21.425
1584636291238,21.425
1584636291238,21.425
1584636368019,21.585
1584636375980,21.6
1584636375980,21.6
1584636375980,21.6
1584636375980,21.6
1584636424704,21.61
1584636434729,21.63
1584636434729,21.63
1584636434729,21.63
1584636434729,21.63
1584636434729,21.63
1584636485332,21.66
1584636492016,21.725
1584636492016,21.725
1584636492016,21.725
1584636492016,21.725
1584636536663,21.75
1584636536663,21.75
1584636536663,21.75
1584636536663,21.75
1584636582110,21.83
1584636582110,21.83
1584636582110,21.83
1584636611530,21.81
1584636611530,21.81
1584636611530,21.81
1584636645465,21.85
1584636645465,21.85
1584636645465,21.85
1584636645465,21.85
1584636680626,21.87
1584636680626,21.87
1584636680626,21.87
1584636718109,22.08
1584636718109,22.08
1584636718109,22.08
1584636718109,22.08
1584636753124,22.06
1584636766830,22.09
1584636766830,22.09
1584636766830,22.09
1584636795532,22.1
1584636795532,22.1
1584636795532,22.1
1584636831887,22.18
1584636831887,22.18
1584636831887,22.18
1584636860923,22.24
1584636874224,22.265
1584636879504,22.295
1584636879504,22.295
1584636879504,22.295
1584636913003,22.28
1584636913003,22.28
1584636913003,22.28
1584636913003,22.28
1584636954389,22.33
1584636954389,22.33
1584636954389,22.33
1584636954389,22.33
1584636954389,22.33
1584636954389,22.33
1584636954389,22.33
1584636954389,22.33
1584636954389,22.33
1584636954389,22.33
1584636954389,22.33
1584636954389,22.33
1584636954389,22.33
1584636954389,22.33
1584636954389,22.33
1584636954389,22.33
1584636954389,22.33
1584636954389,22.33
1584636954389,22.33
1584637161751,22.16
1584637161751,22.16
1584637161751,22.16
1584637161751,22.16
1584637161751,22.16
1584637216489,22.2
1584637216489,22.2
1584637216489,22.2
1584637216489,22.2
1584637216489,22.2
1584637216489,22.2
1584637216489,22.2
1584637216489,22.2
1584637216489,22.2
1584637216489,22.2
1584637314301,22.12
1584637314301,22.12
1584637334886,22.1
1584637354462,22.035
1584637364792,22.08
1584637364792,22.08
1584637381639,22.11
1584637393866,22.095
1584637393866,22.095
1584637393866,22.095
1584637393866,22.095
1584637393866,22.095
1584637393866,22.095
1584637393866,22.095
1584637466116,22.21
1584637476147,22.22
1584637476147,22.22
1584637476147,22.22
1584637476147,22.22
1584637476147,22.22
1584637476147,22.22
1584637476147,22.22
1584637476147,22.22
1584637476147,22.22
1584637575335,22.36
1584637575335,22.36
1584637601489,22.4
1584637603669,22.365
1584637603669,22.365
1584637603669,22.365
1584637603669,22.365
1584637603669,22.365
1584637603669,22.365
1584637603669,22.365
1584637603669,22.365
1584637603669,22.365
1584637603669,22.365
1584637603669,22.365
1584637603669,22.365
1584637603669,22.365
1584637603669,22.365
1584637603669,22.365
1584637769334,22.395
1584637780607,22.38
1584637780607,22.38
1584637780607,22.38
1584637809011,22.375
1584637809011,22.375
1584637826750,22.39
1584637826750,22.39
1584637826750,22.39
1584637826750,22.39
1584637826750,22.39
1584637884663,22.5
1584637884663,22.5
1584637884663,22.5
1584637909543,22.47
1584637925958,22.47
1584637925958,22.47
1584637947049,22.48
1584637959375,22.5
1584637959375,22.5
1584637959375,22.5
1584637985170,22.47
1584637985170,22.47
1584637985170,22.47
1584638020097,22.485
1584638020097,22.485
1584638020097,22.485
1584638020097,22.485
1584638020097,22.485
1584638020097,22.485
1584638085480,22.385
1584638097242,22.39
1584638097242,22.39
1584638097242,22.39
1584638097242,22.39
1584638141037,22.35
1584638141037,22.35
1584638160434,22.35
1584638166953,22.35
1584638166953,22.35
1584638166953,22.35
1584638166953,22.35
1584638166953,22.35
1584638166953,22.35
1584638231805,22.37
1584638231805,22.37
1584638231805,22.37
1584638231805,22.37
1584638231805,22.37
1584638231805,22.37
1584638231805,22.37
1584638231805,22.37
1584638313719,22.3
1584638325372,22.3
1584638325372,22.3
1584638325372,22.3
1584638325372,22.3
1584638325372,22.3
1584638325372,22.3
1584638325372,22.3
1584638325372,22.3
1584638325372,22.3
1584638325372,22.3
1584638325372,22.3
1584638445442,22.4
1584638445442,22.4
1584638445442,22.4
1584638476247,22.52
1584638480938,22.52
1584638480938,22.52
1584638480938,22.52
1584638516263,22.5
1584638525067,22.54
1584638531902,22.55
1584638547006,22.54
1584638559138,22.555
1584638559138,22.555
1584638579619,22.5
1584638579619,22.5
1584638594689,22.495
1584638594689,22.495
1584638594689,22.495
1584638625585,22.46
1584638625585,22.46
1584638625585,22.46
1584638625585,22.46
1584638670875,22.515
1584638682464,22.595
1584638693868,22.58
1584638693868,22.58
1584638712250,22.565
1584638725540,22.615
1584638738341,22.525
1584638746857,22.525
1584638759388,22.535
1584638765354,22.555
1584638765354,22.555
1584638788532,22.53
1584638788532,22.53
1584638807453,22.52
1584638807453,22.52
1584638823872,22.52
1584638843558,22.52
1584638853843,22.51
1584638853843,22.51
1584638853843,22.51
1584638853843,22.51
1584638892018,22.425
1584638906170,22.43
1584638906170,22.43
1584638922164,22.425
1584638930208,22.39
1584638930208,22.39
1584638930208,22.39
1584638970309,22.465
1584638970309,22.465
1584638970309,22.465
1584638970309,22.465
1584639005745,22.41
1584639015223,22.435
1584639015223,22.435
1584639015223,22.435
1584639046529,22.44
1584639046529,22.44
1584639046529,22.44
1584639076378,22.435
1584639076378,22.435
1584639076378,22.435
1584639112836,22.43
1584639112836,22.43
1584639112836,22.43
1584639142636,22.38
1584639142636,22.38
1584639163338,22.38
1584639163338,22.38
1584639163338,22.38
1584639197354,22.335
1584639197354,22.335
1584639197354,22.335
1584639197354,22.335
1584639233441,22.36
1584639233441,22.36
1584639261130,22.355
1584639261130,22.355
1584639261130,22.355
1584639287331,22.35
1584639287331,22.35
1584639287331,22.35
1584639287331,22.35
1584639287331,22.35
1584639287331,22.35
1584639287331,22.35
1584639287331,22.35
1584639287331,22.35
1584639287331,22.35
1584639287331,22.35
1584639400502,22.3
1584639400502,22.3
1584639400502,22.3
1584639400502,22.3
1584639400502,22.3
1584639400502,22.3
1584639467098,22.33
1584639467098,22.33
1584639467098,22.33
1584639467098,22.33
1584639467098,22.33
1584639467098,22.33
1584639467098,22.33
1584639467098,22.33
1584639467098,22.33
1584639467098,22.33
1584639467098,22.33
1584639582521,22.3
1584639582521,22.3
1584639582521,22.3
1584639582521,22.3
1584639582521,22.3
1584639582521,22.3
1584639582521,22.3
1584639582521,22.3
1584639582521,22.3
1584639582521,22.3
1584639582521,22.3
1584639582521,22.3
1584639709055,22.28
1584639721396,22.285
1584639721396,22.285
1584639721396,22.285
1584639721396,22.285
1584639721396,22.285
1584639721396,22.285
1584639721396,22.285
1584639721396,22.285
1584639721396,22.285
1584639721396,22.285
1584639721396,22.285
1584639721396,22.285
1584639721396,22.285
1584639721396,22.285
1584639721396,22.285
1584639721396,22.285
1584639886305,22.33
1584639886305,22.33
1584639886305,22.33
1584639886305,22.33
1584639886305,22.33
1584639886305,22.33
1584639886305,22.33
1584639886305,22.33
1584639886305,22.33
1584639886305,22.33
1584639886305,22.33
1584640006615,22.385
1584640014576,22.4
1584640029539,22.41
1584640029539,22.41
1584640048623,22.43
1584640048623,22.43
1584640066781,22.465
1584640066781,22.465
1584640066781,22.465
1584640066781,22.465
1584640066781,22.465
1584640117939,22.45
1584640117939,22.45
1584640117939,22.45
1584640117939,22.45
1584640117939,22.45
1584640117939,22.45
1584640184656,22.46
1584640184656,22.46
1584640205426,22.455
1584640218430,22.455
1584640227347,22.505
1584640233395,22.52
1584640249313,22.525
1584640261970,22.515
1584640273822,22.535
1584640273822,22.535
1584640295624,22.585
1584640296758,22.585
1584640317366,22.595
1584640326711,22.575
1584640337545,22.63
1584640341636,22.64
1584640359541,22.66
1584640365005,22.67
1584640378239,22.68
1584640393345,22.7
1584640401403,22.675
1584640401403,22.675
1584640423940,22.675
1584640437158,22.66
1584640440894,22.665
1584640449208,22.645
1584640468331,22.635
1584640468331,22.635
1584640482943,22.635
1584640482943,22.635
1584640502093,22.615
1584640520690,22.66
1584640529097,22.675
1584640529097,22.675
1584640529097,22.675
1584640556864,22.695
1584640556864,22.695
1584640575647,22.655
1584640587036,22.61
1584640587036,22.61
1584640613620,22.585
1584640617976,22.625
1584640617976,22.625
1584640641332,22.66
1584640641332,22.66
1584640641332,22.66
1584640641332,22.66
1584640689202,22.65
1584640689202,22.65
1584640689202,22.65
1584640689202,22.65
1584640689202,22.65
1584640689202,22.65
1584640743337,22.495
1584640743337,22.495
1584640743337,22.495
1584640743337,22.495
1584640786746,22.475
1584640786746,22.475
1584640786746,22.475
1584640786746,22.475
1584640786746,22.475
1584640848349,22.49
1584640848349,22.49
1584640848349,22.49
1584640848349,22.49
1584640848349,22.49
1584640848349,22.49
1584640907115,22.46
1584640918038,22.565
1584640918038,22.565
1584640918038,22.565
1584640918038,22.565
1584640918038,22.565
1584640918038,22.565
1584640918038,22.565
1584640996635,22.57
1584640996635,22.57
1584640996635,22.57
1584640996635,22.57
1584640996635,22.57
1584640996635,22.57
1584640996635,22.57
1584640996635,22.57
1584640996635,22.57
1584640996635,22.57
1584640996635,22.57
1584641113115,22.57
1584641113115,22.57
1584641113115,22.57
1584641139731,22.62
1584641139731,22.62
1584641139731,22.62
1584641139731,22.62
1584641187928,22.645
1584641187928,22.645
1584641187928,22.645
1584641219410,22.62
1584641219410,22.62
1584641219410,22.62
1584641243145,22.63
1584641243145,22.63
1584641243145,22.63
1584641243145,22.63
1584641243145,22.63
1584641243145,22.63
1584641243145,22.63
1584641243145,22.63
1584641327321,22.53
1584641342749,22.55
1584641342749,22.55
1584641342749,22.55
1584641371019,22.585
1584641371019,22.585
1584641398522,22.59
1584641409941,22.62
1584641409941,22.62
1584641409941,22.62
1584641436519,22.69
1584641447600,22.725
1584641447600,22.725
1584641447600,22.725
1584641447600,22.725
1584641447600,22.725
1584641447600,22.725
1584641513648,22.69
1584641513648,22.69
1584641513648,22.69
1584641547983,22.73
1584641547983,22.73
1584641547983,22.73
1584641547983,22.73
1584641547983,22.73
1584641547983,22.73
1584641609600,22.85
1584641619781,22.855
1584641625741,22.855
1584641639326,22.895
1584641652725,22.875
1584641660938,22.885
1584641660938,22.885
1584641660938,22.885
1584641660938,22.885
1584641697973,22.92
1584641716010,22.895
1584641725500,22.895
1584641736635,22.895
1584641746973,22.9
1584641759651,22.92
1584641759651,22.92
1584641778058,22.91
1584641790861,22.925
1584641790861,22.925
1584641790861,22.925
1584641790861,22.925
1584641831764,22.94
1584641831764,22.94
1584641850646,22.94
1584641865467,22.995
1584641869420,22.995
1584641869420,22.995
1584641893946,23
1584641893946,23
1584641913249,22.995
1584641919046,22.995
1584641937250,23.005
1584641937250,23.005
1584641957249,23.03
1584641957249,23.03
1584641978742,23.07
1584641978742,23.07
1584641978742,23.07
1584642004277,23.055
1584642019863,23.055
1584642019863,23.055
1584642036756,23.03
1584642036756,23.03
1584642054970,23.04
1584642054970,23.04
1584642054970,23.04
1584642054970,23.04
1584642101711,23.06
1584642111298,23.05
1584642111298,23.05
1584642132959,23.05
1584642132959,23.05
1584642132959,23.05
1584642132959,23.05
1584642179295,23.08
1584642179295,23.08
1584642194168,23.11
1584642211300,23.12
1584642211300,23.12
1584642227808,23.115
1584642241558,23.115
1584642241558,23.115
1584642241558,23.115
1584642241558,23.115
1584642241558,23.115
1584642241558,23.115
1584642304022,23.17
1584642304022,23.17
1584642304022,23.17
1584642333169,23.18
1584642348263,23.235
1584642357352,23.22
1584642357352,23.22
1584642374265,23.245
1584642389090,23.27
1584642394842,23.23
1584642404404,23.2
1584642404404,23.2
1584642404404,23.2
1584642442580,23.185
1584642442580,23.185
1584642442580,23.185
1584642471592,23.18
1584642471592,23.18
1584642471592,23.18
1584642471592,23.18
1584642508366,23.18
1584642508366,23.18
1584642530571,23.175
1584642530571,23.175
1584642530571,23.175
1584642530571,23.175
1584642530571,23.175
1584642530571,23.175
1584642530571,23.175
1584642610464,23.165
1584642610464,23.165
1584642610464,23.165
1584642610464,23.165
1584642610464,23.165
1584642610464,23.165
1584642610464,23.165
1584642682551,23.235
1584642696963,23.24
1584642706247,23.29
1584642714114,23.36
1584642724987,23.375
1584642737888,23.36
1584642748584,23.335
1584642756253,23.36
1584642756253,23.36
1584642775237,23.335
1584642792501,23.34
1584642794809,23.34
1584642794809,23.34
1584642794809,23.34
1584642794809,23.34
1584642837737,23.335
1584642852035,23.335
1584642860814,23.335
1584642860814,23.335
1584642860814,23.335
1584642893683,23.335
1584642901479,23.315
1584642914583,23.315
1584642920617,23.285
1584642920617,23.285
1584642947940,23.265
1584642957056,23.26
1584642967252,23.25
1584642967252,23.25
1584642967252,23.25
1584642967252,23.25
1584642967252,23.25
1584642967252,23.25
1584643032282,23.27
1584643037377,23.27
1584643054381,23.265
1584643063617,23.275
1584643074559,23.265
1584643084272,23.28
1584643091827,23.285
1584643105551,23.3
1584643105551,23.3
1584643105551,23.3
1584643137447,23.28
1584643141035,23.29
1584643155667,23.3
1584643170101,23.37
1584643177122,23.345
1584643192234,23.37
1584643199151,23.365
1584643211930,23.39
1584643218786,23.415
1584643218786,23.415
1584643239504,23.42
1584643252957,23.425
1584643261515,23.43
1584643273436,23.46
1584643279613,23.485
1584643293017,23.535
1584643307584,23.535
1584643316082,23.535
1584643327847,23.53
1584643327847,23.53
1584643347020,23.53
1584643358664,23.53
1584643358664,23.53
1584643379284,23.6
1584643379284,23.6
1584643402231,23.615
1584643407767,23.62
1584643418134,23.615
1584643427319,23.615
1584643427319,23.615
1584643427319,23.615
1584643427319,23.615
1584643474822,23.73
1584643484834,23.69
1584643497103,23.7
1584643508041,23.69
1584643518041,23.695
1584643518041,23.695
1584643538100,23.675
1584643538100,23.675
1584643538100,23.675
1584643561458,23.73
1584643561458,23.73
1584643584543,23.735
1584643596231,23.735
1584643605861,23.745
1584643616532,23.745
1584643631696,23.745
1584643631696,23.745
1584643648104,23.755
1584643648104,23.755
1584643673293,23.755
1584643675812,23.755
1584643695951,23.78
1584643695951,23.78
1584643717002,23.78
1584643724355,23.78
1584643735457,23.775
1584643745976,23.775
1584643755930,23.775
1584643766284,23.775
1584643776645,23.775
1584643787466,23.775
1584643787466,23.775
1584643787466,23.775
1584643787466,23.775
1584643829511,23.855
1584643843198,23.865
1584643853570,23.865
1584643858493,23.865
1584643870237,23.86
1584643882076,23.855
1584643892099,23.855
1584643905972,23.85
1584643911977,23.855
1584643924337,23.775
1584643934194,23.735
1584643946679,23.79
1584643946679,23.79
1584643966916,23.785
1584643976564,23.785
1584643986626,23.775
1584643996635,23.775
1584644006695,23.775
1584644016253,23.775
1584644031571,23.775
1584644041125,23.775
1584644051648,23.77
1584644060953,23.775
1584644071325,23.665
1584644081386,23.66
1584644092922,23.65
1584644092922,23.65
1584644115436,23.615
1584644115436,23.615
1584644129296,23.615
1584644129296,23.615
1584644157876,23.665
1584644167139,23.64
1584644176616,23.63
1584644182554,23.68
1584644182554,23.68
1584644202255,23.645
1584644202255,23.645
1584644230359,23.665
1584644239820,23.63
1584644248922,23.6
1584644259245,23.575
1584644269109,23.575
1584644278154,23.575
1584644291524,23.55
1584644306538,23.55
1584644316275,23.55
1584644325491,23.55
1584644335212,23.545
1584644347787,23.55
1584644359052,23.555
1584644368797,23.54
1584644377873,23.55
1584644387146,23.525
