1587130252773,1288.18
1587130252773,1288.18
1587130252773,1288.18
1587130252773,1288.18
1587130302911,1283.095
1587130302911,1283.095
1587130302911,1283.095
1587130302911,1283.095
1587130340183,1283.86
1587130354511,1282.12
1587130362880,1282.085
1587130362880,1282.085
1587130362880,1282.085
1587130362880,1282.085
1587130362880,1282.085
1587130362880,1282.085
1587130362880,1282.085
1587130362880,1282.085
1587130362880,1282.085
1587130362880,1282.085
1587130362880,1282.085
1587130474647,1279.48
1587130474647,1279.48
1587130499736,1277.3
1587130514189,1278.66
1587130514189,1278.66
1587130514189,1278.66
1587130514189,1278.66
1587130514189,1278.66
1587130514189,1278.66
1587130575060,1277.03
1587130575060,1277.03
1587130575060,1277.03
1587130606810,1277.465
1587130618068,1278.17
1587130618068,1278.17
1587130618068,1278.17
1587130618068,1278.17
1587130618068,1278.17
1587130618068,1278.17
1587130618068,1278.17
1587130690433,1276.58
1587130690433,1276.58
1587130709018,1276.49
1587130716108,1275.62
1587130730205,1274.505
1587130733379,1274.16
1587130733379,1274.16
1587130733379,1274.16
1587130733379,1274.16
1587130733379,1274.16
1587130733379,1274.16
1587130733379,1274.16
1587130812946,1277.62
1587130812946,1277.62
1587130812946,1277.62
1587130812946,1277.62
1587130812946,1277.62
1587130864317,1277.75
1587130864317,1277.75
1587130864317,1277.75
1587130864317,1277.75
1587130864317,1277.75
1587130864317,1277.75
1587130864317,1277.75
1587130864317,1277.75
1587130864317,1277.75
1587130864317,1277.75
1587130965910,1277.16
1587130965910,1277.16
1587130965910,1277.16
1587130965910,1277.16
1587130965910,1277.16
1587130965910,1277.16
1587130965910,1277.16
1587131037483,1277.935
1587131037483,1277.935
1587131037483,1277.935
1587131075663,1279.56
1587131075663,1279.56
1587131097477,1280.92
1587131097477,1280.92
1587131097477,1280.92
1587131097477,1280.92
1587131097477,1280.92
1587131097477,1280.92
1587131097477,1280.92
1587131167445,1283.6
1587131167445,1283.6
1587131191029,1282.79
1587131191029,1282.79
1587131191029,1282.79
1587131191029,1282.79
1587131191029,1282.79
1587131191029,1282.79
1587131250400,1284.73
1587131250400,1284.73
1587131273654,1285.33
1587131273654,1285.33
1587131273654,1285.33
1587131273654,1285.33
1587131273654,1285.33
1587131322554,1285.49
1587131322554,1285.49
1587131322554,1285.49
1587131356239,1284.73
1587131356239,1284.73
1587131356239,1284.73
1587131356239,1284.73
1587131356239,1284.73
1587131356239,1284.73
1587131356239,1284.73
1587131356239,1284.73
1587131356239,1284.73
1587131356239,1284.73
1587131356239,1284.73
1587131356239,1284.73
1587131356239,1284.73
1587131356239,1284.73
1587131501763,1283.74
1587131501763,1283.74
1587131501763,1283.74
1587131501763,1283.74
1587131501763,1283.74
1587131501763,1283.74
1587131501763,1283.74
1587131501763,1283.74
1587131583526,1284.225
1587131583526,1284.225
1587131583526,1284.225
1587131583526,1284.225
1587131583526,1284.225
1587131583526,1284.225
1587131651552,1285.26
1587131651552,1285.26
1587131651552,1285.26
1587131651552,1285.26
1587131687397,1284.3
1587131687397,1284.3
1587131687397,1284.3
1587131687397,1284.3
1587131687397,1284.3
1587131687397,1284.3
1587131687397,1284.3
1587131768851,1284.515
1587131768851,1284.515
1587131768851,1284.515
1587131768851,1284.515
1587131768851,1284.515
1587131768851,1284.515
1587131768851,1284.515
1587131834909,1288
1587131834909,1288
1587131860764,1288.195
1587131860764,1288.195
1587131878109,1287.44
1587131878109,1287.44
1587131878109,1287.44
1587131878109,1287.44
1587131878109,1287.44
1587131878109,1287.44
1587131878109,1287.44
1587131878109,1287.44
1587131878109,1287.44
1587131878109,1287.44
1587131878109,1287.44
1587131990031,1286.345
1587132003311,1286.09
1587132003311,1286.09
1587132023692,1286.5
1587132023692,1286.5
1587132023692,1286.5
1587132023692,1286.5
1587132066855,1286.9
1587132066855,1286.9
1587132066855,1286.9
1587132066855,1286.9
1587132066855,1286.9
1587132066855,1286.9
1587132130778,1286.59
1587132130778,1286.59
1587132130778,1286.59
1587132130778,1286.59
1587132130778,1286.59
1587132182270,1288.165
1587132182270,1288.165
1587132182270,1288.165
1587132182270,1288.165
1587132182270,1288.165
1587132182270,1288.165
1587132182270,1288.165
1587132182270,1288.165
1587132182270,1288.165
1587132275552,1289.43
1587132275552,1289.43
1587132275552,1289.43
1587132275552,1289.43
1587132275552,1289.43
1587132275552,1289.43
1587132338575,1290
1587132338575,1290
1587132357892,1290.09
1587132357892,1290.09
1587132357892,1290.09
1587132357892,1290.09
1587132357892,1290.09
1587132357892,1290.09
1587132419307,1290.74
1587132419307,1290.74
1587132419307,1290.74
1587132419307,1290.74
1587132419307,1290.74
1587132419307,1290.74
1587132419307,1290.74
1587132419307,1290.74
1587132502966,1291.69
1587132502966,1291.69
1587132502966,1291.69
1587132502966,1291.69
1587132547825,1292.365
1587132547825,1292.365
1587132547825,1292.365
1587132547825,1292.365
1587132593608,1293.465
1587132593608,1293.465
1587132613178,1293.33
1587132623566,1294.21
1587132623566,1294.21
1587132623566,1294.21
1587132653000,1294
1587132667099,1293.26
1587132667099,1293.26
1587132667099,1293.26
1587132667099,1293.26
1587132667099,1293.26
1587132667099,1293.26
1587132667099,1293.26
1587132667099,1293.26
1587132667099,1293.26
1587132755962,1292.03
1587132755962,1292.03
1587132775429,1291.48
1587132775429,1291.48
1587132775429,1291.48
1587132815820,1289.815
1587132817829,1289.08
1587132817829,1289.08
1587132846158,1289.46
1587132853974,1289.02
1587132853974,1289.02
1587132853974,1289.02
1587132853974,1289.02
1587132890472,1289.06
1587132909729,1289.045
1587132919938,1288.49
1587132930568,1287.19
1587132936069,1287.185
1587132936069,1287.185
1587132956554,1286.08
1587132956554,1286.08
1587132956554,1286.08
1587132956554,1286.08
1587133005034,1286.19
1587133005034,1286.19
1587133005034,1286.19
1587133026372,1285.815
1587133026372,1285.815
1587133026372,1285.815
1587133026372,1285.815
1587133026372,1285.815
1587133026372,1285.815
1587133091591,1285.35
1587133091591,1285.35
1587133091591,1285.35
1587133091591,1285.35
1587133091591,1285.35
1587133091591,1285.35
1587133091591,1285.35
1587133172484,1286.85
1587133172484,1286.85
1587133172484,1286.85
1587133172484,1286.85
1587133172484,1286.85
1587133172484,1286.85
1587133172484,1286.85
1587133172484,1286.85
1587133249865,1287.57
1587133249865,1287.57
1587133249865,1287.57
1587133285435,1288.255
1587133285435,1288.255
1587133285435,1288.255
1587133285435,1288.255
1587133285435,1288.255
1587133285435,1288.255
1587133285435,1288.255
1587133285435,1288.255
1587133369095,1287.02
1587133369095,1287.02
1587133369095,1287.02
1587133398416,1287.055
1587133411723,1287.79
1587133411723,1287.79
1587133423371,1286.79
1587133423371,1286.79
1587133423371,1286.79
1587133423371,1286.79
1587133423371,1286.79
1587133423371,1286.79
1587133423371,1286.79
1587133423371,1286.79
1587133423371,1286.79
1587133423371,1286.79
1587133533246,1286.59
1587133533246,1286.59
1587133533246,1286.59
1587133533246,1286.59
1587133533246,1286.59
1587133533246,1286.59
1587133594867,1287.28
1587133594867,1287.28
1587133594867,1287.28
1587133594867,1287.28
1587133594867,1287.28
1587133594867,1287.28
1587133594867,1287.28
1587133594867,1287.28
1587133675212,1287.05
1587133675212,1287.05
1587133675212,1287.05
1587133675212,1287.05
1587133675212,1287.05
1587133675212,1287.05
1587133675212,1287.05
1587133675212,1287.05
1587133675212,1287.05
1587133770637,1286.85
1587133788650,1287.01
1587133788650,1287.01
1587133788650,1287.01
1587133788650,1287.01
1587133788650,1287.01
1587133788650,1287.01
1587133788650,1287.01
1587133788650,1287.01
1587133788650,1287.01
1587133788650,1287.01
1587133887768,1285.51
1587133887768,1285.51
1587133907737,1285.93
1587133907737,1285.93
1587133907737,1285.93
1587133907737,1285.93
1587133907737,1285.93
1587133958499,1284.94
1587133958499,1284.94
1587133958499,1284.94
1587133958499,1284.94
1587134009330,1283.32
1587134009330,1283.32
1587134009330,1283.32
1587134009330,1283.32
1587134009330,1283.32
1587134009330,1283.32
1587134009330,1283.32
1587134009330,1283.32
1587134009330,1283.32
1587134009330,1283.32
1587134009330,1283.32
1587134009330,1283.32
1587134009330,1283.32
1587134009330,1283.32
1587134009330,1283.32
1587134009330,1283.32
1587134009330,1283.32
1587134009330,1283.32
1587134009330,1283.32
1587134009330,1283.32
1587134009330,1283.32
1587134009330,1283.32
1587134009330,1283.32
1587134009330,1283.32
1587134009330,1283.32
1587134009330,1283.32
1587134009330,1283.32
1587134284133,1279.42
1587134284133,1279.42
1587134304024,1279.08
1587134304024,1279.08
1587134304024,1279.08
1587134304024,1279.08
1587134304024,1279.08
1587134304024,1279.08
1587134304024,1279.08
1587134304024,1279.08
1587134304024,1279.08
1587134304024,1279.08
1587134304024,1279.08
1587134304024,1279.08
1587134304024,1279.08
1587134304024,1279.08
1587134304024,1279.08
1587134304024,1279.08
1587134304024,1279.08
1587134484020,1278.82
1587134484020,1278.82
1587134484020,1278.82
1587134484020,1278.82
1587134484020,1278.82
1587134533443,1277.19
1587134533443,1277.19
1587134533443,1277.19
1587134533443,1277.19
1587134533443,1277.19
1587134533443,1277.19
1587134533443,1277.19
1587134533443,1277.19
1587134533443,1277.19
1587134533443,1277.19
1587134533443,1277.19
1587134653068,1277.44
1587134653068,1277.44
1587134653068,1277.44
1587134653068,1277.44
1587134653068,1277.44
1587134653068,1277.44
1587134718246,1274.76
1587134718246,1274.76
1587134718246,1274.76
1587134742832,1275.14
1587134742832,1275.14
1587134742832,1275.14
1587134742832,1275.14
1587134784268,1274.93
1587134803648,1274.72
1587134803648,1274.72
1587134803648,1274.72
1587134803648,1274.72
1587134803648,1274.72
1587134803648,1274.72
1587134863999,1272.11
1587134871675,1272.26
1587134871675,1272.26
1587134871675,1272.26
1587134871675,1272.26
1587134871675,1272.26
1587134871675,1272.26
1587134871675,1272.26
1587134871675,1272.26
1587134959498,1272.3
1587134959498,1272.3
1587134959498,1272.3
1587134959498,1272.3
1587134959498,1272.3
1587134959498,1272.3
1587134959498,1272.3
1587134959498,1272.3
1587134959498,1272.3
1587134959498,1272.3
1587134959498,1272.3
1587134959498,1272.3
1587134959498,1272.3
1587134959498,1272.3
1587134959498,1272.3
1587135108453,1274.025
1587135108453,1274.025
1587135137217,1274.445
1587135147124,1274.425
1587135158070,1274.5
1587135158070,1274.5
1587135180479,1274.74
1587135191103,1274.88
1587135191103,1274.88
1587135191103,1274.88
1587135191103,1274.88
1587135191103,1274.88
1587135191103,1274.88
1587135253200,1275.51
1587135253200,1275.51
1587135253200,1275.51
1587135253200,1275.51
1587135253200,1275.51
1587135253200,1275.51
1587135308811,1275.7
1587135308811,1275.7
1587135308811,1275.7
1587135308811,1275.7
1587135349523,1275.79
1587135349523,1275.79
1587135349523,1275.79
1587135349523,1275.79
1587135349523,1275.79
1587135405627,1275.925
1587135415861,1276.28
1587135428113,1276.505
1587135428113,1276.505
1587135428113,1276.505
1587135428113,1276.505
1587135428113,1276.505
1587135428113,1276.505
1587135428113,1276.505
1587135428113,1276.505
1587135428113,1276.505
1587135428113,1276.505
1587135428113,1276.505
1587135540960,1275.84
1587135540960,1275.84
1587135540960,1275.84
1587135577260,1276.015
1587135577260,1276.015
1587135577260,1276.015
1587135608991,1275.78
1587135608991,1275.78
1587135608991,1275.78
1587135638880,1276.59
1587135638880,1276.59
1587135660665,1276.73
1587135670226,1276.495
1587135670226,1276.495
1587135670226,1276.495
1587135670226,1276.495
1587135670226,1276.495
1587135670226,1276.495
1587135670226,1276.495
1587135670226,1276.495
1587135670226,1276.495
1587135670226,1276.495
1587135670226,1276.495
1587135670226,1276.495
1587135792180,1280.37
1587135792180,1280.37
1587135792180,1280.37
1587135792180,1280.37
1587135792180,1280.37
1587135792180,1280.37
1587135792180,1280.37
1587135792180,1280.37
1587135792180,1280.37
1587135792180,1280.37
1587135902082,1279.595
1587135909469,1278.66
1587135909469,1278.66
1587135909469,1278.66
1587135909469,1278.66
1587135909469,1278.66
1587135909469,1278.66
1587135909469,1278.66
1587135909469,1278.66
1587135909469,1278.66
1587135909469,1278.66
1587135909469,1278.66
1587136022433,1279.18
1587136022433,1279.18
1587136022433,1279.18
1587136022433,1279.18
1587136022433,1279.18
1587136022433,1279.18
1587136022433,1279.18
1587136022433,1279.18
1587136022433,1279.18
1587136022433,1279.18
1587136022433,1279.18
1587136022433,1279.18
1587136022433,1279.18
1587136162583,1280.035
1587136173365,1279.985
1587136188029,1280.315
1587136191489,1279.975
1587136200873,1279.695
1587136216813,1279.47
1587136228737,1279.495
1587136238933,1279.015
1587136247150,1278.845
1587136247150,1278.845
1587136265497,1278.775
1587136274701,1278.525
1587136274701,1278.525
1587136274701,1278.525
1587136274701,1278.525
1587136274701,1278.525
1587136274701,1278.525
1587136346485,1277.64
1587136353071,1277.31
1587136367833,1277.38
1587136367833,1277.38
1587136367833,1277.38
1587136392429,1278.255
1587136408719,1278.445
1587136408719,1278.445
1587136408719,1278.445
1587136408719,1278.445
1587136408719,1278.445
1587136408719,1278.445
1587136470214,1278.215
1587136479989,1278.23
1587136479989,1278.23
1587136479989,1278.23
1587136479989,1278.23
1587136479989,1278.23
1587136479989,1278.23
1587136479989,1278.23
1587136479989,1278.23
1587136563425,1279.33
1587136563425,1279.33
1587136563425,1279.33
1587136563425,1279.33
1587136605569,1279.23
1587136605569,1279.23
1587136605569,1279.23
1587136605569,1279.23
1587136605569,1279.23
1587136605569,1279.23
1587136605569,1279.23
1587136605569,1279.23
1587136605569,1279.23
1587136605569,1279.23
1587136605569,1279.23
1587136605569,1279.23
1587136605569,1279.23
1587136605569,1279.23
1587136605569,1279.23
1587136605569,1279.23
1587136605569,1279.23
1587136605569,1279.23
1587136794356,1279.18
1587136794356,1279.18
1587136794356,1279.18
1587136794356,1279.18
1587136794356,1279.18
1587136794356,1279.18
1587136794356,1279.18
1587136794356,1279.18
1587136878613,1278.07
1587136878613,1278.07
1587136878613,1278.07
1587136878613,1278.07
1587136878613,1278.07
1587136878613,1278.07
1587136878613,1278.07
1587136878613,1278.07
1587136878613,1278.07
1587136878613,1278.07
1587136985334,1276.69
1587136985334,1276.69
1587136985334,1276.69
1587136985334,1276.69
1587136985334,1276.69
1587136985334,1276.69
1587136985334,1276.69
1587136985334,1276.69
1587136985334,1276.69
1587136985334,1276.69
1587136985334,1276.69
1587136985334,1276.69
1587136985334,1276.69
1587136985334,1276.69
1587136985334,1276.69
1587136985334,1276.69
1587136985334,1276.69
1587136985334,1276.69
1587136985334,1276.69
1587136985334,1276.69
1587136985334,1276.69
1587136985334,1276.69
1587136985334,1276.69
1587136985334,1276.69
1587136985334,1276.69
1587136985334,1276.69
1587136985334,1276.69
1587136985334,1276.69
1587137276269,1275.335
1587137276269,1275.335
1587137299500,1275.54
1587137299500,1275.54
1587137317650,1275.775
1587137317650,1275.775
1587137336067,1275.06
1587137336067,1275.06
1587137336067,1275.06
1587137336067,1275.06
1587137336067,1275.06
1587137336067,1275.06
1587137336067,1275.06
1587137336067,1275.06
1587137336067,1275.06
1587137336067,1275.06
1587137336067,1275.06
1587137336067,1275.06
1587137336067,1275.06
1587137479714,1277.46
1587137479714,1277.46
1587137479714,1277.46
1587137479714,1277.46
1587137479714,1277.46
1587137479714,1277.46
1587137535824,1276.705
1587137535824,1276.705
1587137535824,1276.705
1587137535824,1276.705
1587137535824,1276.705
1587137535824,1276.705
1587137535824,1276.705
1587137535824,1276.705
1587137535824,1276.705
1587137535824,1276.705
1587137535824,1276.705
1587137535824,1276.705
1587137535824,1276.705
1587137535824,1276.705
1587137535824,1276.705
1587137535824,1276.705
1587137535824,1276.705
1587137718473,1280.255
1587137718473,1280.255
1587137718473,1280.255
1587137718473,1280.255
1587137718473,1280.255
1587137718473,1280.255
1587137718473,1280.255
1587137718473,1280.255
1587137718473,1280.255
1587137818027,1278.935
1587137818027,1278.935
1587137839282,1278.74
1587137839282,1278.74
1587137839282,1278.74
1587137839282,1278.74
1587137839282,1278.74
1587137839282,1278.74
1587137839282,1278.74
1587137839282,1278.74
1587137839282,1278.74
1587137839282,1278.74
1587137839282,1278.74
1587137839282,1278.74
1587137963624,1279.52
1587137963624,1279.52
1587137981825,1279.885
1587137981825,1279.885
1587138011492,1279.52
1587138019682,1280.52
1587138019682,1280.52
1587138019682,1280.52
1587138019682,1280.52
1587138019682,1280.52
1587138019682,1280.52
1587138019682,1280.52
1587138019682,1280.52
1587138019682,1280.52
1587138019682,1280.52
1587138019682,1280.52
1587138129528,1282.2
1587138129528,1282.2
1587138151211,1283.13
1587138151211,1283.13
1587138151211,1283.13
1587138151211,1283.13
1587138151211,1283.13
1587138151211,1283.13
1587138151211,1283.13
1587138151211,1283.13
1587138151211,1283.13
1587138151211,1283.13
1587138151211,1283.13
1587138266465,1283.56
1587138283576,1283.24
1587138287767,1283.24
1587138296248,1283.46
1587138296248,1283.46
1587138324799,1284.19
1587138324799,1284.19
1587138344610,1284.2
1587138344610,1284.2
1587138361653,1284.01
1587138361653,1284.01
1587138361653,1284.01
1587138361653,1284.01
1587138361653,1284.01
1587138361653,1284.01
1587138361653,1284.01
1587138361653,1284.01
1587138361653,1284.01
1587138361653,1284.01
1587138361653,1284.01
1587138361653,1284.01
1587138361653,1284.01
1587138503549,1284.535
1587138509932,1284.08
1587138509932,1284.08
1587138509932,1284.08
1587138509932,1284.08
1587138509932,1284.08
1587138509932,1284.08
1587138573064,1283.95
1587138573064,1283.95
1587138573064,1283.95
1587138573064,1283.95
1587138573064,1283.95
1587138627980,1283
1587138627980,1283
1587138627980,1283
1587138627980,1283
1587138627980,1283
1587138627980,1283
1587138627980,1283
1587138627980,1283
1587138627980,1283
1587138727046,1284.62
1587138727046,1284.62
1587138727046,1284.62
1587138727046,1284.62
1587138727046,1284.62
1587138727046,1284.62
1587138727046,1284.62
1587138797009,1285.535
1587138797009,1285.535
1587138797009,1285.535
1587138797009,1285.535
1587138848180,1285.29
1587138848180,1285.29
1587138848180,1285.29
1587138848180,1285.29
1587138848180,1285.29
1587138848180,1285.29
1587138848180,1285.29
1587138848180,1285.29
1587138931642,1284.06
1587138931642,1284.06
1587138931642,1284.06
1587138931642,1284.06
1587138931642,1284.06
1587138977564,1284
1587138977564,1284
1587138977564,1284
1587138977564,1284
1587138977564,1284
1587138977564,1284
1587138977564,1284
1587138977564,1284
1587138977564,1284
1587138977564,1284
1587138977564,1284
1587138977564,1284
1587138977564,1284
1587138977564,1284
1587138977564,1284
1587138977564,1284
1587138977564,1284
1587138977564,1284
1587138977564,1284
1587138977564,1284
1587138977564,1284
1587138977564,1284
1587138977564,1284
1587138977564,1284
1587138977564,1284
1587138977564,1284
1587138977564,1284
1587139267833,1281.26
1587139267833,1281.26
1587139267833,1281.26
1587139267833,1281.26
1587139267833,1281.26
1587139267833,1281.26
1587139267833,1281.26
1587139267833,1281.26
1587139267833,1281.26
1587139267833,1281.26
1587139267833,1281.26
1587139267833,1281.26
1587139267833,1281.26
1587139267833,1281.26
1587139267833,1281.26
1587139267833,1281.26
1587139441157,1281.39
1587139441157,1281.39
1587139441157,1281.39
1587139441157,1281.39
1587139441157,1281.39
1587139441157,1281.39
1587139441157,1281.39
1587139441157,1281.39
1587139441157,1281.39
1587139441157,1281.39
1587139441157,1281.39
1587139441157,1281.39
1587139441157,1281.39
1587139441157,1281.39
1587139441157,1281.39
1587139441157,1281.39
1587139441157,1281.39
1587139441157,1281.39
1587139441157,1281.39
1587139441157,1281.39
1587139441157,1281.39
1587139441157,1281.39
1587139441157,1281.39
1587139441157,1281.39
1587139441157,1281.39
1587139441157,1281.39
1587139441157,1281.39
1587139441157,1281.39
1587139441157,1281.39
1587139441157,1281.39
1587139441157,1281.39
1587139441157,1281.39
1587139441157,1281.39
1587139441157,1281.39
1587139441157,1281.39
1587139441157,1281.39
1587139441157,1281.39
1587139441157,1281.39
1587139441157,1281.39
1587139851474,1278.92
1587139851474,1278.92
1587139851474,1278.92
1587139851474,1278.92
1587139851474,1278.92
1587139851474,1278.92
1587139851474,1278.92
1587139929389,1279.255
1587139929389,1279.255
1587139952224,1279.75
1587139962233,1279.095
1587139962233,1279.095
1587139962233,1279.095
1587139988914,1279.11
1587139988914,1279.11
1587139988914,1279.11
1587139988914,1279.11
1587139988914,1279.11
1587139988914,1279.11
1587139988914,1279.11
1587139988914,1279.11
1587139988914,1279.11
1587139988914,1279.11
1587139988914,1279.11
1587140104236,1279.45
1587140104236,1279.45
1587140104236,1279.45
1587140104236,1279.45
1587140104236,1279.45
1587140156075,1279.38
1587140156075,1279.38
1587140156075,1279.38
1587140156075,1279.38
1587140156075,1279.38
1587140156075,1279.38
1587140156075,1279.38
1587140156075,1279.38
1587140156075,1279.38
1587140156075,1279.38
1587140156075,1279.38
1587140156075,1279.38
1587140283727,1280.745
1587140283727,1280.745
1587140283727,1280.745
1587140283727,1280.745
1587140283727,1280.745
1587140335519,1281.42
1587140335519,1281.42
1587140335519,1281.42
1587140335519,1281.42
1587140335519,1281.42
1587140335519,1281.42
1587140335519,1281.42
1587140335519,1281.42
1587140335519,1281.42
1587140435495,1281.535
1587140435495,1281.535
1587140435495,1281.535
1587140435495,1281.535
1587140471473,1281.81
1587140471473,1281.81
1587140471473,1281.81
1587140471473,1281.81
1587140471473,1281.81
1587140471473,1281.81
1587140471473,1281.81
1587140471473,1281.81
1587140471473,1281.81
1587140471473,1281.81
1587140471473,1281.81
1587140471473,1281.81
1587140606150,1281.355
1587140606150,1281.355
1587140606150,1281.355
1587140606150,1281.355
1587140606150,1281.355
1587140606150,1281.355
1587140606150,1281.355
1587140606150,1281.355
1587140606150,1281.355
1587140606150,1281.355
1587140606150,1281.355
1587140606150,1281.355
1587140727627,1280
1587140727627,1280
1587140727627,1280
1587140727627,1280
1587140727627,1280
1587140727627,1280
1587140727627,1280
1587140800963,1278.25
1587140800963,1278.25
1587140800963,1278.25
1587140800963,1278.25
1587140800963,1278.25
1587140800963,1278.25
1587140800963,1278.25
1587140800963,1278.25
1587140800963,1278.25
1587140800963,1278.25
1587140800963,1278.25
1587140800963,1278.25
1587140800963,1278.25
1587140800963,1278.25
1587140800963,1278.25
1587140800963,1278.25
1587140800963,1278.25
1587140800963,1278.25
1587140800963,1278.25
1587140800963,1278.25
1587141019707,1279.7
1587141019707,1279.7
1587141019707,1279.7
1587141019707,1279.7
1587141019707,1279.7
1587141019707,1279.7
1587141019707,1279.7
1587141019707,1279.7
1587141019707,1279.7
1587141019707,1279.7
1587141019707,1279.7
1587141019707,1279.7
1587141019707,1279.7
1587141019707,1279.7
1587141019707,1279.7
1587141019707,1279.7
1587141180170,1280.41
1587141180170,1280.41
1587141180170,1280.41
1587141180170,1280.41
1587141180170,1280.41
1587141180170,1280.41
1587141180170,1280.41
1587141180170,1280.41
1587141180170,1280.41
1587141180170,1280.41
1587141295337,1280.05
1587141300135,1280.57
1587141300135,1280.57
1587141300135,1280.57
1587141300135,1280.57
1587141300135,1280.57
1587141300135,1280.57
1587141300135,1280.57
1587141300135,1280.57
1587141300135,1280.57
1587141300135,1280.57
1587141300135,1280.57
1587141300135,1280.57
1587141300135,1280.57
1587141300135,1280.57
1587141300135,1280.57
1587141300135,1280.57
1587141472078,1280.22
1587141472078,1280.22
1587141472078,1280.22
1587141472078,1280.22
1587141472078,1280.22
1587141472078,1280.22
1587141472078,1280.22
1587141472078,1280.22
1587141472078,1280.22
1587141472078,1280.22
1587141472078,1280.22
1587141472078,1280.22
1587141472078,1280.22
1587141472078,1280.22
1587141472078,1280.22
1587141472078,1280.22
1587141472078,1280.22
1587141472078,1280.22
1587141472078,1280.22
1587141472078,1280.22
1587141472078,1280.22
1587141472078,1280.22
1587141472078,1280.22
1587141472078,1280.22
1587141472078,1280.22
1587141472078,1280.22
1587141472078,1280.22
1587141472078,1280.22
1587141472078,1280.22
1587141472078,1280.22
1587141790449,1280.365
1587141790449,1280.365
1587141790449,1280.365
1587141790449,1280.365
1587141790449,1280.365
1587141790449,1280.365
1587141790449,1280.365
1587141790449,1280.365
1587141790449,1280.365
1587141885390,1280.13
1587141892633,1279.86
1587141892633,1279.86
1587141892633,1279.86
1587141892633,1279.86
1587141892633,1279.86
1587141892633,1279.86
1587141892633,1279.86
1587141892633,1279.86
1587141892633,1279.86
1587141892633,1279.86
1587141892633,1279.86
1587141892633,1279.86
1587141892633,1279.86
1587141892633,1279.86
1587141892633,1279.86
1587141892633,1279.86
1587141892633,1279.86
1587141892633,1279.86
1587142088349,1280.38
1587142088349,1280.38
1587142088349,1280.38
1587142088349,1280.38
1587142123200,1281.37
1587142123200,1281.37
1587142123200,1281.37
1587142123200,1281.37
1587142123200,1281.37
1587142123200,1281.37
1587142123200,1281.37
1587142123200,1281.37
1587142123200,1281.37
1587142123200,1281.37
1587142123200,1281.37
1587142123200,1281.37
1587142123200,1281.37
1587142123200,1281.37
1587142123200,1281.37
1587142123200,1281.37
1587142123200,1281.37
1587142123200,1281.37
1587142123200,1281.37
1587142123200,1281.37
1587142123200,1281.37
1587142123200,1281.37
1587142123200,1281.37
1587142123200,1281.37
1587142123200,1281.37
1587142123200,1281.37
1587142123200,1281.37
1587142123200,1281.37
1587142123200,1281.37
1587142123200,1281.37
1587142123200,1281.37
1587142123200,1281.37
1587142123200,1281.37
1587142123200,1281.37
1587142123200,1281.37
1587142123200,1281.37
1587142123200,1281.37
1587142123200,1281.37
1587142123200,1281.37
1587142123200,1281.37
1587142123200,1281.37
1587142123200,1281.37
1587142123200,1281.37
1587142583003,1281.83
1587142583003,1281.83
1587142583003,1281.83
1587142583003,1281.83
1587142583003,1281.83
1587142583003,1281.83
1587142583003,1281.83
1587142583003,1281.83
1587142583003,1281.83
1587142583003,1281.83
1587142683240,1281.99
1587142683240,1281.99
1587142683240,1281.99
1587142683240,1281.99
1587142683240,1281.99
1587142683240,1281.99
1587142683240,1281.99
1587142683240,1281.99
1587142683240,1281.99
1587142683240,1281.99
1587142683240,1281.99
1587142683240,1281.99
1587142683240,1281.99
1587142822032,1280.97
1587142833493,1280.92
1587142833493,1280.92
1587142833493,1280.92
1587142833493,1280.92
1587142833493,1280.92
1587142833493,1280.92
1587142833493,1280.92
1587142833493,1280.92
1587142833493,1280.92
1587142833493,1280.92
1587142833493,1280.92
1587142833493,1280.92
1587142833493,1280.92
1587142833493,1280.92
1587142833493,1280.92
1587142833493,1280.92
1587142833493,1280.92
1587142833493,1280.92
1587142833493,1280.92
1587142833493,1280.92
1587142833493,1280.92
1587142833493,1280.92
1587142833493,1280.92
1587142833493,1280.92
1587142833493,1280.92
1587142833493,1280.92
1587142833493,1280.92
1587142833493,1280.92
1587142833493,1280.92
1587142833493,1280.92
1587142833493,1280.92
1587143167818,1280.15
1587143167818,1280.15
1587143167818,1280.15
1587143167818,1280.15
1587143212978,1279.81
1587143212978,1279.81
1587143212978,1279.81
1587143212978,1279.81
1587143212978,1279.81
1587143256850,1279.28
1587143256850,1279.28
1587143256850,1279.28
1587143256850,1279.28
1587143256850,1279.28
1587143256850,1279.28
1587143327290,1280.125
1587143327290,1280.125
1587143327290,1280.125
1587143327290,1280.125
1587143327290,1280.125
1587143327290,1280.125
1587143327290,1280.125
1587143327290,1280.125
1587143327290,1280.125
1587143327290,1280.125
1587143327290,1280.125
1587143327290,1280.125
1587143327290,1280.125
1587143327290,1280.125
1587143327290,1280.125
1587143327290,1280.125
1587143327290,1280.125
1587143327290,1280.125
1587143327290,1280.125
1587143327290,1280.125
1587143327290,1280.125
1587143327290,1280.125
1587143327290,1280.125
1587143327290,1280.125
1587143327290,1280.125
1587143590344,1280.39
1587143590344,1280.39
1587143590344,1280.39
1587143590344,1280.39
1587143590344,1280.39
1587143590344,1280.39
1587143590344,1280.39
1587143590344,1280.39
1587143590344,1280.39
1587143680856,1279.51
1587143680856,1279.51
1587143680856,1279.51
1587143680856,1279.51
1587143680856,1279.51
1587143680856,1279.51
1587143680856,1279.51
1587143680856,1279.51
1587143680856,1279.51
1587143680856,1279.51
1587143680856,1279.51
1587143680856,1279.51
1587143680856,1279.51
1587143680856,1279.51
1587143680856,1279.51
1587143680856,1279.51
1587143680856,1279.51
1587143680856,1279.51
1587143680856,1279.51
1587143680856,1279.51
1587143896244,1280.49
1587143896244,1280.49
1587143896244,1280.49
1587143896244,1280.49
1587143896244,1280.49
1587143896244,1280.49
1587143965747,1280.99
1587143969369,1281.03
1587143969369,1281.03
1587143969369,1281.03
1587143969369,1281.03
1587143969369,1281.03
1587143969369,1281.03
1587143969369,1281.03
1587143969369,1281.03
1587143969369,1281.03
1587143969369,1281.03
1587143969369,1281.03
1587143969369,1281.03
1587143969369,1281.03
1587143969369,1281.03
1587143969369,1281.03
1587143969369,1281.03
1587143969369,1281.03
1587143969369,1281.03
1587143969369,1281.03
1587144173698,1279.07
1587144173698,1279.07
1587144173698,1279.07
1587144173698,1279.07
1587144173698,1279.07
1587144173698,1279.07
1587144173698,1279.07
1587144173698,1279.07
1587144173698,1279.07
1587144173698,1279.07
1587144173698,1279.07
1587144173698,1279.07
1587144173698,1279.07
1587144315495,1278.22
1587144315495,1278.22
1587144334907,1278.37
1587144334907,1278.37
1587144334907,1278.37
1587144334907,1278.37
1587144334907,1278.37
1587144334907,1278.37
1587144334907,1278.37
1587144334907,1278.37
1587144334907,1278.37
1587144334907,1278.37
1587144334907,1278.37
1587144334907,1278.37
1587144334907,1278.37
1587144334907,1278.37
1587144334907,1278.37
1587144334907,1278.37
1587144334907,1278.37
1587144334907,1278.37
1587144334907,1278.37
1587144334907,1278.37
1587144334907,1278.37
1587144334907,1278.37
1587144334907,1278.37
1587144334907,1278.37
1587144334907,1278.37
1587144334907,1278.37
1587144334907,1278.37
1587144334907,1278.37
1587144334907,1278.37
1587144334907,1278.37
1587144334907,1278.37
1587144334907,1278.37
1587144334907,1278.37
1587144334907,1278.37
1587144334907,1278.37
1587144334907,1278.37
1587144334907,1278.37
1587144334907,1278.37
1587144334907,1278.37
1587144334907,1278.37
1587144334907,1278.37
1587144334907,1278.37
1587144334907,1278.37
1587144334907,1278.37
1587144334907,1278.37
1587144334907,1278.37
1587144334907,1278.37
1587144334907,1278.37
1587144334907,1278.37
1587144334907,1278.37
1587144334907,1278.37
1587144334907,1278.37
1587144334907,1278.37
1587144334907,1278.37
1587144911599,1276.43
1587144911599,1276.43
1587144911599,1276.43
1587144911599,1276.43
1587144959402,1277.08
1587144959402,1277.08
1587144959402,1277.08
1587144959402,1277.08
1587144959402,1277.08
1587144959402,1277.08
1587144959402,1277.08
1587144959402,1277.08
1587144959402,1277.08
1587144959402,1277.08
1587144959402,1277.08
1587144959402,1277.08
1587144959402,1277.08
1587144959402,1277.08
1587144959402,1277.08
1587144959402,1277.08
1587144959402,1277.08
1587145131257,1278
1587145131257,1278
1587145131257,1278
1587145131257,1278
1587145131257,1278
1587145131257,1278
1587145131257,1278
1587145131257,1278
1587145131257,1278
1587145131257,1278
1587145131257,1278
1587145131257,1278
1587145131257,1278
1587145131257,1278
1587145131257,1278
1587145131257,1278
1587145305389,1280.18
1587145305389,1280.18
1587145305389,1280.18
1587145305389,1280.18
1587145305389,1280.18
1587145305389,1280.18
1587145305389,1280.18
1587145305389,1280.18
1587145305389,1280.18
1587145411795,1280
1587145411795,1280
1587145411795,1280
1587145411795,1280
1587145411795,1280
1587145411795,1280
1587145411795,1280
1587145411795,1280
1587145411795,1280
1587145411795,1280
1587145411795,1280
1587145411795,1280
1587145411795,1280
1587145411795,1280
1587145411795,1280
1587145411795,1280
1587145411795,1280
1587145411795,1280
1587145411795,1280
1587145411795,1280
1587145411795,1280
1587145411795,1280
1587145411795,1280
1587145655926,1280.23
1587145665658,1280.185
1587145665658,1280.185
1587145665658,1280.185
1587145665658,1280.185
1587145665658,1280.185
1587145665658,1280.185
1587145665658,1280.185
1587145665658,1280.185
1587145665658,1280.185
1587145665658,1280.185
1587145776513,1280.14
1587145776513,1280.14
1587145776513,1280.14
1587145776513,1280.14
1587145776513,1280.14
1587145776513,1280.14
1587145776513,1280.14
1587145776513,1280.14
1587145776513,1280.14
1587145776513,1280.14
1587145776513,1280.14
1587145776513,1280.14
1587145776513,1280.14
1587145776513,1280.14
1587145776513,1280.14
1587145776513,1280.14
1587145776513,1280.14
1587145776513,1280.14
1587145776513,1280.14
1587145776513,1280.14
1587145776513,1280.14
1587145776513,1280.14
1587145776513,1280.14
1587145776513,1280.14
1587145776513,1280.14
1587145776513,1280.14
1587145776513,1280.14
1587145776513,1280.14
1587145776513,1280.14
1587145776513,1280.14
1587145776513,1280.14
1587145776513,1280.14
1587145776513,1280.14
1587145776513,1280.14
1587145776513,1280.14
1587145776513,1280.14
1587145776513,1280.14
1587145776513,1280.14
1587145776513,1280.14
1587145776513,1280.14
1587145776513,1280.14
1587145776513,1280.14
1587145776513,1280.14
1587145776513,1280.14
1587145776513,1280.14
1587145776513,1280.14
1587145776513,1280.14
1587145776513,1280.14
1587145776513,1280.14
1587145776513,1280.14
1587145776513,1280.14
1587145776513,1280.14
1587145776513,1280.14
1587145776513,1280.14
1587145776513,1280.14
1587145776513,1280.14
1587145776513,1280.14
1587145776513,1280.14
1587146393522,1278.88
1587146393522,1278.88
1587146393522,1278.88
1587146393522,1278.88
1587146442865,1278.21
1587146442865,1278.21
1587146442865,1278.21
1587146442865,1278.21
1587146442865,1278.21
1587146442865,1278.21
1587146442865,1278.21
1587146442865,1278.21
1587146525666,1277.71
1587146525666,1277.71
1587146525666,1277.71
1587146561191,1276.65
1587146561191,1276.65
1587146561191,1276.65
1587146561191,1276.65
1587146561191,1276.65
1587146561191,1276.65
1587146561191,1276.65
1587146561191,1276.65
1587146561191,1276.65
1587146561191,1276.65
1587146561191,1276.65
1587146561191,1276.65
1587146561191,1276.65
1587146561191,1276.65
1587146561191,1276.65
1587146724964,1275.77
1587146724964,1275.77
1587146724964,1275.77
1587146752779,1275.42
1587146752779,1275.42
1587146752779,1275.42
1587146752779,1275.42
1587146752779,1275.42
1587146752779,1275.42
1587146752779,1275.42
1587146752779,1275.42
1587146752779,1275.42
1587146752779,1275.42
1587146752779,1275.42
1587146752779,1275.42
1587146752779,1275.42
1587146752779,1275.42
1587146752779,1275.42
1587146752779,1275.42
1587146752779,1275.42
1587146945260,1277.23
1587146945260,1277.23
1587146945260,1277.23
1587146945260,1277.23
1587146945260,1277.23
1587146945260,1277.23
1587146945260,1277.23
1587146945260,1277.23
1587146945260,1277.23
1587146945260,1277.23
1587146945260,1277.23
1587146945260,1277.23
1587146945260,1277.23
1587146945260,1277.23
1587146945260,1277.23
1587146945260,1277.23
1587146945260,1277.23
1587146945260,1277.23
1587147136319,1277.71
1587147136319,1277.71
1587147136319,1277.71
1587147136319,1277.71
1587147136319,1277.71
1587147136319,1277.71
1587147136319,1277.71
1587147136319,1277.71
1587147136319,1277.71
1587147136319,1277.71
1587147136319,1277.71
1587147136319,1277.71
1587147136319,1277.71
1587147136319,1277.71
1587147136319,1277.71
1587147136319,1277.71
1587147136319,1277.71
1587147136319,1277.71
1587147136319,1277.71
1587147136319,1277.71
1587147136319,1277.71
1587147136319,1277.71
1587147136319,1277.71
1587147136319,1277.71
1587147136319,1277.71
1587147136319,1277.71
1587147136319,1277.71
1587147136319,1277.71
1587147136319,1277.71
1587147136319,1277.71
1587147136319,1277.71
1587147136319,1277.71
1587147136319,1277.71
1587147136319,1277.71
1587147136319,1277.71
1587147136319,1277.71
1587147136319,1277.71
1587147136319,1277.71
1587147136319,1277.71
1587147136319,1277.71
1587147136319,1277.71
1587147136319,1277.71
1587147136319,1277.71
1587147136319,1277.71
1587147136319,1277.71
1587147136319,1277.71
1587147136319,1277.71
1587147136319,1277.71
1587147136319,1277.71
1587147136319,1277.71
1587147672754,1278.685
1587147672754,1278.685
1587147672754,1278.685
1587147672754,1278.685
1587147672754,1278.685
1587147672754,1278.685
1587147672754,1278.685
1587147672754,1278.685
1587147672754,1278.685
1587147672754,1278.685
1587147672754,1278.685
1587147672754,1278.685
1587147672754,1278.685
1587147672754,1278.685
1587147672754,1278.685
1587147672754,1278.685
1587147672754,1278.685
1587147672754,1278.685
1587147672754,1278.685
1587147672754,1278.685
1587147672754,1278.685
1587147672754,1278.685
1587147672754,1278.685
1587147672754,1278.685
1587147932424,1277.7
1587147932424,1277.7
1587147958806,1277.645
1587147958806,1277.645
1587147958806,1277.645
1587147958806,1277.645
1587147958806,1277.645
1587147958806,1277.645
1587147958806,1277.645
1587148024285,1278.85
1587148024285,1278.85
1587148024285,1278.85
1587148024285,1278.85
1587148024285,1278.85
1587148024285,1278.85
1587148024285,1278.85
1587148024285,1278.85
1587148024285,1278.85
1587148024285,1278.85
1587148024285,1278.85
1587148024285,1278.85
1587148024285,1278.85
1587148024285,1278.85
1587148186859,1277.925
1587148196208,1277.925
1587148196208,1277.925
1587148196208,1277.925
1587148230677,1277.08
1587148230677,1277.08
1587148230677,1277.08
1587148230677,1277.08
1587148230677,1277.08
1587148230677,1277.08
1587148230677,1277.08
1587148230677,1277.08
1587148230677,1277.08
1587148230677,1277.08
1587148230677,1277.08
1587148230677,1277.08
1587148230677,1277.08
1587148230677,1277.08
1587148230677,1277.08
1587148230677,1277.08
1587148230677,1277.08
1587148230677,1277.08
1587148230677,1277.08
1587148230677,1277.08
1587148230677,1277.08
1587148230677,1277.08
1587148230677,1277.08
1587148230677,1277.08
1587148230677,1277.08
1587148502161,1274.47
1587148502161,1274.47
1587148502161,1274.47
1587148502161,1274.47
1587148502161,1274.47
1587148502161,1274.47
1587148502161,1274.47
1587148502161,1274.47
1587148502161,1274.47
1587148502161,1274.47
1587148502161,1274.47
1587148502161,1274.47
1587148502161,1274.47
1587148502161,1274.47
1587148502161,1274.47
1587148502161,1274.47
1587148502161,1274.47
1587148502161,1274.47
1587148502161,1274.47
1587148502161,1274.47
1587148502161,1274.47
1587148502161,1274.47
1587148502161,1274.47
1587148502161,1274.47
1587148502161,1274.47
1587148502161,1274.47
1587148502161,1274.47
1587148502161,1274.47
1587148801478,1271.94
1587148801478,1271.94
1587148801478,1271.94
1587148839529,1271.94
1587148839529,1271.94
1587148839529,1271.94
1587148839529,1271.94
1587148839529,1271.94
1587148839529,1271.94
1587148839529,1271.94
1587148839529,1271.94
1587148839529,1271.94
1587148839529,1271.94
1587148839529,1271.94
1587148839529,1271.94
1587148839529,1271.94
1587148839529,1271.94
1587148839529,1271.94
1587148839529,1271.94
1587148839529,1271.94
1587148839529,1271.94
1587148839529,1271.94
1587148839529,1271.94
1587148839529,1271.94
1587148839529,1271.94
1587148839529,1271.94
1587148839529,1271.94
1587149090194,1274.44
1587149090194,1274.44
1587149090194,1274.44
1587149090194,1274.44
1587149090194,1274.44
1587149090194,1274.44
1587149090194,1274.44
1587149090194,1274.44
1587149090194,1274.44
1587149090194,1274.44
1587149090194,1274.44
1587149090194,1274.44
1587149090194,1274.44
1587149090194,1274.44
1587149090194,1274.44
1587149090194,1274.44
1587149090194,1274.44
1587149090194,1274.44
1587149090194,1274.44
1587149090194,1274.44
1587149090194,1274.44
1587149090194,1274.44
1587149090194,1274.44
1587149090194,1274.44
1587149090194,1274.44
1587149090194,1274.44
1587149090194,1274.44
1587149090194,1274.44
1587149090194,1274.44
1587149090194,1274.44
1587149090194,1274.44
1587149090194,1274.44
1587149090194,1274.44
1587149090194,1274.44
1587149090194,1274.44
1587149090194,1274.44
1587149090194,1274.44
1587149090194,1274.44
1587149090194,1274.44
1587149090194,1274.44
1587149090194,1274.44
1587149090194,1274.44
1587149090194,1274.44
1587149090194,1274.44
1587149090194,1274.44
1587149090194,1274.44
1587149090194,1274.44
1587149090194,1274.44
1587149090194,1274.44
1587149090194,1274.44
1587149090194,1274.44
1587149090194,1274.44
1587149090194,1274.44
1587149090194,1274.44
1587149090194,1274.44
1587149090194,1274.44
1587149090194,1274.44
1587149090194,1274.44
1587149090194,1274.44
1587149090194,1274.44
1587149090194,1274.44
1587149090194,1274.44
1587149090194,1274.44
1587149090194,1274.44
1587149090194,1274.44
1587149090194,1274.44
1587149808797,1277.98
1587149808797,1277.98
1587149808797,1277.98
1587149808797,1277.98
1587149808797,1277.98
1587149808797,1277.98
1587149808797,1277.98
1587149808797,1277.98
1587149808797,1277.98
1587149808797,1277.98
1587149808797,1277.98
1587149808797,1277.98
1587149808797,1277.98
1587149808797,1277.98
1587149808797,1277.98
1587149808797,1277.98
1587149808797,1277.98
