0,0
0,0
0,0
0,0
0,0
0,0
0,0
0,0
0,0
0,0
0,0
0,0
0,0
0,0
0,0
0,0
0,0
0,0
0,0
0,0
0,0
0,0
0,0
0,0
0,0
0,0
0,0
0,0
0,0
0,0
0,0
0,0
0,0
0,0
0,0
0,0
0,0
0,0
0,0
0,0
0,0
0,0
0,0
0,0
0,0
0,0
0,0
0,0
0,0
0,0
0,0
0,0
0,0
0,0
0,0
0,0
0,0
0,0
0,0
0,0
0,0
0,0
0,0
0,0
0,0
0,0
0,0
0,0
0,0
0,0
0,0
0,0
0,0
0,0
0,0
0,0
0,0
0,0
0,0
0,0
0,0
0,0
0,0
0,0
0,0
0,0
0,0
0,0
0,0
1586267205050,77.215
1586267205050,77.215
1586267205050,77.215
1586267205050,77.215
1586267205050,77.215
1586267205050,77.215
1586267205050,77.215
1586267205050,77.215
1586267205050,77.215
1586267308150,77.01
1586267308150,77.01
1586267308150,77.01
1586267308150,77.01
1586267308150,77.01
1586267308150,77.01
1586267308150,77.01
1586267308150,77.01
1586267308150,77.01
1586267397953,77.42
1586267397953,77.42
1586267397953,77.42
1586267397953,77.42
1586267397953,77.42
1586267397953,77.42
1586267397953,77.42
1586267397953,77.42
1586267493123,77.4
1586267493123,77.4
1586267493123,77.4
1586267493123,77.4
1586267493123,77.4
1586267493123,77.4
1586267553263,77.68
1586267553263,77.68
1586267553263,77.68
1586267553263,77.68
1586267553263,77.68
1586267553263,77.68
1586267553263,77.68
1586267553263,77.68
1586267553263,77.68
1586267553263,77.68
1586267553263,77.68
1586267553263,77.68
1586267553263,77.68
1586267553263,77.68
1586267553263,77.68
1586267553263,77.68
1586267553263,77.68
1586267553263,77.68
1586267746707,78
1586267746707,78
1586267746707,78
1586267746707,78
1586267785055,77.63
1586267785055,77.63
1586267785055,77.63
1586267785055,77.63
1586267829138,77.48
1586267840393,77.03
1586267840393,77.03
1586267840393,77.03
1586267874939,77.47
1586267874939,77.47
1586267874939,77.47
1586267905227,77.14
1586267905227,77.14
1586267905227,77.14
1586267905227,77.14
1586267905227,77.14
1586267905227,77.14
1586267905227,77.14
1586267905227,77.14
1586267905227,77.14
1586267905227,77.14
1586267905227,77.14
1586268025271,77.535
1586268025271,77.535
1586268025271,77.535
1586268025271,77.535
1586268025271,77.535
1586268025271,77.535
1586268025271,77.535
1586268025271,77.535
1586268025271,77.535
1586268025271,77.535
1586268025271,77.535
1586268145416,77.58
1586268145416,77.58
1586268145416,77.58
1586268145416,77.58
1586268145416,77.58
1586268145416,77.58
1586268145416,77.58
1586268145416,77.58
1586268220885,77.24
1586268220885,77.24
1586268220885,77.24
1586268220885,77.24
1586268220885,77.24
1586268220885,77.24
1586268220885,77.24
1586268220885,77.24
1586268220885,77.24
1586268220885,77.24
1586268220885,77.24
1586268220885,77.24
1586268220885,77.24
1586268220885,77.24
1586268220885,77.24
1586268220885,77.24
1586268220885,77.24
1586268220885,77.24
1586268220885,77.24
1586268220885,77.24
1586268220885,77.24
1586268220885,77.24
1586268220885,77.24
1586268220885,77.24
1586268220885,77.24
1586268220885,77.24
1586268503450,76.23
1586268503450,76.23
1586268503450,76.23
1586268503450,76.23
1586268503450,76.23
1586268503450,76.23
1586268503450,76.23
1586268503450,76.23
1586268503450,76.23
1586268503450,76.23
1586268503450,76.23
1586268503450,76.23
1586268503450,76.23
1586268503450,76.23
1586268503450,76.23
1586268503450,76.23
1586268503450,76.23
1586268503450,76.23
1586268503450,76.23
1586268712912,75.47
1586268712912,75.47
1586268712912,75.47
1586268712912,75.47
1586268712912,75.47
1586268712912,75.47
1586268712912,75.47
1586268712912,75.47
1586268712912,75.47
1586268712912,75.47
1586268712912,75.47
1586268712912,75.47
1586268712912,75.47
1586268712912,75.47
1586268712912,75.47
1586268712912,75.47
1586268884511,75.15
1586268884511,75.15
1586268884511,75.15
1586268884511,75.15
1586268884511,75.15
1586268884511,75.15
1586268884511,75.15
1586268884511,75.15
1586268884511,75.15
1586268884511,75.15
1586268884511,75.15
1586268884511,75.15
1586268884511,75.15
1586268884511,75.15
1586269036953,74.47
1586269036953,74.47
1586269057168,74.74
1586269057168,74.74
1586269057168,74.74
1586269057168,74.74
1586269057168,74.74
1586269057168,74.74
1586269057168,74.74
1586269057168,74.74
1586269057168,74.74
1586269057168,74.74
1586269057168,74.74
1586269057168,74.74
1586269057168,74.74
1586269057168,74.74
1586269057168,74.74
1586269057168,74.74
1586269057168,74.74
1586269241042,75.4
1586269241042,75.4
1586269241042,75.4
1586269276534,75.23
1586269276534,75.23
1586269276534,75.23
1586269276534,75.23
1586269276534,75.23
1586269276534,75.23
1586269276534,75.23
1586269276534,75.23
1586269276534,75.23
1586269276534,75.23
1586269276534,75.23
1586269276534,75.23
1586269405328,75.095
1586269405328,75.095
1586269405328,75.095
1586269405328,75.095
1586269405328,75.095
1586269405328,75.095
1586269405328,75.095
1586269405328,75.095
1586269405328,75.095
1586269405328,75.095
1586269517943,74.73
1586269523413,75.12
1586269523413,75.12
1586269542128,74.97
1586269542128,74.97
1586269542128,74.97
1586269542128,74.97
1586269542128,74.97
1586269542128,74.97
1586269542128,74.97
1586269542128,74.97
1586269542128,74.97
1586269542128,74.97
1586269542128,74.97
1586269542128,74.97
1586269542128,74.97
1586269542128,74.97
1586269542128,74.97
1586269542128,74.97
1586269542128,74.97
1586269728270,75.165
1586269728270,75.165
1586269728270,75.165
1586269728270,75.165
1586269728270,75.165
1586269728270,75.165
1586269728270,75.165
1586269728270,75.165
1586269728270,75.165
1586269728270,75.165
1586269728270,75.165
1586269728270,75.165
1586269728270,75.165
1586269728270,75.165
1586269728270,75.165
1586269728270,75.165
1586269728270,75.165
1586269728270,75.165
1586269728270,75.165
1586269728270,75.165
1586269728270,75.165
1586269728270,75.165
1586269963886,75.61
1586269963886,75.61
1586269963886,75.61
1586269963886,75.61
1586269963886,75.61
1586269963886,75.61
1586269963886,75.61
1586269963886,75.61
1586269963886,75.61
1586269963886,75.61
1586269963886,75.61
1586269963886,75.61
1586269963886,75.61
1586269963886,75.61
1586269963886,75.61
1586269963886,75.61
1586269963886,75.61
1586269963886,75.61
1586269963886,75.61
1586269963886,75.61
1586269963886,75.61
1586269963886,75.61
1586269963886,75.61
1586269963886,75.61
1586269963886,75.61
1586269963886,75.61
1586269963886,75.61
1586269963886,75.61
1586269963886,75.61
1586269963886,75.61
1586269963886,75.61
1586269963886,75.61
1586269963886,75.61
1586269963886,75.61
1586269963886,75.61
1586269963886,75.61
1586269963886,75.61
1586269963886,75.61
1586269963886,75.61
1586269963886,75.61
1586269963886,75.61
1586269963886,75.61
1586269963886,75.61
1586270425877,75.68
1586270425877,75.68
1586270425877,75.68
1586270425877,75.68
1586270425877,75.68
1586270425877,75.68
1586270492413,75.17
1586270492413,75.17
1586270492413,75.17
1586270492413,75.17
1586270492413,75.17
1586270492413,75.17
1586270492413,75.17
1586270492413,75.17
1586270492413,75.17
1586270492413,75.17
1586270492413,75.17
1586270492413,75.17
1586270492413,75.17
1586270492413,75.17
1586270492413,75.17
1586270492413,75.17
1586270492413,75.17
1586270492413,75.17
1586270492413,75.17
1586270492413,75.17
1586270692547,75.37
1586270692547,75.37
1586270692547,75.37
1586270692547,75.37
1586270692547,75.37
1586270692547,75.37
1586270692547,75.37
1586270692547,75.37
1586270692547,75.37
1586270692547,75.37
1586270692547,75.37
1586270692547,75.37
1586270692547,75.37
1586270692547,75.37
1586270692547,75.37
1586270692547,75.37
1586270692547,75.37
1586270692547,75.37
1586270692547,75.37
1586270692547,75.37
1586270692547,75.37
1586270692547,75.37
1586270692547,75.37
1586270692547,75.37
1586270692547,75.37
1586270692547,75.37
1586270692547,75.37
1586270692547,75.37
1586270692547,75.37
1586270692547,75.37
1586270692547,75.37
1586270692547,75.37
1586270692547,75.37
1586270692547,75.37
1586270692547,75.37
1586270692547,75.37
1586270692547,75.37
1586270692547,75.37
1586270692547,75.37
1586270692547,75.37
1586270692547,75.37
1586270692547,75.37
1586270692547,75.37
1586270692547,75.37
1586270692547,75.37
1586270692547,75.37
1586270692547,75.37
1586270692547,75.37
1586270692547,75.37
1586270692547,75.37
1586270692547,75.37
1586270692547,75.37
1586270692547,75.37
1586270692547,75.37
1586270692547,75.37
1586270692547,75.37
1586270692547,75.37
1586270692547,75.37
1586270692547,75.37
1586270692547,75.37
1586270692547,75.37
1586270692547,75.37
1586270692547,75.37
1586270692547,75.37
1586271370067,75.19
1586271370067,75.19
1586271370067,75.19
1586271370067,75.19
1586271370067,75.19
1586271370067,75.19
1586271370067,75.19
1586271370067,75.19
1586271370067,75.19
1586271370067,75.19
1586271370067,75.19
1586271370067,75.19
1586271370067,75.19
1586271370067,75.19
1586271370067,75.19
1586271370067,75.19
1586271370067,75.19
1586271370067,75.19
1586271370067,75.19
1586271370067,75.19
1586271370067,75.19
1586271370067,75.19
1586271370067,75.19
1586271370067,75.19
1586271370067,75.19
1586271370067,75.19
1586271370067,75.19
1586271370067,75.19
1586271370067,75.19
1586271370067,75.19
1586271370067,75.19
1586271370067,75.19
1586271370067,75.19
1586271370067,75.19
1586271370067,75.19
1586271370067,75.19
1586271370067,75.19
1586271370067,75.19
1586271370067,75.19
1586271370067,75.19
1586271370067,75.19
1586271370067,75.19
1586271370067,75.19
1586271370067,75.19
1586271370067,75.19
1586271370067,75.19
1586271370067,75.19
1586271863195,75.09
1586271863195,75.09
1586271863195,75.09
1586271863195,75.09
1586271863195,75.09
1586271863195,75.09
1586271926398,75.46
1586271926398,75.46
1586271926398,75.46
1586271926398,75.46
1586271926398,75.46
1586271926398,75.46
1586271926398,75.46
1586271926398,75.46
1586271926398,75.46
1586271926398,75.46
1586271926398,75.46
1586271926398,75.46
1586271926398,75.46
1586271926398,75.46
1586271926398,75.46
1586271926398,75.46
1586271926398,75.46
1586271926398,75.46
1586271926398,75.46
1586271926398,75.46
1586271926398,75.46
1586271926398,75.46
1586271926398,75.46
1586271926398,75.46
1586271926398,75.46
1586271926398,75.46
1586271926398,75.46
1586271926398,75.46
1586271926398,75.46
1586271926398,75.46
1586271926398,75.46
1586271926398,75.46
1586271926398,75.46
1586271926398,75.46
1586271926398,75.46
1586271926398,75.46
1586271926398,75.46
1586271926398,75.46
1586271926398,75.46
1586271926398,75.46
1586271926398,75.46
1586271926398,75.46
1586271926398,75.46
1586271926398,75.46
1586271926398,75.46
1586271926398,75.46
1586271926398,75.46
1586271926398,75.46
1586271926398,75.46
1586271926398,75.46
1586271926398,75.46
1586271926398,75.46
1586271926398,75.46
1586271926398,75.46
1586271926398,75.46
1586271926398,75.46
1586271926398,75.46
1586271926398,75.46
1586271926398,75.46
1586271926398,75.46
1586271926398,75.46
1586271926398,75.46
1586271926398,75.46
1586271926398,75.46
1586271926398,75.46
1586271926398,75.46
1586271926398,75.46
1586271926398,75.46
1586271926398,75.46
1586271926398,75.46
1586271926398,75.46
1586271926398,75.46
1586271926398,75.46
1586271926398,75.46
1586271926398,75.46
1586271926398,75.46
1586271926398,75.46
1586271926398,75.46
1586271926398,75.46
1586271926398,75.46
1586271926398,75.46
1586271926398,75.46
1586271926398,75.46
1586271926398,75.46
1586271926398,75.46
1586271926398,75.46
1586271926398,75.46
1586271926398,75.46
1586271926398,75.46
1586271926398,75.46
1586271926398,75.46
1586271926398,75.46
1586271926398,75.46
1586272906459,75.985
1586272906459,75.985
1586272906459,75.985
1586272906459,75.985
1586272906459,75.985
1586272906459,75.985
1586272906459,75.985
1586272906459,75.985
1586272906459,75.985
1586272906459,75.985
1586272906459,75.985
1586272906459,75.985
1586272906459,75.985
1586272906459,75.985
1586272906459,75.985
1586272906459,75.985
1586272906459,75.985
1586272906459,75.985
1586272906459,75.985
1586272906459,75.985
1586272906459,75.985
1586272906459,75.985
1586272906459,75.985
1586272906459,75.985
1586272906459,75.985
1586272906459,75.985
1586272906459,75.985
1586272906459,75.985
1586272906459,75.985
1586272906459,75.985
1586272906459,75.985
1586272906459,75.985
1586272906459,75.985
1586272906459,75.985
1586272906459,75.985
1586272906459,75.985
1586272906459,75.985
1586272906459,75.985
1586272906459,75.985
1586272906459,75.985
1586272906459,75.985
1586272906459,75.985
1586272906459,75.985
1586272906459,75.985
1586272906459,75.985
1586272906459,75.985
1586272906459,75.985
1586272906459,75.985
1586272906459,75.985
1586272906459,75.985
1586272906459,75.985
1586272906459,75.985
1586272906459,75.985
1586272906459,75.985
1586272906459,75.985
1586272906459,75.985
1586272906459,75.985
1586272906459,75.985
1586272906459,75.985
1586272906459,75.985
1586272906459,75.985
1586272906459,75.985
1586272906459,75.985
1586272906459,75.985
1586272906459,75.985
1586272906459,75.985
1586272906459,75.985
1586272906459,75.985
1586272906459,75.985
1586272906459,75.985
1586272906459,75.985
1586272906459,75.985
1586272906459,75.985
1586272906459,75.985
1586272906459,75.985
1586272906459,75.985
1586272906459,75.985
1586272906459,75.985
1586272906459,75.985
1586272906459,75.985
1586272906459,75.985
1586272906459,75.985
1586272906459,75.985
1586272906459,75.985
1586273788452,76.085
1586273788452,76.085
1586273788452,76.085
1586273788452,76.085
1586273788452,76.085
1586273788452,76.085
1586273788452,76.085
1586273788452,76.085
1586273788452,76.085
1586273788452,76.085
1586273788452,76.085
1586273788452,76.085
1586273788452,76.085
1586273788452,76.085
1586273788452,76.085
1586273788452,76.085
1586273950601,76.255
1586273950601,76.255
1586273950601,76.255
1586273950601,76.255
1586273950601,76.255
1586273950601,76.255
1586273950601,76.255
1586273950601,76.255
1586273950601,76.255
1586273950601,76.255
1586273950601,76.255
1586273950601,76.255
1586273950601,76.255
1586273950601,76.255
1586273950601,76.255
1586273950601,76.255
1586273950601,76.255
1586273950601,76.255
1586273950601,76.255
1586273950601,76.255
1586273950601,76.255
1586273950601,76.255
1586273950601,76.255
1586273950601,76.255
1586273950601,76.255
1586273950601,76.255
1586273950601,76.255
1586273950601,76.255
1586273950601,76.255
1586273950601,76.255
1586273950601,76.255
1586273950601,76.255
1586273950601,76.255
1586273950601,76.255
1586273950601,76.255
1586273950601,76.255
1586273950601,76.255
1586273950601,76.255
1586273950601,76.255
1586274368014,76.665
1586274368014,76.665
1586274368014,76.665
1586274368014,76.665
1586274368014,76.665
1586274368014,76.665
1586274368014,76.665
1586274368014,76.665
1586274368014,76.665
1586274368014,76.665
1586274368014,76.665
1586274368014,76.665
1586274368014,76.665
1586274368014,76.665
1586274368014,76.665
1586274368014,76.665
1586274368014,76.665
1586274368014,76.665
1586274368014,76.665
1586274570345,76.355
1586274570345,76.355
1586274570345,76.355
1586274599671,76.295
1586274599671,76.295
1586274599671,76.295
1586274599671,76.295
1586274599671,76.295
1586274599671,76.295
1586274599671,76.295
1586274599671,76.295
1586274599671,76.295
1586274599671,76.295
1586274599671,76.295
1586274599671,76.295
1586274599671,76.295
1586274599671,76.295
1586274599671,76.295
1586274599671,76.295
1586274599671,76.295
1586274599671,76.295
1586274599671,76.295
1586274599671,76.295
1586274599671,76.295
1586274822735,76.01
1586274822735,76.01
1586274822735,76.01
1586274822735,76.01
1586274822735,76.01
1586274871130,76.105
1586274871130,76.105
1586274871130,76.105
1586274871130,76.105
1586274871130,76.105
1586274871130,76.105
1586274871130,76.105
1586274871130,76.105
1586274871130,76.105
1586274871130,76.105
1586274871130,76.105
1586274871130,76.105
1586274871130,76.105
1586274871130,76.105
1586274871130,76.105
1586274871130,76.105
1586274871130,76.105
1586274871130,76.105
1586274871130,76.105
1586274871130,76.105
1586274871130,76.105
1586275090637,75.93
1586275090637,75.93
1586275090637,75.93
1586275090637,75.93
1586275090637,75.93
1586275090637,75.93
1586275090637,75.93
1586275090637,75.93
1586275090637,75.93
1586275090637,75.93
1586275090637,75.93
1586275090637,75.93
1586275090637,75.93
1586275090637,75.93
1586275090637,75.93
1586275090637,75.93
1586275090637,75.93
1586275090637,75.93
1586275090637,75.93
1586275090637,75.93
1586275090637,75.93
1586275090637,75.93
1586275090637,75.93
1586275090637,75.93
1586275090637,75.93
1586275364013,76.205
1586275364013,76.205
1586275364013,76.205
1586275364013,76.205
1586275364013,76.205
1586275364013,76.205
1586275364013,76.205
1586275364013,76.205
1586275364013,76.205
1586275364013,76.205
1586275364013,76.205
1586275364013,76.205
1586275364013,76.205
1586275364013,76.205
1586275364013,76.205
1586275364013,76.205
1586275364013,76.205
1586275543844,76.495
1586275543844,76.495
1586275543844,76.495
1586275543844,76.495
1586275543844,76.495
1586275543844,76.495
1586275543844,76.495
1586275611605,76.46
1586275611605,76.46
1586275611605,76.46
1586275611605,76.46
1586275660057,76.43
1586275660057,76.43
1586275660057,76.43
1586275660057,76.43
1586275660057,76.43
1586275660057,76.43
1586275660057,76.43
1586275660057,76.43
1586275660057,76.43
1586275660057,76.43
1586275660057,76.43
1586275660057,76.43
1586275660057,76.43
1586275660057,76.43
1586275660057,76.43
1586275660057,76.43
1586275660057,76.43
1586275660057,76.43
1586275660057,76.43
1586275660057,76.43
1586275660057,76.43
1586275660057,76.43
1586275660057,76.43
1586275660057,76.43
1586275660057,76.43
1586275660057,76.43
1586275660057,76.43
1586275660057,76.43
1586275660057,76.43
1586275660057,76.43
1586275660057,76.43
1586275660057,76.43
1586275660057,76.43
1586275660057,76.43
1586275660057,76.43
1586275660057,76.43
1586275660057,76.43
1586275660057,76.43
1586275660057,76.43
1586275660057,76.43
1586275660057,76.43
1586276083000,76.23
1586276083000,76.23
1586276083000,76.23
1586276083000,76.23
1586276083000,76.23
1586276083000,76.23
1586276083000,76.23
1586276083000,76.23
1586276083000,76.23
1586276083000,76.23
1586276083000,76.23
1586276083000,76.23
1586276083000,76.23
1586276083000,76.23
1586276083000,76.23
1586276243750,76.57
1586276243750,76.57
1586276243750,76.57
1586276243750,76.57
1586276243750,76.57
1586276299449,76.38
1586276299449,76.38
1586276299449,76.38
1586276299449,76.38
1586276299449,76.38
1586276299449,76.38
1586276299449,76.38
1586276299449,76.38
1586276299449,76.38
1586276299449,76.38
1586276299449,76.38
1586276299449,76.38
1586276299449,76.38
1586276299449,76.38
1586276299449,76.38
1586276299449,76.38
1586276299449,76.38
1586276299449,76.38
1586276299449,76.38
1586276299449,76.38
1586276299449,76.38
1586276299449,76.38
1586276525962,76.385
1586276525962,76.385
1586276525962,76.385
1586276525962,76.385
1586276525962,76.385
1586276525962,76.385
1586276525962,76.385
1586276525962,76.385
1586276525962,76.385
1586276525962,76.385
1586276525962,76.385
1586276525962,76.385
1586276525962,76.385
1586276525962,76.385
1586276525962,76.385
1586276525962,76.385
1586276525962,76.385
1586276525962,76.385
1586276525962,76.385
1586276525962,76.385
1586276525962,76.385
1586276525962,76.385
1586276525962,76.385
1586276525962,76.385
1586276783990,76.185
1586276783990,76.185
1586276783990,76.185
1586276783990,76.185
1586276820667,76.07
1586276820667,76.07
1586276820667,76.07
1586276820667,76.07
1586276820667,76.07
1586276820667,76.07
1586276820667,76.07
1586276820667,76.07
1586276820667,76.07
1586276820667,76.07
1586276820667,76.07
1586276820667,76.07
1586276820667,76.07
1586276820667,76.07
1586276820667,76.07
1586276820667,76.07
1586276820667,76.07
1586276820667,76.07
1586276820667,76.07
1586276820667,76.07
1586276820667,76.07
1586276820667,76.07
1586276820667,76.07
1586276820667,76.07
1586276820667,76.07
1586276820667,76.07
1586276820667,76.07
1586276820667,76.07
1586276820667,76.07
1586276820667,76.07
1586276820667,76.07
1586276820667,76.07
1586277163542,75.92
1586277163542,75.92
1586277163542,75.92
1586277197625,75.91
1586277197625,75.91
1586277197625,75.91
1586277225319,75.76
1586277225319,75.76
1586277225319,75.76
1586277225319,75.76
1586277225319,75.76
1586277225319,75.76
1586277225319,75.76
1586277225319,75.76
1586277225319,75.76
1586277225319,75.76
1586277225319,75.76
1586277225319,75.76
1586277225319,75.76
1586277225319,75.76
1586277225319,75.76
1586277225319,75.76
1586277225319,75.76
1586277225319,75.76
1586277225319,75.76
1586277225319,75.76
1586277225319,75.76
1586277225319,75.76
1586277225319,75.76
1586277225319,75.76
1586277225319,75.76
1586277225319,75.76
1586277225319,75.76
1586277225319,75.76
1586277225319,75.76
1586277225319,75.76
1586277225319,75.76
1586277225319,75.76
1586277225319,75.76
1586277225319,75.76
1586277225319,75.76
1586277225319,75.76
1586277225319,75.76
1586277616735,75.665
1586277616735,75.665
1586277616735,75.665
1586277616735,75.665
1586277616735,75.665
1586277616735,75.665
1586277616735,75.665
1586277616735,75.665
1586277616735,75.665
1586277720208,75.75
1586277720208,75.75
1586277720208,75.75
1586277720208,75.75
1586277720208,75.75
1586277720208,75.75
1586277720208,75.75
1586277720208,75.75
1586277720208,75.75
1586277720208,75.75
1586277720208,75.75
1586277720208,75.75
1586277720208,75.75
1586277720208,75.75
1586277720208,75.75
1586277879349,75.52
1586277879349,75.52
1586277879349,75.52
1586277879349,75.52
1586277879349,75.52
1586277879349,75.52
1586277879349,75.52
1586277879349,75.52
1586277879349,75.52
1586277879349,75.52
1586277879349,75.52
1586277879349,75.52
1586277879349,75.52
1586277879349,75.52
1586277879349,75.52
1586277879349,75.52
1586277879349,75.52
1586277879349,75.52
1586277879349,75.52
1586277879349,75.52
1586277879349,75.52
1586278104086,76.035
1586278104086,76.035
1586278104086,76.035
1586278104086,76.035
1586278104086,76.035
1586278104086,76.035
1586278104086,76.035
1586278104086,76.035
1586278104086,76.035
1586278104086,76.035
1586278104086,76.035
1586278104086,76.035
1586278104086,76.035
1586278104086,76.035
1586278104086,76.035
1586278104086,76.035
1586278104086,76.035
1586278104086,76.035
1586278104086,76.035
1586278104086,76.035
1586278104086,76.035
1586278104086,76.035
1586278342364,75.69
1586278342364,75.69
1586278342364,75.69
1586278342364,75.69
1586278342364,75.69
1586278342364,75.69
1586278342364,75.69
1586278408172,75.93
1586278408172,75.93
1586278408172,75.93
1586278408172,75.93
1586278408172,75.93
1586278408172,75.93
1586278408172,75.93
1586278408172,75.93
1586278408172,75.93
1586278408172,75.93
1586278408172,75.93
1586278408172,75.93
1586278408172,75.93
1586278408172,75.93
1586278408172,75.93
1586278408172,75.93
1586278408172,75.93
1586278592318,75.925
1586278592318,75.925
1586278592318,75.925
1586278592318,75.925
1586278592318,75.925
1586278592318,75.925
1586278592318,75.925
1586278672437,75.82
1586278672437,75.82
1586278672437,75.82
1586278672437,75.82
1586278672437,75.82
1586278672437,75.82
1586278672437,75.82
1586278672437,75.82
1586278755494,75.75
1586278755494,75.75
1586278755494,75.75
1586278755494,75.75
1586278755494,75.75
1586278806584,75.23
1586278806584,75.23
1586278806584,75.23
1586278806584,75.23
1586278806584,75.23
1586278806584,75.23
1586278806584,75.23
1586278806584,75.23
1586278806584,75.23
1586278806584,75.23
1586278806584,75.23
1586278806584,75.23
1586278806584,75.23
1586278806584,75.23
1586278806584,75.23
1586278806584,75.23
1586278806584,75.23
1586278806584,75.23
1586278806584,75.23
1586278806584,75.23
1586278806584,75.23
1586278806584,75.23
1586278806584,75.23
1586278806584,75.23
1586278806584,75.23
1586278806584,75.23
1586279086950,75.025
1586279086950,75.025
1586279086950,75.025
1586279086950,75.025
1586279133797,74.72
1586279133797,74.72
1586279133797,74.72
1586279133797,74.72
1586279133797,74.72
1586279133797,74.72
1586279199943,75.01
1586279199943,75.01
1586279199943,75.01
1586279199943,75.01
1586279199943,75.01
1586279199943,75.01
1586279199943,75.01
1586279199943,75.01
1586279199943,75.01
1586279199943,75.01
1586279199943,75.01
1586279199943,75.01
1586279199943,75.01
1586279199943,75.01
1586279199943,75.01
1586279199943,75.01
1586279199943,75.01
1586279199943,75.01
1586279199943,75.01
1586279199943,75.01
1586279199943,75.01
1586279199943,75.01
1586279199943,75.01
1586279199943,75.01
1586279199943,75.01
1586279199943,75.01
1586279199943,75.01
1586279199943,75.01
1586279501584,74.535
1586279501584,74.535
1586279501584,74.535
1586279501584,74.535
1586279501584,74.535
1586279501584,74.535
1586279501584,74.535
1586279501584,74.535
1586279501584,74.535
1586279501584,74.535
1586279501584,74.535
1586279501584,74.535
1586279501584,74.535
1586279501584,74.535
1586279501584,74.535
1586279501584,74.535
1586279501584,74.535
1586279501584,74.535
1586279501584,74.535
1586279501584,74.535
1586279501584,74.535
1586279501584,74.535
1586279501584,74.535
1586279501584,74.535
1586279501584,74.535
1586279501584,74.535
1586279501584,74.535
1586279501584,74.535
1586279799722,74.815
1586279799722,74.815
1586279799722,74.815
1586279840311,74.51
1586279840311,74.51
1586279840311,74.51
1586279840311,74.51
1586279840311,74.51
1586279840311,74.51
1586279840311,74.51
1586279840311,74.51
1586279840311,74.51
1586279840311,74.51
1586279840311,74.51
1586279840311,74.51
1586279840311,74.51
1586279840311,74.51
1586279840311,74.51
1586279840311,74.51
1586279840311,74.51
1586279840311,74.51
1586279840311,74.51
1586279840311,74.51
1586279840311,74.51
1586279840311,74.51
1586279840311,74.51
1586279840311,74.51
1586280096842,74.01
1586280096842,74.01
1586280096842,74.01
1586280096842,74.01
1586280096842,74.01
1586280096842,74.01
1586280096842,74.01
1586280096842,74.01
1586280096842,74.01
1586280096842,74.01
1586280096842,74.01
1586280096842,74.01
1586280096842,74.01
1586280096842,74.01
1586280096842,74.01
1586280096842,74.01
1586280096842,74.01
1586280096842,74.01
1586280096842,74.01
1586280096842,74.01
1586280096842,74.01
1586280096842,74.01
1586280096842,74.01
1586280096842,74.01
1586280096842,74.01
1586280096842,74.01
1586280096842,74.01
1586280096842,74.01
1586280391904,74.3
1586280391904,74.3
1586280391904,74.3
1586280391904,74.3
1586280391904,74.3
1586280391904,74.3
1586280391904,74.3
1586280391904,74.3
1586280391904,74.3
1586280391904,74.3
1586280391904,74.3
1586280391904,74.3
1586280391904,74.3
1586280391904,74.3
1586280391904,74.3
1586280391904,74.3
1586280391904,74.3
1586280391904,74.3
1586280391904,74.3
1586280391904,74.3
1586280391904,74.3
1586280391904,74.3
1586280391904,74.3
1586280391904,74.3
1586280391904,74.3
1586280391904,74.3
1586280672285,74.09
1586280672285,74.09
1586280672285,74.09
1586280706461,73.96
1586280706461,73.96
1586280706461,73.96
1586280706461,73.96
1586280706461,73.96
1586280706461,73.96
1586280706461,73.96
1586280706461,73.96
1586280706461,73.96
1586280706461,73.96
1586280706461,73.96
1586280706461,73.96
1586280706461,73.96
1586280706461,73.96
1586280706461,73.96
1586280862281,74.085
1586280862281,74.085
1586280862281,74.085
1586280862281,74.085
1586280862281,74.085
1586280862281,74.085
1586280862281,74.085
1586280862281,74.085
1586280862281,74.085
1586280955017,74.13
1586280955017,74.13
1586280955017,74.13
1586280955017,74.13
1586280955017,74.13
1586280955017,74.13
1586280955017,74.13
1586280955017,74.13
1586280955017,74.13
1586280955017,74.13
1586280955017,74.13
1586280955017,74.13
1586280955017,74.13
1586280955017,74.13
1586280955017,74.13
1586280955017,74.13
1586280955017,74.13
1586280955017,74.13
1586280955017,74.13
1586280955017,74.13
1586280955017,74.13
1586280955017,74.13
1586280955017,74.13
1586280955017,74.13
1586280955017,74.13
1586280955017,74.13
1586280955017,74.13
1586280955017,74.13
1586281253229,73.85
1586281253229,73.85
1586281253229,73.85
1586281253229,73.85
1586281253229,73.85
1586281253229,73.85
1586281253229,73.85
1586281253229,73.85
1586281253229,73.85
1586281253229,73.85
1586281253229,73.85
1586281253229,73.85
1586281253229,73.85
1586281253229,73.85
1586281253229,73.85
1586281253229,73.85
1586281253229,73.85
1586281253229,73.85
1586281253229,73.85
1586281253229,73.85
1586281253229,73.85
1586281253229,73.85
1586281253229,73.85
1586281253229,73.85
1586281253229,73.85
1586281253229,73.85
1586281253229,73.85
1586281253229,73.85
1586281253229,73.85
1586281253229,73.85
1586281253229,73.85
1586281253229,73.85
1586281253229,73.85
1586281253229,73.85
1586281253229,73.85
1586281253229,73.85
1586281253229,73.85
1586281253229,73.85
1586281253229,73.85
1586281253229,73.85
1586281253229,73.85
1586281253229,73.85
1586281709212,74.24
1586281709212,74.24
1586281709212,74.24
1586281709212,74.24
1586281709212,74.24
1586281709212,74.24
1586281709212,74.24
1586281709212,74.24
1586281709212,74.24
1586281709212,74.24
1586281709212,74.24
1586281818978,73.81
1586281818978,73.81
1586281818978,73.81
1586281818978,73.81
1586281818978,73.81
1586281818978,73.81
1586281818978,73.81
1586281818978,73.81
1586281818978,73.81
1586281818978,73.81
1586281818978,73.81
1586281818978,73.81
1586281818978,73.81
1586281818978,73.81
1586281818978,73.81
1586281818978,73.81
1586281818978,73.81
1586281818978,73.81
1586281818978,73.81
1586281818978,73.81
1586281818978,73.81
1586281818978,73.81
1586281818978,73.81
1586281818978,73.81
1586281818978,73.81
1586281818978,73.81
1586282105237,74.22
1586282105237,74.22
1586282105237,74.22
1586282105237,74.22
1586282105237,74.22
1586282105237,74.22
1586282105237,74.22
1586282105237,74.22
1586282105237,74.22
1586282105237,74.22
1586282105237,74.22
1586282105237,74.22
1586282105237,74.22
1586282105237,74.22
1586282105237,74.22
1586282105237,74.22
1586282105237,74.22
1586282105237,74.22
1586282105237,74.22
1586282105237,74.22
1586282105237,74.22
1586282105237,74.22
1586282105237,74.22
1586282105237,74.22
1586282360081,74.025
1586282360081,74.025
1586282360081,74.025
1586282360081,74.025
1586282360081,74.025
1586282360081,74.025
1586282360081,74.025
1586282360081,74.025
1586282360081,74.025
1586282360081,74.025
1586282360081,74.025
1586282360081,74.025
1586282360081,74.025
1586282360081,74.025
1586282360081,74.025
1586282360081,74.025
1586282360081,74.025
1586282360081,74.025
1586282360081,74.025
1586282360081,74.025
1586282360081,74.025
1586282360081,74.025
1586282360081,74.025
1586282360081,74.025
1586282624345,73.77
1586282624345,73.77
1586282624345,73.77
1586282624345,73.77
1586282624345,73.77
1586282624345,73.77
1586282624345,73.77
1586282624345,73.77
1586282624345,73.77
1586282624345,73.77
1586282624345,73.77
1586282624345,73.77
1586282624345,73.77
1586282624345,73.77
1586282624345,73.77
1586282624345,73.77
1586282624345,73.77
1586282624345,73.77
1586282624345,73.77
1586282624345,73.77
1586282624345,73.77
1586282624345,73.77
1586282624345,73.77
1586282624345,73.77
1586282624345,73.77
1586282624345,73.77
1586282624345,73.77
1586282624345,73.77
1586282624345,73.77
1586282937209,73.41
1586282937209,73.41
1586282937209,73.41
1586282937209,73.41
1586282937209,73.41
1586282937209,73.41
1586282937209,73.41
1586282937209,73.41
1586282937209,73.41
1586282937209,73.41
1586282937209,73.41
1586282937209,73.41
1586282937209,73.41
1586282937209,73.41
1586282937209,73.41
1586282937209,73.41
1586282937209,73.41
1586282937209,73.41
1586282937209,73.41
1586282937209,73.41
1586282937209,73.41
1586283165939,73.64
1586283165939,73.64
1586283165939,73.64
1586283165939,73.64
1586283165939,73.64
1586283165939,73.64
1586283165939,73.64
1586283165939,73.64
1586283165939,73.64
1586283165939,73.64
1586283165939,73.64
1586283165939,73.64
1586283165939,73.64
1586283165939,73.64
1586283165939,73.64
1586283165939,73.64
1586283165939,73.64
1586283165939,73.64
1586283165939,73.64
1586283165939,73.64
1586283374516,73.435
1586283374516,73.435
1586283374516,73.435
1586283374516,73.435
1586283374516,73.435
1586283374516,73.435
1586283374516,73.435
1586283457358,73.41
1586283457358,73.41
1586283457358,73.41
1586283457358,73.41
1586283457358,73.41
1586283457358,73.41
1586283457358,73.41
1586283457358,73.41
1586283457358,73.41
1586283457358,73.41
1586283561153,73.36
1586283561153,73.36
1586283561153,73.36
1586283561153,73.36
1586283561153,73.36
1586283561153,73.36
1586283561153,73.36
1586283561153,73.36
1586283561153,73.36
1586283561153,73.36
1586283561153,73.36
1586283561153,73.36
1586283561153,73.36
1586283561153,73.36
1586283561153,73.36
1586283561153,73.36
1586283561153,73.36
1586283561153,73.36
1586283561153,73.36
1586283561153,73.36
1586283561153,73.36
1586283561153,73.36
1586283561153,73.36
1586283561153,73.36
1586283561153,73.36
1586283561153,73.36
1586283561153,73.36
1586283561153,73.36
1586283561153,73.36
1586283561153,73.36
1586283561153,73.36
1586283561153,73.36
1586283906045,73.2
1586283906045,73.2
1586283906045,73.2
1586283906045,73.2
1586283906045,73.2
1586283906045,73.2
1586283906045,73.2
1586283906045,73.2
1586283906045,73.2
1586283906045,73.2
1586283906045,73.2
1586283906045,73.2
1586283906045,73.2
1586284050885,73.325
1586284050885,73.325
1586284050885,73.325
1586284050885,73.325
1586284050885,73.325
1586284050885,73.325
1586284050885,73.325
1586284050885,73.325
1586284050885,73.325
1586284050885,73.325
1586284050885,73.325
1586284050885,73.325
1586284050885,73.325
1586284050885,73.325
1586284050885,73.325
1586284050885,73.325
1586284050885,73.325
1586284050885,73.325
1586284050885,73.325
1586284050885,73.325
1586284050885,73.325
1586284050885,73.325
1586284050885,73.325
1586284293456,73.195
1586284293456,73.195
1586284293456,73.195
1586284293456,73.195
1586284293456,73.195
1586284293456,73.195
1586284293456,73.195
1586284293456,73.195
1586284293456,73.195
1586284293456,73.195
1586284293456,73.195
1586284293456,73.195
1586284293456,73.195
1586284293456,73.195
1586284293456,73.195
1586284293456,73.195
1586284293456,73.195
1586284293456,73.195
1586284293456,73.195
1586284293456,73.195
1586284293456,73.195
1586284293456,73.195
1586284293456,73.195
1586284545125,72.85
1586284545125,72.85
1586284545125,72.85
1586284545125,72.85
1586284545125,72.85
1586284545125,72.85
1586284545125,72.85
1586284545125,72.85
1586284545125,72.85
1586284640119,73.2
1586284640119,73.2
1586284640119,73.2
1586284640119,73.2
1586284640119,73.2
1586284640119,73.2
1586284705170,72.94
1586284705170,72.94
1586284705170,72.94
1586284705170,72.94
1586284751612,73.055
1586284763214,72.93
1586284763214,72.93
1586284763214,72.93
1586284763214,72.93
1586284763214,72.93
1586284763214,72.93
1586284763214,72.93
1586284763214,72.93
1586284763214,72.93
1586284763214,72.93
1586284763214,72.93
1586284763214,72.93
1586284763214,72.93
1586284763214,72.93
1586284763214,72.93
1586284763214,72.93
1586284763214,72.93
1586284763214,72.93
1586284763214,72.93
1586284763214,72.93
1586284763214,72.93
1586284763214,72.93
1586284763214,72.93
1586284763214,72.93
1586284763214,72.93
1586284763214,72.93
1586284763214,72.93
1586284763214,72.93
1586284763214,72.93
1586284763214,72.93
1586284763214,72.93
1586284763214,72.93
1586284763214,72.93
1586284763214,72.93
1586284763214,72.93
1586284763214,72.93
1586284763214,72.93
1586284763214,72.93
1586284763214,72.93
1586284763214,72.93
1586284763214,72.93
1586284763214,72.93
1586284763214,72.93
1586284763214,72.93
1586284763214,72.93
1586284763214,72.93
1586284763214,72.93
1586284763214,72.93
1586284763214,72.93
1586285296549,72.81
1586285296549,72.81
1586285296549,72.81
1586285296549,72.81
1586285296549,72.81
1586285296549,72.81
1586285296549,72.81
1586285296549,72.81
1586285296549,72.81
1586285296549,72.81
1586285296549,72.81
1586285296549,72.81
1586285296549,72.81
1586285296549,72.81
1586285296549,72.81
1586285296549,72.81
1586285466415,72.75
1586285466415,72.75
1586285466415,72.75
1586285466415,72.75
1586285466415,72.75
1586285466415,72.75
1586285466415,72.75
1586285466415,72.75
1586285466415,72.75
1586285466415,72.75
1586285466415,72.75
1586285466415,72.75
1586285466415,72.75
1586285606122,72.555
1586285606122,72.555
1586285606122,72.555
1586285606122,72.555
1586285606122,72.555
1586285606122,72.555
1586285606122,72.555
1586285606122,72.555
1586285606122,72.555
1586285606122,72.555
1586285720491,72.36
1586285720491,72.36
1586285720491,72.36
1586285720491,72.36
1586285720491,72.36
1586285720491,72.36
1586285720491,72.36
1586285720491,72.36
1586285805970,72.41
1586285805970,72.41
1586285805970,72.41
1586285805970,72.41
1586285805970,72.41
1586285805970,72.41
1586285867535,72.295
1586285867535,72.295
1586285867535,72.295
1586285867535,72.295
1586285867535,72.295
1586285928402,72.305
1586285928402,72.305
1586285928402,72.305
1586285928402,72.305
1586285928402,72.305
1586285928402,72.305
1586285928402,72.305
