1585575046351,5.72
1585575046351,5.72
1585575046351,5.72
1585575046351,5.72
1585575046351,5.72
1585575046351,5.72
1585575046351,5.72
1585575134624,5.705
1585575134624,5.705
1585575134624,5.705
1585575134624,5.705
1585575134624,5.705
1585575183260,5.7
1585575183260,5.7
1585575202379,5.71
1585575202379,5.71
1585575202379,5.71
1585575237753,5.705
1585575250105,5.7
1585575260235,5.705
1585575265980,5.705
1585575279542,5.69
1585575291337,5.68
1585575300088,5.68
1585575300088,5.68
1585575300088,5.68
1585575300088,5.68
1585575300088,5.68
1585575300088,5.68
1585575363376,5.635
1585575363376,5.635
1585575363376,5.635
1585575363376,5.635
1585575363376,5.635
1585575415873,5.615
1585575415873,5.615
1585575415873,5.615
1585575415873,5.615
1585575415873,5.615
1585575465339,5.6
1585575465339,5.6
1585575465339,5.6
1585575499522,5.585
1585575499522,5.585
1585575499522,5.585
1585575499522,5.585
1585575542042,5.54
1585575542042,5.54
1585575542042,5.54
1585575542042,5.54
1585575542042,5.54
1585575593392,5.51
1585575596419,5.5
1585575596419,5.5
1585575617859,5.51
1585575637055,5.51
1585575644620,5.48
1585575644620,5.48
1585575644620,5.48
1585575644620,5.48
1585575644620,5.48
1585575644620,5.48
1585575644620,5.48
1585575644620,5.48
1585575724476,5.465
1585575724476,5.465
1585575724476,5.465
1585575758484,5.465
1585575758484,5.465
1585575758484,5.465
1585575758484,5.465
1585575803858,5.47
1585575805422,5.48
1585575821072,5.49
1585575832157,5.535
1585575832157,5.535
1585575851852,5.52
1585575851852,5.52
1585575875259,5.53
1585575875259,5.53
1585575875259,5.53
1585575875259,5.53
1585575910046,5.515
1585575910046,5.515
1585575910046,5.515
1585575910046,5.515
1585575910046,5.515
1585575967030,5.5
1585575967030,5.5
1585575967030,5.5
1585575967030,5.5
1585575967030,5.5
1585575967030,5.5
1585575967030,5.5
1585575967030,5.5
1585575967030,5.5
1585575967030,5.5
1585575967030,5.5
1585575967030,5.5
1585576093474,5.57
1585576093474,5.57
1585576093474,5.57
1585576093474,5.57
1585576093474,5.57
1585576093474,5.57
1585576093474,5.57
1585576093474,5.57
1585576093474,5.57
1585576093474,5.57
1585576093474,5.57
1585576093474,5.57
1585576216473,5.595
1585576232906,5.595
1585576241208,5.595
1585576245584,5.595
1585576245584,5.595
1585576245584,5.595
1585576245584,5.595
1585576292186,5.595
1585576302592,5.595
1585576316947,5.575
1585576318957,5.57
1585576333172,5.565
1585576343111,5.55
1585576343111,5.55
1585576343111,5.55
1585576343111,5.55
1585576388344,5.535
1585576395595,5.535
1585576404990,5.525
1585576404990,5.525
1585576423916,5.515
1585576436606,5.515
1585576436606,5.515
1585576459652,5.505
1585576459652,5.505
1585576459652,5.505
1585576486186,5.505
1585576504509,5.505
1585576504509,5.505
1585576520958,5.495
1585576520958,5.495
1585576520958,5.495
1585576520958,5.495
1585576568040,5.495
1585576568040,5.495
1585576586869,5.485
1585576598196,5.485
1585576610515,5.485
1585576610515,5.485
1585576610515,5.485
1585576610515,5.485
1585576647715,5.485
1585576647715,5.485
1585576668038,5.485
1585576675319,5.485
1585576675319,5.485
1585576675319,5.485
1585576714317,5.49
1585576714317,5.49
1585576714317,5.49
1585576714317,5.49
1585576752652,5.49
1585576762045,5.495
1585576773453,5.51
1585576773453,5.51
1585576773453,5.51
1585576811361,5.52
1585576811361,5.52
1585576826797,5.515
1585576842159,5.505
1585576842159,5.505
1585576842159,5.505
1585576842159,5.505
1585576842159,5.505
1585576842159,5.505
1585576842159,5.505
1585576842159,5.505
1585576842159,5.505
1585576842159,5.505
1585576842159,5.505
1585576955600,5.505
1585576963308,5.51
1585576963308,5.51
1585576989919,5.525
1585576989919,5.525
1585576989919,5.525
1585576989919,5.525
1585576989919,5.525
1585576989919,5.525
1585576989919,5.525
1585576989919,5.525
1585576989919,5.525
1585577083002,5.54
1585577083002,5.54
1585577083002,5.54
1585577083002,5.54
1585577083002,5.54
1585577083002,5.54
1585577083002,5.54
1585577083002,5.54
1585577083002,5.54
1585577083002,5.54
1585577083002,5.54
1585577083002,5.54
1585577083002,5.54
1585577220838,5.55
1585577220838,5.55
1585577220838,5.55
1585577220838,5.55
1585577220838,5.55
1585577220838,5.55
1585577220838,5.55
1585577220838,5.55
1585577297183,5.53
1585577297183,5.53
1585577297183,5.53
1585577297183,5.53
1585577297183,5.53
1585577297183,5.53
1585577297183,5.53
1585577297183,5.53
1585577297183,5.53
1585577297183,5.53
1585577297183,5.53
1585577297183,5.53
1585577297183,5.53
1585577297183,5.53
1585577297183,5.53
1585577297183,5.53
1585577297183,5.53
1585577297183,5.53
1585577297183,5.53
1585577297183,5.53
1585577508219,5.56
1585577522335,5.565
1585577522335,5.565
1585577522335,5.565
1585577553909,5.57
1585577556390,5.56
1585577572400,5.555
1585577572400,5.555
1585577592593,5.54
1585577592593,5.54
1585577592593,5.54
1585577592593,5.54
1585577592593,5.54
1585577649291,5.57
1585577649291,5.57
1585577649291,5.57
1585577676506,5.565
1585577681991,5.57
1585577695420,5.575
1585577695420,5.575
1585577695420,5.575
1585577695420,5.575
1585577695420,5.575
1585577695420,5.575
1585577695420,5.575
1585577695420,5.575
1585577695420,5.575
1585577695420,5.575
1585577797664,5.575
1585577813311,5.58
1585577813311,5.58
1585577813311,5.58
1585577813311,5.58
1585577813311,5.58
1585577813311,5.58
1585577870191,5.57
1585577870191,5.57
1585577870191,5.57
1585577902023,5.565
1585577902023,5.565
1585577927118,5.565
1585577927118,5.565
1585577949592,5.565
1585577955680,5.565
1585577955680,5.565
1585577982096,5.565
1585577982096,5.565
1585578004699,5.565
1585578011209,5.565
1585578016747,5.575
1585578016747,5.575
1585578016747,5.575
1585578054369,5.595
1585578054369,5.595
1585578054369,5.595
1585578054369,5.595
1585578096274,5.595
1585578099477,5.595
1585578119396,5.595
1585578119396,5.595
1585578119396,5.595
1585578119396,5.595
1585578119396,5.595
1585578119396,5.595
1585578119396,5.595
1585578119396,5.595
1585578202015,5.595
1585578202015,5.595
1585578202015,5.595
1585578202015,5.595
1585578202015,5.595
1585578202015,5.595
1585578202015,5.595
1585578269422,5.595
1585578283267,5.595
1585578283267,5.595
1585578283267,5.595
1585578283267,5.595
1585578323971,5.585
1585578323971,5.585
1585578323971,5.585
1585578323971,5.585
1585578323971,5.585
1585578323971,5.585
1585578323971,5.585
1585578395869,5.585
1585578395869,5.585
1585578421956,5.595
1585578427967,5.61
1585578437284,5.64
1585578437284,5.64
1585578437284,5.64
1585578437284,5.64
1585578437284,5.64
1585578437284,5.64
1585578437284,5.64
1585578437284,5.64
1585578437284,5.64
1585578528020,5.63
1585578541161,5.625
1585578541161,5.625
1585578541161,5.625
1585578541161,5.625
1585578541161,5.625
1585578541161,5.625
1585578541161,5.625
1585578613015,5.625
1585578613015,5.625
1585578639649,5.615
1585578639649,5.615
1585578661927,5.605
1585578661927,5.605
1585578678759,5.61
1585578678759,5.61
1585578678759,5.61
1585578678759,5.61
1585578678759,5.61
1585578678759,5.61
1585578678759,5.61
1585578678759,5.61
1585578762519,5.61
1585578762519,5.61
1585578762519,5.61
1585578762519,5.61
1585578762519,5.61
1585578762519,5.61
1585578762519,5.61
1585578762519,5.61
1585578762519,5.61
1585578762519,5.61
1585578762519,5.61
1585578762519,5.61
1585578892173,5.65
1585578897688,5.65
1585578908472,5.66
1585578908472,5.66
1585578908472,5.66
1585578908472,5.66
1585578908472,5.66
1585578908472,5.66
1585578908472,5.66
1585578908472,5.66
1585578908472,5.66
1585578908472,5.66
1585579011292,5.69
1585579011292,5.69
1585579011292,5.69
1585579051277,5.695
1585579051277,5.695
1585579051277,5.695
1585579078381,5.685
1585579078381,5.685
1585579078381,5.685
1585579078381,5.685
1585579078381,5.685
1585579078381,5.685
1585579078381,5.685
1585579078381,5.685
1585579078381,5.685
1585579169823,5.66
1585579186654,5.655
1585579186654,5.655
1585579202484,5.655
1585579216811,5.655
1585579216811,5.655
1585579216811,5.655
1585579216811,5.655
1585579216811,5.655
1585579216811,5.655
1585579216811,5.655
1585579216811,5.655
1585579216811,5.655
1585579216811,5.655
1585579216811,5.655
1585579216811,5.655
1585579216811,5.655
1585579216811,5.655
1585579216811,5.655
1585579216811,5.655
1585579216811,5.655
1585579216811,5.655
1585579216811,5.655
1585579216811,5.655
1585579216811,5.655
1585579441855,5.645
1585579441855,5.645
1585579441855,5.645
1585579441855,5.645
1585579441855,5.645
1585579490440,5.635
1585579490440,5.635
1585579490440,5.635
1585579490440,5.635
1585579529531,5.66
1585579529531,5.66
1585579529531,5.66
1585579529531,5.66
1585579529531,5.66
1585579529531,5.66
1585579529531,5.66
1585579529531,5.66
1585579529531,5.66
1585579529531,5.66
1585579529531,5.66
1585579529531,5.66
1585579529531,5.66
1585579529531,5.66
1585579529531,5.66
1585579689734,5.685
1585579699636,5.685
1585579711210,5.685
1585579724628,5.685
1585579725563,5.685
1585579725563,5.685
1585579752051,5.685
1585579765525,5.685
1585579765525,5.685
1585579779131,5.69
1585579797003,5.695
1585579800682,5.695
1585579800682,5.695
1585579800682,5.695
1585579800682,5.695
1585579800682,5.695
1585579853279,5.685
1585579853279,5.685
1585579873088,5.68
1585579873088,5.68
1585579873088,5.68
1585579910169,5.67
1585579910169,5.67
1585579910169,5.67
1585579910169,5.67
1585579910169,5.67
1585579910169,5.67
1585579910169,5.67
1585579910169,5.67
1585579910169,5.67
1585579910169,5.67
1585579910169,5.67
1585579910169,5.67
1585579910169,5.67
1585579910169,5.67
1585579910169,5.67
1585579910169,5.67
1585580082524,5.655
1585580086867,5.655
1585580103728,5.655
1585580108564,5.655
1585580108564,5.655
1585580108564,5.655
1585580108564,5.655
1585580153291,5.655
1585580156567,5.655
1585580156567,5.655
1585580156567,5.655
1585580156567,5.655
1585580156567,5.655
1585580156567,5.655
1585580227946,5.67
1585580233545,5.675
1585580233545,5.675
1585580233545,5.675
1585580265370,5.67
1585580275825,5.665
1585580284276,5.66
1585580284276,5.66
1585580284276,5.66
1585580284276,5.66
1585580284276,5.66
1585580284276,5.66
1585580355841,5.655
1585580360256,5.655
1585580376204,5.655
1585580379721,5.655
1585580398019,5.655
1585580399917,5.655
1585580399917,5.655
1585580427346,5.655
1585580427346,5.655
1585580444484,5.655
1585580456614,5.655
1585580469055,5.655
1585580480653,5.665
1585580480653,5.665
1585580480653,5.665
1585580480653,5.665
1585580519250,5.665
1585580530420,5.675
1585580541052,5.675
1585580541052,5.675
1585580541052,5.675
1585580541052,5.675
1585580541052,5.675
1585580541052,5.675
1585580541052,5.675
1585580541052,5.675
1585580620756,5.655
1585580620756,5.655
1585580643231,5.655
1585580655338,5.655
1585580668154,5.66
1585580675271,5.66
1585580675271,5.66
1585580698862,5.665
1585580698862,5.665
1585580720004,5.655
1585580720004,5.655
1585580739850,5.655
1585580739850,5.655
1585580739850,5.655
1585580765621,5.655
1585580765621,5.655
1585580765621,5.655
1585580765621,5.655
1585580816046,5.67
1585580827245,5.665
1585580827245,5.665
1585580827245,5.665
1585580858500,5.665
1585580858500,5.665
1585580858500,5.665
1585580858500,5.665
1585580900090,5.665
1585580906449,5.665
1585580916767,5.665
1585580931423,5.665
1585580931423,5.665
1585580951705,5.665
1585580951705,5.665
1585580951705,5.665
1585580951705,5.665
1585580951705,5.665
1585580951705,5.665
1585580951705,5.665
1585580951705,5.665
1585581029515,5.665
1585581029515,5.665
1585581029515,5.665
1585581029515,5.665
1585581074065,5.665
1585581085570,5.665
1585581085570,5.665
1585581107023,5.665
1585581110351,5.655
1585581127083,5.655
1585581135365,5.655
1585581135365,5.655
1585581135365,5.655
1585581167680,5.655
1585581167680,5.655
1585581167680,5.655
1585581167680,5.655
1585581167680,5.655
1585581167680,5.655
1585581167680,5.655
1585581242185,5.655
1585581250159,5.655
1585581250159,5.655
1585581250159,5.655
1585581250159,5.655
1585581250159,5.655
1585581300430,5.65
1585581317648,5.65
1585581319838,5.65
1585581319838,5.65
1585581319838,5.65
1585581319838,5.65
1585581319838,5.65
1585581319838,5.65
1585581385072,5.645
1585581385072,5.645
1585581385072,5.645
1585581385072,5.645
1585581385072,5.645
1585581385072,5.645
1585581385072,5.645
1585581385072,5.645
1585581385072,5.645
1585581484224,5.635
1585581490214,5.635
1585581504538,5.635
1585581504538,5.635
1585581527419,5.635
1585581532970,5.635
1585581532970,5.635
1585581532970,5.635
1585581567924,5.655
1585581577011,5.66
1585581577011,5.66
1585581592219,5.685
1585581604886,5.695
1585581613268,5.695
1585581613268,5.695
1585581613268,5.695
1585581651471,5.69
1585581651471,5.69
1585581651471,5.69
1585581651471,5.69
1585581692299,5.675
1585581698283,5.675
1585581698283,5.675
1585581698283,5.675
1585581735684,5.675
1585581746745,5.675
1585581754822,5.675
1585581762204,5.675
1585581771156,5.675
1585581771156,5.675
1585581771156,5.675
1585581803870,5.675
1585581803870,5.675
1585581803870,5.675
1585581803870,5.675
1585581847706,5.675
1585581853508,5.685
1585581853508,5.685
1585581853508,5.685
1585581884627,5.695
1585581899880,5.695
1585581899880,5.695
1585581899880,5.695
1585581899880,5.695
1585581899880,5.695
1585581899880,5.695
1585581899880,5.695
1585581899880,5.695
1585581985129,5.685
1585581985129,5.685
1585581985129,5.685
1585582017176,5.685
1585582029133,5.685
1585582029133,5.685
1585582044488,5.685
1585582054865,5.7
1585582054865,5.7
1585582076661,5.735
1585582076661,5.735
1585582076661,5.735
1585582076661,5.735
1585582076661,5.735
1585582076661,5.735
1585582076661,5.735
1585582076661,5.735
1585582160665,5.745
1585582160665,5.745
1585582160665,5.745
1585582160665,5.745
1585582200664,5.745
1585582210655,5.73
1585582210655,5.73
1585582210655,5.73
1585582250833,5.745
1585582262097,5.745
1585582262097,5.745
1585582262097,5.745
1585582290614,5.745
1585582290614,5.745
1585582290614,5.745
1585582290614,5.745
1585582290614,5.745
1585582290614,5.745
1585582349971,5.725
1585582349971,5.725
1585582349971,5.725
1585582349971,5.725
1585582349971,5.725
1585582400789,5.705
1585582416189,5.705
1585582426209,5.705
1585582426209,5.705
1585582426209,5.705
1585582426209,5.705
1585582426209,5.705
1585582426209,5.705
1585582426209,5.705
1585582426209,5.705
1585582426209,5.705
1585582426209,5.705
1585582426209,5.705
1585582426209,5.705
1585582426209,5.705
1585582563442,5.695
1585582563442,5.695
1585582583059,5.685
1585582583059,5.685
1585582583059,5.685
1585582583059,5.685
1585582583059,5.685
1585582638976,5.685
1585582639688,5.685
1585582639688,5.685
1585582665910,5.685
1585582665910,5.685
1585582665910,5.685
1585582665910,5.685
1585582710452,5.695
1585582717318,5.695
1585582717318,5.695
1585582742732,5.695
1585582749210,5.7
1585582754376,5.705
1585582774793,5.7
1585582784004,5.7
1585582788913,5.7
1585582802734,5.705
1585582802734,5.705
1585582802734,5.705
1585582802734,5.705
1585582841438,5.705
1585582859563,5.705
1585582859563,5.705
1585582859563,5.705
1585582859563,5.705
1585582859563,5.705
1585582902064,5.705
1585582902064,5.705
1585582928795,5.705
1585582928795,5.705
1585582928795,5.705
1585582928795,5.705
1585582928795,5.705
1585582928795,5.705
1585582993701,5.715
1585582993701,5.715
1585583016595,5.715
1585583022205,5.715
1585583022205,5.715
1585583042543,5.715
1585583042543,5.715
1585583065552,5.715
1585583071067,5.715
1585583071067,5.715
1585583071067,5.715
1585583108395,5.715
1585583108395,5.715
1585583108395,5.715
1585583135510,5.705
1585583135510,5.705
1585583163380,5.705
1585583163380,5.705
1585583163380,5.705
1585583187629,5.715
1585583196380,5.705
1585583209717,5.695
1585583209717,5.695
1585583234064,5.695
1585583234064,5.695
1585583234064,5.695
1585583234064,5.695
1585583234064,5.695
1585583283895,5.685
1585583299980,5.685
1585583299980,5.685
1585583299980,5.685
1585583326858,5.695
1585583335914,5.695
1585583344035,5.7
1585583353919,5.705
1585583353919,5.705
1585583353919,5.705
1585583353919,5.705
1585583353919,5.705
1585583353919,5.705
1585583353919,5.705
1585583353919,5.705
1585583353919,5.705
1585583353919,5.705
1585583353919,5.705
1585583353919,5.705
1585583487706,5.705
1585583487706,5.705
1585583508661,5.705
1585583508661,5.705
1585583508661,5.705
1585583508661,5.705
1585583508661,5.705
1585583508661,5.705
1585583508661,5.705
1585583508661,5.705
1585583508661,5.705
1585583602184,5.705
1585583605679,5.705
1585583605679,5.705
1585583627620,5.705
1585583639745,5.705
1585583639745,5.705
1585583639745,5.705
1585583677623,5.705
1585583677623,5.705
1585583677623,5.705
1585583700726,5.705
1585583719696,5.705
1585583726623,5.705
1585583726623,5.705
1585583726623,5.705
1585583761551,5.735
1585583771595,5.735
1585583771595,5.735
1585583783434,5.74
1585583796530,5.735
1585583809292,5.745
1585583809292,5.745
1585583809292,5.745
1585583838864,5.745
1585583838864,5.745
1585583838864,5.745
1585583838864,5.745
1585583838864,5.745
1585583838864,5.745
1585583838864,5.745
1585583838864,5.745
1585583927392,5.74
1585583927392,5.74
1585583927392,5.74
1585583953825,5.745
1585583971837,5.745
1585583971837,5.745
1585583971837,5.745
1585583971837,5.745
1585583971837,5.745
1585583971837,5.745
1585583971837,5.745
1585583971837,5.745
1585583971837,5.745
1585583971837,5.745
1585583971837,5.745
1585583971837,5.745
1585583971837,5.745
1585583971837,5.745
1585583971837,5.745
1585583971837,5.745
1585583971837,5.745
1585583971837,5.745
1585583971837,5.745
1585583971837,5.745
1585583971837,5.745
1585584181758,5.715
1585584193034,5.715
1585584193034,5.715
1585584216955,5.705
1585584216955,5.705
1585584216955,5.705
1585584252077,5.705
1585584252077,5.705
1585584252077,5.705
1585584252077,5.705
1585584252077,5.705
1585584252077,5.705
1585584252077,5.705
1585584332333,5.695
1585584341870,5.705
1585584341870,5.705
1585584341870,5.705
1585584341870,5.705
1585584341870,5.705
1585584341870,5.705
1585584341870,5.705
1585584341870,5.705
1585584425296,5.695
1585584431003,5.695
1585584431003,5.695
1585584457516,5.695
1585584458542,5.695
1585584473466,5.7
1585584473466,5.7
1585584499312,5.695
1585584507106,5.695
1585584507106,5.695
1585584507106,5.695
1585584507106,5.695
1585584546361,5.695
1585584546361,5.695
1585584546361,5.695
1585584546361,5.695
1585584546361,5.695
1585584546361,5.695
1585584546361,5.695
1585584618610,5.695
1585584629943,5.695
1585584629943,5.695
1585584648543,5.695
1585584648543,5.695
1585584670760,5.705
1585584679231,5.705
1585584679231,5.705
1585584679231,5.705
1585584679231,5.705
1585584679231,5.705
1585584738566,5.715
1585584748887,5.715
1585584759975,5.715
1585584759975,5.715
1585584759975,5.715
1585584789498,5.715
1585584789498,5.715
1585584789498,5.715
1585584789498,5.715
1585584789498,5.715
1585584840014,5.715
1585584840014,5.715
1585584864037,5.715
1585584864037,5.715
1585584883097,5.715
1585584888297,5.715
1585584898319,5.715
1585584917544,5.715
1585584917544,5.715
1585584917544,5.715
1585584917544,5.715
1585584917544,5.715
1585584917544,5.715
1585584917544,5.715
1585584917544,5.715
1585584917544,5.715
1585585010533,5.725
1585585017917,5.725
1585585017917,5.725
1585585017917,5.725
1585585017917,5.725
1585585017917,5.725
1585585017917,5.725
1585585085619,5.725
1585585085619,5.725
1585585100748,5.725
1585585116219,5.735
1585585116219,5.735
1585585116219,5.735
1585585116219,5.735
1585585150382,5.735
1585585150382,5.735
1585585150382,5.735
1585585189910,5.735
1585585189910,5.735
1585585189910,5.735
1585585216935,5.735
1585585216935,5.735
1585585216935,5.735
1585585216935,5.735
1585585216935,5.735
1585585216935,5.735
1585585216935,5.735
1585585216935,5.735
1585585216935,5.735
1585585216935,5.735
1585585216935,5.735
1585585216935,5.735
1585585216935,5.735
1585585347863,5.735
1585585367117,5.73
1585585367117,5.73
1585585367117,5.73
1585585367117,5.73
1585585367117,5.73
1585585367117,5.73
1585585367117,5.73
1585585367117,5.73
1585585448934,5.725
1585585462722,5.725
1585585462722,5.725
1585585481361,5.725
1585585492059,5.725
1585585499500,5.725
1585585508265,5.725
1585585523125,5.725
1585585523125,5.725
1585585523125,5.725
1585585523125,5.725
1585585523125,5.725
1585585523125,5.725
1585585523125,5.725
1585585600004,5.715
1585585607171,5.715
1585585607171,5.715
1585585607171,5.715
1585585607171,5.715
1585585607171,5.715
1585585607171,5.715
1585585607171,5.715
1585585607171,5.715
1585585607171,5.715
1585585607171,5.715
1585585607171,5.715
1585585607171,5.715
1585585607171,5.715
1585585607171,5.715
1585585607171,5.715
1585585757064,5.715
1585585777214,5.715
1585585787234,5.715
1585585787234,5.715
1585585787234,5.715
1585585787234,5.715
1585585830640,5.705
1585585841015,5.695
1585585850167,5.695
1585585858903,5.695
1585585858903,5.695
1585585880509,5.695
1585585880509,5.695
1585585896632,5.7
1585585896632,5.7
1585585921474,5.705
1585585921474,5.705
1585585921474,5.705
1585585921474,5.705
1585585921474,5.705
1585585921474,5.705
1585585921474,5.705
1585585921474,5.705
1585585921474,5.705
1585585921474,5.705
1585585921474,5.705
1585585921474,5.705
1585585921474,5.705
1585585921474,5.705
1585585921474,5.705
1585585921474,5.705
1585586083295,5.695
1585586083295,5.695
1585586083295,5.695
1585586083295,5.695
1585586083295,5.695
1585586083295,5.695
1585586083295,5.695
1585586083295,5.695
1585586173244,5.69
1585586173244,5.69
1585586173244,5.69
1585586173244,5.69
1585586173244,5.69
1585586221619,5.695
1585586221619,5.695
1585586245222,5.695
1585586245222,5.695
1585586245222,5.695
1585586272514,5.695
1585586291679,5.695
1585586291679,5.695
1585586291679,5.695
1585586291679,5.695
1585586291679,5.695
1585586291679,5.695
1585586291679,5.695
1585586359705,5.695
1585586359705,5.695
1585586379774,5.695
1585586386707,5.695
1585586400777,5.695
1585586400777,5.695
1585586400777,5.695
1585586429777,5.695
1585586429777,5.695
1585586429777,5.695
1585586469190,5.695
1585586479958,5.695
1585586479958,5.695
1585586479958,5.695
1585586502273,5.685
1585586516078,5.685
1585586516078,5.685
1585586516078,5.685
1585586516078,5.685
1585586556848,5.68
1585586556848,5.68
1585586556848,5.68
1585586556848,5.68
1585586597503,5.67
1585586597503,5.67
1585586597503,5.67
1585586597503,5.67
1585586597503,5.67
1585586650605,5.675
1585586650605,5.675
1585586650605,5.675
1585586650605,5.675
1585586697079,5.675
1585586702808,5.685
1585586702808,5.685
1585586702808,5.685
1585586733945,5.685
1585586733945,5.685
1585586733945,5.685
1585586776845,5.685
1585586784031,5.685
1585586784031,5.685
1585586784031,5.685
1585586784031,5.685
1585586784031,5.685
1585586784031,5.685
1585586784031,5.685
1585586784031,5.685
1585586870311,5.69
1585586878861,5.705
1585586878861,5.705
1585586898606,5.705
1585586912574,5.705
1585586913453,5.71
1585586932944,5.715
1585586941500,5.725
1585586941500,5.725
1585586964800,5.72
1585586968719,5.72
1585586968719,5.72
1585586968719,5.72
1585586968719,5.72
1585586968719,5.72
1585587019729,5.715
1585587028563,5.715
1585587044064,5.715
1585587044064,5.715
1585587044064,5.715
1585587044064,5.715
1585587044064,5.715
1585587099752,5.715
1585587099752,5.715
1585587099752,5.715
1585587099752,5.715
1585587137860,5.715
1585587152081,5.715
1585587152081,5.715
1585587152081,5.715
1585587152081,5.715
1585587152081,5.715
1585587204207,5.725
1585587211819,5.735
1585587211819,5.735
1585587211819,5.735
1585587211819,5.735
1585587211819,5.735
1585587211819,5.735
1585587211819,5.735
1585587211819,5.735
1585587211819,5.735
1585587309790,5.74
1585587315574,5.735
1585587315574,5.735
1585587315574,5.735
1585587315574,5.735
1585587315574,5.735
1585587315574,5.735
1585587381673,5.75
1585587381673,5.75
1585587381673,5.75
1585587411965,5.745
1585587411965,5.745
1585587432614,5.75
1585587432614,5.75
1585587432614,5.75
1585587432614,5.75
1585587432614,5.75
1585587482741,5.795
1585587482741,5.795
1585587482741,5.795
1585587482741,5.795
1585587482741,5.795
1585587482741,5.795
1585587482741,5.795
1585587482741,5.795
1585587482741,5.795
1585587482741,5.795
1585587482741,5.795
1585587482741,5.795
1585587482741,5.795
1585587482741,5.795
1585587482741,5.795
1585587482741,5.795
1585587651250,5.835
1585587651250,5.835
1585587651250,5.835
1585587687798,5.84
1585587687798,5.84
1585587687798,5.84
1585587687798,5.84
1585587687798,5.84
1585587687798,5.84
1585587687798,5.84
1585587687798,5.84
1585587687798,5.84
1585587778675,5.835
1585587792798,5.835
1585587792798,5.835
1585587792798,5.835
1585587792798,5.835
1585587835800,5.835
1585587847226,5.825
1585587847226,5.825
1585587847226,5.825
1585587847226,5.825
1585587847226,5.825
1585587847226,5.825
1585587847226,5.825
1585587847226,5.825
1585587923034,5.825
1585587923034,5.825
1585587923034,5.825
1585587923034,5.825
1585587972980,5.825
1585587981185,5.825
1585587981185,5.825
1585587981185,5.825
1585588014494,5.825
1585588014494,5.825
1585588014494,5.825
1585588014494,5.825
1585588014494,5.825
1585588062141,5.825
1585588062141,5.825
1585588062141,5.825
1585588090722,5.825
1585588090722,5.825
1585588090722,5.825
1585588125464,5.825
1585588125464,5.825
1585588147439,5.825
1585588147439,5.825
1585588164398,5.825
1585588164398,5.825
1585588186109,5.825
1585588200830,5.825
1585588207962,5.83
1585588207962,5.83
1585588229621,5.85
1585588229621,5.85
1585588247666,5.865
1585588247666,5.865
1585588274596,5.88
1585588274596,5.88
1585588274596,5.88
1585588274596,5.88
1585588310191,5.9
1585588310191,5.9
1585588310191,5.9
1585588310191,5.9
1585588359344,5.905
1585588359344,5.905
1585588374066,5.91
1585588374066,5.91
1585588374066,5.91
1585588374066,5.91
1585588374066,5.91
1585588374066,5.91
1585588374066,5.91
1585588374066,5.91
1585588374066,5.91
1585588374066,5.91
1585588477083,5.905
1585588477083,5.905
1585588477083,5.905
1585588510361,5.91
1585588510361,5.91
1585588528161,5.905
1585588528161,5.905
1585588528161,5.905
1585588528161,5.905
1585588580137,5.905
1585588585831,5.905
1585588600829,5.905
1585588600829,5.905
1585588620605,5.905
1585588620605,5.905
1585588642751,5.905
1585588642751,5.905
1585588642751,5.905
1585588667754,5.905
1585588667754,5.905
1585588667754,5.905
1585588697604,5.905
1585588709817,5.905
1585588709817,5.905
1585588732804,5.905
1585588732804,5.905
1585588732804,5.905
1585588732804,5.905
1585588771435,5.905
1585588790018,5.905
1585588798605,5.905
1585588802498,5.905
1585588815891,5.905
1585588815891,5.905
1585588815891,5.905
1585588852560,5.905
1585588852560,5.905
1585588852560,5.905
1585588852560,5.905
1585588896892,5.905
1585588904784,5.895
1585588913850,5.895
1585588922302,5.895
1585588933239,5.895
1585588933239,5.895
1585588955595,5.895
1585588962621,5.895
1585588980757,5.895
1585588985319,5.895
1585588985319,5.895
1585589009477,5.905
1585589022336,5.91
1585589030104,5.905
1585589040823,5.915
1585589040823,5.915
1585589040823,5.915
1585589074601,5.905
1585589080738,5.91
1585589080738,5.91
1585589080738,5.91
1585589080738,5.91
1585589128802,5.895
1585589137593,5.895
1585589137593,5.895
1585589137593,5.895
1585589137593,5.895
1585589137593,5.895
1585589137593,5.895
1585589196700,5.895
1585589205618,5.895
1585589205618,5.895
1585589205618,5.895
1585589205618,5.895
1585589205618,5.895
1585589258209,5.895
1585589275224,5.9
1585589275224,5.9
1585589275224,5.9
1585589304657,5.895
1585589315759,5.895
1585589315759,5.895
1585589338189,5.895
1585589340098,5.895
1585589351000,5.895
1585589351000,5.895
1585589351000,5.895
1585589351000,5.895
1585589397828,5.895
1585589401628,5.895
1585589401628,5.895
1585589401628,5.895
1585589442670,5.9
1585589442670,5.9
1585589442670,5.9
1585589442670,5.9
1585589442670,5.9
1585589442670,5.9
1585589502758,5.9
1585589510596,5.91
1585589510596,5.91
1585589510596,5.91
1585589510596,5.91
1585589558303,5.965
1585589568823,5.965
1585589577075,5.965
1585589577075,5.965
1585589577075,5.965
1585589601526,5.965
1585589614926,5.965
1585589614926,5.965
1585589640278,5.965
1585589640278,5.965
1585589661230,5.965
1585589673154,5.965
1585589673154,5.965
1585589693541,5.965
1585589693541,5.965
1585589705752,5.965
1585589726335,5.965
1585589726335,5.965
1585589742938,5.965
1585589757085,5.93
1585589757085,5.93
1585589776365,5.905
1585589789215,5.905
1585589795850,5.91
1585589802992,5.935
1585589802992,5.935
1585589825221,5.935
1585589825221,5.935
1585589825221,5.935
1585589825221,5.935
1585589825221,5.935
1585589825221,5.935
1585589893986,5.915
1585589902650,5.92
1585589902650,5.92
1585589922122,5.915
1585589935981,5.915
1585589935981,5.915
1585589954477,5.915
1585589954477,5.915
1585589954477,5.915
1585589989250,5.915
1585589991250,5.915
1585589991250,5.915
1585589991250,5.915
1585589991250,5.915
1585589991250,5.915
1585590043282,5.925
1585590043282,5.925
1585590067720,5.92
1585590076667,5.9
1585590095067,5.895
1585590095067,5.895
1585590115658,5.905
1585590122831,5.905
1585590122831,5.905
1585590141178,5.915
1585590141178,5.915
1585590162691,5.925
1585590162691,5.925
1585590162691,5.925
1585590162691,5.925
1585590207984,5.925
1585590216393,5.925
1585590229798,5.925
1585590240478,5.925
1585590246295,5.925
1585590253044,5.925
1585590253044,5.925
1585590282656,5.925
1585590291041,5.925
1585590301621,5.915
1585590307630,5.895
1585590307630,5.895
1585590327385,5.895
1585590327385,5.895
1585590355023,5.895
1585590360743,5.875
1585590373603,5.875
1585590373603,5.875
1585590373603,5.875
1585590373603,5.875
1585590373603,5.875
1585590373603,5.875
1585590373603,5.875
1585590449625,5.845
1585590453738,5.85
1585590453738,5.85
1585590480251,5.845
1585590492656,5.845
1585590494305,5.845
1585590494305,5.845
1585590523492,5.845
1585590523492,5.845
1585590537171,5.835
1585590537171,5.835
1585590537171,5.835
1585590537171,5.835
1585590583774,5.835
1585590583774,5.835
1585590583774,5.835
1585590583774,5.835
1585590621456,5.845
1585590637175,5.845
1585590650069,5.855
1585590656791,5.86
1585590656791,5.86
1585590672830,5.865
1585590672830,5.865
1585590672830,5.865
1585590703389,5.865
1585590703389,5.865
1585590703389,5.865
1585590741560,5.855
1585590741560,5.855
1585590741560,5.855
1585590741560,5.855
1585590741560,5.855
1585590741560,5.855
1585590741560,5.855
1585590815684,5.835
1585590824682,5.835
1585590824682,5.835
1585590847986,5.835
1585590849214,5.835
1585590849214,5.835
1585590849214,5.835
1585590884999,5.835
1585590884999,5.835
1585590884999,5.835
1585590884999,5.835
1585590884999,5.835
1585590884999,5.835
1585590884999,5.835
1585590884999,5.835
1585590884999,5.835
1585590884999,5.835
1585590884999,5.835
1585590884999,5.835
1585590884999,5.835
1585590884999,5.835
1585590884999,5.835
1585590884999,5.835
1585590884999,5.835
1585591065170,5.835
1585591065170,5.835
1585591065170,5.835
1585591065170,5.835
1585591104221,5.835
1585591104221,5.835
1585591104221,5.835
1585591104221,5.835
1585591104221,5.835
1585591154850,5.835
1585591166837,5.835
1585591166837,5.835
1585591166837,5.835
1585591201421,5.835
1585591201421,5.835
1585591201421,5.835
1585591201421,5.835
1585591246807,5.835
1585591246807,5.835
1585591246807,5.835
1585591246807,5.835
1585591246807,5.835
1585591246807,5.835
1585591246807,5.835
1585591246807,5.835
1585591246807,5.835
1585591344185,5.825
1585591347759,5.825
1585591347759,5.825
1585591347759,5.825
1585591347759,5.825
1585591347759,5.825
1585591347759,5.825
1585591419493,5.82
1585591419493,5.82
1585591433248,5.825
1585591433248,5.825
1585591433248,5.825
1585591433248,5.825
1585591433248,5.825
1585591433248,5.825
1585591433248,5.825
1585591506118,5.825
1585591506118,5.825
1585591506118,5.825
1585591506118,5.825
1585591506118,5.825
1585591506118,5.825
1585591506118,5.825
1585591506118,5.825
1585591506118,5.825
1585591506118,5.825
1585591613630,5.825
1585591613630,5.825
1585591638794,5.825
1585591638794,5.825
1585591638794,5.825
1585591638794,5.825
1585591638794,5.825
1585591687811,5.825
1585591692442,5.825
1585591692442,5.825
1585591692442,5.825
1585591692442,5.825
1585591735812,5.825
1585591735812,5.825
1585591756082,5.825
1585591756082,5.825
1585591756082,5.825
1585591756082,5.825
1585591756082,5.825
1585591756082,5.825
1585591824799,5.825
1585591824799,5.825
1585591824799,5.825
1585591824799,5.825
1585591824799,5.825
1585591824799,5.825
1585591824799,5.825
1585591824799,5.825
1585591824799,5.825
1585591824799,5.825
1585591824799,5.825
1585591824799,5.825
1585591824799,5.825
1585591824799,5.825
1585591964697,5.825
1585591964697,5.825
1585591964697,5.825
1585591964697,5.825
1585591964697,5.825
1585591964697,5.825
1585591964697,5.825
1585592046468,5.795
1585592046468,5.795
1585592046468,5.795
1585592046468,5.795
1585592046468,5.795
1585592046468,5.795
1585592046468,5.795
1585592046468,5.795
1585592046468,5.795
1585592046468,5.795
1585592146635,5.755
1585592146635,5.755
1585592146635,5.755
1585592146635,5.755
1585592146635,5.755
1585592146635,5.755
1585592146635,5.755
1585592146635,5.755
1585592146635,5.755
1585592146635,5.755
1585592146635,5.755
1585592146635,5.755
1585592146635,5.755
1585592287150,5.755
1585592287150,5.755
1585592307154,5.755
1585592313981,5.755
1585592327454,5.755
1585592338704,5.755
1585592352204,5.755
1585592365704,5.755
1585592376453,5.755
1585592385269,5.755
1585592390639,5.755
1585592405532,5.755
1585592405532,5.755
1585592405532,5.755
1585592405532,5.755
1585592444145,5.755
1585592444145,5.755
1585592444145,5.755
1585592444145,5.755
1585592444145,5.755
1585592497282,5.72
1585592497282,5.72
1585592521783,5.725
1585592533837,5.725
1585592544124,5.725
1585592545359,5.73
1585592545359,5.73
1585592545359,5.73
1585592581071,5.74
1585592581071,5.74
1585592581071,5.74
1585592581071,5.74
1585592581071,5.74
1585592631114,5.735
1585592645337,5.735
1585592645337,5.735
1585592645337,5.735
1585592671019,5.735
1585592684508,5.735
1585592693801,5.735
1585592693801,5.735
1585592693801,5.735
1585592727368,5.73
1585592727368,5.73
1585592727368,5.73
1585592727368,5.73
1585592727368,5.73
1585592727368,5.73
1585592727368,5.73
1585592805816,5.685
1585592805816,5.685
1585592824973,5.685
1585592831756,5.685
1585592831756,5.685
1585592831756,5.685
1585592860737,5.685
1585592872252,5.685
1585592872252,5.685
1585592898121,5.685
1585592907265,5.685
1585592907265,5.685
1585592907265,5.685
1585592907265,5.685
1585592907265,5.685
1585592961044,5.685
1585592961044,5.685
1585592961044,5.685
1585592993163,5.69
1585592993163,5.69
1585593011876,5.685
1585593011876,5.685
1585593037099,5.685
1585593049729,5.685
1585593056647,5.69
1585593071052,5.7
1585593075201,5.695
1585593084916,5.705
1585593101282,5.715
1585593105028,5.715
1585593105028,5.715
1585593135761,5.715
1585593135761,5.715
1585593135761,5.715
1585593135761,5.715
1585593172313,5.715
1585593172313,5.715
1585593172313,5.715
1585593208919,5.72
1585593208919,5.72
1585593208919,5.72
1585593208919,5.72
1585593245900,5.735
1585593245900,5.735
1585593245900,5.735
1585593274508,5.715
1585593274508,5.715
1585593274508,5.715
1585593274508,5.715
1585593274508,5.715
1585593274508,5.715
1585593345658,5.715
1585593345658,5.715
1585593359315,5.715
1585593359315,5.715
1585593359315,5.715
1585593359315,5.715
1585593404354,5.725
1585593404354,5.725
1585593404354,5.725
1585593404354,5.725
1585593404354,5.725
1585593404354,5.725
1585593404354,5.725
1585593404354,5.725
1585593404354,5.725
1585593404354,5.725
1585593404354,5.725
1585593404354,5.725
1585593404354,5.725
1585593404354,5.725
1585593404354,5.725
1585593404354,5.725
1585593404354,5.725
1585593404354,5.725
1585593404354,5.725
1585593404354,5.725
1585593404354,5.725
1585593630149,5.715
1585593633503,5.715
1585593648413,5.715
1585593663141,5.73
1585593663141,5.73
1585593683309,5.74
1585593683309,5.74
1585593683309,5.74
1585593683309,5.74
1585593683309,5.74
1585593731663,5.745
1585593742960,5.725
1585593742960,5.725
1585593742960,5.725
1585593742960,5.725
1585593785736,5.715
1585593797033,5.715
1585593797033,5.715
1585593797033,5.715
1585593797033,5.715
1585593797033,5.715
1585593797033,5.715
1585593797033,5.715
1585593797033,5.715
1585593797033,5.715
1585593797033,5.715
1585593797033,5.715
1585593797033,5.715
1585593797033,5.715
1585593797033,5.715
1585593797033,5.715
1585593797033,5.715
1585593797033,5.715
1585593797033,5.715
1585593797033,5.715
1585593797033,5.715
1585593797033,5.715
1585593797033,5.715
1585593797033,5.715
1585593797033,5.715
1585593797033,5.715
1585593797033,5.715
1585594070105,5.705
1585594070105,5.705
1585594070105,5.705
1585594070105,5.705
1585594070105,5.705
1585594070105,5.705
1585594070105,5.705
1585594070105,5.705
1585594070105,5.705
1585594070105,5.705
1585594070105,5.705
1585594070105,5.705
1585594070105,5.705
1585594070105,5.705
1585594070105,5.705
1585594070105,5.705
1585594070105,5.705
1585594070105,5.705
1585594070105,5.705
1585594070105,5.705
1585594070105,5.705
1585594070105,5.705
1585594070105,5.705
1585594070105,5.705
1585594324018,5.695
1585594324018,5.695
1585594324018,5.695
1585594354198,5.7
1585594354198,5.7
1585594354198,5.7
1585594388502,5.705
1585594399648,5.705
1585594399648,5.705
1585594399648,5.705
1585594399648,5.705
1585594399648,5.705
1585594399648,5.705
1585594399648,5.705
1585594399648,5.705
1585594399648,5.705
1585594399648,5.705
1585594399648,5.705
1585594399648,5.705
1585594399648,5.705
1585594399648,5.705
1585594545448,5.705
1585594560312,5.705
1585594560312,5.705
1585594576448,5.705
1585594576448,5.705
1585594576448,5.705
1585594606448,5.705
1585594606448,5.705
1585594630448,5.705
1585594630448,5.705
1585594630448,5.705
1585594661448,5.705
1585594661448,5.705
1585594661448,5.705
1585594697448,5.705
1585594697448,5.705
1585594697448,5.705
1585594697448,5.705
1585594697448,5.705
1585594697448,5.705
1585594756448,5.705
1585594756448,5.705
1585594756448,5.705
1585594756448,5.705
