1588253438543,27.33
1588253438543,27.33
1588253482603,27.34
1588253482603,27.34
1588253505028,27.25
1588253514664,27.12
1588253520799,27.07
1588253532533,26.845
1588253543024,26.66
1588253552810,26.54
1588253565299,26.63
1588253574276,26.72
1588253585341,26.78
1588253597445,26.74
1588253597445,26.74
1588253610870,26.795
1588253625538,26.79
1588253633989,26.795
1588253650880,26.78
1588253652231,26.79
1588253665536,26.81
1588253665536,26.81
1588253665536,26.81
1588253700802,26.82
1588253709341,26.775
1588253721462,26.74
1588253727340,26.77
1588253738456,26.75
1588253754564,26.67
1588253766397,26.57
1588253772348,26.55
1588253780427,26.48
1588253780427,26.48
1588253804692,26.47
1588253804692,26.47
1588253804692,26.47
1588253804692,26.47
1588253804692,26.47
1588253855339,26.53
1588253855339,26.53
1588253875344,26.455
1588253875344,26.455
1588253875344,26.455
1588253875344,26.455
1588253875344,26.455
1588253875344,26.455
1588253875344,26.455
1588253875344,26.455
1588253963245,26.47
1588253963245,26.47
1588253983851,26.485
1588253991545,26.5
1588254005869,26.45
1588254014926,26.505
1588254014926,26.505
1588254014926,26.505
1588254014926,26.505
1588254058554,26.5
1588254068124,26.41
1588254068124,26.41
1588254068124,26.41
1588254098517,26.395
1588254103581,26.38
1588254103581,26.38
1588254103581,26.38
1588254103581,26.38
1588254153075,26.37
1588254159143,26.41
1588254159143,26.41
1588254179227,26.45
1588254187860,26.41
1588254201813,26.45
1588254210941,26.47
1588254218346,26.46
1588254230964,26.46
1588254240972,26.455
1588254257276,26.43
1588254257276,26.43
1588254276222,26.36
1588254276222,26.36
1588254300037,26.29
1588254309122,26.3
1588254318657,26.3
1588254318657,26.3
1588254318657,26.3
1588254318657,26.3
1588254318657,26.3
1588254318657,26.3
1588254318657,26.3
1588254391009,26.47
1588254391009,26.47
1588254409028,26.43
1588254409028,26.43
1588254429580,26.465
1588254440726,26.42
1588254447913,26.43
1588254447913,26.43
1588254477320,26.37
1588254477320,26.37
1588254498348,26.345
1588254506661,26.295
1588254515680,26.29
1588254515680,26.29
1588254515680,26.29
1588254547681,26.35
1588254562196,26.34
1588254573208,26.37
1588254573208,26.37
1588254592655,26.31
1588254592655,26.31
1588254592655,26.31
1588254617997,26.25
1588254617997,26.25
1588254617997,26.25
1588254654562,26.285
1588254664072,26.26
1588254664072,26.26
1588254664072,26.26
1588254664072,26.26
1588254664072,26.26
1588254664072,26.26
1588254664072,26.26
1588254664072,26.26
1588254746457,26.39
1588254746457,26.39
1588254746457,26.39
1588254784812,26.455
1588254788050,26.465
1588254788050,26.465
1588254815136,26.505
1588254826193,26.53
1588254837011,26.555
1588254847149,26.49
1588254857883,26.435
1588254864992,26.44
1588254864992,26.44
1588254887791,26.485
1588254896725,26.485
1588254910890,26.485
1588254920720,26.485
1588254931341,26.48
1588254931341,26.48
1588254952031,26.52
1588254964250,26.55
1588254964250,26.55
1588254964250,26.55
1588254992512,26.39
1588254992512,26.39
1588254992512,26.39
1588255022983,26.44
1588255022983,26.44
1588255048071,26.39
1588255059672,26.46
1588255059672,26.46
1588255081637,26.46
1588255089813,26.425
1588255089813,26.425
1588255089813,26.425
1588255089813,26.425
1588255089813,26.425
1588255138018,26.36
1588255138018,26.36
1588255161800,26.275
1588255168958,26.27
1588255179000,26.27
1588255192296,26.33
1588255208326,26.34
1588255212628,26.32
1588255223725,26.24
1588255240192,26.285
1588255250837,26.33
1588255260028,26.35
1588255264707,26.34
1588255284992,26.315
1588255287966,26.31
1588255287966,26.31
1588255287966,26.31
1588255318594,26.305
1588255328305,26.315
1588255345528,26.35
1588255345528,26.35
1588255345528,26.35
1588255345528,26.35
1588255345528,26.35
1588255345528,26.35
1588255409503,26.34
1588255414137,26.34
1588255414137,26.34
1588255414137,26.34
1588255414137,26.34
1588255414137,26.34
1588255465681,26.32
1588255475710,26.325
1588255475710,26.325
1588255502400,26.25
1588255502400,26.25
1588255502400,26.25
1588255536693,26.245
1588255536693,26.245
1588255558885,26.295
1588255558885,26.295
1588255558885,26.295
1588255587535,26.33
1588255587535,26.33
1588255587535,26.33
1588255587535,26.33
1588255587535,26.33
1588255638450,26.36
1588255638450,26.36
1588255657956,26.36
1588255657956,26.36
1588255657956,26.36
1588255693780,26.345
1588255693780,26.345
1588255709325,26.31
1588255709325,26.31
1588255737615,26.29
1588255737615,26.29
1588255737615,26.29
1588255763558,26.275
1588255779947,26.295
1588255779947,26.295
1588255779947,26.295
1588255810583,26.315
1588255810583,26.315
1588255810583,26.315
1588255838631,26.345
1588255845612,26.36
1588255863461,26.38
1588255871943,26.34
1588255877304,26.335
1588255891868,26.34
1588255891868,26.34
1588255911447,26.33
1588255925424,26.33
1588255925424,26.33
1588255943485,26.305
1588255956877,26.3
1588255956877,26.3
1588255979118,26.28
1588255986689,26.25
1588255986689,26.25
1588255986689,26.25
1588255986689,26.25
1588256022631,26.25
1588256022631,26.25
1588256022631,26.25
1588256022631,26.25
1588256073374,26.31
1588256075291,26.285
1588256075291,26.285
1588256075291,26.285
1588256108350,26.28
1588256108350,26.28
1588256108350,26.28
1588256108350,26.28
1588256108350,26.28
1588256167120,26.175
1588256169407,26.165
1588256169407,26.165
1588256191693,26.1
1588256191693,26.1
1588256191693,26.1
1588256191693,26.1
1588256191693,26.1
1588256191693,26.1
1588256191693,26.1
1588256269534,26.12
1588256269534,26.12
1588256269534,26.12
1588256294694,26.08
1588256294694,26.08
1588256322542,26.05
1588256322542,26.05
1588256322542,26.05
1588256354583,26.06
1588256354583,26.06
1588256354583,26.06
1588256354583,26.06
1588256354583,26.06
1588256406410,25.985
1588256416879,25.965
1588256416879,25.965
1588256436879,25.91
1588256450347,25.885
1588256457288,25.955
1588256467801,25.94
1588256467801,25.94
1588256486367,25.98
1588256486367,25.98
1588256486367,25.98
1588256486367,25.98
1588256486367,25.98
1588256486367,25.98
1588256486367,25.98
1588256486367,25.98
1588256486367,25.98
1588256584873,25.915
1588256593160,25.89
1588256604362,25.905
1588256604362,25.905
1588256623925,25.96
1588256623925,25.96
1588256640717,25.965
1588256640717,25.965
1588256640717,25.965
1588256676311,25.9
1588256684607,25.94
1588256684607,25.94
1588256711690,25.985
1588256711690,25.985
1588256711690,25.985
1588256711690,25.985
1588256749373,25.965
1588256749373,25.965
1588256749373,25.965
1588256780200,25.94
1588256780200,25.94
1588256780200,25.94
1588256780200,25.94
1588256780200,25.94
1588256780200,25.94
1588256780200,25.94
1588256859183,25.975
1588256860226,25.98
1588256860226,25.98
1588256883698,25.9
1588256883698,25.9
1588256908257,25.945
1588256917394,25.96
1588256930125,25.945
1588256940835,25.945
1588256943792,25.965
1588256958132,25.995
1588256958132,25.995
1588256983531,26.005
1588256992917,26.035
1588257003737,26.045
1588257008184,26.035
1588257025169,26.06
1588257025169,26.06
1588257025169,26.06
1588257025169,26.06
1588257025169,26.06
1588257074606,26.165
1588257074606,26.165
1588257074606,26.165
1588257104890,26.165
1588257104890,26.165
1588257129753,26.21
1588257142524,26.245
1588257152339,26.215
1588257152339,26.215
1588257165153,26.17
1588257179145,26.195
1588257194634,26.185
1588257194634,26.185
1588257217823,26.205
1588257227866,26.2
1588257229401,26.21
1588257247027,26.215
1588257247027,26.215
1588257247027,26.215
1588257247027,26.215
1588257282684,26.22
1588257298421,26.24
1588257312751,26.23
1588257318389,26.225
1588257318389,26.225
1588257318389,26.225
1588257318389,26.225
1588257318389,26.225
1588257318389,26.225
1588257318389,26.225
1588257318389,26.225
1588257400392,26.34
1588257400392,26.34
1588257427130,26.375
1588257431648,26.38
1588257431648,26.38
1588257431648,26.38
1588257466967,26.285
1588257479934,26.32
1588257479934,26.32
1588257495327,26.28
1588257495327,26.28
1588257495327,26.28
1588257495327,26.28
1588257495327,26.28
1588257495327,26.28
1588257495327,26.28
1588257495327,26.28
1588257580363,26.15
1588257580363,26.15
1588257580363,26.15
1588257580363,26.15
1588257580363,26.15
1588257635650,26.12
1588257635650,26.12
1588257651599,26.135
1588257651599,26.135
1588257673537,26.15
1588257673537,26.15
1588257673537,26.15
1588257673537,26.15
1588257721342,26.155
1588257732856,26.19
1588257739785,26.2
1588257739785,26.2
1588257739785,26.2
1588257739785,26.2
1588257739785,26.2
1588257739785,26.2
1588257739785,26.2
1588257739785,26.2
1588257824990,26.08
1588257836697,26.075
1588257836697,26.075
1588257854777,26.07
1588257854777,26.07
1588257854777,26.07
1588257884558,26.04
1588257901550,26.035
1588257907884,26.045
1588257907884,26.045
1588257907884,26.045
1588257907884,26.045
1588257955175,26.145
1588257955175,26.145
1588257974172,26.1
1588257984732,26.105
1588257995096,26.1
1588258004575,26.085
1588258004575,26.085
1588258021338,26.14
1588258031723,26.135
1588258031723,26.135
1588258051159,26.14
1588258051159,26.14
1588258081295,26.09
1588258081295,26.09
1588258081295,26.09
1588258113177,26.09
1588258119188,26.12
1588258119188,26.12
1588258119188,26.12
1588258119188,26.12
1588258159410,26.08
1588258159410,26.08
1588258184469,26.05
1588258193964,26.115
1588258200845,26.105
1588258208557,26.125
1588258208557,26.125
1588258236481,26.15
1588258250472,26.135
1588258250472,26.135
1588258267793,26.155
1588258267793,26.155
1588258287117,26.105
1588258287117,26.105
1588258287117,26.105
1588258287117,26.105
1588258287117,26.105
1588258336423,26.115
1588258336423,26.115
1588258336423,26.115
1588258336423,26.115
1588258383735,26.13
1588258383735,26.13
1588258383735,26.13
1588258383735,26.13
1588258383735,26.13
1588258435451,26.19
1588258448973,26.205
1588258448973,26.205
1588258448973,26.205
1588258448973,26.205
1588258448973,26.205
1588258500604,26.23
1588258512290,26.225
1588258512290,26.225
1588258531805,26.22
1588258531805,26.22
1588258531805,26.22
1588258531805,26.22
1588258531805,26.22
1588258531805,26.22
1588258531805,26.22
1588258531805,26.22
1588258615898,26.305
1588258615898,26.305
1588258630537,26.295
1588258630537,26.295
1588258630537,26.295
1588258662266,26.285
1588258662266,26.285
1588258662266,26.285
1588258662266,26.285
1588258662266,26.285
1588258662266,26.285
1588258662266,26.285
1588258662266,26.285
1588258662266,26.285
1588258662266,26.285
1588258662266,26.285
1588258662266,26.285
1588258662266,26.285
1588258662266,26.285
1588258662266,26.285
1588258662266,26.285
1588258662266,26.285
1588258662266,26.285
1588258854513,26.255
1588258864850,26.26
1588258874203,26.26
1588258886666,26.27
1588258886666,26.27
1588258886666,26.27
1588258886666,26.27
1588258886666,26.27
1588258886666,26.27
1588258886666,26.27
1588258886666,26.27
1588258886666,26.27
1588258979138,26.16
1588258991724,26.16
1588258991724,26.16
1588259016903,26.15
1588259016903,26.15
1588259016903,26.15
1588259016903,26.15
1588259016903,26.15
1588259070745,26.1
1588259070745,26.1
1588259070745,26.1
1588259070745,26.1
1588259070745,26.1
1588259070745,26.1
1588259128674,26.11
1588259128674,26.11
1588259128674,26.11
1588259128674,26.11
1588259128674,26.11
1588259128674,26.11
1588259128674,26.11
1588259128674,26.11
1588259128674,26.11
1588259219134,26.11
1588259219134,26.11
1588259219134,26.11
1588259219134,26.11
1588259219134,26.11
1588259219134,26.11
1588259289847,26.07
1588259289847,26.07
1588259289847,26.07
1588259289847,26.07
1588259289847,26.07
1588259338742,26.04
1588259338742,26.04
1588259338742,26.04
1588259338742,26.04
1588259338742,26.04
1588259338742,26.04
1588259338742,26.04
1588259415082,26.085
1588259415082,26.085
1588259415082,26.085
1588259415082,26.085
1588259415082,26.085
1588259458843,26.08
1588259458843,26.08
1588259458843,26.08
1588259458843,26.08
1588259458843,26.08
1588259458843,26.08
1588259529725,26.125
1588259529725,26.125
1588259529725,26.125
1588259557480,26.12
1588259557480,26.12
1588259557480,26.12
1588259557480,26.12
1588259557480,26.12
1588259557480,26.12
1588259557480,26.12
1588259557480,26.12
1588259647872,26.14
1588259647872,26.14
1588259647872,26.14
1588259647872,26.14
1588259647872,26.14
1588259647872,26.14
1588259647872,26.14
1588259647872,26.14
1588259734680,26.16
1588259734680,26.16
1588259754098,26.15
1588259754098,26.15
1588259754098,26.15
1588259754098,26.15
1588259754098,26.15
1588259754098,26.15
1588259754098,26.15
1588259754098,26.15
1588259754098,26.15
1588259844813,26.02
1588259844813,26.02
1588259844813,26.02
1588259844813,26.02
1588259844813,26.02
1588259900925,26.06
1588259900925,26.06
1588259900925,26.06
1588259900925,26.06
1588259900925,26.06
1588259900925,26.06
1588259900925,26.06
1588259968927,26.06
1588259968927,26.06
1588259996324,26.03
1588259996324,26.03
1588259996324,26.03
1588259996324,26.03
1588259996324,26.03
1588259996324,26.03
1588259996324,26.03
1588259996324,26.03
1588260076784,26.045
1588260076784,26.045
1588260076784,26.045
1588260076784,26.045
1588260076784,26.045
1588260076784,26.045
1588260076784,26.045
1588260157453,26.015
1588260157453,26.015
1588260157453,26.015
1588260157453,26.015
1588260193134,25.965
1588260202641,25.975
1588260202641,25.975
1588260225869,25.92
1588260240055,25.905
1588260240055,25.905
1588260261568,25.89
1588260261568,25.89
1588260276593,25.88
1588260290765,25.87
1588260290765,25.87
1588260290765,25.87
1588260290765,25.87
1588260328157,25.87
1588260328157,25.87
1588260354619,25.905
1588260354619,25.905
1588260354619,25.905
1588260354619,25.905
1588260389881,25.91
1588260389881,25.91
1588260389881,25.91
1588260389881,25.91
1588260389881,25.91
1588260389881,25.91
1588260389881,25.91
1588260389881,25.91
1588260389881,25.91
1588260389881,25.91
1588260503077,25.93
1588260503077,25.93
1588260503077,25.93
1588260503077,25.93
1588260503077,25.93
1588260503077,25.93
1588260503077,25.93
1588260503077,25.93
1588260503077,25.93
1588260503077,25.93
1588260503077,25.93
1588260503077,25.93
1588260503077,25.93
1588260503077,25.93
1588260503077,25.93
1588260503077,25.93
1588260503077,25.93
1588260503077,25.93
1588260503077,25.93
1588260503077,25.93
1588260503077,25.93
1588260503077,25.93
1588260503077,25.93
1588260503077,25.93
1588260503077,25.93
1588260503077,25.93
1588260503077,25.93
1588260503077,25.93
1588260503077,25.93
1588260807245,26.065
1588260816786,26.085
1588260823968,26.08
1588260823968,26.08
1588260823968,26.08
1588260823968,26.08
1588260867079,26.025
1588260867079,26.025
1588260888545,25.98
1588260888545,25.98
1588260888545,25.98
1588260888545,25.98
1588260924889,25.99
1588260941073,26
1588260941073,26
1588260954572,26.025
1588260964517,26.015
1588260975779,26.015
1588260986746,26.01
1588260986746,26.01
1588260986746,26.01
1588260986746,26.01
1588261033519,25.98
1588261033519,25.98
1588261033519,25.98
1588261062784,25.99
1588261079112,25.965
1588261089801,25.97
1588261100850,25.97
1588261106724,25.965
1588261116868,26
1588261116868,26
1588261136245,26.005
1588261153658,26.025
1588261161824,26.025
1588261170780,26
1588261175192,26.025
1588261175192,26.025
1588261175192,26.025
1588261215682,26.035
1588261224383,26.055
1588261224383,26.055
1588261246239,26.025
1588261246239,26.025
1588261267387,26.015
1588261272465,26.005
1588261287005,25.99
1588261290813,25.97
1588261290813,25.97
1588261290813,25.97
1588261290813,25.97
1588261290813,25.97
1588261290813,25.97
1588261290813,25.97
1588261290813,25.97
1588261290813,25.97
1588261290813,25.97
1588261290813,25.97
1588261290813,25.97
1588261290813,25.97
1588261426448,25.91
1588261436520,25.94
1588261453814,25.935
1588261453814,25.935
1588261453814,25.935
1588261453814,25.935
1588261453814,25.935
1588261509259,25.975
1588261509259,25.975
1588261509259,25.975
1588261509259,25.975
1588261509259,25.975
1588261509259,25.975
1588261509259,25.975
1588261509259,25.975
1588261509259,25.975
1588261509259,25.975
1588261509259,25.975
1588261509259,25.975
1588261509259,25.975
1588261509259,25.975
1588261509259,25.975
1588261659586,25.875
1588261659586,25.875
1588261659586,25.875
1588261692098,25.895
1588261692098,25.895
1588261692098,25.895
1588261692098,25.895
1588261692098,25.895
1588261692098,25.895
1588261759342,25.845
1588261759342,25.845
1588261759342,25.845
1588261759342,25.845
1588261759342,25.845
1588261759342,25.845
1588261759342,25.845
1588261759342,25.845
1588261759342,25.845
1588261759342,25.845
1588261759342,25.845
1588261759342,25.845
1588261759342,25.845
1588261894354,25.85
1588261894354,25.85
1588261894354,25.85
1588261894354,25.85
1588261894354,25.85
1588261946770,25.865
1588261946770,25.865
1588261970786,25.885
1588261970786,25.885
1588261970786,25.885
1588261970786,25.885
1588262010776,25.89
1588262010776,25.89
1588262028020,25.91
1588262028020,25.91
1588262028020,25.91
1588262028020,25.91
1588262028020,25.91
1588262028020,25.91
1588262028020,25.91
1588262102957,25.84
1588262102957,25.84
1588262129013,25.81
1588262129013,25.81
1588262129013,25.81
1588262129013,25.81
1588262129013,25.81
1588262129013,25.81
1588262129013,25.81
1588262129013,25.81
1588262129013,25.81
1588262129013,25.81
1588262129013,25.81
1588262245874,25.86
1588262245874,25.86
1588262245874,25.86
1588262276988,25.92
1588262280870,25.92
1588262280870,25.92
1588262280870,25.92
1588262280870,25.92
1588262280870,25.92
1588262280870,25.92
1588262280870,25.92
1588262280870,25.92
1588262370775,25.86
1588262370775,25.86
1588262370775,25.86
1588262370775,25.86
1588262370775,25.86
1588262370775,25.86
1588262370775,25.86
1588262370775,25.86
1588262370775,25.86
1588262370775,25.86
1588262370775,25.86
1588262370775,25.86
1588262370775,25.86
1588262509266,25.78
1588262509266,25.78
1588262509266,25.78
1588262509266,25.78
1588262550959,25.75
1588262550959,25.75
1588262569673,25.78
1588262569673,25.78
1588262569673,25.78
1588262606004,25.76
1588262606004,25.76
1588262606004,25.76
1588262606004,25.76
1588262606004,25.76
1588262657017,25.76
1588262657017,25.76
1588262670804,25.75
1588262670804,25.75
1588262697684,25.735
1588262697684,25.735
1588262697684,25.735
1588262726733,25.735
1588262726733,25.735
1588262726733,25.735
1588262753542,25.78
1588262753542,25.78
1588262753542,25.78
1588262785718,25.775
1588262785718,25.775
1588262813158,25.815
1588262813158,25.815
1588262813158,25.815
1588262813158,25.815
1588262813158,25.815
1588262813158,25.815
1588262813158,25.815
1588262813158,25.815
1588262813158,25.815
1588262906838,25.84
1588262906838,25.84
1588262906838,25.84
1588262906838,25.84
1588262950297,25.84
1588262952762,25.855
1588262963022,25.865
1588262963022,25.865
1588262963022,25.865
1588262996873,25.88
1588262996873,25.88
1588262996873,25.88
1588262996873,25.88
1588262996873,25.88
1588263054819,25.89
1588263054819,25.89
1588263077169,25.88
1588263086892,25.85
1588263086892,25.85
1588263107070,25.87
1588263119394,25.88
1588263119394,25.88
1588263119394,25.88
1588263119394,25.88
1588263119394,25.88
1588263119394,25.88
1588263183640,25.845
1588263183640,25.845
1588263183640,25.845
1588263183640,25.845
1588263183640,25.845
1588263183640,25.845
1588263183640,25.845
1588263183640,25.845
1588263267061,25.84
1588263267061,25.84
1588263267061,25.84
1588263303573,25.83
1588263308469,25.82
1588263308469,25.82
1588263331911,25.82
1588263331911,25.82
1588263331911,25.82
1588263331911,25.82
1588263331911,25.82
1588263387762,25.775
1588263399280,25.78
1588263399280,25.78
1588263419574,25.76
1588263419574,25.76
1588263419574,25.76
1588263419574,25.76
1588263459510,25.745
1588263459510,25.745
1588263459510,25.745
1588263485669,25.725
1588263485669,25.725
1588263485669,25.725
1588263519602,25.705
1588263519602,25.705
1588263519602,25.705
1588263555832,25.735
1588263555832,25.735
1588263555832,25.735
1588263555832,25.735
1588263555832,25.735
1588263605367,25.71
1588263613910,25.715
1588263613910,25.715
1588263613910,25.715
1588263613910,25.715
1588263613910,25.715
1588263666504,25.66
1588263677129,25.625
1588263687004,25.63
1588263687004,25.63
1588263687004,25.63
1588263722480,25.625
1588263722480,25.625
1588263742147,25.605
1588263759346,25.62
1588263759346,25.62
1588263759346,25.62
1588263788766,25.6
1588263800900,25.595
1588263806181,25.605
1588263812913,25.605
1588263830314,25.575
1588263838852,25.595
1588263850085,25.585
1588263850085,25.585
1588263850085,25.585
1588263884472,25.585
1588263894401,25.565
1588263894401,25.565
1588263911022,25.545
1588263920288,25.555
1588263920288,25.555
1588263938475,25.525
1588263938475,25.525
1588263938475,25.525
1588263979083,25.54
1588263979083,25.54
1588263979083,25.54
1588264011251,25.545
1588264017948,25.55
1588264017948,25.55
1588264038512,25.555
1588264052240,25.555
1588264052240,25.555
1588264074862,25.545
1588264074862,25.545
1588264088067,25.565
1588264088067,25.565
1588264088067,25.565
1588264120583,25.565
1588264120583,25.565
1588264120583,25.565
1588264120583,25.565
1588264120583,25.565
1588264120583,25.565
1588264120583,25.565
1588264120583,25.565
1588264211028,25.54
1588264211028,25.54
1588264211028,25.54
1588264245175,25.515
1588264245175,25.515
1588264265278,25.475
1588264265278,25.475
1588264279216,25.485
1588264279216,25.485
1588264304717,25.465
1588264304717,25.465
1588264304717,25.465
1588264304717,25.465
1588264347383,25.45
1588264358978,25.43
1588264370791,25.445
1588264381421,25.455
1588264381421,25.455
1588264400663,25.445
1588264400663,25.445
1588264420415,25.44
1588264420415,25.44
1588264420415,25.44
1588264453586,25.41
1588264460889,25.415
1588264470904,25.415
1588264470904,25.415
1588264493471,25.455
1588264503468,25.48
1588264514776,25.485
1588264526673,25.485
1588264526673,25.485
1588264543995,25.475
1588264560106,25.485
1588264572363,25.495
1588264574738,25.505
1588264594167,25.505
1588264598475,25.515
1588264609099,25.515
1588264626089,25.525
1588264631062,25.525
1588264645278,25.535
1588264656593,25.545
1588264666723,25.6
1588264677703,25.605
1588264690730,25.605
1588264698267,25.62
1588264705256,25.615
1588264705256,25.615
1588264705256,25.615
1588264742337,25.625
1588264750899,25.635
1588264762292,25.655
1588264762292,25.655
1588264762292,25.655
1588264795030,25.705
1588264795030,25.705
1588264812352,25.7
1588264812352,25.7
1588264812352,25.7
1588264845578,25.705
1588264845578,25.705
1588264845578,25.705
1588264845578,25.705
1588264845578,25.705
1588264898299,25.705
1588264898299,25.705
1588264919008,25.705
1588264931298,25.705
1588264931298,25.705
1588264931298,25.705
1588264931298,25.705
1588264965239,25.71
1588264965239,25.71
1588264965239,25.71
1588264965239,25.71
1588264965239,25.71
1588264965239,25.71
1588265033372,25.725
1588265045570,25.755
1588265045570,25.755
1588265045570,25.755
1588265045570,25.755
1588265045570,25.755
1588265045570,25.755
1588265045570,25.755
1588265045570,25.755
1588265045570,25.755
1588265140872,25.73
1588265156563,25.73
1588265166078,25.765
1588265166078,25.765
1588265166078,25.765
1588265166078,25.765
1588265166078,25.765
1588265166078,25.765
1588265166078,25.765
1588265166078,25.765
1588265166078,25.765
1588265166078,25.765
1588265166078,25.765
1588265166078,25.765
1588265166078,25.765
1588265303001,25.84
1588265303001,25.84
1588265303001,25.84
1588265303001,25.84
1588265303001,25.84
1588265303001,25.84
1588265303001,25.84
1588265303001,25.84
1588265303001,25.84
1588265303001,25.84
1588265303001,25.84
1588265420140,25.845
1588265420140,25.845
1588265420140,25.845
1588265420140,25.845
1588265420140,25.845
1588265420140,25.845
1588265420140,25.845
1588265420140,25.845
1588265501085,25.825
1588265501085,25.825
1588265501085,25.825
1588265501085,25.825
1588265501085,25.825
1588265501085,25.825
1588265501085,25.825
1588265501085,25.825
1588265501085,25.825
1588265501085,25.825
1588265501085,25.825
1588265621163,25.9
1588265621163,25.9
1588265621163,25.9
1588265621163,25.9
1588265621163,25.9
1588265621163,25.9
1588265621163,25.9
1588265693797,25.92
1588265693797,25.92
1588265693797,25.92
1588265722440,25.92
1588265731311,25.9
1588265731311,25.9
1588265731311,25.9
1588265731311,25.9
1588265731311,25.9
1588265731311,25.9
1588265731311,25.9
1588265804668,25.9
1588265804668,25.9
1588265804668,25.9
1588265804668,25.9
1588265804668,25.9
1588265804668,25.9
1588265804668,25.9
1588265804668,25.9
1588265804668,25.9
1588265804668,25.9
1588265804668,25.9
1588265804668,25.9
1588265804668,25.9
1588265804668,25.9
1588265804668,25.9
1588265804668,25.9
1588265804668,25.9
1588265984459,25.935
1588265984459,25.935
1588265984459,25.935
1588265984459,25.935
1588266041012,25.825
1588266047714,25.81
1588266047714,25.81
1588266047714,25.81
1588266047714,25.81
1588266047714,25.81
1588266047714,25.81
1588266047714,25.81
1588266047714,25.81
1588266047714,25.81
1588266047714,25.81
1588266152458,25.745
1588266160078,25.755
1588266160078,25.755
1588266185567,25.765
1588266185567,25.765
1588266206572,25.78
1588266206572,25.78
1588266206572,25.78
1588266206572,25.78
1588266206572,25.78
1588266206572,25.78
1588266206572,25.78
1588266206572,25.78
1588266292158,25.87
1588266292158,25.87
1588266292158,25.87
1588266292158,25.87
1588266292158,25.87
1588266292158,25.87
1588266292158,25.87
1588266292158,25.87
1588266292158,25.87
1588266292158,25.87
1588266292158,25.87
1588266403379,25.915
1588266403379,25.915
1588266403379,25.915
1588266403379,25.915
1588266403379,25.915
1588266403379,25.915
1588266403379,25.915
1588266403379,25.915
1588266489965,25.93
1588266489965,25.93
1588266489965,25.93
1588266517194,25.96
1588266517194,25.96
1588266542561,25.985
1588266542561,25.985
1588266542561,25.985
1588266542561,25.985
1588266585721,25.965
1588266585721,25.965
1588266585721,25.965
1588266585721,25.965
1588266585721,25.965
1588266585721,25.965
1588266585721,25.965
1588266585721,25.965
1588266585721,25.965
1588266585721,25.965
1588266585721,25.965
1588266585721,25.965
1588266585721,25.965
1588266719706,25.97
1588266719706,25.97
1588266742066,25.98
1588266742066,25.98
1588266742066,25.98
1588266742066,25.98
1588266781510,26.015
1588266781510,26.015
1588266781510,26.015
1588266781510,26.015
1588266781510,26.015
1588266781510,26.015
1588266781510,26.015
1588266781510,26.015
1588266781510,26.015
1588266781510,26.015
1588266781510,26.015
1588266781510,26.015
1588266781510,26.015
1588266781510,26.015
1588266781510,26.015
1588266781510,26.015
1588266781510,26.015
1588266781510,26.015
1588266781510,26.015
1588266781510,26.015
1588266781510,26.015
1588266781510,26.015
1588266781510,26.015
1588266781510,26.015
1588266781510,26.015
1588266781510,26.015
1588266781510,26.015
1588266781510,26.015
1588266781510,26.015
1588266781510,26.015
1588266781510,26.015
1588266781510,26.015
1588266781510,26.015
1588266781510,26.015
1588266781510,26.015
1588266781510,26.015
1588266781510,26.015
1588266781510,26.015
1588266781510,26.015
1588266781510,26.015
1588266781510,26.015
1588266781510,26.015
1588266781510,26.015
1588266781510,26.015
1588266781510,26.015
1588266781510,26.015
1588266781510,26.015
1588266781510,26.015
1588266781510,26.015
1588266781510,26.015
1588266781510,26.015
1588266781510,26.015
1588266781510,26.015
1588266781510,26.015
1588267349977,26.04
1588267349977,26.04
1588267376818,26.045
1588267376818,26.045
1588267376818,26.045
1588267407609,26.03
1588267407609,26.03
1588267430398,26.005
1588267431285,26.005
1588267431285,26.005
1588267431285,26.005
1588267431285,26.005
1588267431285,26.005
1588267431285,26.005
1588267431285,26.005
1588267431285,26.005
1588267431285,26.005
1588267526355,25.985
1588267526355,25.985
1588267550976,25.95
1588267550976,25.95
1588267550976,25.95
1588267588316,25.935
1588267588316,25.935
1588267588316,25.935
1588267616460,25.915
1588267616460,25.915
1588267616460,25.915
1588267616460,25.915
1588267658676,25.905
1588267658676,25.905
1588267658676,25.905
1588267658676,25.905
1588267658676,25.905
1588267658676,25.905
1588267658676,25.905
1588267658676,25.905
1588267744537,25.91
1588267744537,25.91
1588267759582,25.895
1588267759582,25.895
1588267759582,25.895
1588267759582,25.895
1588267759582,25.895
1588267759582,25.895
1588267759582,25.895
1588267759582,25.895
1588267759582,25.895
1588267759582,25.895
1588267759582,25.895
1588267759582,25.895
1588267759582,25.895
1588267759582,25.895
1588267759582,25.895
1588267759582,25.895
1588267759582,25.895
1588267759582,25.895
1588267759582,25.895
1588267759582,25.895
1588267759582,25.895
1588267759582,25.895
1588267759582,25.895
1588267759582,25.895
1588267759582,25.895
1588268028173,25.955
1588268041500,25.935
1588268041500,25.935
1588268041500,25.935
1588268041500,25.935
1588268041500,25.935
1588268085149,25.89
1588268085149,25.89
1588268085149,25.89
1588268085149,25.89
1588268129229,25.89
1588268129229,25.89
1588268129229,25.89
1588268129229,25.89
1588268129229,25.89
1588268186289,25.885
1588268186289,25.885
1588268208043,25.885
1588268208043,25.885
1588268208043,25.885
1588268208043,25.885
1588268208043,25.885
1588268208043,25.885
1588268262896,25.875
1588268262896,25.875
1588268262896,25.875
1588268262896,25.875
1588268262896,25.875
1588268262896,25.875
1588268262896,25.875
1588268262896,25.875
1588268262896,25.875
1588268262896,25.875
1588268262896,25.875
1588268262896,25.875
1588268262896,25.875
1588268262896,25.875
1588268262896,25.875
1588268262896,25.875
1588268434761,25.88
1588268434761,25.88
1588268434761,25.88
1588268434761,25.88
1588268434761,25.88
1588268483205,25.87
1588268500339,25.835
1588268510159,25.85
1588268510159,25.85
1588268510159,25.85
1588268510159,25.85
1588268510159,25.85
1588268510159,25.85
1588268510159,25.85
1588268510159,25.85
1588268510159,25.85
1588268510159,25.85
1588268609975,25.84
1588268609975,25.84
1588268609975,25.84
1588268609975,25.84
1588268654422,25.825
1588268654422,25.825
1588268654422,25.825
1588268682653,25.835
1588268682653,25.835
1588268682653,25.835
1588268682653,25.835
1588268682653,25.835
1588268682653,25.835
1588268682653,25.835
1588268682653,25.835
1588268682653,25.835
1588268682653,25.835
1588268682653,25.835
1588268682653,25.835
1588268682653,25.835
1588268682653,25.835
1588268682653,25.835
1588268682653,25.835
1588268682653,25.835
1588268868463,25.815
1588268868463,25.815
1588268868463,25.815
1588268868463,25.815
1588268868463,25.815
1588268868463,25.815
1588268868463,25.815
1588268868463,25.815
1588268868463,25.815
1588268868463,25.815
1588268868463,25.815
1588268868463,25.815
1588268996178,25.785
1588268996178,25.785
1588268996178,25.785
1588268996178,25.785
1588268996178,25.785
1588268996178,25.785
1588268996178,25.785
1588268996178,25.785
1588268996178,25.785
1588268996178,25.785
1588269095213,25.84
1588269095213,25.84
1588269095213,25.84
1588269095213,25.84
1588269095213,25.84
1588269095213,25.84
1588269162728,25.805
1588269162728,25.805
1588269162728,25.805
1588269162728,25.805
1588269162728,25.805
1588269162728,25.805
1588269162728,25.805
1588269162728,25.805
1588269242786,25.8
1588269242786,25.8
1588269242786,25.8
1588269242786,25.8
1588269242786,25.8
1588269242786,25.8
1588269307598,25.775
1588269307598,25.775
1588269307598,25.775
1588269307598,25.775
1588269307598,25.775
1588269307598,25.775
1588269307598,25.775
1588269307598,25.775
1588269307598,25.775
1588269400619,25.77
1588269400619,25.77
1588269400619,25.77
1588269429635,25.76
1588269429635,25.76
1588269429635,25.76
1588269429635,25.76
1588269429635,25.76
1588269489540,25.74
1588269502116,25.72
1588269502116,25.72
1588269515447,25.71
1588269515447,25.71
1588269537119,25.715
1588269537119,25.715
1588269561646,25.74
1588269571295,25.74
1588269571295,25.74
1588269571295,25.74
1588269571295,25.74
1588269571295,25.74
1588269571295,25.74
1588269571295,25.74
1588269571295,25.74
1588269571295,25.74
1588269571295,25.74
1588269571295,25.74
1588269692515,25.715
1588269702142,25.71
1588269702142,25.71
1588269702142,25.71
1588269702142,25.71
1588269702142,25.71
1588269702142,25.71
1588269702142,25.71
1588269702142,25.71
1588269702142,25.71
1588269702142,25.71
1588269702142,25.71
1588269810647,25.75
1588269810647,25.75
1588269810647,25.75
1588269810647,25.75
1588269810647,25.75
1588269810647,25.75
1588269810647,25.75
1588269810647,25.75
1588269810647,25.75
1588269810647,25.75
1588269810647,25.75
1588269810647,25.75
1588269810647,25.75
1588269810647,25.75
1588269810647,25.75
1588269810647,25.75
1588269810647,25.75
1588269810647,25.75
1588269810647,25.75
1588269810647,25.75
1588269810647,25.75
1588269810647,25.75
1588269810647,25.75
1588269810647,25.75
1588269810647,25.75
1588269810647,25.75
1588270092330,25.78
1588270092330,25.78
1588270092330,25.78
1588270092330,25.78
1588270092330,25.78
1588270092330,25.78
1588270092330,25.78
1588270162395,25.785
1588270170963,25.785
1588270170963,25.785
1588270170963,25.785
1588270170963,25.785
1588270170963,25.785
1588270170963,25.785
1588270170963,25.785
1588270170963,25.785
1588270257041,25.85
1588270257041,25.85
1588270257041,25.85
1588270257041,25.85
1588270257041,25.85
1588270257041,25.85
1588270257041,25.85
1588270257041,25.85
1588270257041,25.85
1588270257041,25.85
1588270257041,25.85
1588270257041,25.85
1588270388738,25.86
1588270388738,25.86
1588270388738,25.86
1588270388738,25.86
1588270388738,25.86
1588270388738,25.86
1588270450770,25.855
1588270450770,25.855
1588270450770,25.855
1588270483818,25.845
1588270483818,25.845
1588270483818,25.845
1588270483818,25.845
1588270483818,25.845
1588270483818,25.845
1588270483818,25.845
1588270483818,25.845
1588270483818,25.845
1588270483818,25.845
1588270483818,25.845
1588270483818,25.845
1588270483818,25.845
1588270483818,25.845
1588270483818,25.845
1588270483818,25.845
1588270650558,25.85
1588270663171,25.845
1588270663171,25.845
1588270663171,25.845
1588270663171,25.845
1588270704831,25.86
1588270715662,25.9
1588270715662,25.9
1588270715662,25.9
1588270715662,25.9
1588270715662,25.9
1588270715662,25.9
1588270715662,25.9
1588270715662,25.9
1588270715662,25.9
1588270715662,25.9
1588270715662,25.9
1588270715662,25.9
1588270715662,25.9
1588270715662,25.9
1588270715662,25.9
1588270715662,25.9
1588270715662,25.9
1588270895351,25.915
1588270895351,25.915
1588270915273,25.915
1588270915273,25.915
1588270915273,25.915
1588270915273,25.915
1588270915273,25.915
1588270963830,25.915
1588270963830,25.915
1588270993649,25.915
1588270993649,25.915
1588270993649,25.915
1588270993649,25.915
1588270993649,25.915
1588270993649,25.915
1588270993649,25.915
1588271066362,25.915
1588271078051,25.915
1588271078051,25.915
1588271093052,25.915
1588271093052,25.915
1588271093052,25.915
1588271093052,25.915
1588271139622,25.915
1588271153689,25.9
1588271155132,25.88
1588271169762,25.875
1588271169762,25.875
1588271189731,25.88
1588271189731,25.88
1588271189731,25.88
1588271189731,25.88
1588271235684,25.885
1588271247444,25.865
1588271247444,25.865
1588271247444,25.865
1588271247444,25.865
1588271247444,25.865
1588271247444,25.865
1588271247444,25.865
1588271247444,25.865
1588271247444,25.865
1588271247444,25.865
1588271247444,25.865
1588271247444,25.865
1588271247444,25.865
1588271247444,25.865
1588271386198,25.865
1588271386198,25.865
1588271386198,25.865
1588271386198,25.865
1588271386198,25.865
1588271386198,25.865
1588271386198,25.865
1588271386198,25.865
1588271386198,25.865
1588271386198,25.865
1588271386198,25.865
1588271386198,25.865
1588271386198,25.865
1588271386198,25.865
1588271386198,25.865
1588271386198,25.865
1588271564072,25.895
1588271567109,25.9
1588271567109,25.9
1588271567109,25.9
1588271567109,25.9
1588271567109,25.9
1588271567109,25.9
1588271567109,25.9
1588271567109,25.9
1588271649925,25.885
1588271667186,25.88
1588271667186,25.88
1588271667186,25.88
1588271667186,25.88
1588271667186,25.88
1588271667186,25.88
1588271667186,25.88
1588271667186,25.88
1588271667186,25.88
1588271667186,25.88
1588271667186,25.88
1588271667186,25.88
1588271788515,25.875
1588271788515,25.875
1588271788515,25.875
1588271788515,25.875
1588271833750,25.875
1588271833750,25.875
1588271833750,25.875
1588271861978,25.87
1588271861978,25.87
1588271861978,25.87
1588271898365,25.865
1588271898365,25.865
1588271898365,25.865
1588271928360,25.86
1588271928360,25.86
1588271928360,25.86
1588271928360,25.86
1588271966358,25.86
1588271966358,25.86
1588271966358,25.86
1588271966358,25.86
1588272006327,25.86
1588272024274,25.85
1588272024274,25.85
1588272042549,25.85
1588272042549,25.85
1588272057523,25.855
1588272057523,25.855
1588272086406,25.845
1588272086406,25.845
1588272103961,25.845
1588272103961,25.845
1588272103961,25.845
1588272103961,25.845
1588272103961,25.845
1588272103961,25.845
1588272103961,25.845
1588272103961,25.845
1588272103961,25.845
1588272103961,25.845
1588272103961,25.845
1588272103961,25.845
1588272103961,25.845
1588272247706,25.855
1588272250633,25.855
1588272250633,25.855
1588272250633,25.855
1588272288157,25.855
1588272296268,25.86
1588272309826,25.875
1588272309826,25.875
1588272329387,25.88
1588272329387,25.88
1588272329387,25.88
1588272329387,25.88
1588272329387,25.88
1588272329387,25.88
1588272329387,25.88
1588272329387,25.88
1588272329387,25.88
1588272422482,25.925
1588272422482,25.925
1588272422482,25.925
1588272422482,25.925
1588272422482,25.925
1588272422482,25.925
1588272422482,25.925
1588272499406,25.91
1588272499406,25.91
1588272499406,25.91
1588272499406,25.91
1588272499406,25.91
1588272499406,25.91
1588272499406,25.91
1588272499406,25.91
1588272499406,25.91
1588272593968,25.905
1588272593968,25.905
1588272593968,25.905
1588272593968,25.905
1588272593968,25.905
1588272642582,25.905
1588272642582,25.905
1588272665189,25.895
1588272665189,25.895
1588272665189,25.895
1588272665189,25.895
1588272665189,25.895
1588272665189,25.895
1588272734478,25.885
1588272734478,25.885
1588272734478,25.885
1588272734478,25.885
1588272734478,25.885
1588272734478,25.885
1588272734478,25.885
1588272806117,25.87
1588272811243,25.87
1588272811243,25.87
1588272811243,25.87
1588272811243,25.87
1588272811243,25.87
1588272811243,25.87
1588272811243,25.87
1588272811243,25.87
1588272811243,25.87
1588272914881,25.86
1588272914881,25.86
1588272914881,25.86
1588272938405,25.855
1588272938405,25.855
1588272965942,25.85
1588272965942,25.85
1588272965942,25.85
1588272965942,25.85
1588272965942,25.85
1588272965942,25.85
1588272965942,25.85
1588273038526,25.855
1588273038526,25.855
1588273064478,25.855
1588273064478,25.855
1588273064478,25.855
1588273094208,25.855
1588273094208,25.855
1588273110306,25.855
1588273110306,25.855
1588273110306,25.855
1588273146201,25.855
1588273160415,25.855
1588273166649,25.855
1588273181464,25.855
1588273182978,25.855
