1584624646285,67.48
1584624646285,67.48
1584624683800,66.635
1584624695408,66.855
1584624703974,66.855
1584624712306,66.855
1584624726756,66.59
1584624736083,66.36
1584624743762,66.3
1584624758648,66.335
1584624764308,66.375
1584624776943,66.345
1584624784932,66.31
1584624792511,66.38
1584624805848,66.345
1584624821354,66.23
1584624826861,66.22
1584624826861,66.22
1584624849122,66.195
1584624860112,66.175
1584624870182,66.2
1584624870182,66.2
1584624890516,66.19
1584624903771,66.2
1584624914356,66.23
1584624923008,66.3
1584624931989,66.25
1584624941697,66.18
1584624949575,66.03
1584624960292,66.03
1584624967883,66.04
1584624984702,65.915
1584624984702,65.915
1584625008634,65.885
1584625016363,65.88
1584625020785,65.855
1584625040259,65.94
1584625048254,65.855
1584625059786,65.85
1584625071471,65.78
1584625081090,65.82
1584625087792,65.64
1584625100763,65.645
1584625100763,65.645
1584625121998,65.15
1584625132167,65.17
1584625144173,65.21
1584625152748,65.215
1584625165538,65.21
1584625172360,65.08
1584625185120,65.135
1584625196264,65.125
1584625207493,65.24
1584625211698,65.18
1584625223932,65.155
1584625233860,65.08
1584625248339,65.035
1584625255819,65.03
1584625266299,65.025
1584625271550,65
1584625290188,64.92
1584625290188,64.92
1584625312187,64.69
1584625320554,64.81
1584625327822,64.94
1584625341180,65.02
1584625345245,64.9
1584625360321,65.01
1584625366933,64.9
1584625366933,64.9
1584625393666,64.47
1584625405572,64.43
1584625413528,64.415
1584625413528,64.415
1584625431466,64.44
1584625439274,64.43
1584625439274,64.43
1584625465513,64.42
1584625474782,64.415
1584625484829,64.42
1584625491741,64.48
1584625504581,64.56
1584625512961,64.51
1584625526247,64.575
1584625540852,64.745
1584625540852,64.745
1584625554182,64.915
1584625568337,65.38
1584625576730,65.355
1584625576730,65.355
1584625603580,65.32
1584625603580,65.32
1584625603580,65.32
1584625603580,65.32
1584625603580,65.32
1584625658152,65.44
1584625668374,65.33
1584625668374,65.33
1584625686489,65.17
1584625694525,65.13
1584625701714,65.09
1584625717526,64.94
1584625717526,64.94
1584625741561,64.965
1584625751542,65.03
1584625760362,65.095
1584625771764,65.175
1584625773778,65.175
1584625785187,65.4
1584625800453,65.38
1584625814407,65.415
1584625824330,65.5
1584625830101,65.52
1584625845168,65.73
1584625855500,65.85
1584625864412,65.885
1584625872349,66.055
1584625872349,66.055
1584625895207,66.025
1584625905004,66.125
1584625916943,66.125
1584625924252,66.125
1584625933073,66.22
1584625949821,66.2
1584625949821,66.2
1584625970016,66.135
1584625970016,66.135
1584625986363,66.24
1584625996007,66.285
1584626004132,66.43
1584626015549,66.515
1584626028306,66.535
1584626039943,66.76
1584626051518,66.865
1584626064550,66.875
1584626073406,66.89
1584626086360,67.15
1584626098167,67.165
1584626098167,67.165
1584626111178,67.185
1584626126912,67.34
1584626132491,67.295
1584626148767,67.27
1584626160950,67.47
1584626166750,67.335
1584626174236,67.04
1584626174236,67.04
1584626202941,67.3
1584626206339,67.26
1584626216716,67.21
1584626229317,67.04
1584626243603,66.89
1584626252090,66.79
1584626252090,66.79
1584626252090,66.79
1584626283785,66.33
1584626295217,66.135
1584626302190,66.13
1584626315999,66.15
1584626326994,66.2
1584626335780,66.065
1584626335780,66.065
1584626359301,66.16
1584626370536,66.295
1584626377043,66.375
1584626377043,66.375
1584626400060,66.695
1584626410878,66.58
1584626413344,66.54
1584626424278,66.68
1584626439603,66.715
1584626453580,66.595
1584626461389,66.6
1584626469653,66.65
1584626483933,66.59
1584626490322,66.6
1584626500642,66.67
1584626512697,66.82
1584626523986,66.86
1584626537674,66.87
1584626546192,66.87
1584626555895,66.935
1584626566277,66.93
1584626575231,66.89
1584626585923,66.83
1584626599824,66.705
1584626609119,66.67
1584626619322,66.7
1584626619322,66.7
1584626640829,66.695
1584626651732,66.68
1584626662979,66.69
1584626670877,66.84
1584626670877,66.84
1584626693530,66.65
1584626702528,66.65
1584626715161,66.685
1584626715161,66.685
1584626736987,66.785
1584626736987,66.785
1584626758055,66.7
1584626761449,66.715
1584626778392,66.84
1584626778392,66.84
1584626794297,66.93
1584626810851,66.81
1584626810851,66.81
1584626831402,66.76
1584626833880,66.68
1584626845192,66.775
1584626862792,66.775
1584626870075,66.86
1584626884407,67.03
1584626891782,67.02
1584626904167,67.05
1584626904167,67.05
1584626916392,67.16
1584626934492,67.215
1584626938417,67.35
1584626953592,67.415
1584626965221,67.4
1584626978192,67.5
1584626987139,67.54
1584626992992,67.64
1584626992992,67.64
1584627016122,67.65
1584627019253,67.54
1584627040779,67.695
1584627047726,67.66
1584627061290,67.705
1584627061290,67.705
1584627080001,67.745
1584627085749,67.76
1584627098530,67.805
1584627113636,67.82
1584627113636,67.82
1584627132017,67.825
1584627143616,67.85
1584627156168,68
1584627165039,68.29
1584627173963,68.29
1584627182463,68.31
1584627190702,68.44
1584627202904,68.37
1584627213698,68.43
1584627225750,68.57
1584627237900,68.58
1584627250320,68.53
1584627259184,68.565
1584627270178,68.57
1584627277688,68.75
1584627289247,68.7
1584627300347,68.735
1584627300347,68.735
1584627320937,68.89
1584627324667,68.87
1584627344336,68.795
1584627344336,68.795
1584627344336,68.795
1584627375631,68.47
1584627384268,68.54
1584627389982,68.51
1584627404274,68.18
1584627413118,68.06
1584627428794,68.11
1584627439078,67.65
1584627439078,67.65
1584627457998,67
1584627465440,66.985
1584627474170,66.9
1584627485016,67.18
1584627495124,67.39
1584627510237,67.48
1584627523045,67.48
1584627531473,67.64
1584627538914,67.65
1584627553644,67.675
1584627553644,67.675
1584627565386,67.62
1584627583432,67.6
1584627594463,67.39
1584627602649,67.415
1584627602649,67.415
1584627624577,67.65
1584627624577,67.65
1584627643647,67.59
1584627656226,67.61
1584627660070,67.615
1584627672338,67.68
1584627685126,67.74
1584627699184,67.69
1584627705526,67.685
1584627719651,67.68
1584627725726,67.64
1584627725726,67.64
1584627750510,67.47
1584627764082,67.56
1584627769795,67.54
1584627784158,67.54
1584627794244,67.615
1584627798982,67.64
1584627809534,67.65
1584627817845,67.7
1584627830033,67.83
1584627847313,67.615
1584627847313,67.615
1584627866035,67.69
1584627873231,67.74
1584627887862,67.94
1584627895310,67.89
1584627908110,67.88
1584627918105,67.9
1584627922300,67.79
1584627922300,67.79
1584627942862,67.81
1584627959941,67.96
1584627971808,68.09
1584627982955,68.105
1584627985958,68.16
1584627994556,68.165
1584628014214,68.275
1584628024811,68.23
1584628034942,68.16
1584628043861,68.195
1584628051857,68.24
1584628066080,68.34
1584628072796,68.36
1584628086380,68.415
1584628094913,68.55
1584628094913,68.55
1584628119337,68.52
1584628129871,68.63
1584628140181,68.695
1584628144871,68.53
1584628144871,68.53
1584628164950,68.545
1584628181239,68.675
1584628191700,68.825
1584628191700,68.825
1584628207336,68.8
1584628214356,68.83
1584628233156,68.85
1584628241840,68.81
1584628252924,68.785
1584628261855,68.86
1584628274304,68.88
1584628274304,68.88
1584628296048,68.91
1584628305620,69.18
1584628316955,69.185
1584628324745,69.315
1584628337095,69.215
1584628337095,69.215
1584628350287,69.235
1584628369413,69.4
1584628371902,69.455
1584628383558,69.52
1584628398707,69.88
1584628408641,69.92
1584628421640,69.72
1584628421640,69.72
1584628440420,69.92
1584628440420,69.92
1584628457611,69.975
1584628468996,70.13
1584628478181,70.175
1584628490692,70.15
1584628505039,70.04
1584628505039,70.04
1584628505039,70.04
1584628505039,70.04
1584628538729,69.62
1584628558397,69.635
1584628564833,69.54
1584628571925,69.425
1584628583581,69.41
1584628599887,69.095
1584628605981,69.1
1584628612211,69.04
1584628612211,69.04
1584628635680,69.005
1584628649878,68.945
1584628660962,68.92
1584628669081,68.93
1584628682440,68.905
1584628682440,68.905
1584628682440,68.905
1584628706870,68.805
1584628723441,68.69
1584628734202,68.47
1584628747560,68.535
1584628749228,68.52
1584628749228,68.52
1584628776377,68.395
1584628787151,68.375
1584628797401,68.41
1584628806533,68.435
1584628806533,68.435
1584628826784,68.405
1584628834796,68.395
1584628849415,68.415
1584628860841,68.34
1584628870120,68.325
1584628880051,68.25
1584628892462,68.275
1584628892462,68.275
1584628910275,68.27
1584628921672,68.28
1584628927766,68.22
1584628945110,68.18
1584628945110,68.18
1584628965163,68.38
1584628973671,68.405
1584628984941,68.37
1584628994961,68.365
1584629009481,68.395
1584629009481,68.395
1584629022971,68.345
1584629038885,68.3
1584629049106,68.26
1584629060364,68.06
1584629060364,68.06
1584629078329,68.1
1584629087700,68.11
1584629098256,68.13
1584629114790,68.23
1584629122266,68.24
1584629132295,68.215
1584629137381,68.14
1584629155993,68.11
1584629155993,68.11
1584629172144,68.12
1584629187454,68.11
1584629188915,68.06
1584629202769,67.88
1584629218264,67.91
1584629228753,67.82
1584629228753,67.82
1584629247605,67.665
1584629258040,67.68
1584629266071,67.65
1584629280895,67.67
1584629292249,67.86
1584629300384,67.86
1584629309010,67.755
1584629322119,67.74
1584629329340,67.58
1584629342844,67.51
1584629354723,67.355
1584629365908,67.34
1584629371751,67.31
1584629386171,67.455
1584629390920,67.38
1584629390920,67.38
1584629410466,67.5
1584629424838,67.605
1584629433318,67.625
1584629440472,67.625
1584629455889,67.46
1584629461053,67.51
1584629475143,67.62
1584629488734,67.64
1584629499830,67.56
1584629499830,67.56
1584629520364,67.495
1584629531391,67.56
1584629531391,67.56
1584629545649,67.6
1584629545649,67.6
1584629568162,67.49
1584629568162,67.49
1584629593246,67.57
1584629604090,67.485
1584629604090,67.485
1584629627528,67.44
1584629635906,67.4
1584629646755,67.37
1584629652480,67.46
1584629665062,67.475
1584629680171,67.51
1584629685563,67.495
1584629685563,67.495
1584629710483,67.57
1584629710483,67.57
1584629731024,67.475
1584629731024,67.475
1584629731024,67.475
1584629731024,67.475
1584629731024,67.475
1584629781683,67.59
1584629789489,67.94
1584629803541,68.11
1584629803541,68.11
1584629825062,68.14
1584629835003,68.28
1584629844681,68.33
1584629857784,68.48
1584629862823,68.35
1584629877876,68.21
1584629882230,68.2
1584629882230,68.2
1584629909779,68.03
1584629921141,68.015
1584629931097,67.97
1584629941466,67.96
1584629952059,67.96
1584629952059,67.96
1584629952059,67.96
1584629979243,67.82
1584629993949,67.8
1584629998521,67.9
1584630015696,67.82
1584630015696,67.82
1584630036613,68.02
1584630036613,68.02
1584630036613,68.02
1584630036613,68.02
1584630075761,68.025
1584630086298,67.87
1584630096096,67.69
1584630100522,67.745
1584630118317,67.565
1584630123481,67.705
1584630142186,67.925
1584630148957,67.76
1584630163013,67.755
1584630170801,67.75
1584630177513,67.875
1584630193381,68.03
1584630193381,68.03
1584630205595,67.96
1584630225664,67.76
1584630225664,67.76
1584630246758,67.37
1584630256027,67.52
1584630256027,67.52
1584630275153,67.49
1584630279796,67.53
1584630298098,67.555
1584630309438,67.555
1584630314765,67.455
1584630322767,67.36
1584630337904,67.105
1584630348593,66.855
1584630360004,66.8
1584630366901,66.72
1584630381550,66.78
1584630381550,66.78
1584630401305,66.595
1584630411025,66.635
1584630422584,66.43
1584630422584,66.43
1584630440921,66.325
1584630454463,66.345
1584630464824,66.21
1584630476317,66.23
1584630483098,66.17
1584630483098,66.17
1584630501910,66.14
1584630510036,66.095
1584630519511,66.1
1584630539000,66.25
1584630548952,66.365
1584630548952,66.365
1584630570138,66.335
1584630580510,66.37
1584630580510,66.37
1584630580510,66.37
1584630611593,66.335
1584630617997,66.355
1584630631346,66.385
1584630640197,66.455
1584630640197,66.455
1584630662832,66.255
1584630669699,66.28
1584630682299,66.28
1584630697189,66.38
1584630701853,66.305
1584630715048,66.305
1584630728261,66.23
1584630728261,66.23
1584630742693,66.35
1584630752815,66.46
1584630765105,66.515
1584630773109,66.52
1584630790676,66.75
1584630798712,66.92
1584630805590,66.88
1584630821625,67.055
1584630832154,67.195
1584630838499,67.185
1584630847170,67.265
1584630860060,67.19
1584630872884,66.85
1584630885622,66.94
1584630896185,67.05
1584630906766,67.125
1584630912051,67.1
1584630929264,66.955
1584630929264,66.955
1584630949976,67.06
1584630949976,67.06
1584630970466,67
1584630973654,67.04
1584630987901,67.15
1584630996338,67.115
1584631006076,67.29
1584631018604,67.25
1584631018604,67.25
1584631018604,67.25
1584631049857,67.29
1584631057172,67.25
1584631057172,67.25
1584631081217,67.06
1584631096244,67.15
1584631104419,67.06
1584631116276,66.93
1584631126533,66.82
1584631126533,66.82
1584631126533,66.82
1584631157035,66.9
1584631170146,66.94
1584631174431,66.925
1584631182820,66.8
1584631198958,66.775
1584631198958,66.775
1584631218252,66.865
1584631231986,66.7
1584631231986,66.7
1584631244737,66.59
1584631261379,66.575
1584631274639,66.55
1584631283629,66.58
1584631290303,66.69
1584631306127,66.7
1584631306127,66.7
1584631323639,66.615
1584631337584,66.66
1584631345627,66.65
1584631360008,66.785
1584631369119,66.725
1584631375992,66.72
1584631384628,66.735
1584631402080,66.585
1584631402080,66.585
1584631419087,66.695
1584631428811,66.67
1584631443591,66.715
1584631446662,66.55
1584631463332,66.54
1584631463332,66.54
1584631481879,66.59
1584631494179,66.64
1584631494179,66.64
1584631516213,66.63
1584631525660,66.72
1584631529608,66.71
1584631547272,66.66
1584631558619,66.66
1584631569256,66.66
1584631571745,66.705
1584631585264,66.79
1584631598775,66.735
1584631611361,66.59
1584631614646,66.655
1584631627104,66.755
1584631640116,66.76
1584631652245,66.73
1584631663293,66.75
1584631671525,66.56
1584631671525,66.56
1584631671525,66.56
1584631671525,66.56
1584631713136,66.925
1584631716815,66.87
1584631732024,66.895
1584631744655,67.03
1584631744655,67.03
1584631760603,67.25
1584631760603,67.25
1584631783727,67.36
1584631792291,67.4
1584631808735,67.365
1584631816649,67.14
1584631823471,67.08
1584631836025,66.99
1584631848179,66.99
1584631856104,66.98
1584631868652,67.02
1584631876324,67.045
1584631889514,67.09
1584631899653,67.135
1584631914660,67.07
1584631919256,67.06
1584631935559,67.01
1584631945161,66.93
1584631949827,66.79
1584631949827,66.79
1584631949827,66.79
1584631989602,66.815
1584631989602,66.815
1584632009059,66.825
1584632018004,66.92
1584632018004,66.92
1584632018004,66.92
1584632047739,66.94
1584632062874,67.01
1584632062874,67.01
1584632062874,67.01
1584632086849,67.03
1584632086849,67.03
1584632107422,67.15
1584632124615,67.15
1584632129633,67.09
1584632136993,66.985
1584632154289,67.01
1584632158848,67.06
1584632158848,67.06
1584632186073,67.265
1584632198743,67.34
1584632201838,67.34
1584632218678,67.41
1584632228015,67.59
1584632235759,67.71
1584632241520,67.785
1584632260589,68.125
1584632262471,68.205
1584632282222,68.55
1584632288971,68.52
1584632288971,68.52
1584632314208,68.59
1584632318290,68.57
1584632334280,68.49
1584632336709,68.36
1584632352445,68.14
1584632352445,68.14
1584632375153,68.24
1584632380773,68.2
1584632380773,68.2
1584632407506,68.14
1584632407506,68.14
1584632423327,68.32
1584632440709,68.395
1584632440709,68.395
1584632440709,68.395
1584632471105,68.39
1584632477894,68.365
1584632483746,68.485
1584632483746,68.485
1584632507281,68.515
1584632516917,68.57
1584632535870,68.575
1584632541483,68.59
1584632541483,68.59
1584632565093,68.585
1584632569207,68.665
1584632569207,68.665
1584632594730,68.715
1584632605751,68.795
1584632620013,68.785
1584632629398,68.815
1584632631647,68.74
1584632650934,68.795
1584632661118,68.845
1584632672351,68.68
1584632679449,68.78
1584632692295,68.72
1584632692295,68.72
1584632710786,68.71
1584632710786,68.71
1584632734078,68.565
1584632734078,68.565
1584632734078,68.565
1584632758399,68.5
1584632776808,68.39
1584632785091,68.41
1584632796850,68.45
1584632803618,68.495
1584632811874,68.495
1584632821796,68.5
1584632834679,68.47
1584632842773,68.44
1584632856733,68.56
1584632867056,68.52
1584632881798,68.545
1584632891860,68.41
1584632891860,68.41
1584632907471,68.22
1584632918619,68.16
1584632926391,68.29
1584632926391,68.29
1584632949167,68.37
1584632963134,68.34
1584632967832,68.37
1584632983943,68.44
1584632997350,68.58
1584632997350,68.58
1584633015790,68.63
1584633027755,68.625
1584633035894,68.56
1584633035894,68.56
1584633035894,68.56
1584633068657,68.555
1584633068657,68.555
1584633088758,68.49
1584633088758,68.49
1584633110578,68.4
1584633110578,68.4
1584633126463,68.36
1584633140630,68.375
1584633153910,68.25
1584633153910,68.25
1584633153910,68.25
1584633182080,68.375
1584633192802,68.335
1584633200957,68.34
1584633212488,68.275
1584633223423,68.32
1584633236428,68.295
1584633244344,68.28
1584633258673,68.22
1584633268851,68.2
1584633275720,68.19
1584633285481,68.21
1584633292711,68.26
1584633292711,68.26
1584633316063,68.2
1584633316063,68.2
1584633339617,68.28
1584633349338,68.3
1584633360984,68.27
1584633366113,68.255
1584633382588,68.31
1584633388058,68.3
1584633401808,68.28
1584633411434,68.3
1584633418768,68.29
1584633436071,68.31
1584633444947,68.25
1584633444947,68.25
1584633465776,68.24
1584633468849,68.34
1584633487522,68.2
1584633499598,68.28
1584633499598,68.28
1584633520023,68.295
1584633520023,68.295
1584633540882,68.3
1584633540882,68.3
1584633560825,68.315
1584633560825,68.315
1584633578013,68.315
1584633592852,68.325
1584633602560,68.32
1584633608577,68.31
1584633625192,68.28
1584633634869,68.31
1584633638768,68.255
1584633638768,68.255
1584633665935,67.935
1584633665935,67.935
1584633665935,67.935
1584633696127,67.75
1584633701352,67.84
1584633701352,67.84
1584633724343,68.015
1584633740306,67.98
1584633740306,67.98
1584633761040,67.995
1584633765572,67.84
1584633765572,67.84
1584633782869,67.78
1584633782869,67.78
1584633810668,67.69
1584633816287,67.685
1584633829679,67.5
1584633843020,67.515
1584633843020,67.515
1584633865175,67.38
1584633876513,67.33
1584633876513,67.33
1584633891016,67.355
1584633891016,67.355
1584633891016,67.355
1584633891016,67.355
1584633937020,67.6
1584633946872,67.54
1584633956628,67.6
1584633970471,67.595
1584633974144,67.475
1584633985771,67.54
1584634001477,67.72
1584634001477,67.72
1584634019848,67.75
1584634033660,67.705
1584634039886,67.805
1584634048885,67.81
1584634063889,67.83
1584634075116,67.8
1584634075116,67.8
1584634092359,67.61
1584634092359,67.61
1584634108152,67.6
1584634108152,67.6
1584634136389,67.7
1584634148936,67.705
1584634158827,67.685
1584634158827,67.685
1584634180075,67.615
1584634190513,67.61
1584634190513,67.61
1584634204171,67.7
1584634220933,67.41
1584634220933,67.41
1584634220933,67.41
1584634249863,67.225
1584634259445,67.215
1584634274370,67.21
1584634282915,67.36
1584634290077,67.37
1584634305063,67.345
1584634308243,67.32
1584634325469,67.39
1584634337730,67.2
1584634347182,67.2
1584634357513,67.2
1584634362669,67.18
1584634362669,67.18
1584634388143,66.945
1584634392448,66.93
1584634410874,66.92
1584634421159,66.92
1584634426095,66.94
1584634426095,66.94
1584634453587,67.08
1584634455813,67.075
1584634455813,67.075
1584634481324,67.3
1584634486092,67.34
1584634486092,67.34
1584634514638,67.495
1584634514638,67.495
1584634533341,67.5
1584634544082,67.61
1584634544082,67.61
1584634568855,67.62
1584634577901,67.56
1584634585870,67.58
1584634596146,67.62
1584634609687,67.58
1584634609687,67.58
1584634623031,67.59
1584634638106,67.64
1584634649219,67.66
1584634653137,67.63
1584634673514,67.76
1584634680768,67.775
1584634695395,67.79
1584634695395,67.79
1584634710452,67.71
1584634723235,67.79
1584634738557,67.62
1584634738557,67.62
1584634759712,67.69
1584634767577,67.72
1584634779427,67.79
1584634790323,67.79
1584634790323,67.79
1584634790323,67.79
1584634790323,67.79
1584634790323,67.79
1584634843537,68.16
1584634843537,68.16
1584634860861,68.175
1584634870919,68.28
1584634875624,68.26
1584634892931,68.28
1584634897190,68.325
1584634897190,68.325
1584634924073,68.29
1584634933768,68.31
1584634948597,68.29
1584634960378,68.42
1584634960378,68.42
1584634971843,68.455
1584634990594,68.37
1584634990594,68.37
1584635012218,68.35
1584635018041,68.31
1584635025067,68.31
1584635025067,68.31
1584635025067,68.31
1584635063355,68.38
1584635075253,68.28
1584635084239,68.32
1584635098948,68.23
1584635105590,68.22
1584635114014,68.13
1584635126770,68.16
1584635126770,68.16
1584635143347,68.21
1584635159878,68.325
1584635162031,68.32
1584635162031,68.32
1584635191078,68.345
1584635203162,68.32
1584635210200,68.36
1584635221314,68.36
1584635233427,68.425
1584635233427,68.425
1584635254388,68.4
1584635263588,68.42
1584635276124,68.44
1584635282742,68.44
1584635291686,68.42
1584635306533,68.405
1584635315367,68.4
1584635315367,68.4
1584635335801,68.27
1584635335801,68.27
1584635359861,68.295
1584635372286,68.32
1584635382565,68.39
1584635389870,68.385
1584635395373,68.34
1584635413060,68.36
1584635421327,68.425
1584635421327,68.425
1584635442196,68.36
1584635453033,68.39
1584635465987,68.375
1584635465987,68.375
1584635482647,68.395
1584635491576,68.25
1584635498036,68.31
1584635515009,68.265
1584635519703,68.12
1584635536076,68.14
1584635547945,68.14
1584635547945,68.14
1584635547945,68.14
1584635580006,68.26
1584635580006,68.26
1584635596098,68.345
1584635610018,68.33
1584635613092,68.305
1584635630074,68.29
1584635639115,68.29
1584635639115,68.29
1584635659298,68.33
1584635674359,68.38
1584635683594,68.355
1584635691244,68.355
1584635703387,68.325
1584635715078,68.33
1584635728010,68.36
1584635738053,68.335
1584635749054,68.33
1584635754751,68.34
1584635761861,68.33
1584635776891,68.335
1584635785407,68.355
1584635795623,68.385
1584635807941,68.38
1584635817395,68.35
1584635826369,68.365
1584635833539,68.41
1584635847600,68.62
1584635855331,68.69
1584635855331,68.69
1584635884477,68.895
1584635890473,68.87
1584635890473,68.87
1584635914688,69.09
1584635918393,69.19
1584635928600,69.19
1584635928600,69.19
1584635956865,69.355
1584635966946,69.425
1584635979096,69.415
1584635979096,69.415
1584635979096,69.415
1584636005369,69.475
1584636019097,69.58
1584636027740,69.555
1584636037660,69.475
1584636043594,69.48
1584636058046,69.555
1584636069000,69.58
1584636069000,69.58
1584636090669,69.675
1584636090669,69.675
1584636113018,69.685
1584636113018,69.685
1584636128763,69.69
1584636147447,69.695
1584636154882,69.82
1584636168222,69.805
1584636178705,69.9
1584636178705,69.9
1584636191610,69.89
1584636205774,69.86
1584636216318,69.895
1584636216318,69.895
1584636241784,70.01
1584636245958,69.99
1584636262101,69.985
1584636270629,70.005
1584636279155,70.04
1584636291989,70.085
1584636296189,70.06
1584636296189,70.06
1584636296189,70.06
1584636331276,70.295
1584636331276,70.295
1584636352906,70.49
1584636363681,70.49
1584636370790,70.53
1584636370790,70.53
1584636370790,70.53
1584636404588,70.87
1584636416902,70.955
1584636429929,70.94
1584636439588,70.955
1584636450891,70.945
1584636459983,70.94
1584636471584,70.955
1584636480447,70.94
1584636480447,70.94
1584636495430,70.99
1584636511554,70.98
1584636511554,70.98
1584636534493,70.985
1584636534493,70.985
1584636552277,70.87
1584636564290,70.61
1584636572919,70.39
1584636585656,70.13
1584636597589,69.74
1584636605902,69.65
1584636611666,69.455
1584636623682,69.43
1584636632748,69.56
1584636645090,69.785
1584636659193,69.8
1584636659193,69.8
1584636659193,69.8
1584636683894,70.05
1584636696997,70.18
1584636707466,70.46
1584636717990,70.505
1584636733714,70.35
1584636736114,70.395
1584636753253,70.47
1584636753253,70.47
1584636773540,70.78
1584636787079,70.78
1584636795244,70.555
1584636795244,70.555
1584636795244,70.555
1584636821490,70.83
1584636837548,70.85
1584636851256,70.9
1584636859877,71.06
1584636859877,71.06
1584636881050,71.14
1584636892818,71.135
1584636901916,71.165
1584636907951,71.17
1584636918377,71.22
1584636931474,71.255
1584636945058,71.27
1584636948908,71.28
1584636962447,71.3
1584636973660,71.26
1584636986402,71.325
1584636986402,71.325
1584636986402,71.325
1584637018264,71.31
1584637021563,71.26
1584637037240,71.245
1584637041951,71.1
1584637056928,71.185
1584637064505,71.225
1584637064505,71.225
1584637064505,71.225
1584637103079,70.8
1584637103079,70.8
1584637103079,70.8
1584637131405,70.7
1584637142118,70.705
1584637154587,70.72
1584637167156,70.725
1584637176903,70.8
1584637188092,70.805
1584637194661,70.7
1584637203664,70.775
1584637219113,70.74
1584637228281,70.8
1584637238960,70.8
1584637250055,70.815
1584637250055,70.815
1584637267649,70.77
1584637281695,70.82
1584637290335,70.88
1584637298534,70.88
1584637314259,70.87
1584637325369,70.8
1584637325369,70.8
1584637345329,70.83
1584637352169,70.85
1584637368325,70.9
1584637375029,70.86
1584637375029,70.86
1584637399499,70.89
1584637399499,70.89
1584637399499,70.89
1584637423842,70.66
1584637436630,70.63
1584637436630,70.63
1584637453847,70.565
1584637468854,70.655
1584637484366,70.77
1584637484366,70.77
1584637503891,70.78
1584637503891,70.78
1584637523754,70.76
1584637531487,70.7
1584637547566,70.72
1584637555756,70.73
1584637570407,70.85
1584637571892,70.78
1584637591033,70.86
1584637598531,70.855
1584637605027,70.83
1584637613640,70.71
1584637626635,70.585
1584637641334,70.7
1584637648779,70.7
1584637648779,70.7
1584637667569,70.66
1584637681933,70.63
1584637688583,70.58
1584637706442,70.645
1584637706442,70.645
1584637724882,70.725
1584637737667,70.705
1584637741781,70.66
1584637757760,70.39
1584637757760,70.39
1584637780196,70.31
1584637787349,70.35
1584637787349,70.35
1584637815422,70.415
1584637829204,70.52
1584637829204,70.52
1584637845150,70.515
1584637860240,70.485
1584637860240,70.485
1584637875823,70.605
1584637875823,70.605
1584637898543,70.56
1584637906162,70.66
1584637906162,70.66
1584637932008,70.665
1584637937948,70.7
1584637945890,70.71
1584637962738,70.79
1584637970210,70.805
1584637982752,70.74
1584637992184,70.73
1584638004750,70.7
1584638011641,70.68
1584638024415,70.705
1584638031148,70.66
1584638047347,70.595
1584638056445,70.455
1584638066370,70.48
1584638078136,70.46
1584638087254,70.43
1584638093370,70.345
1584638111106,70.245
1584638117152,70.22
1584638132156,69.985
1584638132156,69.985
1584638150689,69.925
1584638162739,69.915
1584638171226,69.9
1584638185755,69.945
1584638195860,70.015
1584638203139,69.96
1584638212235,70
1584638226796,70.055
1584638234405,70.055
1584638248346,70.125
1584638256052,70.145
1584638256052,70.145
1584638277027,70.18
1584638277027,70.18
1584638300868,70.165
1584638309405,70.17
1584638321272,70.185
1584638326508,70.205
1584638340543,70.22
1584638352370,70.275
1584638361694,70.335
1584638368231,70.33
1584638375674,70.36
1584638392311,70.475
1584638396678,70.44
1584638409687,70.46
1584638418911,70.51
1584638418911,70.51
1584638447824,70.66
1584638447824,70.66
1584638460669,70.66
1584638478522,70.83
1584638490054,70.87
1584638496680,70.855
1584638506042,70.955
1584638506042,70.955
1584638532758,71.145
1584638541403,71.205
1584638548460,71.13
1584638564596,71.2
1584638568145,71.17
1584638584934,70.93
1584638591266,70.91
1584638604960,70.92
1584638610258,70.87
1584638624053,71.09
1584638632377,71.095
1584638644601,71.01
1584638644601,71.01
1584638644601,71.01
1584638677548,71.005
1584638677548,71.005
1584638677548,71.005
1584638709671,70.995
1584638717556,71.01
1584638728032,70.99
1584638734418,70.945
1584638748677,70.96
1584638763675,70.87
1584638763675,70.87
1584638763675,70.87
1584638794236,70.89
1584638801479,70.885
1584638801479,70.885
1584638821276,70.785
1584638821276,70.785
1584638837287,70.95
1584638857906,70.89
1584638857906,70.89
1584638872578,70.88
1584638888648,70.79
1584638896393,70.61
1584638909739,70.615
1584638911131,70.62
1584638926294,70.625
1584638933448,70.59
1584638950728,70.555
1584638961407,70.595
1584638966294,70.63
1584638982108,70.67
1584638982108,70.67
1584638982108,70.67
1584638982108,70.67
1584639023103,70.58
1584639034637,70.57
1584639046417,70.56
1584639056159,70.515
1584639056159,70.515
1584639078298,70.29
1584639087147,70.27
1584639100267,70.14
1584639106845,70.155
1584639117385,70.06
1584639130765,70.04
1584639130765,70.04
1584639152739,69.975
1584639160356,70.12
1584639168668,70.135
1584639176522,70.225
1584639192599,70.235
1584639196432,70.235
1584639209009,70.23
1584639225894,70.28
1584639231591,70.32
1584639246260,70.345
1584639255337,70.37
1584639255337,70.37
1584639278936,70.385
1584639285829,70.385
1584639293072,70.4
1584639308399,70.39
1584639315656,70.38
1584639331081,70.375
1584639338882,70.37
1584639348982,70.375
1584639359197,70.38
1584639372340,70.36
1584639372340,70.36
1584639388746,70.355
1584639403067,70.355
1584639403067,70.355
1584639421595,70.46
1584639426643,70.46
1584639445612,70.46
1584639449618,70.52
1584639465955,70.535
1584639475003,70.535
1584639488445,70.575
1584639495991,70.54
1584639505317,70.585
1584639519828,70.635
1584639529577,70.635
1584639534745,70.705
1584639545605,70.73
1584639557237,70.69
1584639569027,70.735
1584639577051,70.72
1584639589659,70.78
1584639602164,70.78
1584639612577,70.77
1584639622029,70.805
1584639633442,70.825
1584639636854,70.825
1584639655698,70.81
1584639660260,70.725
1584639672580,70.745
1584639680590,70.815
1584639689534,70.805
1584639706537,70.735
1584639706537,70.735
1584639721510,70.74
1584639721510,70.74
1584639721510,70.74
1584639755324,70.895
1584639773358,71.065
1584639780492,71.085
1584639780492,71.085
1584639804281,71.11
1584639808450,71.11
1584639808450,71.11
1584639826134,71.245
1584639845101,71.325
1584639845101,71.325
1584639863847,71.445
1584639869826,71.42
1584639883434,71.54
1584639898673,71.585
1584639898673,71.585
1584639913796,71.625
1584639925738,71.56
1584639938966,71.605
1584639947010,71.6
1584639957015,71.6
1584639969431,71.645
1584639977302,71.66
1584639993004,71.65
1584640003033,71.65
1584640015035,71.64
1584640015035,71.64
1584640030794,71.745
1584640040896,71.755
1584640054967,71.91
1584640064045,71.905
1584640070330,71.905
1584640078959,71.91
1584640092930,71.945
1584640107509,72.025
1584640107509,72.025
1584640124491,72.06
1584640135763,72.02
1584640146405,72.04
1584640146405,72.04
1584640171843,72.025
1584640176241,72.05
1584640176241,72.05
1584640201693,72.01
1584640206875,72.005
1584640222828,72.015
1584640230778,72.065
1584640243560,72.04
1584640253923,72.08
1584640263211,72.1
1584640269733,72.175
1584640285476,72.18
1584640293054,72.185
1584640303727,72.18
1584640311634,72.18
1584640324788,72.21
1584640331963,72.235
1584640346055,72.26
1584640355545,72.305
1584640368886,72.315
1584640372447,72.31
1584640386710,72.365
1584640395779,72.405
1584640411115,72.4
1584640422454,72.4
1584640433669,72.385
1584640444250,72.38
1584640452419,72.385
1584640465061,72.415
1584640472871,72.405
1584640481678,72.425
1584640496606,72.465
1584640505270,72.5
1584640516404,72.48
1584640525720,72.525
1584640531508,72.49
1584640545012,72.515
1584640550701,72.58
1584640550701,72.58
1584640550701,72.58
1584640550701,72.58
1584640597341,72.08
1584640597341,72.08
1584640597341,72.08
1584640634773,71.92
1584640634773,71.92
1584640634773,71.92
1584640658107,71.94
1584640658107,71.94
1584640682169,72.065
1584640682169,72.065
1584640704756,72.01
1584640718530,71.795
1584640718530,71.795
1584640736057,71.77
1584640736057,71.77
1584640751821,71.65
1584640766828,71.67
1584640775585,71.68
1584640775585,71.68
1584640794428,71.67
1584640794428,71.67
1584640820749,71.775
1584640832733,71.74
1584640842092,71.72
1584640842092,71.72
1584640865276,71.7
1584640870791,71.68
1584640886074,71.455
1584640886074,71.455
1584640910342,71.385
1584640913973,71.42
1584640913973,71.42
1584640937923,71.31
1584640937923,71.31
1584640962617,71.01
1584640973257,71.18
1584640973257,71.18
1584640973257,71.18
1584641002220,71.23
1584641002220,71.23
1584641022162,71.205
1584641033158,71.2
1584641048939,71.24
1584641055020,71.2
1584641055020,71.2
1584641055020,71.2
1584641055020,71.2
1584641055020,71.2
1584641055020,71.2
1584641055020,71.2
1584641055020,71.2
1584641136239,71.285
1584641149679,71.33
1584641160212,71.345
1584641160212,71.345
1584641182293,71.06
1584641188098,70.94
1584641188098,70.94
1584641188098,70.94
1584641224209,71.07
1584641224209,71.07
1584641247446,71.065
1584641252039,71.02
1584641252039,71.02
1584641252039,71.02
1584641288275,70.98
1584641288275,70.98
1584641307293,71.075
1584641312823,70.95
1584641312823,70.95
1584641312823,70.95
1584641312823,70.95
1584641312823,70.95
1584641312823,70.95
1584641312823,70.95
1584641395429,70.88
1584641395429,70.88
1584641395429,70.88
1584641417811,70.945
1584641417811,70.945
1584641443061,70.96
1584641443061,70.96
1584641461608,70.98
1584641461608,70.98
1584641482465,71.145
1584641482465,71.145
1584641482465,71.145
1584641482465,71.145
1584641526273,71.07
1584641526273,71.07
1584641548163,71.12
1584641548163,71.12
1584641575219,71.13
1584641575219,71.13
1584641588272,71.215
1584641588272,71.215
1584641614487,71.245
1584641614487,71.245
1584641636869,71.26
1584641642318,71.27
1584641655131,71.29
1584641655131,71.29
1584641678801,71.53
1584641678801,71.53
1584641700443,71.68
1584641709280,71.6
1584641709280,71.6
1584641709280,71.6
1584641709280,71.6
1584641745495,71.55
1584641745495,71.55
1584641767066,71.58
1584641767066,71.58
1584641789371,71.75
1584641798589,71.71
1584641820301,71.68
1584641825782,71.68
1584641840261,71.665
1584641846347,71.64
1584641846347,71.64
1584641869131,71.78
1584641879628,71.795
1584641879628,71.795
1584641898960,71.88
1584641898960,71.88
1584641928088,71.915
1584641934593,71.95
1584641945891,71.945
1584641954600,72.1
1584641962740,72.04
1584641978225,72
1584641987988,72.12
1584641987988,72.12
1584641987988,72.12
1584641987988,72.12
1584642033846,71.9
1584642033846,71.9
1584642054426,71.79
1584642054426,71.79
1584642074292,71.75
1584642074292,71.75
1584642074292,71.75
1584642106570,71.56
1584642106570,71.56
1584642126226,71.62
1584642136244,71.55
1584642136244,71.55
1584642136244,71.55
1584642136244,71.55
1584642174387,71.55
1584642188090,71.59
1584642194774,71.6
1584642194774,71.6
1584642222090,71.73
1584642222090,71.73
1584642239745,71.715
1584642239745,71.715
1584642239745,71.715
1584642239745,71.715
1584642239745,71.715
1584642286114,71.77
1584642303191,71.9
1584642312994,71.935
1584642327444,71.91
1584642327444,71.91
1584642348284,72.01
1584642357894,72.05
1584642357894,72.05
1584642372510,72.095
1584642387265,72.12
1584642387265,72.12
1584642387265,72.12
1584642387265,72.12
1584642387265,72.12
1584642437902,71.93
1584642437902,71.93
1584642437902,71.93
1584642464716,71.835
1584642464716,71.835
1584642494271,71.83
1584642506146,71.86
1584642506146,71.86
1584642506146,71.86
1584642506146,71.86
1584642506146,71.86
1584642506146,71.86
1584642568829,71.91
1584642568829,71.91
1584642568829,71.91
1584642568829,71.91
1584642604080,71.83
1584642604080,71.83
1584642604080,71.83
1584642604080,71.83
1584642604080,71.83
1584642604080,71.83
1584642669153,72
1584642669153,72
1584642686335,71.92
1584642686335,71.92
1584642706681,71.78
1584642706681,71.78
1584642706681,71.78
1584642740945,71.52
1584642740945,71.52
1584642740945,71.52
1584642740945,71.52
1584642740945,71.52
1584642791895,71.82
1584642805533,71.955
1584642811750,71.89
1584642811750,71.89
1584642835349,71.95
1584642849604,72
1584642857194,71.99
1584642857194,71.99
1584642883541,71.81
1584642883541,71.81
1584642883541,71.81
1584642883541,71.81
1584642926562,71.84
1584642929745,71.87
1584642945031,71.8
1584642957302,71.785
1584642957302,71.785
1584642975496,71.76
1584642975496,71.76
1584642999565,71.785
1584643010302,71.78
1584643010302,71.78
1584643010302,71.78
1584643033419,71.89
1584643033419,71.89
1584643056346,71.73
1584643071572,71.69
1584643071572,71.69
1584643071572,71.69
1584643071572,71.69
1584643105869,71.6
1584643105869,71.6
1584643129270,71.7
1584643147695,71.685
1584643157091,71.68
1584643168325,71.825
1584643168767,71.83
1584643184502,71.715
1584643184502,71.715
1584643209644,71.805
1584643219400,71.805
1584643219400,71.805
1584643239300,71.91
1584643239300,71.91
1584643239300,71.91
1584643239300,71.91
1584643239300,71.91
1584643239300,71.91
1584643302948,71.97
1584643306975,71.865
1584643306975,71.865
1584643331220,71.89
1584643342703,71.935
1584643342703,71.935
1584643342703,71.935
1584643377612,72
1584643388057,72.045
1584643388057,72.045
1584643410129,72.135
1584643410129,72.135
1584643410129,72.135
1584643439726,72.25
1584643446945,72.21
1584643446945,72.21
1584643467734,72.26
1584643467734,72.26
1584643486541,72.28
1584643505196,72.295
1584643505196,72.295
1584643520367,72.27
1584643520367,72.27
1584643538300,72.185
1584643552899,72.38
1584643568001,72.365
1584643577009,72.345
1584643585632,72.305
1584643598778,72.305
1584643608123,72.29
1584643613477,72.255
1584643613477,72.255
1584643634253,72.24
1584643634253,72.24
1584643657023,72.28
1584643662989,72.28
1584643678266,72.265
1584643691780,72.32
1584643702829,72.345
1584643713218,72.39
1584643713218,72.39
1584643734472,72.39
1584643743781,72.355
1584643756857,72.39
1584643756857,72.39
1584643756857,72.39
1584643783728,72.5
1584643798045,72.52
1584643808549,72.43
1584643818743,72.46
1584643829423,72.475
1584643832343,72.51
1584643851451,72.71
1584643857932,72.585
1584643867386,72.63
1584643881076,72.505
1584643881076,72.505
1584643898191,72.26
1584643898191,72.26
1584643898191,72.26
1584643936762,71.7
1584643944995,71.705
1584643949390,71.635
1584643959026,71.57
1584643974788,71.62
1584643980772,71.555
1584643992153,71.54
1584644008621,71.31
1584644016051,71.2
1584644016051,71.2
1584644037589,70.95
1584644050849,70.77
1584644050849,70.77
1584644065761,70.835
1584644065761,70.835
1584644085934,70.85
1584644085934,70.85
1584644115134,70.535
1584644119467,70.58
1584644119467,70.58
1584644144200,70.74
1584644150293,70.745
1584644167359,70.805
1584644167359,70.805
1584644184755,70.91
1584644190692,71.02
1584644210638,71.21
1584644210638,71.21
1584644210638,71.21
1584644240504,71.3
1584644240504,71.3
1584644240504,71.3
1584644240504,71.3
1584644240504,71.3
1584644293510,71.57
1584644301240,71.57
1584644312364,71.47
1584644312364,71.47
1584644312364,71.47
1584644312364,71.47
1584644312364,71.47
1584644312364,71.47
1584644380730,71.5
1584644385752,71.54
