1583159463716,11.2
1583159473003,11.18
1583159484761,11.12
1583159495140,11.15
1583159505134,11.175
1583159514798,11.165
1583159525792,11.245
1583159533304,11.245
1583159547334,11.225
1583159554853,11.22
1583159564267,11.19
1583159576342,11.13
1583159587138,11.125
1583159597948,11.105
1583159609801,11.095
1583159620078,11.075
1583159630771,11.06
1583159637715,11.04
1583159648437,11.02
1583159661431,11
1583159672783,10.995
1583159682801,10.935
1583159692298,10.95
1583159703343,10.925
1583159714049,10.925
1583159717242,10.91
1583159735287,10.86
1583159742745,10.87
1583159754047,10.89
1583159766269,10.855
1583159776094,10.885
1583159787223,10.95
1583159795660,10.95
1583159806534,10.935
1583159818800,10.95
1583159828672,10.935
1583159837579,10.935
1583159849052,10.975
1583159859911,10.95
1583159870864,10.965
1583159876781,10.97
1583159890596,10.985
1583159902710,10.945
1583159911882,10.945
1583159922103,10.97
1583159929925,10.975
1583159944148,11.005
1583159951920,11.005
1583159964282,11.005
1583159971117,11.015
1583159971117,11.015
1583159996597,11
1583160004700,10.995
1583160016426,10.985
1583160028068,11.02
1583160034068,11.01
1583160048575,11.04
1583160056470,11.02
1583160068746,11.04
1583160080069,11.04
1583160090652,11.06
1583160100939,11.06
1583160109310,11.085
1583160120291,11.075
1583160132251,11.095
1583160142409,11.065
1583160153721,11.095
1583160162625,11.085
1583160173501,11.125
1583160185486,11.115
1583160196312,11.105
1583160206332,11.105
1583160215251,11.125
1583160226946,11.135
1583160236858,11.135
1583160247621,11.135
1583160256702,11.145
1583160269410,11.145
1583160279852,11.125
1583160289466,11.135
1583160300521,11.115
1583160310792,11.125
1583160321682,11.145
1583160328470,11.145
1583160336861,11.145
1583160346826,11.165
1583160355320,11.14
1583160365280,11.1
1583160376750,11.085
1583160376750,11.085
1583160401152,11.06
1583160408173,11.045
1583160420535,11.045
1583160432232,11.02
1583160447435,11.035
1583160455856,11.01
1583160467796,11.015
1583160467796,11.015
1583160488828,11.015
1583160499140,11.045
1583160509460,11.045
1583160520248,11.01
1583160530985,11.02
1583160540123,11.035
1583160549300,11.045
1583160561948,11.08
1583160572998,11.05
1583160582745,11.025
1583160593937,11.045
1583160603026,11.02
1583160609692,11.035
1583160625211,11.07
1583160631178,11.075
1583160631178,11.075
1583160655821,11.055
1583160666996,11.045
1583160674919,11.025
1583160683256,11.015
1583160694887,10.995
1583160706790,10.975
1583160715227,10.95
1583160727133,10.96
1583160737580,10.96
1583160750225,10.98
1583160759684,10.99
1583160765575,10.985
1583160776157,10.985
1583160791839,10.985
1583160791839,10.985
1583160813644,11
1583160813644,11
1583160833048,11.01
1583160844182,11.025
1583160853239,11.015
1583160862004,11.005
1583160871515,11.01
1583160886223,11.015
1583160894897,11
1583160906064,11.015
1583160917673,10.985
1583160924925,11
1583160936407,10.985
1583160947658,10.99
1583160957978,11
1583160965313,10.97
1583160978545,10.94
1583160987090,10.92
1583160999964,10.905
1583161011098,10.885
1583161022411,10.87
1583161032669,10.875
1583161041892,10.89
1583161054090,10.92
1583161065076,10.905
1583161074487,10.895
1583161085773,10.88
1583161095866,10.88
1583161106115,10.86
1583161106115,10.86
1583161127087,10.85
1583161137961,10.86
1583161148283,10.85
1583161154660,10.875
1583161168904,10.875
1583161177849,10.875
1583161189058,10.905
1583161200413,10.915
1583161210887,10.94
1583161220385,10.915
1583161229673,10.91
1583161237395,10.91
1583161251911,10.905
1583161263999,10.905
1583161271955,10.895
1583161283591,10.895
1583161291998,10.895
1583161298391,10.88
1583161315574,10.88
1583161326584,10.9
1583161336538,10.905
1583161343478,10.915
1583161354012,10.91
1583161368601,10.945
1583161373834,10.935
1583161387256,10.91
1583161393936,10.92
1583161393936,10.92
1583161417675,10.92
1583161426845,10.915
1583161437518,10.925
1583161451988,10.915
1583161460238,10.915
1583161470727,10.925
1583161470727,10.925
1583161486286,10.91
1583161499997,10.915
1583161514630,10.915
1583161525279,10.92
1583161536023,10.91
1583161546431,10.895
1583161555165,10.875
1583161564756,10.88
1583161564756,10.88
1583161585546,10.875
1583161595193,10.865
1583161602358,10.865
1583161617351,10.865
1583161628265,10.865
1583161638973,10.85
1583161645291,10.85
1583161653130,10.85
1583161671384,10.845
1583161680666,10.845
1583161689965,10.845
1583161700873,10.825
1583161708689,10.82
1583161716429,10.825
1583161732823,10.84
1583161744179,10.835
1583161752668,10.815
1583161765048,10.815
1583161771442,10.805
1583161785057,10.77
1583161796437,10.775
1583161805225,10.785
1583161811982,10.795
1583161819574,10.805
1583161839037,10.83
1583161843835,10.835
1583161850009,10.835
1583161870060,10.86
1583161880766,10.87
1583161886213,10.875
1583161893700,10.865
1583161912115,10.88
1583161921632,10.895
1583161933043,10.885
1583161979022,10.88
1583161980259,10.885
1583161999993,10.895
1583162005761,10.895
1583162020598,10.895
1583162028444,10.905
1583162042045,10.905
1583162050782,10.91
1583162054638,10.895
1583162072970,10.9
1583162083784,10.905
1583162083784,10.905
1583162102236,10.895
1583162115944,10.875
1583162118236,10.89
1583162128201,10.865
1583162142090,10.845
1583162142090,10.845
1583162163555,10.855
1583162176223,10.825
1583162181680,10.815
1583162196967,10.805
1583162209129,10.82
1583162219600,10.84
1583162223890,10.835
1583162240458,10.825
1583162251300,10.815
1583162261552,10.815
1583162261552,10.815
1583162261552,10.815
1583162293098,10.805
1583162293098,10.805
1583162293098,10.805
1583162320061,10.81
1583162335008,10.815
1583162343036,10.82
1583162355487,10.83
1583162363022,10.845
1583162374131,10.84
1583162383218,10.845
1583162397927,10.845
1583162406696,10.855
1583162417628,10.835
1583162426508,10.83
1583162435795,10.84
1583162450092,10.84
1583162459505,10.84
1583162468334,10.845
1583162481850,10.83
1583162485895,10.825
1583162501773,10.825
1583162511898,10.835
1583162523796,10.83
1583162526892,10.825
1583162526892,10.825
1583162551272,10.82
1583162560687,10.83
1583162560687,10.83
1583162586392,10.825
1583162594378,10.815
1583162601238,10.815
1583162617616,10.8
1583162622193,10.805
1583162638261,10.81
1583162646800,10.815
1583162657351,10.83
1583162665465,10.815
1583162680425,10.815
1583162688947,10.815
1583162699399,10.825
1583162705442,10.815
1583162722280,10.825
1583162730298,10.83
1583162739256,10.835
1583162739256,10.835
1583162759053,10.845
1583162773244,10.845
1583162782055,10.855
1583162796113,10.845
1583162796113,10.845
1583162817367,10.825
1583162817367,10.825
1583162837701,10.845
1583162846711,10.845
1583162852354,10.845
1583162869197,10.86
1583162877441,10.865
1583162886959,10.865
1583162895213,10.865
1583162907966,10.865
1583162916412,10.865
1583162931059,10.86
1583162940360,10.855
1583162952763,10.865
1583162961934,10.865
1583162965479,10.865
1583162982546,10.87
1583162994404,10.865
1583162994404,10.865
1583163009210,10.885
1583163027311,10.875
1583163036920,10.86
1583163042455,10.865
1583163056300,10.85
1583163068557,10.83
1583163079608,10.845
1583163090300,10.84
1583163100229,10.835
1583163100229,10.835
1583163100229,10.835
1583163100229,10.835
1583163143084,10.845
1583163151021,10.855
1583163158400,10.865
1583163175390,10.865
1583163182078,10.855
1583163194478,10.865
1583163206665,10.88
1583163213760,10.885
1583163222182,10.885
1583163236158,10.89
1583163249255,10.895
1583163251277,10.895
1583163269986,10.885
1583163278748,10.885
1583163290770,10.875
1583163300935,10.865
1583163310803,10.875
1583163320414,10.88
1583163331975,10.89
1583163340375,10.895
1583163350630,10.875
1583163364035,10.895
1583163364035,10.895
1583163381485,10.905
1583163381485,10.905
1583163406630,10.915
1583163416914,10.91
1583163425818,10.91
1583163433348,10.905
1583163446441,10.91
1583163446441,10.91
1583163466029,10.92
1583163466029,10.92
1583163489674,10.91
1583163495371,10.92
1583163506559,10.91
1583163506559,10.91
1583163532077,10.915
1583163543566,10.925
1583163554114,10.93
1583163564783,10.93
1583163574698,10.93
1583163574698,10.93
1583163597349,10.935
1583163606081,10.945
1583163612241,10.94
1583163625172,10.945
1583163639106,10.955
1583163645896,10.95
1583163657872,10.94
1583163670462,10.945
1583163673586,10.945
1583163673586,10.945
1583163699658,10.935
1583163711467,10.92
1583163715207,10.925
1583163733002,10.925
1583163744137,10.935
1583163752166,10.945
1583163764486,10.93
1583163766933,10.935
1583163781891,10.945
1583163793177,10.945
1583163803277,10.94
1583163803277,10.94
1583163821355,10.945
1583163838276,10.93
1583163844554,10.93
1583163852524,10.945
1583163869741,10.96
1583163871719,10.965
1583163882989,10.965
1583163899693,10.96
1583163904701,10.975
1583163920312,10.965
1583163933150,10.97
1583163933150,10.97
1583163952091,10.975
1583163963966,10.99
1583163974679,10.985
1583163984734,10.995
1583163994764,10.995
1583164006002,11
1583164014980,11
1583164024499,11.005
1583164037666,11.01
1583164039902,11.005
1583164059285,11.035
1583164069654,11.03
1583164078226,11.03
1583164089208,11.025
1583164098184,11.04
1583164108751,11.04
1583164112980,11.045
1583164130607,11.04
1583164134819,11.05
1583164153278,11.04
1583164159560,11.03
1583164166322,11.03
1583164177281,11.03
1583164194722,11.03
1583164205012,11.045
1583164214646,11.05
1583164224499,11.06
1583164238078,11.06
1583164243277,11.065
1583164256293,11.07
1583164265596,11.065
1583164269797,11.07
1583164287360,11.08
1583164296723,11.08
1583164310092,11.08
1583164320221,11.08
1583164324581,11.065
1583164339300,11.065
1583164339300,11.065
1583164339300,11.065
1583164372592,11.06
1583164382131,11.06
1583164393314,11.05
1583164393314,11.05
1583164415026,11.055
1583164425628,11.065
1583164425628,11.065
1583164443713,11.065
1583164449020,11.065
1583164465579,11.07
1583164476400,11.05
1583164481343,11.045
1583164495024,11.055
1583164504434,11.06
1583164518313,11.07
1583164528278,11.08
1583164537363,11.085
1583164547565,11.085
1583164556758,11.085
1583164570480,11.085
1583164578752,11.085
1583164578752,11.085
1583164600963,11.075
1583164610883,11.075
1583164625130,11.08
1583164635528,11.075
1583164645341,11.075
1583164656364,11.08
1583164666052,11.08
1583164672890,11.07
1583164682744,11.065
1583164693819,11.06
1583164693819,11.06
1583164719541,11.035
1583164725020,11.04
1583164730231,11.04
1583164751191,11.045
1583164759873,11.05
1583164771355,11.055
1583164782768,11.035
1583164792543,11.03
1583164803430,11.025
1583164808513,11.035
1583164808513,11.035
1583164834932,11.045
1583164846252,11.05
1583164852518,11.05
1583164865277,11.04
1583164877074,11.02
1583164884094,11.02
1583164890065,11.01
1583164907311,11
1583164919744,11.015
1583164926087,11.01
1583164926087,11.01
1583164926087,11.01
1583164959609,11.01
1583164968061,11
1583164968061,11
1583164968061,11
1583164993836,11.005
1583165007765,11.01
1583165023423,11.02
1583165023423,11.02
1583165045284,11.025
1583165048765,11.035
1583165066347,11.035
1583165076933,11.045
1583165078297,11.04
1583165095094,11.045
1583165101144,11.025
1583165113697,11.015
1583165124130,11.02
1583165124130,11.02
1583165141379,11.025
1583165141379,11.025
1583165170969,11.02
1583165170969,11.02
1583165194404,11.01
1583165194898,11.02
1583165205100,11.02
1583165224027,11.025
1583165234476,11.01
1583165240394,11.005
1583165247886,11.005
1583165247886,11.005
1583165247886,11.005
1583165247886,11.005
1583165294047,11.005
1583165308669,11.005
1583165313768,11.015
1583165321948,11.015
1583165340346,10.99
1583165347898,10.99
1583165352106,10.99
1583165371155,10.995
1583165376907,10.99
1583165376907,10.99
1583165376907,10.99
1583165376907,10.99
1583165422889,11
1583165424750,11
1583165424750,11
1583165451136,11.005
1583165465143,11.015
1583165475463,11.025
1583165485905,11.04
1583165487275,11.045
1583165496674,11.08
1583165509225,11.065
1583165509225,11.065
1583165529022,11.085
1583165529022,11.085
1583165546879,11.09
1583165546879,11.09
1583165556738,11.09
1583165580401,11.1
1583165586911,11.095
1583165595577,11.085
1583165595577,11.085
1583165622951,11.085
1583165636154,11.095
1583165650244,11.11
1583165655386,11.11
1583165665102,11.115
1583165685231,11.115
1583165694808,11.115
1583165694808,11.115
1583165711452,11.115
1583165725276,11.105
1583165725276,11.105
1583165725276,11.105
1583165756206,11.11
1583165759815,11.115
1583165773195,11.115
1583165773195,11.115
1583165800478,11.115
1583165809888,11.12
1583165809888,11.12
1583165831435,11.125
1583165838297,11.125
1583165850914,11.13
1583165863695,11.115
1583165872977,11.125
1583165884467,11.125
1583165887119,11.12
1583165905308,11.125
1583165905308,11.125
1583165905308,11.125
1583165937497,11.125
1583165948240,11.12
1583165955302,11.11
1583165963410,11.1
1583165969482,11.1
1583165989388,11.1
1583165999582,11.1
1583166003409,11.11
1583166019249,11.11
1583166029258,11.125
1583166037423,11.12
1583166037423,11.12
1583166060021,11.12
1583166060021,11.12
1583166060021,11.12
1583166088014,11.125
1583166099207,11.11
1583166099207,11.11
1583166122148,11.105
1583166135300,11.1
1583166146789,11.1
1583166146789,11.1
1583166166798,11.11
1583166176228,11.125
1583166188884,11.13
1583166196793,11.135
1583166196793,11.135
1583166196793,11.135
1583166196793,11.135
1583166239721,11.15
1583166247342,11.15
1583166258461,11.15
1583166264098,11.15
1583166279966,11.14
1583166289030,11.14
1583166289030,11.14
1583166307230,11.135
1583166323598,11.16
1583166331424,11.165
1583166331424,11.165
1583166356243,11.18
1583166361923,11.18
1583166373822,11.185
1583166373822,11.185
1583166394130,11.175
1583166407031,11.17
1583166411796,11.16
1583166428486,11.155
1583166439819,11.175
1583166447574,11.16
1583166458844,11.155
1583166471111,11.155
1583166482025,11.17
1583166482626,11.17
1583166502461,11.175
1583166502461,11.175
1583166517970,11.175
1583166533757,11.185
1583166543452,11.175
1583166555138,11.165
1583166555138,11.165
1583166575977,11.155
1583166586190,11.155
1583166596416,11.165
1583166606418,11.155
1583166615002,11.135
1583166624864,11.145
1583166636255,11.155
1583166636255,11.155
1583166657553,11.155
1583166668793,11.165
1583166677029,11.165
1583166688792,11.155
1583166699465,11.155
1583166711683,11.145
1583166718617,11.155
1583166734024,11.165
1583166743448,11.155
1583166755433,11.155
1583166759791,11.15
1583166774927,11.16
1583166780626,11.145
1583166795164,11.15
1583166807959,11.16
1583166814220,11.165
1583166822048,11.17
1583166838740,11.155
1583166848813,11.155
1583166857966,11.155
1583166865961,11.145
1583166876204,11.145
1583166890145,11.14
1583166895505,11.135
1583166909164,11.135
1583166922472,11.15
1583166932137,11.145
1583166935533,11.135
1583166935533,11.135
1583166962989,11.14
1583166970310,11.145
1583166985742,11.145
1583166985742,11.145
1583166999390,11.145
1583166999390,11.145
1583167027683,11.15
1583167035942,11.145
1583167047504,11.15
1583167059617,11.155
1583167070761,11.16
1583167081936,11.175
1583167087557,11.175
1583167098786,11.18
1583167113151,11.175
1583167122920,11.185
1583167133982,11.19
1583167144575,11.175
1583167151596,11.175
1583167165708,11.175
1583167174699,11.185
1583167186257,11.185
1583167197057,11.175
1583167200536,11.18
1583167216528,11.17
1583167225764,11.15
1583167236145,11.15
1583167242080,11.155
1583167258724,11.15
1583167270243,11.13
1583167277266,11.13
1583167288155,11.12
1583167288155,11.12
1583167305777,11.12
1583167305777,11.12
1583167329455,11.115
1583167337284,11.11
1583167346274,11.11
1583167363588,11.125
1583167373547,11.11
1583167382213,11.1
1583167382213,11.1
1583167405493,11.11
1583167409544,11.115
1583167426784,11.11
1583167431220,11.115
1583167445418,11.13
1583167455799,11.14
1583167455799,11.14
1583167476957,11.135
1583167488378,11.145
1583167500263,11.15
1583167511098,11.145
1583167513891,11.135
1583167531134,11.135
1583167540025,11.135
1583167551496,11.13
1583167561918,11.135
1583167561918,11.135
1583167582133,11.14
1583167589788,11.14
1583167602389,11.145
1583167608110,11.125
1583167625944,11.13
1583167633510,11.135
1583167645439,11.14
1583167645439,11.14
1583167666927,11.145
1583167677947,11.135
1583167689225,11.125
1583167689225,11.125
1583167707699,11.125
1583167716038,11.135
1583167728424,11.125
1583167738558,11.15
1583167752108,11.16
1583167762912,11.17
1583167772906,11.18
1583167778265,11.18
1583167792956,11.165
1583167803661,11.175
1583167812501,11.17
1583167822235,11.16
1583167822235,11.16
1583167822235,11.16
1583167822235,11.16
1583167866464,11.17
1583167875350,11.17
1583167883677,11.18
1583167896559,11.19
1583167907387,11.2
1583167916108,11.185
1583167921376,11.185
1583167933694,11.19
1583167945232,11.2
1583167962827,11.205
1583167969806,11.2
1583167979124,11.2
1583167991377,11.21
1583168003817,11.21
1583168013886,11.22
1583168025404,11.23
1583168027534,11.23
1583168045629,11.23
1583168053316,11.24
1583168067027,11.245
1583168075800,11.235
1583168086740,11.235
1583168098021,11.235
1583168105713,11.245
1583168115138,11.245
1583168129782,11.26
1583168131872,11.26
1583168131872,11.26
1583168151516,11.28
1583168171015,11.275
1583168180858,11.26
1583168191516,11.255
1583168201004,11.255
1583168212782,11.255
1583168223619,11.255
1583168233510,11.255
1583168245399,11.255
1583168254521,11.255
1583168264552,11.255
1583168269835,11.245
1583168286432,11.24
1583168297409,11.24
1583168297409,11.24
1583168311647,11.245
1583168326037,11.235
1583168337209,11.23
1583168346808,11.23
1583168362379,11.225
1583168371590,11.225
1583168383152,11.205
1583168393090,11.205
1583168400052,11.21
1583168412402,11.225
1583168422297,11.225
1583168430229,11.22
1583168446814,11.225
1583168453611,11.225
1583168458582,11.23
1583168478963,11.23
1583168483396,11.255
1583168498966,11.245
1583168498966,11.245
1583168520928,11.29
1583168523988,11.29
1583168538891,11.285
1583168549282,11.29
1583168554537,11.29
1583168554537,11.29
1583168582225,11.29
1583168586630,11.29
1583168586630,11.29
1583168586630,11.29
1583168616864,11.3
1583168634953,11.3
1583168646177,11.3
1583168656290,11.285
1583168666351,11.285
1583168677581,11.26
1583168682172,11.255
1583168696906,11.26
1583168708833,11.25
1583168713325,11.245
1583168727628,11.245
1583168736689,11.265
1583168750335,11.275
1583168755933,11.28
1583168771831,11.285
1583168781508,11.28
1583168792106,11.275
1583168802936,11.27
1583168812952,11.26
1583168823879,11.265
1583168834693,11.265
1583168845185,11.265
1583168853167,11.265
1583168865756,11.245
1583168876089,11.245
1583168886359,11.245
1583168896889,11.235
1583168906398,11.235
1583168916831,11.24
1583168926822,11.25
1583168939073,11.255
1583168948075,11.25
1583168958683,11.235
1583168970368,11.245
1583168980696,11.235
1583168991245,11.235
1583169001558,11.235
1583169012243,11.235
1583169022806,11.245
1583169031352,11.245
1583169040801,11.245
1583169051282,11.24
1583169065050,11.235
1583169071320,11.235
1583169085901,11.235
1583169096212,11.235
1583169102387,11.235
1583169115913,11.235
1583169120086,11.23
1583169135471,11.235
1583169135471,11.235
1583169158496,11.23
1583169167851,11.235
1583169167851,11.235
1583169186421,11.225
1583169199696,11.225
1583169209732,11.22
1583169221112,11.225
1583169226042,11.225
1583169240711,11.225
1583169253000,11.22
1583169261248,11.225
1583169270983,11.225
1583169281108,11.215
1583169294389,11.225
1583169300409,11.225
1583169315776,11.225
1583169326346,11.225
1583169336354,11.235
1583169343976,11.245
1583169357128,11.24
1583169366426,11.235
1583169375650,11.245
1583169387160,11.225
1583169399574,11.235
1583169409021,11.23
1583169416990,11.215
1583169426009,11.215
1583169441171,11.215
1583169451365,11.225
1583169460980,11.225
1583169471393,11.225
1583169480879,11.22
1583169492445,11.205
1583169498174,11.205
1583169498174,11.205
1583169524526,11.205
1583169533489,11.21
1583169541138,11.215
1583169555694,11.215
1583169563000,11.215
1583169576126,11.215
1583169586227,11.215
1583169596275,11.215
1583169607536,11.215
1583169616063,11.205
1583169626304,11.205
1583169636220,11.205
1583169646298,11.195
1583169659972,11.185
1583169670843,11.185
1583169680631,11.185
1583169692617,11.185
1583169697664,11.185
1583169697664,11.185
1583169717763,11.185
1583169729166,11.185
1583169740862,11.185
1583169752822,11.185
1583169762238,11.175
1583169772701,11.175
1583169786128,11.16
1583169795648,11.145
1583169802821,11.145
1583169816299,11.145
1583169825733,11.145
1583169834260,11.145
1583169842144,11.145
1583169842144,11.145
1583169863549,11.145
1583169863549,11.145
1583169886514,11.155
1583169893454,11.16
1583169906901,11.17
1583169906901,11.17
1583169906901,11.17
1583169906901,11.17
1583169944493,11.2
1583169963917,11.205
1583169972548,11.195
1583169983185,11.19
1583169988320,11.205
1583170006182,11.205
1583170006182,11.205
1583170021702,11.215
1583170021702,11.215
1583170046735,11.21
1583170055101,11.215
1583170061050,11.225
1583170069520,11.22
1583170085846,11.225
1583170095025,11.23
1583170106246,11.245
1583170121019,11.245
1583170131373,11.235
1583170138073,11.235
1583170149563,11.25
1583170154988,11.245
1583170167085,11.25
1583170179305,11.255
1583170191958,11.245
1583170191958,11.245
1583170191958,11.245
1583170191958,11.245
1583170229335,11.245
1583170229335,11.245
1583170255162,11.255
1583170263749,11.255
1583170263749,11.255
1583170285260,11.265
1583170298422,11.26
1583170301054,11.265
1583170301054,11.265
1583170327790,11.27
1583170337448,11.285
1583170350256,11.285
1583170354841,11.275
1583170368144,11.285
1583170377382,11.295
1583170394745,11.295
1583170400419,11.285
1583170412259,11.295
1583170412259,11.295
1583170436400,11.3
1583170446740,11.3
1583170446740,11.3
1583170465178,11.305
1583170475584,11.295
1583170486856,11.3
1583170492151,11.295
1583170505494,11.31
1583170517100,11.3
1583170517100,11.3
1583170534563,11.31
1583170550253,11.325
1583170558000,11.325
1583170572145,11.32
1583170580358,11.315
1583170590125,11.325
1583170605159,11.33
1583170615252,11.33
1583170624946,11.33
1583170634659,11.315
1583170646413,11.325
1583170653300,11.315
1583170653300,11.315
1583170678297,11.305
1583170686740,11.315
1583170696811,11.3
1583170710049,11.29
1583170719567,11.285
1583170722937,11.285
1583170722937,11.285
1583170746636,11.27
1583170757435,11.27
1583170772315,11.265
1583170783156,11.265
1583170789808,11.275
1583170803574,11.275
1583170805717,11.275
1583170816370,11.28
1583170816370,11.28
1583170838051,11.275
1583170852775,11.275
1583170864045,11.275
1583170875217,11.28
1583170886489,11.275
1583170897724,11.265
1583170897724,11.265
1583170897724,11.265
1583170925914,11.26
1583170932176,11.255
1583170941536,11.225
1583170957205,11.235
1583170971272,11.225
1583170982174,11.215
1583170993487,11.215
1583171001857,11.215
1583171006600,11.21
1583171020434,11.195
1583171034059,11.185
1583171043883,11.2
1583171054725,11.205
1583171065536,11.205
1583171071357,11.225
1583171087565,11.225
1583171091571,11.225
1583171108501,11.235
1583171108501,11.235
1583171126232,11.235
1583171140800,11.245
1583171148236,11.235
1583171159878,11.235
1583171162773,11.23
1583171175669,11.235
1583171191340,11.235
1583171191340,11.235
1583171204364,11.235
1583171223788,11.225
1583171233397,11.235
1583171244719,11.235
1583171248059,11.235
1583171248059,11.235
1583171276316,11.225
1583171286769,11.235
1583171286769,11.235
1583171286769,11.235
1583171318447,11.245
1583171318447,11.245
1583171318447,11.245
1583171343907,11.235
1583171352253,11.235
1583171352253,11.235
1583171352253,11.235
1583171352253,11.235
1583171352253,11.235
1583171352253,11.235
1583171352253,11.235
1583171430543,11.25
1583171442771,11.255
1583171449298,11.255
1583171461971,11.25
1583171473808,11.235
1583171478226,11.235
1583171495271,11.235
1583171495271,11.235
1583171508273,11.24
1583171527445,11.25
1583171538136,11.28
1583171548225,11.275
1583171558364,11.285
1583171558364,11.285
1583171577826,11.295
1583171583500,11.295
1583171597694,11.295
1583171597694,11.295
1583171597694,11.295
1583171626385,11.305
1583171638173,11.3
1583171651265,11.295
1583171658277,11.3
1583171669928,11.315
1583171676863,11.305
1583171689203,11.305
1583171702664,11.315
1583171711577,11.325
1583171718237,11.315
1583171737543,11.31
1583171737543,11.31
1583171737543,11.31
1583171767105,11.315
1583171767105,11.315
1583171788239,11.325
1583171788239,11.325
1583171788239,11.325
1583171821364,11.325
1583171828599,11.33
1583171840766,11.34
1583171850055,11.34
1583171853462,11.33
1583171868872,11.32
1583171883302,11.325
1583171893132,11.31
1583171893132,11.31
1583171893132,11.31
1583171923156,11.305
1583171923156,11.305
1583171943687,11.315
1583171948617,11.315
1583171948617,11.315
1583171970019,11.305
1583171970019,11.305
1583171970019,11.305
1583172007711,11.305
1583172019227,11.305
1583172019227,11.305
1583172041094,11.305
1583172044398,11.31
1583172044398,11.31
1583172069739,11.32
1583172079208,11.33
1583172089278,11.325
1583172103506,11.335
1583172108267,11.335
1583172123322,11.335
1583172132213,11.335
1583172145273,11.325
1583172146121,11.325
1583172156535,11.325
1583172168451,11.315
1583172181138,11.305
1583172181138,11.305
1583172181138,11.305
1583172214683,11.31
1583172225271,11.305
1583172236989,11.305
1583172236989,11.305
1583172236989,11.305
1583172236989,11.305
1583172236989,11.305
1583172291619,11.31
1583172292897,11.315
1583172306483,11.315
1583172321174,11.305
1583172331671,11.305
1583172343324,11.305
1583172352705,11.305
1583172356162,11.305
1583172372299,11.31
1583172372299,11.31
1583172394598,11.32
1583172403961,11.315
1583172417445,11.315
1583172427455,11.315
1583172427455,11.315
1583172427455,11.315
1583172427455,11.315
1583172469141,11.305
1583172471892,11.305
1583172490566,11.295
1583172490566,11.295
1583172503399,11.285
1583172517330,11.285
1583172533362,11.295
1583172533811,11.295
1583172533811,11.295
1583172533811,11.295
1583172572028,11.295
1583172580009,11.29
1583172590818,11.285
1583172590818,11.285
1583172609409,11.285
1583172622805,11.28
1583172637470,11.285
1583172637470,11.285
1583172648765,11.285
1583172663756,11.275
1583172663756,11.275
1583172686467,11.265
1583172697537,11.26
1583172707522,11.26
1583172719063,11.25
1583172730141,11.255
1583172739993,11.25
1583172739993,11.25
1583172739993,11.25
1583172769876,11.245
1583172781829,11.245
1583172781829,11.245
1583172804751,11.245
1583172809899,11.245
1583172823313,11.245
1583172834825,11.245
1583172845874,11.27
1583172853514,11.26
1583172867274,11.245
1583172875768,11.26
1583172878806,11.265
1583172878806,11.265
1583172904705,11.255
1583172918171,11.255
1583172918171,11.255
1583172918171,11.255
1583172946355,11.225
1583172946355,11.225
1583172946355,11.225
1583172946355,11.225
1583172983480,11.22
1583172995869,11.215
1583173011014,11.215
1583173020573,11.215
1583173032606,11.215
1583173043459,11.205
1583173055952,11.205
1583173063602,11.205
1583173076561,11.205
1583173084716,11.205
1583173084716,11.205
1583173101846,11.195
1583173110407,11.195
1583173121928,11.195
1583173134626,11.185
1583173150438,11.18
1583173156997,11.175
1583173170760,11.175
1583173172067,11.175
1583173172067,11.175
1583173201426,11.185
1583173212962,11.195
1583173218693,11.195
1583173226823,11.19
1583173226823,11.19
1583173246398,11.195
1583173264317,11.17
1583173264317,11.17
1583173279267,11.175
1583173292677,11.165
1583173304002,11.165
1583173315380,11.165
1583173315380,11.165
1583173315380,11.165
1583173346608,11.165
1583173359621,11.165
1583173363073,11.165
1583173375286,11.165
1583173387462,11.165
1583173387462,11.165
1583173405996,11.155
1583173417562,11.155
1583173433282,11.155
1583173437394,11.155
1583173437394,11.155
1583173465162,11.155
1583173465162,11.155
1583173485836,11.155
1583173492798,11.155
1583173504109,11.155
1583173515367,11.165
1583173527019,11.155
1583173534556,11.16
1583173549292,11.155
1583173559583,11.145
1583173559583,11.145
1583173559583,11.145
1583173587144,11.145
1583173587144,11.145
1583173587144,11.145
1583173623647,11.125
1583173634600,11.105
1583173644407,11.105
1583173654477,11.095
1583173661096,11.105
1583173672857,11.09
1583173686990,11.1
1583173690044,11.105
1583173706574,11.11
1583173706574,11.11
1583173725707,11.14
1583173731969,11.14
1583173731969,11.14
1583173731969,11.14
1583173762330,11.15
1583173778406,11.16
1583173784984,11.165
1583173784984,11.165
1583173811499,11.17
1583173811499,11.17
1583173832120,11.165
1583173835077,11.165
1583173851689,11.15
1583173860393,11.15
1583173860393,11.15
1583173883754,11.155
1583173883754,11.155
1583173902733,11.145
1583173911232,11.145
1583173911232,11.145
1583173932923,11.15
1583173944753,11.155
1583173957199,11.15
1583173963390,11.15
1583173969749,11.15
1583173984277,11.15
1583173997707,11.145
1583174009103,11.145
1583174017389,11.145
1583174026259,11.155
1583174041232,11.155
1583174041232,11.155
1583174041232,11.155
1583174073502,11.165
1583174078594,11.155
1583174078594,11.155
1583174103471,11.155
1583174103471,11.155
1583174123446,11.16
1583174136965,11.185
1583174142616,11.18
1583174156302,11.185
1583174159394,11.185
1583174170033,11.185
1583174185605,11.18
1583174194307,11.2
1583174210696,11.185
1583174214010,11.185
1583174231128,11.175
1583174231128,11.175
1583174231128,11.175
1583174252902,11.175
1583174270551,11.18
1583174282783,11.17
1583174295104,11.175
1583174297381,11.185
1583174314342,11.175
1583174326201,11.19
1583174335280,11.19
1583174335280,11.19
1583174355656,11.195
1583174367890,11.185
1583174377690,11.175
1583174379128,11.175
1583174395954,11.175
1583174402034,11.18
1583174420839,11.175
1583174428312,11.17
1583174437886,11.175
1583174445739,11.185
1583174456949,11.19
1583174463892,11.195
1583174474435,11.2
1583174489282,11.19
1583174500358,11.185
1583174500358,11.185
1583174518839,11.205
1583174531295,11.195
1583174538232,11.2
1583174555030,11.19
1583174566780,11.185
1583174566780,11.185
1583174586196,11.175
1583174599015,11.175
1583174602087,11.17
1583174619638,11.195
1583174623241,11.195
1583174639499,11.185
1583174648188,11.2
1583174655344,11.21
1583174671544,11.205
1583174682476,11.215
1583174691422,11.215
1583174698707,11.215
1583174707206,11.225
1583174715059,11.225
1583174732362,11.225
1583174739192,11.21
1583174753256,11.215
1583174764652,11.225
1583174771182,11.215
1583174779957,11.225
1583174791198,11.225
1583174801743,11.21
1583174818210,11.22
1583174826352,11.22
1583174839355,11.215
1583174846677,11.205
1583174856183,11.19
1583174867789,11.195
1583174878894,11.185
1583174886948,11.19
1583174895942,11.17
1583174912868,11.16
1583174912868,11.16
1583174932433,11.165
1583174940872,11.175
1583174945503,11.175
1583174945503,11.175
1583174971653,11.175
1583174979017,11.175
1583174990094,11.175
1583174990094,11.175
1583175016492,11.165
1583175026059,11.175
1583175033073,11.17
1583175049909,11.18
1583175060523,11.18
1583175065131,11.185
1583175076962,11.19
1583175090271,11.195
1583175101765,11.185
1583175111989,11.175
1583175123154,11.16
1583175131113,11.155
1583175131113,11.155
1583175146641,11.155
1583175163423,11.155
1583175163423,11.155
1583175163423,11.155
1583175194246,11.145
1583175203067,11.135
1583175203067,11.135
1583175224337,11.12
1583175237755,11.1
1583175247716,11.105
1583175247716,11.105
1583175247716,11.105
1583175278299,11.125
1583175287466,11.1
1583175295700,11.105
1583175306506,11.105
1583175320401,11.105
1583175329703,11.115
1583175340489,11.095
1583175340489,11.095
1583175363300,11.105
1583175372899,11.105
1583175384650,11.095
1583175393888,11.1
1583175401204,11.11
1583175413131,11.115
1583175424184,11.115
1583175436693,11.115
1583175448356,11.11
1583175458865,11.125
1583175467863,11.105
1583175479256,11.115
1583175488236,11.13
1583175493118,11.135
1583175506436,11.125
1583175520849,11.135
1583175528646,11.13
1583175542630,11.11
1583175550712,11.115
1583175554856,11.115
1583175554856,11.115
1583175554856,11.115
1583175592868,11.115
1583175605743,11.115
1583175605743,11.115
1583175625584,11.13
1583175637007,11.145
1583175644044,11.135
1583175651703,11.115
1583175667935,11.105
1583175677151,11.12
1583175686257,11.135
1583175699497,11.145
1583175708829,11.145
1583175718565,11.155
1583175727784,11.145
1583175734021,11.135
1583175744489,11.145
1583175763254,11.15
1583175766046,11.145
1583175780992,11.14
1583175792040,11.135
1583175803152,11.125
1583175813079,11.125
1583175813079,11.125
1583175832579,11.125
1583175832579,11.125
1583175855028,11.115
1583175865651,11.125
1583175876418,11.125
1583175887180,11.13
1583175887180,11.13
1583175909729,11.125
1583175913482,11.125
1583175926602,11.125
1583175941541,11.115
1583175951376,11.115
1583175961301,11.115
1583175973630,11.115
1583175984085,11.11
1583175984539,11.105
1583176000698,11.105
1583176014911,11.11
1583176020403,11.115
1583176020403,11.115
1583176020403,11.115
1583176053398,11.13
1583176053398,11.13
1583176073931,11.125
1583176073931,11.125
1583176096600,11.115
1583176102650,11.115
1583176120015,11.115
1583176128201,11.125
1583176128201,11.125
1583176128201,11.125
1583176160765,11.145
1583176171922,11.145
1583176181905,11.135
1583176181905,11.135
1583176203463,11.135
1583176209441,11.125
1583176225442,11.125
1583176225442,11.125
1583176225442,11.125
1583176225442,11.125
1583176225442,11.125
1583176271297,11.125
1583176271297,11.125
1583176293415,11.125
1583176303314,11.13
1583176303314,11.13
1583176303314,11.13
1583176340835,11.125
1583176350091,11.13
1583176357861,11.135
1583176372083,11.125
1583176378833,11.125
1583176378833,11.125
1583176378833,11.125
1583176411568,11.135
1583176419734,11.135
1583176434787,11.145
1583176444219,11.125
1583176444219,11.125
1583176444219,11.125
1583176444219,11.125
1583176444219,11.125
1583176444219,11.125
1583176506597,11.135
1583176516033,11.135
1583176530068,11.135
1583176540305,11.135
1583176551558,11.125
1583176551558,11.125
1583176566526,11.125
1583176582705,11.115
1583176591565,11.115
1583176601462,11.115
1583176601462,11.115
1583176622628,11.1
1583176636626,11.11
1583176646842,11.105
1583176650771,11.095
1583176657836,11.095
1583176671448,11.095
1583176688760,11.095
1583176699569,11.105
1583176709141,11.105
1583176714597,11.105
1583176723014,11.095
1583176739391,11.105
1583176748558,11.105
1583176760941,11.1
1583176769197,11.1
1583176776687,11.09
1583176791304,11.075
1583176804547,11.075
1583176812995,11.075
1583176820594,11.075
1583176833689,11.08
1583176846530,11.07
1583176856188,11.075
1583176866043,11.075
1583176876242,11.065
1583176888102,11.065
1583176898951,11.045
1583176902376,11.045
1583176914936,11.045
1583176927139,11.045
1583176927139,11.045
1583176949619,11.035
1583176957162,11.035
1583176967275,11.035
1583176981164,11.045
1583176991098,11.045
1583176998020,11.035
1583177011438,11.04
1583177024867,11.035
1583177034936,11.035
1583177044777,11.035
1583177053261,11.035
1583177058472,11.045
1583177077290,11.035
1583177083167,11.035
1583177097536,11.035
1583177098540,11.035
1583177116094,11.035
1583177123681,11.035
1583177138681,11.035
1583177148594,11.025
1583177154059,11.015
1583177170846,11.015
1583177177230,11.015
1583177192083,11.015
1583177201237,11.02
1583177212896,11.035
1583177221724,11.035
1583177234342,11.035
1583177246899,11.055
1583177249823,11.055
1583177249823,11.055
1583177277211,11.08
1583177288036,11.08
1583177298345,11.07
1583177308401,11.065
1583177318252,11.055
1583177327988,11.055
1583177331860,11.045
1583177331860,11.045
1583177357166,11.045
1583177372974,11.045
1583177383379,11.03
1583177391844,11.035
1583177402343,11.035
1583177406475,11.045
1583177406475,11.045
1583177435882,11.055
1583177445288,11.035
1583177456070,11.045
1583177468447,11.045
1583177468447,11.045
1583177484774,11.035
1583177499131,11.045
1583177503261,11.045
1583177511339,11.05
1583177526635,11.04
1583177538665,11.045
1583177550826,11.045
1583177563072,11.035
1583177570861,11.035
1583177584799,11.035
1583177590148,11.045
1583177597206,11.055
1583177607224,11.055
1583177607224,11.055
1583177607224,11.055
1583177642919,11.055
1583177642919,11.055
1583177642919,11.055
1583177673078,11.045
1583177688616,11.035
1583177698487,11.035
1583177709835,11.01
1583177714473,11.01
1583177730871,10.985
1583177733981,10.99
1583177753090,10.995
1583177756962,10.995
1583177773989,10.99
1583177783719,11.01
1583177786993,11.015
1583177802121,11.025
1583177802121,11.025
1583177825368,11
1583177836358,10.99
1583177845703,10.98
1583177857820,10.995
1583177865443,10.995
1583177875105,10.995
1583177888288,10.995
1583177888288,10.995
1583177888288,10.995
1583177917403,10.985
1583177917403,10.985
1583177940705,10.985
1583177950075,10.965
1583177962892,10.965
1583177967921,10.965
1583177978423,10.965
1583177993915,10.96
1583177997706,10.965
1583178014884,10.94
1583178025900,10.935
1583178037210,10.93
1583178037210,10.93
1583178053107,10.945
1583178064706,10.945
1583178064706,10.945
1583178088590,10.95
1583178088590,10.95
1583178101039,10.975
1583178120094,10.985
1583178124236,10.985
1583178142509,10.975
1583178152318,10.965
1583178155970,10.975
1583178166639,10.965
1583178179924,10.955
1583178191223,10.955
1583178201768,10.94
1583178216221,10.945
1583178227053,10.945
1583178234318,10.945
1583178248155,10.96
1583178255933,10.965
1583178268892,10.97
1583178268892,10.97
1583178289086,10.985
1583178296643,10.99
1583178305382,10.97
1583178320993,10.96
1583178331132,10.97
1583178331132,10.97
1583178352296,10.965
1583178361596,10.945
1583178372950,10.945
1583178381762,10.94
1583178391795,10.965
1583178404781,10.985
1583178404781,10.985
1583178426657,10.985
1583178437140,10.99
1583178437140,10.99
1583178452698,10.985
1583178463627,10.995
1583178477448,10.995
1583178487465,11.015
1583178497078,11.015
1583178509836,11.03
1583178521035,11.03
1583178529660,11.05
1583178537279,11.05
1583178551139,11.045
1583178558905,11.045
1583178571062,11.06
1583178571062,11.06
1583178593270,11.045
1583178595593,11.045
1583178614209,11.035
1583178624960,11.035
1583178634479,11.035
1583178641155,11.035
1583178648143,11.03
1583178661119,11.015
1583178678461,11.015
1583178678461,11.015
1583178699529,11.025
1583178704628,11.025
1583178715901,11.035
1583178729877,11.045
1583178732897,11.045
1583178745685,11.05
1583178762467,11.065
1583178770562,11.07
1583178777586,11.065
1583178793653,11.065
1583178804041,11.065
1583178813989,11.065
1583178823789,11.065
1583178833808,11.055
1583178847235,11.06
1583178849719,11.065
1583178860465,11.065
1583178879126,11.06
1583178888838,11.065
1583178900130,11.075
1583178908144,11.07
1583178919872,11.065
1583178930972,11.065
1583178941659,11.065
1583178941659,11.065
1583178963562,11.055
1583178963562,11.055
1583178983113,11.055
1583178989821,11.055
1583179000830,11.045
1583179012988,11.035
1583179019242,11.035
1583179037820,11.035
1583179048129,11.035
1583179052367,11.035
1583179068031,11.035
1583179074133,11.025
1583179084853,11.025
1583179101192,11.015
1583179111600,11.015
1583179118990,11.015
1583179130756,11.015
1583179140370,11.015
1583179150175,11.005
1583179162320,10.995
1583179173016,10.985
1583179182040,10.995
1583179194910,10.995
1583179201849,10.995
1583179217053,10.995
1583179227733,11.015
1583179229579,11.02
1583179246536,11.035
1583179259795,11.015
1583179265625,11.025
1583179281033,11.035
1583179281033,11.035
1583179301955,11.035
1583179312433,11.035
1583179321791,11.035
1583179332000,11.035
1583179336480,11.03
1583179345731,11.05
1583179355693,11.055
1583179369181,11.07
1583179384719,11.08
1583179384719,11.08
1583179398063,11.075
1583179416438,11.065
1583179418788,11.055
1583179436388,11.065
1583179436388,11.065
1583179457658,11.075
1583179465658,11.06
1583179475675,11.075
1583179487441,11.055
1583179499961,11.055
1583179510811,11.055
1583179517400,11.065
1583179531695,11.055
1583179539126,11.075
1583179550297,11.07
1583179561135,11.08
1583179571316,11.09
1583179585260,11.095
1583179586710,11.09
1583179605308,11.095
1583179615342,11.095
1583179622611,11.095
1583179622611,11.095
1583179647778,11.095
1583179647778,11.095
1583179647778,11.095
1583179647778,11.095
1583179689339,11.095
1583179698882,11.115
1583179701249,11.105
1583179717482,11.105
1583179729965,11.09
1583179738314,11.105
1583179738314,11.105
1583179761316,11.105
1583179769983,11.105
1583179781650,11.105
1583179789541,11.1
1583179803675,11.085
1583179807867,11.085
1583179817883,11.075
1583179837152,11.095
1583179841608,11.095
1583179855783,11.095
1583179860731,11.085
1583179871102,11.075
1583179881132,11.075
1583179881132,11.075
1583179905306,11.055
1583179913220,11.055
1583179927539,11.055
1583179942976,11.065
1583179951289,11.055
1583179962869,11.065
1583179974058,11.08
1583179981321,11.065
1583179997193,11.09
1583180007686,11.095
1583180009254,11.1
1583180027333,11.105
1583180033007,11.09
1583180049133,11.08
1583180049133,11.08
1583180070377,11.075
1583180081224,11.07
1583180090970,11.075
1583180100100,11.07
1583180112839,11.065
1583180112839,11.065
1583180131259,11.065
1583180137718,11.065
1583180157340,11.065
1583180167764,11.055
1583180177744,11.06
1583180187704,11.065
1583180197701,11.065
1583180211022,11.065
1583180217701,11.075
1583180231874,11.08
1583180231874,11.08
1583180247039,11.075
1583180256190,11.075
1583180256190,11.075
1583180256190,11.075
1583180295576,11.055
1583180304391,11.055
1583180313933,11.055
1583180323931,11.055
1583180333971,11.055
1583180344467,11.055
1583180357245,11.04
1583180368152,11.05
1583180373952,11.045
1583180383960,11.045
1583180397284,11.035
1583180405746,11.035
1583180421871,11.045
1583180424555,11.025
1583180443521,11.035
1583180450132,11.04
1583180464841,11.05
1583180475927,11.055
1583180475927,11.055
1583180495849,11.075
1583180500070,11.075
1583180509818,11.075
1583180526844,11.065
1583180535326,11.075
1583180550375,11.075
1583180554348,11.075
1583180563299,11.08
1583180580360,11.08
1583180591070,11.075
1583180595872,11.075
1583180603329,11.07
1583180619301,11.085
1583180619301,11.085
1583180636174,11.085
1583180636174,11.085
1583180665348,11.1
1583180669025,11.11
1583180680762,11.115
1583180696631,11.12
1583180704357,11.12
1583180717994,11.115
1583180720950,11.105
1583180737678,11.105
1583180751063,11.105
1583180759027,11.105
1583180770292,11.105
1583180781732,11.1
1583180781732,11.1
1583180797735,11.11
1583180814136,11.125
1583180826199,11.115
1583180826199,11.115
1583180847280,11.13
1583180856416,11.135
1583180867511,11.125
1583180876856,11.125
1583180886563,11.13
1583180898463,11.12
1583180910536,11.12
1583180915088,11.115
1583180926877,11.12
1583180939716,11.115
1583180946047,11.125
1583180953970,11.115
1583180971141,11.135
1583180971141,11.135
1583180971141,11.135
1583181005583,11.125
1583181017016,11.115
1583181020863,11.115
1583181038180,11.115
1583181048192,11.125
1583181059331,11.115
1583181069790,11.115
1583181076238,11.115
1583181088024,11.1
1583181103478,11.095
1583181113909,11.095
1583181123152,11.095
1583181135349,11.1
1583181143518,11.095
1583181153135,11.085
1583181166166,11.085
1583181176155,11.085
1583181185968,11.075
1583181198164,11.07
1583181206145,11.075
1583181217028,11.07
1583181226349,11.07
1583181240095,11.07
1583181248746,11.065
1583181259395,11.06
1583181270885,11.06
1583181281127,11.065
1583181291847,11.075
1583181300961,11.075
1583181306375,11.08
1583181320661,11.08
1583181327193,11.085
1583181345041,11.095
1583181351736,11.08
1583181365575,11.095
1583181375106,11.095
1583181386603,11.1
1583181396987,11.105
1583181407480,11.105
1583181419232,11.105
1583181427153,11.095
1583181437085,11.095
1583181451121,11.07
1583181461763,11.095
1583181472192,11.095
1583181482978,11.095
1583181493273,11.1
1583181502043,11.105
1583181514886,11.105
1583181524692,11.105
1583181531992,11.105
1583181545259,11.105
1583181553730,11.09
1583181562206,11.095
1583181576237,11.095
1583181587105,11.09
1583181598099,11.09
1583181606560,11.095
1583181618526,11.095
1583181629608,11.095
1583181636767,11.095
1583181646512,11.095
1583181656462,11.095
1583181669000,11.105
1583181681873,11.105
1583181692535,11.1
1583181701930,11.1
1583181711434,11.105
1583181723068,11.11
1583181732848,11.115
1583181741572,11.115
1583181751655,11.115
1583181766431,11.115
1583181776601,11.115
1583181786737,11.11
1583181796462,11.115
1583181806359,11.105
1583181819720,11.095
1583181829259,11.09
1583181840631,11.09
1583181846235,11.095
1583181861753,11.08
1583181871461,11.085
1583181882135,11.085
1583181891706,11.085
1583181899680,11.095
1583181912945,11.11
1583181919361,11.105
1583181936013,11.115
1583181945890,11.105
1583181957438,11.105
1583181967294,11.105
1583181977463,11.105
1583181988339,11.125
1583181998386,11.13
1583182007507,11.135
1583182016321,11.145
1583182024738,11.15
1583182041155,11.165
1583182052097,11.17
1583182058396,11.16
1583182074497,11.155
1583182085441,11.15
1583182095024,11.145
1583182101388,11.135
1583182115661,11.145
1583182125812,11.155
1583182136630,11.155
1583182146616,11.155
1583182157592,11.145
1583182168609,11.165
1583182175748,11.165
