1586352655003,2024
1586352655003,2024
1586352675889,2028.22
1586352693996,2029.2
1586352693996,2029.2
1586352693996,2029.2
1586352718694,2026.8
1586352718694,2026.8
1586352738992,2028.17
1586352738992,2028.17
1586352738992,2028.17
1586352738992,2028.17
1586352738992,2028.17
1586352738992,2028.17
1586352738992,2028.17
1586352738992,2028.17
1586352738992,2028.17
1586352738992,2028.17
1586352852144,2025.96
1586352852605,2025.96
1586352852605,2025.96
1586352852605,2025.96
1586352852605,2025.96
1586352852605,2025.96
1586352852605,2025.96
1586352852605,2025.96
1586352852605,2025.96
1586352852605,2025.96
1586352955168,2025.88
1586352955168,2025.88
1586352973890,2022.82
1586352973890,2022.82
1586352973890,2022.82
1586352973890,2022.82
1586352973890,2022.82
1586352973890,2022.82
1586353035059,2021.59
1586353041888,2023.5
1586353041888,2023.5
1586353041888,2023.5
1586353072553,2023.99
1586353085780,2024.3
1586353095702,2024.33
1586353095702,2024.33
1586353122676,2023.515
1586353122676,2023.515
1586353122676,2023.515
1586353152345,2023.11
1586353160089,2023.11
1586353160089,2023.11
1586353160089,2023.11
1586353160089,2023.11
1586353160089,2023.11
1586353160089,2023.11
1586353160089,2023.11
1586353160089,2023.11
1586353160089,2023.11
1586353160089,2023.11
1586353160089,2023.11
1586353160089,2023.11
1586353288754,2021.77
1586353288754,2021.77
1586353288754,2021.77
1586353288754,2021.77
1586353288754,2021.77
1586353288754,2021.77
1586353288754,2021.77
1586353288754,2021.77
1586353368613,2022.06
1586353368613,2022.06
1586353368613,2022.06
1586353368613,2022.06
1586353368613,2022.06
1586353368613,2022.06
1586353368613,2022.06
1586353368613,2022.06
1586353368613,2022.06
1586353460797,2022.61
1586353477921,2021.95
1586353482725,2022.195
1586353498067,2022.505
1586353500847,2023.855
1586353517055,2022.38
1586353517055,2022.38
1586353517055,2022.38
1586353517055,2022.38
1586353559066,2021.665
1586353559066,2021.665
1586353583454,2021.5
1586353583454,2021.5
1586353583454,2021.5
1586353606028,2020.39
1586353619610,2021.49
1586353619610,2021.49
1586353619610,2021.49
1586353619610,2021.49
1586353619610,2021.49
1586353619610,2021.49
1586353619610,2021.49
1586353693715,2022.03
1586353693715,2022.03
1586353693715,2022.03
1586353722333,2021.305
1586353722333,2021.305
1586353746442,2022.1
1586353746442,2022.1
1586353746442,2022.1
1586353746442,2022.1
1586353791868,2019.35
1586353802966,2019.34
1586353808800,2019.52
1586353808800,2019.52
1586353808800,2019.52
1586353844264,2017
1586353850816,2017.39
1586353865388,2018.38
1586353865388,2018.38
1586353865388,2018.38
1586353865388,2018.38
1586353906300,2017.91
1586353906300,2017.91
1586353927907,2018.855
1586353932369,2020.03
1586353932369,2020.03
1586353961791,2019.775
1586353962387,2019.775
1586353962387,2019.775
1586353962387,2019.775
1586354003506,2019.095
1586354003506,2019.095
1586354017250,2017.53
1586354017250,2017.53
1586354017250,2017.53
1586354054205,2019
1586354054205,2019
1586354054205,2019
1586354081414,2018.915
1586354081414,2018.915
1586354105175,2017.015
1586354105175,2017.015
1586354105175,2017.015
1586354105175,2017.015
1586354105175,2017.015
1586354150733,2015.895
1586354150733,2015.895
1586354150733,2015.895
1586354150733,2015.895
1586354150733,2015.895
1586354150733,2015.895
1586354150733,2015.895
1586354150733,2015.895
1586354150733,2015.895
1586354150733,2015.895
1586354150733,2015.895
1586354150733,2015.895
1586354150733,2015.895
1586354150733,2015.895
1586354150733,2015.895
1586354313241,2013.605
1586354313241,2013.605
1586354313241,2013.605
1586354313241,2013.605
1586354353724,2012
1586354353724,2012
1586354353724,2012
1586354353724,2012
1586354353724,2012
1586354353724,2012
1586354353724,2012
1586354430410,2014.01
1586354430410,2014.01
1586354446011,2013.5
1586354460755,2014.175
1586354467279,2015.78
1586354467279,2015.78
1586354497539,2015.48
1586354497539,2015.48
1586354497539,2015.48
1586354528181,2016.59
1586354528181,2016.59
1586354528181,2016.59
1586354554525,2016.13
1586354570634,2015.775
1586354570634,2015.775
1586354570634,2015.775
1586354570634,2015.775
1586354570634,2015.775
1586354620202,2015.985
1586354628268,2016.19
1586354641101,2015.485
1586354641101,2015.485
1586354658722,2014.88
1586354658722,2014.88
1586354687227,2014.97
1586354696406,2014.905
1586354706791,2013.42
1586354717827,2013.75
1586354717827,2013.75
1586354735653,2013.54
1586354735653,2013.54
1586354735653,2013.54
1586354766195,2013.48
1586354766195,2013.48
1586354766195,2013.48
1586354796344,2013.4
1586354812681,2013.355
1586354812681,2013.355
1586354812681,2013.355
1586354812681,2013.355
1586354853536,2012.7
1586354853536,2012.7
1586354871277,2012.305
1586354871277,2012.305
1586354887597,2013.415
1586354887597,2013.415
1586354912733,2012.515
1586354926137,2012.3
1586354926137,2012.3
1586354926137,2012.3
1586354926137,2012.3
1586354969444,2012.07
1586354969444,2012.07
1586354969444,2012.07
1586355000442,2012.575
1586355010802,2013.535
1586355020854,2012.245
1586355031030,2012.465
1586355031030,2012.465
1586355051710,2013.06
1586355064678,2013.085
1586355066670,2013.08
1586355082441,2013.44
1586355082441,2013.44
1586355105639,2013.335
1586355115811,2013.94
1586355122390,2014.505
1586355122390,2014.505
1586355122390,2014.505
1586355152799,2013.855
1586355162406,2013.9
1586355175574,2013.92
1586355184136,2014.635
1586355184136,2014.635
1586355207625,2014.33
1586355207625,2014.33
1586355232648,2014.02
1586355237703,2014.43
1586355253868,2014.77
1586355253868,2014.77
1586355274677,2014.685
1586355274677,2014.685
1586355274677,2014.685
1586355274677,2014.685
1586355274677,2014.685
1586355274677,2014.685
1586355274677,2014.685
1586355274677,2014.685
1586355274677,2014.685
1586355274677,2014.685
1586355377288,2013.865
1586355391383,2012.85
1586355391383,2012.85
1586355391383,2012.85
1586355421672,2013.21
1586355421672,2013.21
1586355421672,2013.21
1586355447324,2013.32
1586355464592,2013.275
1586355464592,2013.275
1586355464592,2013.275
1586355464592,2013.275
1586355500197,2012.65
1586355500197,2012.65
1586355528382,2012.675
1586355538833,2013.095
1586355538833,2013.095
1586355560961,2012.615
1586355560961,2012.615
1586355560961,2012.615
1586355560961,2012.615
1586355560961,2012.615
1586355606422,2013.67
1586355621420,2012.855
1586355621420,2012.855
1586355621420,2012.855
1586355621420,2012.855
1586355621420,2012.855
1586355621420,2012.855
1586355621420,2012.855
1586355621420,2012.855
1586355621420,2012.855
1586355621420,2012.855
1586355621420,2012.855
1586355621420,2012.855
1586355621420,2012.855
1586355621420,2012.855
1586355621420,2012.855
1586355779396,2014.39
1586355779396,2014.39
1586355779396,2014.39
1586355779396,2014.39
1586355779396,2014.39
1586355833026,2014.585
1586355833026,2014.585
1586355833026,2014.585
1586355833026,2014.585
1586355867904,2014.5
1586355867904,2014.5
1586355867904,2014.5
1586355867904,2014.5
1586355867904,2014.5
1586355867904,2014.5
1586355867904,2014.5
1586355867904,2014.5
1586355867904,2014.5
1586355867904,2014.5
1586355867904,2014.5
1586355867904,2014.5
1586355867904,2014.5
1586356009170,2016.38
1586356009170,2016.38
1586356027626,2017.03
1586356036687,2017.215
1586356036687,2017.215
1586356059755,2018.18
1586356059755,2018.18
1586356075623,2017.435
1586356093627,2017.44
1586356096360,2017.44
1586356096360,2017.44
1586356096360,2017.44
1586356096360,2017.44
1586356096360,2017.44
1586356153218,2018.3
1586356153218,2018.3
1586356153218,2018.3
1586356153218,2018.3
1586356153218,2018.3
1586356153218,2018.3
1586356153218,2018.3
1586356153218,2018.3
1586356243613,2018.35
1586356246651,2018.715
1586356246651,2018.715
1586356246651,2018.715
1586356281274,2018.54
1586356289426,2018.295
1586356303618,2017.725
1586356303618,2017.725
1586356328426,2018.715
1586356328426,2018.715
1586356328426,2018.715
1586356328426,2018.715
1586356328426,2018.715
1586356328426,2018.715
1586356388372,2018.395
1586356388372,2018.395
1586356405679,2018.255
1586356405679,2018.255
1586356405679,2018.255
1586356405679,2018.255
1586356405679,2018.255
1586356405679,2018.255
1586356405679,2018.255
1586356480474,2018.275
1586356480474,2018.275
1586356480474,2018.275
1586356480474,2018.275
1586356480474,2018.275
1586356541211,2018.5
1586356541211,2018.5
1586356541211,2018.5
1586356541211,2018.5
1586356541211,2018.5
1586356541211,2018.5
1586356541211,2018.5
1586356541211,2018.5
1586356615465,2017.11
1586356615465,2017.11
1586356615465,2017.11
1586356615465,2017.11
1586356615465,2017.11
1586356615465,2017.11
1586356615465,2017.11
1586356698159,2017.86
1586356698159,2017.86
1586356698159,2017.86
1586356698159,2017.86
1586356698159,2017.86
1586356698159,2017.86
1586356698159,2017.86
1586356698159,2017.86
1586356698159,2017.86
1586356698159,2017.86
1586356698159,2017.86
1586356698159,2017.86
1586356824206,2017.14
1586356824206,2017.14
1586356824206,2017.14
1586356824206,2017.14
1586356824206,2017.14
1586356824206,2017.14
1586356824206,2017.14
1586356824206,2017.14
1586356824206,2017.14
1586356824206,2017.14
1586356925933,2016.82
1586356925933,2016.82
1586356950195,2014.26
1586356957424,2014.15
1586356957424,2014.15
1586356957424,2014.15
1586356957424,2014.15
1586356957424,2014.15
1586356957424,2014.15
1586356957424,2014.15
1586356957424,2014.15
1586356957424,2014.15
1586357052261,2014.98
1586357052261,2014.98
1586357052261,2014.98
1586357052261,2014.98
1586357097397,2014.52
1586357097397,2014.52
1586357097397,2014.52
1586357118481,2014.315
1586357138049,2014.9
1586357138049,2014.9
1586357138049,2014.9
1586357163889,2016.285
1586357180934,2016.065
1586357180934,2016.065
1586357180934,2016.065
1586357180934,2016.065
1586357222466,2016.265
1586357222466,2016.265
1586357222466,2016.265
1586357222466,2016.265
1586357222466,2016.265
1586357222466,2016.265
1586357222466,2016.265
1586357222466,2016.265
1586357222466,2016.265
1586357222466,2016.265
1586357222466,2016.265
1586357222466,2016.265
1586357345508,2016.19
1586357356817,2016.42
1586357370144,2016.39
1586357370144,2016.39
1586357370144,2016.39
1586357370144,2016.39
1586357370144,2016.39
1586357370144,2016.39
1586357428622,2018.8
1586357443325,2019.99
1586357443325,2019.99
1586357443325,2019.99
1586357443325,2019.99
1586357443325,2019.99
1586357498318,2019.755
1586357505103,2019.755
1586357515221,2019.71
1586357515221,2019.71
1586357538013,2019.235
1586357538013,2019.235
1586357538013,2019.235
1586357538013,2019.235
1586357538013,2019.235
1586357538013,2019.235
1586357538013,2019.235
1586357612237,2019.26
1586357618991,2019.26
1586357618991,2019.26
1586357637228,2019.33
1586357637228,2019.33
1586357637228,2019.33
1586357637228,2019.33
1586357637228,2019.33
1586357637228,2019.33
1586357637228,2019.33
1586357637228,2019.33
1586357637228,2019.33
1586357637228,2019.33
1586357637228,2019.33
1586357637228,2019.33
1586357637228,2019.33
1586357637228,2019.33
1586357637228,2019.33
1586357637228,2019.33
1586357637228,2019.33
1586357637228,2019.33
1586357637228,2019.33
1586357637228,2019.33
1586357637228,2019.33
1586357637228,2019.33
1586357637228,2019.33
1586357637228,2019.33
1586357637228,2019.33
1586357896391,2020.12
1586357896391,2020.12
1586357896391,2020.12
1586357896391,2020.12
1586357896391,2020.12
1586357955263,2020.55
1586357955263,2020.55
1586357955263,2020.55
1586357955263,2020.55
1586358001246,2019.94
1586358001246,2019.94
1586358001246,2019.94
1586358025947,2020.075
1586358040287,2019.8
1586358040287,2019.8
1586358058229,2019.825
1586358071977,2019.685
1586358084599,2019.665
1586358084599,2019.665
1586358101842,2019.74
1586358101842,2019.74
1586358125629,2020.15
1586358125629,2020.15
1586358143365,2020.4
1586358160827,2020.915
1586358160827,2020.915
1586358160827,2020.915
1586358187271,2020.385
1586358187271,2020.385
1586358187271,2020.385
1586358187271,2020.385
1586358187271,2020.385
1586358187271,2020.385
1586358246742,2020.35
1586358246742,2020.35
1586358246742,2020.35
1586358246742,2020.35
1586358246742,2020.35
1586358306367,2019.655
1586358306367,2019.655
1586358306367,2019.655
1586358306367,2019.655
1586358306367,2019.655
1586358306367,2019.655
1586358306367,2019.655
1586358306367,2019.655
1586358306367,2019.655
1586358306367,2019.655
1586358306367,2019.655
1586358306367,2019.655
1586358427573,2017
1586358427573,2017
1586358427573,2017
1586358427573,2017
1586358472009,2016.89
1586358472009,2016.89
1586358472009,2016.89
1586358472009,2016.89
1586358472009,2016.89
1586358472009,2016.89
1586358532119,2017.62
1586358532119,2017.62
1586358548739,2018.07
1586358548739,2018.07
1586358576210,2017.885
1586358576210,2017.885
1586358576210,2017.885
1586358606672,2017.06
1586358621791,2017.03
1586358621791,2017.03
1586358621791,2017.03
1586358651013,2016.66
1586358662815,2017.03
1586358670747,2017.495
1586358670747,2017.495
1586358670747,2017.495
1586358670747,2017.495
1586358670747,2017.495
1586358725307,2018.84
1586358725307,2018.84
1586358749037,2019.935
1586358749037,2019.935
1586358749037,2019.935
1586358749037,2019.935
1586358749037,2019.935
1586358749037,2019.935
1586358749037,2019.935
1586358749037,2019.935
1586358827684,2019.395
1586358827684,2019.395
1586358827684,2019.395
1586358859861,2019.075
1586358859861,2019.075
1586358876455,2019.065
1586358895291,2019.59
1586358895291,2019.59
1586358895291,2019.59
1586358895291,2019.59
1586358895291,2019.59
1586358895291,2019.59
1586358895291,2019.59
1586358895291,2019.59
1586358895291,2019.59
1586358895291,2019.59
1586358895291,2019.59
1586359008835,2020.08
1586359017550,2020.37
1586359027927,2019.415
1586359027927,2019.415
1586359027927,2019.415
1586359027927,2019.415
1586359027927,2019.415
1586359027927,2019.415
1586359027927,2019.415
1586359027927,2019.415
1586359027927,2019.415
1586359027927,2019.415
1586359027927,2019.415
1586359027927,2019.415
1586359027927,2019.415
1586359027927,2019.415
1586359179396,2019.72
1586359179396,2019.72
1586359179396,2019.72
1586359179396,2019.72
1586359179396,2019.72
1586359179396,2019.72
1586359241289,2020.53
1586359241289,2020.53
1586359241289,2020.53
1586359241289,2020.53
1586359241289,2020.53
1586359241289,2020.53
1586359241289,2020.53
1586359241289,2020.53
1586359241289,2020.53
1586359241289,2020.53
1586359241289,2020.53
1586359241289,2020.53
1586359241289,2020.53
1586359241289,2020.53
1586359241289,2020.53
1586359241289,2020.53
1586359241289,2020.53
1586359422031,2022.43
1586359422031,2022.43
1586359422031,2022.43
1586359422031,2022.43
1586359422031,2022.43
1586359476719,2022.83
1586359476719,2022.83
1586359476719,2022.83
1586359476719,2022.83
1586359517819,2022.995
1586359517819,2022.995
1586359517819,2022.995
1586359517819,2022.995
1586359517819,2022.995
1586359517819,2022.995
1586359517819,2022.995
1586359517819,2022.995
1586359517819,2022.995
1586359613225,2024
1586359613225,2024
1586359613225,2024
1586359613225,2024
1586359658130,2024.27
1586359658130,2024.27
1586359658130,2024.27
1586359684297,2023.545
1586359684297,2023.545
1586359684297,2023.545
1586359684297,2023.545
1586359684297,2023.545
1586359684297,2023.545
1586359684297,2023.545
1586359684297,2023.545
1586359684297,2023.545
1586359684297,2023.545
1586359684297,2023.545
1586359801824,2022.815
1586359801824,2022.815
1586359819404,2024.49
1586359819404,2024.49
1586359819404,2024.49
1586359819404,2024.49
1586359819404,2024.49
1586359819404,2024.49
1586359819404,2024.49
1586359819404,2024.49
1586359819404,2024.49
1586359819404,2024.49
1586359819404,2024.49
1586359819404,2024.49
1586359949724,2022.91
1586359949724,2022.91
1586359949724,2022.91
1586359949724,2022.91
1586359949724,2022.91
1586359949724,2022.91
1586359949724,2022.91
1586359949724,2022.91
1586359949724,2022.91
1586360045358,2023.245
1586360045358,2023.245
1586360045358,2023.245
1586360045358,2023.245
1586360078344,2023.33
1586360078344,2023.33
1586360078344,2023.33
1586360078344,2023.33
1586360078344,2023.33
1586360078344,2023.33
1586360078344,2023.33
1586360078344,2023.33
1586360078344,2023.33
1586360078344,2023.33
1586360078344,2023.33
1586360078344,2023.33
1586360078344,2023.33
1586360078344,2023.33
1586360234059,2026.545
1586360234059,2026.545
1586360234059,2026.545
1586360234059,2026.545
1586360234059,2026.545
1586360234059,2026.545
1586360291171,2026.93
1586360302212,2026.465
1586360302212,2026.465
1586360302212,2026.465
1586360302212,2026.465
1586360302212,2026.465
1586360302212,2026.465
1586360364246,2024.755
1586360364246,2024.755
1586360384902,2025.21
1586360384902,2025.21
1586360408640,2025.94
1586360408640,2025.94
1586360408640,2025.94
1586360408640,2025.94
1586360408640,2025.94
1586360408640,2025.94
1586360408640,2025.94
1586360490496,2025.68
1586360490496,2025.68
1586360490496,2025.68
1586360490496,2025.68
1586360490496,2025.68
1586360490496,2025.68
1586360490496,2025.68
1586360490496,2025.68
1586360490496,2025.68
1586360490496,2025.68
1586360490496,2025.68
1586360490496,2025.68
1586360616022,2026.75
1586360625507,2026.51
1586360638199,2026.395
1586360638199,2026.395
1586360638199,2026.395
1586360638199,2026.395
1586360638199,2026.395
1586360685527,2026.755
1586360685527,2026.755
1586360685527,2026.755
1586360685527,2026.755
1586360685527,2026.755
1586360685527,2026.755
1586360685527,2026.755
1586360685527,2026.755
1586360685527,2026.755
1586360685527,2026.755
1586360685527,2026.755
1586360799155,2028.045
1586360799155,2028.045
1586360819375,2028.01
1586360830796,2028.88
1586360830796,2028.88
1586360860454,2028.72
1586360862248,2028.62
1586360862248,2028.62
1586360862248,2028.62
1586360892475,2029.09
1586360892475,2029.09
1586360892475,2029.09
1586360892475,2029.09
1586360892475,2029.09
1586360892475,2029.09
1586360892475,2029.09
1586360892475,2029.09
1586360892475,2029.09
1586360892475,2029.09
1586361005017,2029.525
1586361005017,2029.525
1586361005017,2029.525
1586361005017,2029.525
1586361005017,2029.525
1586361058324,2028.715
1586361067639,2028.26
1586361067639,2028.26
1586361067639,2028.26
1586361097310,2028.27
1586361097310,2028.27
1586361097310,2028.27
1586361097310,2028.27
1586361097310,2028.27
1586361097310,2028.27
1586361097310,2028.27
1586361097310,2028.27
1586361097310,2028.27
1586361195120,2028.33
1586361198229,2028
1586361198229,2028
1586361198229,2028
1586361235361,2028.115
1586361249877,2028.2
1586361249877,2028.2
1586361261418,2027.75
1586361261418,2027.75
1586361261418,2027.75
1586361261418,2027.75
1586361261418,2027.75
1586361261418,2027.75
1586361331279,2026.3
1586361344452,2026.915
1586361346398,2026.39
1586361346398,2026.39
1586361373557,2028
1586361373557,2028
1586361373557,2028
1586361373557,2028
1586361373557,2028
1586361373557,2028
1586361373557,2028
1586361373557,2028
1586361373557,2028
1586361373557,2028
1586361373557,2028
1586361373557,2028
1586361373557,2028
1586361373557,2028
1586361373557,2028
1586361373557,2028
1586361373557,2028
1586361373557,2028
1586361373557,2028
1586361373557,2028
1586361373557,2028
1586361373557,2028
1586361601860,2027.29
1586361601860,2027.29
1586361601860,2027.29
1586361601860,2027.29
1586361601860,2027.29
1586361601860,2027.29
1586361601860,2027.29
1586361601860,2027.29
1586361601860,2027.29
1586361601860,2027.29
1586361601860,2027.29
1586361601860,2027.29
1586361601860,2027.29
1586361601860,2027.29
1586361601860,2027.29
1586361764666,2026.505
1586361764666,2026.505
1586361764666,2026.505
1586361764666,2026.505
1586361764666,2026.505
1586361817061,2027.21
1586361829367,2027.46
1586361829367,2027.46
1586361829367,2027.46
1586361829367,2027.46
1586361829367,2027.46
1586361829367,2027.46
1586361829367,2027.46
1586361829367,2027.46
1586361914310,2027.97
1586361914310,2027.97
1586361914310,2027.97
1586361914310,2027.97
1586361914310,2027.97
1586361958975,2027.98
1586361979059,2027.99
1586361979059,2027.99
1586361979059,2027.99
1586361979059,2027.99
1586361979059,2027.99
1586361979059,2027.99
1586361979059,2027.99
1586361979059,2027.99
1586361979059,2027.99
1586361979059,2027.99
1586361979059,2027.99
1586362089371,2027.46
1586362089371,2027.46
1586362089371,2027.46
1586362089371,2027.46
1586362089371,2027.46
1586362089371,2027.46
1586362089371,2027.46
1586362089371,2027.46
1586362089371,2027.46
1586362089371,2027.46
1586362089371,2027.46
1586362089371,2027.46
1586362089371,2027.46
1586362089371,2027.46
1586362089371,2027.46
1586362247889,2025.22
1586362247889,2025.22
1586362247889,2025.22
1586362247889,2025.22
1586362247889,2025.22
1586362247889,2025.22
1586362247889,2025.22
1586362247889,2025.22
1586362247889,2025.22
1586362247889,2025.22
1586362247889,2025.22
1586362247889,2025.22
1586362247889,2025.22
1586362247889,2025.22
1586362247889,2025.22
1586362247889,2025.22
1586362247889,2025.22
1586362247889,2025.22
1586362247889,2025.22
1586362247889,2025.22
1586362247889,2025.22
1586362247889,2025.22
1586362247889,2025.22
1586362492331,2025.02
1586362502523,2025.76
1586362502523,2025.76
1586362520824,2025.855
1586362536223,2025.57
1586362536223,2025.57
1586362536223,2025.57
1586362536223,2025.57
1586362536223,2025.57
1586362536223,2025.57
1586362536223,2025.57
1586362536223,2025.57
1586362536223,2025.57
1586362536223,2025.57
1586362536223,2025.57
1586362536223,2025.57
1586362536223,2025.57
1586362536223,2025.57
1586362536223,2025.57
1586362536223,2025.57
1586362536223,2025.57
1586362536223,2025.57
1586362720527,2025.48
1586362720527,2025.48
1586362720527,2025.48
1586362720527,2025.48
1586362720527,2025.48
1586362780826,2025.045
1586362780826,2025.045
1586362780826,2025.045
1586362780826,2025.045
1586362780826,2025.045
1586362780826,2025.045
1586362780826,2025.045
1586362780826,2025.045
1586362780826,2025.045
1586362780826,2025.045
1586362780826,2025.045
1586362780826,2025.045
1586362780826,2025.045
1586362780826,2025.045
1586362780826,2025.045
1586362780826,2025.045
1586362780826,2025.045
1586362780826,2025.045
1586362780826,2025.045
1586362780826,2025.045
1586362780826,2025.045
1586362780826,2025.045
1586363008841,2025.745
1586363008841,2025.745
1586363008841,2025.745
1586363008841,2025.745
1586363051253,2025.79
1586363051253,2025.79
1586363051253,2025.79
1586363051253,2025.79
1586363051253,2025.79
1586363051253,2025.79
1586363051253,2025.79
1586363121553,2026.57
1586363121553,2026.57
1586363121553,2026.57
1586363121553,2026.57
1586363121553,2026.57
1586363121553,2026.57
1586363121553,2026.57
1586363197824,2025.88
1586363210410,2026.35
1586363210410,2026.35
1586363210410,2026.35
1586363210410,2026.35
1586363210410,2026.35
1586363210410,2026.35
1586363210410,2026.35
1586363210410,2026.35
1586363210410,2026.35
1586363210410,2026.35
1586363210410,2026.35
1586363210410,2026.35
1586363330349,2025.72
1586363330349,2025.72
1586363352022,2025.42
1586363362973,2025.285
1586363381336,2025.205
1586363383882,2025.215
1586363400920,2024.82
1586363413285,2025.435
1586363422620,2025.245
1586363428751,2025.45
1586363428751,2025.45
1586363454310,2025.45
1586363454310,2025.45
1586363454310,2025.45
1586363488540,2025.36
1586363488540,2025.36
1586363488540,2025.36
1586363488540,2025.36
1586363488540,2025.36
1586363488540,2025.36
1586363488540,2025.36
1586363488540,2025.36
1586363488540,2025.36
1586363488540,2025.36
1586363488540,2025.36
1586363488540,2025.36
1586363488540,2025.36
1586363488540,2025.36
1586363488540,2025.36
1586363488540,2025.36
1586363488540,2025.36
1586363488540,2025.36
1586363488540,2025.36
1586363488540,2025.36
1586363488540,2025.36
1586363709803,2027.32
1586363709803,2027.32
1586363709803,2027.32
1586363737926,2028
1586363748421,2028.28
1586363761688,2028.4
1586363761688,2028.4
1586363781397,2026.56
1586363781397,2026.56
1586363781397,2026.56
1586363781397,2026.56
1586363781397,2026.56
1586363831325,2026.335
1586363831325,2026.335
1586363831325,2026.335
1586363861606,2026.53
1586363861606,2026.53
1586363861606,2026.53
1586363861606,2026.53
1586363904957,2026.75
1586363904957,2026.75
1586363904957,2026.75
1586363904957,2026.75
1586363904957,2026.75
1586363962335,2029.37
1586363976766,2029.25
1586363976766,2029.25
1586363976766,2029.25
1586363999087,2030
1586363999087,2030
1586363999087,2030
1586363999087,2030
1586363999087,2030
1586363999087,2030
1586363999087,2030
1586363999087,2030
1586363999087,2030
1586363999087,2030
1586363999087,2030
1586363999087,2030
1586364135652,2029.675
1586364135652,2029.675
1586364135652,2029.675
1586364135652,2029.675
1586364168916,2029.74
1586364168916,2029.74
1586364212056,2030.2
1586364212056,2030.2
1586364231095,2030.98
1586364231095,2030.98
1586364231095,2030.98
1586364231095,2030.98
1586364231095,2030.98
1586364287622,2032.62
1586364305920,2031.77
1586364305920,2031.77
1586364305920,2031.77
1586364305920,2031.77
1586364347108,2032.03
1586364350693,2032.055
1586364364138,2031.45
1586364364138,2031.45
1586364364138,2031.45
1586364364138,2031.45
1586364364138,2031.45
1586364364138,2031.45
1586364364138,2031.45
1586364364138,2031.45
1586364364138,2031.45
1586364364138,2031.45
1586364364138,2031.45
1586364480590,2031.53
1586364480590,2031.53
1586364480590,2031.53
1586364480590,2031.53
1586364480590,2031.53
1586364480590,2031.53
1586364547658,2031.78
1586364547658,2031.78
1586364547658,2031.78
1586364547658,2031.78
1586364586373,2030.965
1586364586373,2030.965
1586364586373,2030.965
1586364586373,2030.965
1586364586373,2030.965
1586364586373,2030.965
1586364586373,2030.965
1586364586373,2030.965
1586364586373,2030.965
1586364683062,2030.45
1586364683062,2030.45
1586364683062,2030.45
1586364683062,2030.45
1586364683062,2030.45
1586364683062,2030.45
1586364683062,2030.45
1586364683062,2030.45
1586364683062,2030.45
1586364683062,2030.45
1586364683062,2030.45
1586364794737,2029.57
1586364794737,2029.57
1586364818968,2030.1
1586364818968,2030.1
1586364818968,2030.1
1586364818968,2030.1
1586364818968,2030.1
1586364818968,2030.1
1586364818968,2030.1
1586364897971,2030.025
1586364897971,2030.025
1586364897971,2030.025
1586364897971,2030.025
1586364897971,2030.025
1586364947456,2028.74
1586364960814,2028.31
1586364960814,2028.31
1586364960814,2028.31
1586364984922,2027.675
1586364984922,2027.675
1586364984922,2027.675
1586364984922,2027.675
1586364984922,2027.675
1586364984922,2027.675
1586365052475,2029.14
1586365052475,2029.14
1586365052475,2029.14
1586365052475,2029.14
1586365052475,2029.14
1586365052475,2029.14
1586365052475,2029.14
1586365052475,2029.14
1586365139757,2028.49
1586365139757,2028.49
1586365139757,2028.49
1586365139757,2028.49
1586365139757,2028.49
1586365139757,2028.49
1586365139757,2028.49
1586365139757,2028.49
1586365139757,2028.49
1586365139757,2028.49
1586365249684,2029.4
1586365254543,2029.405
1586365254543,2029.405
1586365254543,2029.405
1586365254543,2029.405
1586365254543,2029.405
1586365254543,2029.405
1586365254543,2029.405
1586365254543,2029.405
1586365344608,2029.26
1586365344608,2029.26
1586365344608,2029.26
1586365344608,2029.26
1586365344608,2029.26
1586365390854,2029.09
1586365390854,2029.09
1586365390854,2029.09
1586365390854,2029.09
1586365390854,2029.09
1586365390854,2029.09
1586365390854,2029.09
1586365390854,2029.09
1586365390854,2029.09
1586365390854,2029.09
1586365390854,2029.09
1586365509203,2030.12
1586365509203,2030.12
1586365509203,2030.12
1586365509203,2030.12
1586365551351,2029.84
1586365551351,2029.84
1586365551351,2029.84
1586365594472,2030.365
1586365594472,2030.365
1586365594472,2030.365
1586365594472,2030.365
1586365632416,2030.63
1586365632416,2030.63
1586365632416,2030.63
1586365632416,2030.63
1586365632416,2030.63
1586365632416,2030.63
1586365632416,2030.63
1586365632416,2030.63
1586365632416,2030.63
1586365632416,2030.63
1586365632416,2030.63
1586365632416,2030.63
1586365632416,2030.63
1586365632416,2030.63
1586365632416,2030.63
1586365632416,2030.63
1586365632416,2030.63
1586365632416,2030.63
1586365821177,2029.745
1586365829894,2029.75
1586365829894,2029.75
1586365829894,2029.75
1586365829894,2029.75
1586365829894,2029.75
1586365829894,2029.75
1586365829894,2029.75
1586365829894,2029.75
1586365829894,2029.75
1586365829894,2029.75
1586365829894,2029.75
1586365829894,2029.75
1586365829894,2029.75
1586365829894,2029.75
1586365829894,2029.75
1586365829894,2029.75
1586365829894,2029.75
1586365829894,2029.75
1586365829894,2029.75
1586365829894,2029.75
1586365829894,2029.75
1586366059656,2029.9
1586366059656,2029.9
1586366079066,2030.07
1586366079066,2030.07
1586366079066,2030.07
1586366079066,2030.07
1586366079066,2030.07
1586366132798,2030.69
1586366132798,2030.69
1586366157127,2029.95
1586366157127,2029.95
1586366157127,2029.95
1586366157127,2029.95
1586366157127,2029.95
1586366157127,2029.95
1586366157127,2029.95
1586366230795,2029.645
1586366238888,2029.645
1586366238888,2029.645
1586366238888,2029.645
1586366238888,2029.645
1586366238888,2029.645
1586366238888,2029.645
1586366238888,2029.645
1586366238888,2029.645
1586366326316,2029.52
1586366326316,2029.52
1586366326316,2029.52
1586366326316,2029.52
1586366326316,2029.52
1586366326316,2029.52
1586366326316,2029.52
1586366326316,2029.52
1586366326316,2029.52
1586366326316,2029.52
1586366326316,2029.52
1586366326316,2029.52
1586366326316,2029.52
1586366461622,2029.945
1586366461622,2029.945
1586366461622,2029.945
1586366461622,2029.945
1586366461622,2029.945
1586366461622,2029.945
1586366461622,2029.945
1586366532797,2030
1586366532797,2030
1586366560465,2029.39
1586366560465,2029.39
1586366560465,2029.39
1586366560465,2029.39
1586366560465,2029.39
1586366560465,2029.39
1586366560465,2029.39
1586366560465,2029.39
1586366560465,2029.39
1586366560465,2029.39
1586366665031,2030.64
1586366676009,2030.765
1586366686130,2030.77
1586366686130,2030.77
1586366686130,2030.77
1586366719459,2030.64
1586366727209,2030.5
1586366727209,2030.5
1586366727209,2030.5
1586366727209,2030.5
1586366727209,2030.5
1586366727209,2030.5
1586366793912,2029.2
1586366800331,2027.86
1586366814896,2027.88
1586366814896,2027.88
1586366814896,2027.88
1586366814896,2027.88
1586366814896,2027.88
1586366814896,2027.88
1586366814896,2027.88
1586366814896,2027.88
1586366814896,2027.88
1586366814896,2027.88
1586366914331,2027.285
1586366914331,2027.285
1586366914331,2027.285
1586366914331,2027.285
1586366914331,2027.285
1586366914331,2027.285
1586366914331,2027.285
1586366986199,2027.025
1586366986199,2027.025
1586366986199,2027.025
1586366986199,2027.025
1586366986199,2027.025
1586366986199,2027.025
1586366986199,2027.025
1586366986199,2027.025
1586366986199,2027.025
1586366986199,2027.025
1586366986199,2027.025
1586366986199,2027.025
1586366986199,2027.025
1586366986199,2027.025
1586366986199,2027.025
1586366986199,2027.025
1586366986199,2027.025
1586366986199,2027.025
1586366986199,2027.025
1586367192610,2027.25
1586367192610,2027.25
1586367192610,2027.25
1586367192610,2027.25
1586367235739,2025.965
1586367235739,2025.965
1586367235739,2025.965
1586367235739,2025.965
1586367235739,2025.965
1586367235739,2025.965
1586367235739,2025.965
1586367308373,2024.98
1586367317950,2024.85
1586367317950,2024.85
1586367317950,2024.85
1586367317950,2024.85
1586367317950,2024.85
1586367317950,2024.85
1586367317950,2024.85
1586367317950,2024.85
1586367317950,2024.85
1586367317950,2024.85
1586367427268,2024.48
1586367427268,2024.48
1586367427268,2024.48
1586367427268,2024.48
1586367427268,2024.48
1586367427268,2024.48
1586367427268,2024.48
1586367427268,2024.48
1586367514614,2024.545
1586367529499,2024.425
1586367542001,2024.65
1586367542001,2024.65
1586367542001,2024.65
1586367542001,2024.65
1586367542001,2024.65
1586367542001,2024.65
1586367542001,2024.65
1586367542001,2024.65
1586367542001,2024.65
1586367542001,2024.65
1586367542001,2024.65
1586367652379,2025.29
1586367652379,2025.29
1586367652379,2025.29
1586367652379,2025.29
1586367652379,2025.29
1586367652379,2025.29
1586367652379,2025.29
1586367652379,2025.29
1586367652379,2025.29
1586367753159,2025.01
1586367753159,2025.01
1586367753159,2025.01
1586367753159,2025.01
1586367753159,2025.01
1586367812202,2025.345
1586367812202,2025.345
1586367812202,2025.345
1586367812202,2025.345
1586367812202,2025.345
1586367812202,2025.345
1586367812202,2025.345
1586367812202,2025.345
1586367812202,2025.345
1586367812202,2025.345
1586367812202,2025.345
1586367812202,2025.345
1586367812202,2025.345
1586367812202,2025.345
1586367812202,2025.345
1586367812202,2025.345
1586367812202,2025.345
1586367812202,2025.345
1586367812202,2025.345
1586367812202,2025.345
1586367812202,2025.345
1586367812202,2025.345
1586367812202,2025.345
1586368048412,2026.25
1586368048412,2026.25
1586368048412,2026.25
1586368048412,2026.25
1586368048412,2026.25
1586368048412,2026.25
1586368048412,2026.25
1586368048412,2026.25
1586368048412,2026.25
1586368048412,2026.25
1586368048412,2026.25
1586368048412,2026.25
1586368048412,2026.25
1586368048412,2026.25
1586368048412,2026.25
1586368204201,2026.405
1586368204201,2026.405
1586368204201,2026.405
1586368204201,2026.405
1586368204201,2026.405
1586368204201,2026.405
1586368271061,2026.98
1586368271061,2026.98
1586368271061,2026.98
1586368271061,2026.98
1586368271061,2026.98
1586368271061,2026.98
1586368271061,2026.98
1586368271061,2026.98
1586368271061,2026.98
1586368271061,2026.98
1586368271061,2026.98
1586368271061,2026.98
1586368271061,2026.98
1586368271061,2026.98
1586368271061,2026.98
1586368437596,2026.24
1586368444223,2025.91
1586368444223,2025.91
1586368444223,2025.91
1586368477310,2025.74
1586368477310,2025.74
1586368477310,2025.74
1586368477310,2025.74
1586368477310,2025.74
1586368477310,2025.74
1586368477310,2025.74
1586368551271,2022.365
1586368551271,2022.365
1586368551271,2022.365
1586368551271,2022.365
1586368551271,2022.365
1586368551271,2022.365
1586368551271,2022.365
1586368551271,2022.365
1586368551271,2022.365
1586368551271,2022.365
1586368551271,2022.365
1586368551271,2022.365
1586368551271,2022.365
1586368551271,2022.365
1586368709271,2023.49
1586368709271,2023.49
1586368709271,2023.49
1586368709271,2023.49
1586368709271,2023.49
1586368709271,2023.49
1586368764556,2022.55
1586368775461,2022.55
1586368792693,2022.92
1586368792693,2022.92
1586368792693,2022.92
1586368792693,2022.92
1586368792693,2022.92
1586368792693,2022.92
1586368792693,2022.92
1586368792693,2022.92
1586368792693,2022.92
1586368792693,2022.92
1586368792693,2022.92
1586368792693,2022.92
1586368917474,2023.87
1586368917474,2023.87
1586368917474,2023.87
1586368917474,2023.87
1586368917474,2023.87
1586368917474,2023.87
1586368986679,2022.54
1586368986679,2022.54
1586368986679,2022.54
1586368986679,2022.54
1586369028335,2022.33
1586369028335,2022.33
1586369028335,2022.33
1586369028335,2022.33
1586369072198,2023.76
1586369072198,2023.76
1586369072198,2023.76
1586369072198,2023.76
1586369072198,2023.76
1586369072198,2023.76
1586369072198,2023.76
1586369072198,2023.76
1586369072198,2023.76
1586369167613,2025.59
1586369167613,2025.59
1586369167613,2025.59
1586369194561,2023.95
1586369194561,2023.95
1586369194561,2023.95
1586369194561,2023.95
1586369194561,2023.95
1586369194561,2023.95
1586369194561,2023.95
1586369194561,2023.95
1586369194561,2023.95
1586369194561,2023.95
1586369304987,2024.64
1586369321163,2025.04
1586369321163,2025.04
1586369321163,2025.04
1586369321163,2025.04
1586369321163,2025.04
1586369368387,2026.815
1586369382573,2027.45
1586369382573,2027.45
1586369382573,2027.45
1586369382573,2027.45
1586369382573,2027.45
1586369382573,2027.45
1586369382573,2027.45
1586369382573,2027.45
1586369382573,2027.45
1586369382573,2027.45
1586369382573,2027.45
1586369382573,2027.45
1586369507815,2027.205
1586369517437,2027.57
1586369517437,2027.57
1586369517437,2027.57
1586369517437,2027.57
1586369563105,2027.41
1586369563105,2027.41
1586369563105,2027.41
1586369563105,2027.41
1586369563105,2027.41
1586369563105,2027.41
1586369622681,2026.955
1586369622681,2026.955
1586369622681,2026.955
1586369659228,2027.69
1586369659228,2027.69
1586369659228,2027.69
1586369659228,2027.69
1586369659228,2027.69
1586369712091,2027.305
1586369712091,2027.305
1586369712091,2027.305
1586369712091,2027.305
1586369712091,2027.305
1586369712091,2027.305
1586369712091,2027.305
1586369712091,2027.305
1586369712091,2027.305
1586369712091,2027.305
1586369712091,2027.305
1586369712091,2027.305
1586369712091,2027.305
1586369712091,2027.305
1586369712091,2027.305
1586369712091,2027.305
1586369712091,2027.305
1586369712091,2027.305
1586369712091,2027.305
1586369712091,2027.305
1586369712091,2027.305
1586369935561,2028.525
1586369935561,2028.525
1586369935561,2028.525
1586369935561,2028.525
1586369935561,2028.525
1586369935561,2028.525
1586369935561,2028.525
1586369935561,2028.525
1586369935561,2028.525
1586369935561,2028.525
1586369935561,2028.525
1586369935561,2028.525
1586369935561,2028.525
1586369935561,2028.525
1586369935561,2028.525
1586370093861,2028.67
1586370093861,2028.67
1586370112825,2029.16
1586370112825,2029.16
1586370112825,2029.16
1586370152637,2029.495
1586370152637,2029.495
1586370152637,2029.495
1586370152637,2029.495
1586370152637,2029.495
1586370152637,2029.495
1586370152637,2029.495
1586370152637,2029.495
1586370152637,2029.495
1586370243957,2029.585
1586370254304,2031.095
1586370254304,2031.095
1586370254304,2031.095
1586370254304,2031.095
1586370254304,2031.095
1586370254304,2031.095
1586370254304,2031.095
1586370254304,2031.095
1586370254304,2031.095
1586370254304,2031.095
1586370254304,2031.095
1586370372909,2030.455
1586370372909,2030.455
1586370372909,2030.455
1586370372909,2030.455
1586370372909,2030.455
1586370372909,2030.455
1586370436841,2030.73
1586370436841,2030.73
1586370436841,2030.73
1586370436841,2030.73
1586370436841,2030.73
1586370436841,2030.73
1586370508558,2030.765
1586370509267,2030.85
1586370527600,2030.83
1586370537658,2030.78
1586370537658,2030.78
1586370537658,2030.78
1586370537658,2030.78
1586370537658,2030.78
1586370537658,2030.78
1586370606128,2030.88
1586370606128,2030.88
1586370606128,2030.88
1586370606128,2030.88
1586370606128,2030.88
1586370606128,2030.88
1586370606128,2030.88
1586370606128,2030.88
1586370606128,2030.88
1586370606128,2030.88
1586370606128,2030.88
1586370721577,2030.685
1586370721577,2030.685
1586370721577,2030.685
1586370721577,2030.685
1586370721577,2030.685
1586370721577,2030.685
1586370785220,2032.18
1586370796084,2031.57
1586370796084,2031.57
1586370796084,2031.57
1586370796084,2031.57
1586370836687,2032.215
1586370836687,2032.215
1586370836687,2032.215
1586370836687,2032.215
1586370836687,2032.215
1586370895018,2032.57
1586370895018,2032.57
1586370895018,2032.57
1586370895018,2032.57
1586370941333,2032.36
1586370942596,2031.86
1586370942596,2031.86
1586370942596,2031.86
1586370942596,2031.86
1586370942596,2031.86
1586370942596,2031.86
1586370942596,2031.86
1586370942596,2031.86
1586370942596,2031.86
1586370942596,2031.86
1586370942596,2031.86
1586371062268,2034.46
1586371062268,2034.46
1586371087273,2034.12
1586371087273,2034.12
1586371087273,2034.12
1586371117020,2034.28
1586371117020,2034.28
1586371117020,2034.28
1586371117020,2034.28
1586371160398,2034.02
1586371160398,2034.02
1586371160398,2034.02
1586371160398,2034.02
1586371160398,2034.02
1586371160398,2034.02
1586371160398,2034.02
1586371160398,2034.02
1586371160398,2034.02
1586371160398,2034.02
1586371160398,2034.02
1586371160398,2034.02
1586371160398,2034.02
1586371160398,2034.02
1586371160398,2034.02
1586371160398,2034.02
1586371330543,2034.64
1586371330543,2034.64
1586371330543,2034.64
1586371330543,2034.64
1586371330543,2034.64
1586371330543,2034.64
1586371330543,2034.64
1586371330543,2034.64
1586371330543,2034.64
1586371438169,2033.435
1586371438169,2033.435
1586371438169,2033.435
1586371438169,2033.435
1586371438169,2033.435
1586371483763,2032.4
1586371483763,2032.4
1586371509827,2032.62
1586371509827,2032.62
1586371528781,2032.65
1586371528781,2032.65
1586371557649,2033.1
1586371566406,2033.35
1586371566406,2033.35
1586371566406,2033.35
1586371566406,2033.35
1586371605582,2033.37
1586371605582,2033.37
1586371605582,2033.37
1586371635695,2033.95
1586371635695,2033.95
1586371635695,2033.95
1586371635695,2033.95
1586371635695,2033.95
1586371691559,2033.53
1586371691559,2033.53
1586371691559,2033.53
1586371691559,2033.53
1586371691559,2033.53
1586371691559,2033.53
1586371691559,2033.53
1586371770057,2032.03
1586371770057,2032.03
1586371770057,2032.03
1586371770057,2032.03
1586371770057,2032.03
1586371770057,2032.03
1586371770057,2032.03
1586371770057,2032.03
1586371770057,2032.03
1586371770057,2032.03
1586371770057,2032.03
1586371770057,2032.03
1586371770057,2032.03
1586371770057,2032.03
1586371770057,2032.03
1586371770057,2032.03
1586371770057,2032.03
1586371770057,2032.03
1586371770057,2032.03
1586371770057,2032.03
1586371770057,2032.03
1586371995953,2034.39
1586372000325,2034.01
1586372000325,2034.01
1586372000325,2034.01
1586372000325,2034.01
1586372000325,2034.01
1586372000325,2034.01
1586372000325,2034.01
1586372000325,2034.01
1586372000325,2034.01
1586372000325,2034.01
1586372000325,2034.01
1586372000325,2034.01
1586372000325,2034.01
1586372141540,2034.84
1586372149064,2034.65
1586372168847,2035
1586372168847,2035
1586372168847,2035
1586372168847,2035
1586372168847,2035
1586372168847,2035
1586372168847,2035
1586372168847,2035
1586372168847,2035
1586372261237,2033.615
1586372261237,2033.615
1586372261237,2033.615
1586372261237,2033.615
1586372261237,2033.615
1586372261237,2033.615
1586372328259,2033.745
1586372334776,2034.225
1586372334776,2034.225
1586372334776,2034.225
1586372372993,2035
1586372381612,2035.53
1586372381612,2035.53
