1585575055397,1117.1
1585575055397,1117.1
1585575074897,1118.09
1585575088888,1115.825
1585575097516,1117.2
1585575097516,1117.2
1585575124276,1120
1585575124276,1120
1585575139167,1118.23
1585575139167,1118.23
1585575162267,1113.24
1585575168370,1115.32
1585575168370,1115.32
1585575197381,1115.845
1585575208728,1117.13
1585575208728,1117.13
1585575208728,1117.13
1585575234054,1119.64
1585575234054,1119.64
1585575258129,1119.035
1585575258129,1119.035
1585575258129,1119.035
1585575258129,1119.035
1585575298442,1113.905
1585575298442,1113.905
1585575298442,1113.905
1585575298442,1113.905
1585575298442,1113.905
1585575354357,1109.3
1585575360495,1110.15
1585575368498,1111.04
1585575368498,1111.04
1585575396354,1106.235
1585575396354,1106.235
1585575413196,1109.08
1585575413196,1109.08
1585575413196,1109.08
1585575413196,1109.08
1585575413196,1109.08
1585575413196,1109.08
1585575413196,1109.08
1585575489788,1106.26
1585575489788,1106.26
1585575489788,1106.26
1585575515559,1107.4
1585575515559,1107.4
1585575515559,1107.4
1585575546825,1107.525
1585575546825,1107.525
1585575572401,1108.35
1585575572401,1108.35
1585575595116,1107.485
1585575595116,1107.485
1585575612561,1109.4
1585575612561,1109.4
1585575612561,1109.4
1585575647241,1107.67
1585575654648,1109.01
1585575654648,1109.01
1585575654648,1109.01
1585575654648,1109.01
1585575654648,1109.01
1585575654648,1109.01
1585575654648,1109.01
1585575654648,1109.01
1585575734805,1107.15
1585575745152,1104.64
1585575761643,1102.22
1585575761643,1102.22
1585575780362,1099.42
1585575792704,1098.52
1585575792704,1098.52
1585575811340,1099.195
1585575821223,1100.18
1585575821223,1100.18
1585575821223,1100.18
1585575821223,1100.18
1585575821223,1100.18
1585575872429,1101.64
1585575883902,1102.29
1585575883902,1102.29
1585575883902,1102.29
1585575883902,1102.29
1585575883902,1102.29
1585575935284,1098.56
1585575935284,1098.56
1585575960962,1097.75
1585575965849,1099.21
1585575965849,1099.21
1585575990937,1097.85
1585575990937,1097.85
1585575990937,1097.85
1585575990937,1097.85
1585575990937,1097.85
1585576038586,1100.95
1585576038586,1100.95
1585576065086,1100.65
1585576071255,1100.71
1585576084143,1099.64
1585576095062,1098.96
1585576095062,1098.96
1585576095062,1098.96
1585576125293,1099.61
1585576125293,1099.61
1585576125293,1099.61
1585576125293,1099.61
1585576125293,1099.61
1585576125293,1099.61
1585576125293,1099.61
1585576125293,1099.61
1585576204918,1098.58
1585576204918,1098.58
1585576226867,1099.655
1585576226867,1099.655
1585576226867,1099.655
1585576258236,1102.16
1585576258236,1102.16
1585576281049,1102.66
1585576295566,1103.09
1585576305839,1102.48
1585576312330,1102.55
1585576326629,1102.44
1585576336818,1103.12
1585576343604,1103.065
1585576357232,1103.05
1585576363606,1103.99
1585576363606,1103.99
1585576387954,1103.63
1585576398045,1103.18
1585576398045,1103.18
1585576398045,1103.18
1585576431305,1103.23
1585576432863,1103.27
1585576453247,1102.95
1585576453247,1102.95
1585576472254,1102
1585576479252,1101.33
1585576479252,1101.33
1585576502794,1102.01
1585576509804,1101.24
1585576509804,1101.24
1585576509804,1101.24
1585576509804,1101.24
1585576509804,1101.24
1585576567739,1101.43
1585576576978,1102.36
1585576576978,1102.36
1585576591780,1102.07
1585576610348,1101.225
1585576612926,1101.15
1585576612926,1101.15
1585576631438,1099.895
1585576631438,1099.895
1585576631438,1099.895
1585576631438,1099.895
1585576683240,1100.85
1585576683240,1100.85
1585576683240,1100.85
1585576683240,1100.85
1585576719694,1101.09
1585576719694,1101.09
1585576719694,1101.09
1585576719694,1101.09
1585576719694,1101.09
1585576719694,1101.09
1585576785142,1100.32
1585576785142,1100.32
1585576804626,1103.07
1585576819426,1103.38
1585576819426,1103.38
1585576835203,1102.6
1585576835203,1102.6
1585576857647,1102.45
1585576857647,1102.45
1585576857647,1102.45
1585576857647,1102.45
1585576898771,1101.41
1585576907420,1101.2
1585576916931,1101.23
1585576916931,1101.23
1585576945048,1101.2
1585576954931,1102.5
1585576963225,1103.935
1585576966627,1103.94
1585576985194,1105.08
1585576994049,1105.9
1585576994049,1105.9
1585577015502,1107
1585577015502,1107
1585577015502,1107
1585577015502,1107
1585577015502,1107
1585577067366,1108.49
1585577073312,1107.55
1585577088793,1108.42
1585577088793,1108.42
1585577111957,1107.42
1585577119004,1108.6
1585577124604,1108.07
1585577140979,1109.45
1585577151990,1108.32
1585577151990,1108.32
1585577151990,1108.32
1585577183920,1110.025
1585577183920,1110.025
1585577183920,1110.025
1585577217061,1109.57
1585577227193,1110.4
1585577231082,1110.405
1585577240148,1109.67
1585577240148,1109.67
1585577270288,1112.74
1585577270288,1112.74
1585577270288,1112.74
1585577270288,1112.74
1585577270288,1112.74
1585577314798,1110.68
1585577314798,1110.68
1585577314798,1110.68
1585577353102,1111.32
1585577353102,1111.32
1585577353102,1111.32
1585577384685,1111.62
1585577384685,1111.62
1585577384685,1111.62
1585577411186,1111.97
1585577411186,1111.97
1585577432811,1111.44
1585577432811,1111.44
1585577455808,1111.19
1585577467292,1111.52
1585577473311,1110.65
1585577473311,1110.65
1585577499812,1110.26
1585577507520,1111.27
1585577507520,1111.27
1585577528349,1112.265
1585577534569,1112.395
1585577548008,1111.19
1585577559271,1110.41
1585577571763,1110.32
1585577571763,1110.32
1585577571763,1110.32
1585577571763,1110.32
1585577571763,1110.32
1585577571763,1110.32
1585577571763,1110.32
1585577571763,1110.32
1585577571763,1110.32
1585577571763,1110.32
1585577571763,1110.32
1585577571763,1110.32
1585577697884,1113.71
1585577708044,1113.69
1585577708044,1113.69
1585577724003,1113.705
1585577724003,1113.705
1585577744053,1114.18
1585577760932,1113.525
1585577766623,1113.84
1585577780392,1112.88
1585577793392,1112.795
1585577804368,1113.44
1585577808752,1113.04
1585577826092,1114.965
1585577835651,1114.78
1585577843606,1114.385
1585577854616,1115.335
1585577864447,1115.79
1585577864447,1115.79
1585577864447,1115.79
1585577864447,1115.79
1585577864447,1115.79
1585577864447,1115.79
1585577864447,1115.79
1585577939039,1115.26
1585577939039,1115.26
1585577939039,1115.26
1585577939039,1115.26
1585577939039,1115.26
1585577986631,1116.31
1585577986631,1116.31
1585577986631,1116.31
1585577986631,1116.31
1585578034067,1116.655
1585578034067,1116.655
1585578034067,1116.655
1585578064252,1116.56
1585578064252,1116.56
1585578064252,1116.56
1585578088659,1117.4
1585578088659,1117.4
1585578088659,1117.4
1585578088659,1117.4
1585578088659,1117.4
1585578146413,1117.07
1585578146413,1117.07
1585578171292,1117.275
1585578176367,1117.18
1585578191400,1117.07
1585578191400,1117.07
1585578191400,1117.07
1585578219488,1117.73
1585578224199,1117.8
1585578224199,1117.8
1585578224199,1117.8
1585578260765,1117.97
1585578260765,1117.97
1585578283132,1118.11
1585578293862,1118.27
1585578299091,1118.105
1585578313263,1117.7
1585578313263,1117.7
1585578313263,1117.7
1585578344580,1119.52
1585578350935,1119.09
1585578350935,1119.09
1585578373047,1120
1585578388137,1120.185
1585578388137,1120.185
1585578388137,1120.185
1585578415910,1120.15
1585578415910,1120.15
1585578433809,1121.33
1585578433809,1121.33
1585578458059,1120.905
1585578458059,1120.905
1585578458059,1120.905
1585578488650,1119.59
1585578488650,1119.59
1585578488650,1119.59
1585578488650,1119.59
1585578488650,1119.59
1585578544679,1119.95
1585578544679,1119.95
1585578544679,1119.95
1585578544679,1119.95
1585578544679,1119.95
1585578544679,1119.95
1585578608708,1120.4
1585578608708,1120.4
1585578608708,1120.4
1585578608708,1120.4
1585578608708,1120.4
1585578608708,1120.4
1585578608708,1120.4
1585578608708,1120.4
1585578608708,1120.4
1585578698722,1118.99
1585578698722,1118.99
1585578698722,1118.99
1585578730671,1119.635
1585578739483,1120.45
1585578739483,1120.45
1585578739483,1120.45
1585578739483,1120.45
1585578739483,1120.45
1585578739483,1120.45
1585578739483,1120.45
1585578818993,1119.67
1585578818993,1119.67
1585578818993,1119.67
1585578818993,1119.67
1585578818993,1119.67
1585578869635,1122.16
1585578869635,1122.16
1585578869635,1122.16
1585578903563,1124.29
1585578903563,1124.29
1585578903563,1124.29
1585578935172,1124.44
1585578935172,1124.44
1585578956790,1124.83
1585578956790,1124.83
1585578956790,1124.83
1585578956790,1124.83
1585578956790,1124.83
1585578956790,1124.83
1585578956790,1124.83
1585578956790,1124.83
1585578956790,1124.83
1585578956790,1124.83
1585578956790,1124.83
1585578956790,1124.83
1585578956790,1124.83
1585579092342,1125.66
1585579092342,1125.66
1585579092342,1125.66
1585579092342,1125.66
1585579128749,1126.47
1585579144513,1126.5
1585579144513,1126.5
1585579162100,1126.51
1585579169433,1126.605
1585579187148,1126.525
1585579187148,1126.525
1585579187148,1126.525
1585579209366,1125.74
1585579224405,1126.86
1585579224405,1126.86
1585579224405,1126.86
1585579260511,1127.18
1585579260511,1127.18
1585579260511,1127.18
1585579260511,1127.18
1585579303238,1128.49
1585579303238,1128.49
1585579324035,1128.97
1585579324035,1128.97
1585579324035,1128.97
1585579324035,1128.97
1585579324035,1128.97
1585579324035,1128.97
1585579383973,1129.255
1585579383973,1129.255
1585579383973,1129.255
1585579383973,1129.255
1585579383973,1129.255
1585579438793,1129.135
1585579446986,1128.99
1585579446986,1128.99
1585579468129,1129.42
1585579468129,1129.42
1585579468129,1129.42
1585579468129,1129.42
1585579506215,1129.63
1585579520965,1131.07
1585579530884,1131.35
1585579530884,1131.35
1585579530884,1131.35
1585579562583,1132.175
1585579562583,1132.175
1585579562583,1132.175
1585579562583,1132.175
1585579601540,1132.49
1585579614415,1132.655
1585579614415,1132.655
1585579614415,1132.655
1585579614415,1132.655
1585579614415,1132.655
1585579669885,1134.02
1585579669885,1134.02
1585579669885,1134.02
1585579669885,1134.02
1585579669885,1134.02
1585579720394,1134.11
1585579720394,1134.11
1585579720394,1134.11
1585579753299,1133.61
1585579763143,1133.76
1585579763143,1133.76
1585579763143,1133.76
1585579787769,1133.26
1585579787769,1133.26
1585579815782,1132.53
1585579815782,1132.53
1585579815782,1132.53
1585579815782,1132.53
1585579858315,1132.06
1585579861671,1131.095
1585579861671,1131.095
1585579861671,1131.095
1585579861671,1131.095
1585579861671,1131.095
1585579861671,1131.095
1585579861671,1131.095
1585579861671,1131.095
1585579861671,1131.095
1585579861671,1131.095
1585579968633,1133
1585579984497,1136.24
1585579987740,1136.4
1585579987740,1136.4
1585579987740,1136.4
1585579987740,1136.4
1585579987740,1136.4
1585580042533,1136.69
1585580042533,1136.69
1585580042533,1136.69
1585580042533,1136.69
1585580042533,1136.69
1585580042533,1136.69
1585580101268,1136.04
1585580112549,1135.7
1585580127404,1135.83
1585580137302,1136.25
1585580144823,1135.94
1585580144823,1135.94
1585580144823,1135.94
1585580144823,1135.94
1585580144823,1135.94
1585580144823,1135.94
1585580144823,1135.94
1585580224685,1134.35
1585580232890,1133.15
1585580232890,1133.15
1585580249173,1132.63
1585580263916,1132.93
1585580263916,1132.93
1585580263916,1132.93
1585580263916,1132.93
1585580263916,1132.93
1585580263916,1132.93
1585580263916,1132.93
1585580263916,1132.93
1585580263916,1132.93
1585580263916,1132.93
1585580364432,1130.92
1585580364432,1130.92
1585580387337,1131.145
1585580404026,1128.75
1585580404026,1128.75
1585580404026,1128.75
1585580432268,1129.2
1585580432268,1129.2
1585580432268,1129.2
1585580432268,1129.2
1585580467947,1128.45
1585580467947,1128.45
1585580467947,1128.45
1585580501741,1130.1
1585580501741,1130.1
1585580501741,1130.1
1585580501741,1130.1
1585580501741,1130.1
1585580501741,1130.1
1585580501741,1130.1
1585580501741,1130.1
1585580501741,1130.1
1585580501741,1130.1
1585580501741,1130.1
1585580501741,1130.1
1585580501741,1130.1
1585580501741,1130.1
1585580501741,1130.1
1585580501741,1130.1
1585580501741,1130.1
1585580501741,1130.1
1585580501741,1130.1
1585580697454,1128.82
1585580697454,1128.82
1585580725480,1127.44
1585580732913,1127.77
1585580732913,1127.77
1585580732913,1127.77
1585580732913,1127.77
1585580732913,1127.77
1585580732913,1127.77
1585580732913,1127.77
1585580732913,1127.77
1585580732913,1127.77
1585580732913,1127.77
1585580732913,1127.77
1585580732913,1127.77
1585580860745,1130.67
1585580869939,1130.72
1585580869939,1130.72
1585580869939,1130.72
1585580869939,1130.72
1585580869939,1130.72
1585580869939,1130.72
1585580936799,1131.39
1585580936799,1131.39
1585580936799,1131.39
1585580936799,1131.39
1585580936799,1131.39
1585580988744,1130.56
1585580988744,1130.56
1585580988744,1130.56
1585580988744,1130.56
1585580988744,1130.56
1585580988744,1130.56
1585580988744,1130.56
1585580988744,1130.56
1585580988744,1130.56
1585580988744,1130.56
1585580988744,1130.56
1585580988744,1130.56
1585580988744,1130.56
1585580988744,1130.56
1585580988744,1130.56
1585580988744,1130.56
1585580988744,1130.56
1585580988744,1130.56
1585581176218,1133.155
1585581176218,1133.155
1585581176218,1133.155
1585581176218,1133.155
1585581218931,1133.255
1585581218931,1133.255
1585581218931,1133.255
1585581241031,1132.26
1585581241031,1132.26
1585581241031,1132.26
1585581241031,1132.26
1585581241031,1132.26
1585581241031,1132.26
1585581241031,1132.26
1585581241031,1132.26
1585581241031,1132.26
1585581241031,1132.26
1585581241031,1132.26
1585581241031,1132.26
1585581241031,1132.26
1585581383062,1131.05
1585581393513,1131.47
1585581393513,1131.47
1585581393513,1131.47
1585581426368,1132.29
1585581426368,1132.29
1585581426368,1132.29
1585581426368,1132.29
1585581426368,1132.29
1585581426368,1132.29
1585581426368,1132.29
1585581492371,1133
1585581492371,1133
1585581492371,1133
1585581492371,1133
1585581492371,1133
1585581492371,1133
1585581492371,1133
1585581492371,1133
1585581492371,1133
1585581492371,1133
1585581492371,1133
1585581492371,1133
1585581492371,1133
1585581492371,1133
1585581647094,1135
1585581653981,1135.42
1585581663125,1135.35
1585581663125,1135.35
1585581663125,1135.35
1585581663125,1135.35
1585581663125,1135.35
1585581663125,1135.35
1585581663125,1135.35
1585581663125,1135.35
1585581663125,1135.35
1585581760430,1136.2
1585581760430,1136.2
1585581760430,1136.2
1585581760430,1136.2
1585581797120,1136.72
1585581810953,1136.155
1585581810953,1136.155
1585581810953,1136.155
1585581837761,1136.2
1585581854317,1136.71
1585581865673,1136.76
1585581865673,1136.76
1585581865673,1136.76
1585581865673,1136.76
1585581899070,1137.48
1585581899070,1137.48
1585581899070,1137.48
1585581940610,1136.38
1585581940610,1136.38
1585581940610,1136.38
1585581940610,1136.38
1585581940610,1136.38
1585581988306,1136.465
1585581988306,1136.465
1585581988306,1136.465
1585581988306,1136.465
1585581988306,1136.465
1585581988306,1136.465
1585581988306,1136.465
1585581988306,1136.465
1585581988306,1136.465
1585582078007,1138.44
1585582078007,1138.44
1585582078007,1138.44
1585582078007,1138.44
1585582078007,1138.44
1585582078007,1138.44
1585582078007,1138.44
1585582078007,1138.44
1585582078007,1138.44
1585582078007,1138.44
1585582187060,1140.515
1585582187060,1140.515
1585582187060,1140.515
1585582187060,1140.515
1585582228375,1139.545
1585582228375,1139.545
1585582228375,1139.545
1585582228375,1139.545
1585582228375,1139.545
1585582228375,1139.545
1585582228375,1139.545
1585582228375,1139.545
1585582228375,1139.545
1585582228375,1139.545
1585582228375,1139.545
1585582340837,1140.13
1585582340837,1140.13
1585582340837,1140.13
1585582340837,1140.13
1585582340837,1140.13
1585582340837,1140.13
1585582405292,1140.91
1585582405292,1140.91
1585582405292,1140.91
1585582405292,1140.91
1585582405292,1140.91
1585582405292,1140.91
1585582405292,1140.91
1585582405292,1140.91
1585582405292,1140.91
1585582405292,1140.91
1585582405292,1140.91
1585582405292,1140.91
1585582405292,1140.91
1585582405292,1140.91
1585582405292,1140.91
1585582405292,1140.91
1585582574863,1139.87
1585582574863,1139.87
1585582574863,1139.87
1585582574863,1139.87
1585582574863,1139.87
1585582574863,1139.87
1585582574863,1139.87
1585582574863,1139.87
1585582574863,1139.87
1585582669487,1136.79
1585582669487,1136.79
1585582669487,1136.79
1585582697979,1136.76
1585582697979,1136.76
1585582697979,1136.76
1585582697979,1136.76
1585582697979,1136.76
1585582697979,1136.76
1585582697979,1136.76
1585582697979,1136.76
1585582697979,1136.76
1585582697979,1136.76
1585582697979,1136.76
1585582697979,1136.76
1585582697979,1136.76
1585582697979,1136.76
1585582697979,1136.76
1585582697979,1136.76
1585582697979,1136.76
1585582697979,1136.76
1585582697979,1136.76
1585582697979,1136.76
1585582697979,1136.76
1585582697979,1136.76
1585582697979,1136.76
1585582697979,1136.76
1585582697979,1136.76
1585582697979,1136.76
1585582976501,1135.61
1585582976501,1135.61
1585582976501,1135.61
1585582976501,1135.61
1585583008952,1137.175
1585583008952,1137.175
1585583008952,1137.175
1585583041225,1136.515
1585583041225,1136.515
1585583041225,1136.515
1585583041225,1136.515
1585583041225,1136.515
1585583041225,1136.515
1585583041225,1136.515
1585583041225,1136.515
1585583041225,1136.515
1585583041225,1136.515
1585583041225,1136.515
1585583041225,1136.515
1585583041225,1136.515
1585583041225,1136.515
1585583041225,1136.515
1585583041225,1136.515
1585583215370,1135.68
1585583215370,1135.68
1585583215370,1135.68
1585583215370,1135.68
1585583215370,1135.68
1585583265527,1134.93
1585583265527,1134.93
1585583265527,1134.93
1585583265527,1134.93
1585583265527,1134.93
1585583265527,1134.93
1585583265527,1134.93
1585583341663,1135.27
1585583341663,1135.27
1585583341663,1135.27
1585583370745,1136.14
1585583370745,1136.14
1585583392690,1136.535
1585583392690,1136.535
1585583392690,1136.535
1585583424267,1137.325
1585583430045,1137.58
1585583430045,1137.58
1585583430045,1137.58
1585583430045,1137.58
1585583430045,1137.58
1585583430045,1137.58
1585583496818,1135.18
1585583496818,1135.18
1585583496818,1135.18
1585583496818,1135.18
1585583533269,1135
1585583533269,1135
1585583533269,1135
1585583533269,1135
1585583533269,1135
1585583590137,1135.795
1585583590137,1135.795
1585583590137,1135.795
1585583590137,1135.795
1585583590137,1135.795
1585583590137,1135.795
1585583590137,1135.795
1585583590137,1135.795
1585583590137,1135.795
1585583590137,1135.795
1585583590137,1135.795
1585583590137,1135.795
1585583590137,1135.795
1585583590137,1135.795
1585583590137,1135.795
1585583590137,1135.795
1585583590137,1135.795
1585583590137,1135.795
1585583590137,1135.795
1585583590137,1135.795
1585583590137,1135.795
1585583590137,1135.795
1585583590137,1135.795
1585583590137,1135.795
1585583590137,1135.795
1585583849224,1138.08
1585583849224,1138.08
1585583849224,1138.08
1585583849224,1138.08
1585583849224,1138.08
1585583849224,1138.08
1585583849224,1138.08
1585583849224,1138.08
1585583849224,1138.08
1585583849224,1138.08
1585583955473,1137.855
1585583955473,1137.855
1585583955473,1137.855
1585583955473,1137.855
1585583991711,1138.32
1585583991711,1138.32
1585583991711,1138.32
1585583991711,1138.32
1585583991711,1138.32
1585583991711,1138.32
1585583991711,1138.32
1585583991711,1138.32
1585583991711,1138.32
1585583991711,1138.32
1585583991711,1138.32
1585583991711,1138.32
1585583991711,1138.32
1585583991711,1138.32
1585583991711,1138.32
1585584154246,1135.17
1585584154246,1135.17
1585584154246,1135.17
1585584154246,1135.17
1585584154246,1135.17
1585584154246,1135.17
1585584154246,1135.17
1585584154246,1135.17
1585584154246,1135.17
1585584154246,1135.17
1585584254778,1134.905
1585584254778,1134.905
1585584254778,1134.905
1585584254778,1134.905
1585584305457,1134.945
1585584305457,1134.945
1585584305457,1134.945
1585584305457,1134.945
1585584305457,1134.945
1585584305457,1134.945
1585584359323,1134.4
1585584359323,1134.4
1585584359323,1134.4
1585584359323,1134.4
1585584359323,1134.4
1585584416051,1132.95
1585584416051,1132.95
1585584416051,1132.95
1585584416051,1132.95
1585584416051,1132.95
1585584416051,1132.95
1585584416051,1132.95
1585584416051,1132.95
1585584416051,1132.95
1585584416051,1132.95
1585584416051,1132.95
1585584416051,1132.95
1585584416051,1132.95
1585584416051,1132.95
1585584557986,1132.11
1585584557986,1132.11
1585584557986,1132.11
1585584557986,1132.11
1585584557986,1132.11
1585584557986,1132.11
1585584557986,1132.11
1585584557986,1132.11
1585584649560,1132.92
1585584649560,1132.92
1585584649560,1132.92
1585584649560,1132.92
1585584649560,1132.92
1585584700841,1133.96
1585584700841,1133.96
1585584700841,1133.96
1585584700841,1133.96
1585584700841,1133.96
1585584700841,1133.96
1585584700841,1133.96
1585584700841,1133.96
1585584700841,1133.96
1585584700841,1133.96
1585584801046,1132.65
1585584817429,1132.745
1585584817429,1132.745
1585584817429,1132.745
1585584817429,1132.745
1585584817429,1132.745
1585584817429,1132.745
1585584817429,1132.745
1585584817429,1132.745
1585584817429,1132.745
1585584817429,1132.745
1585584817429,1132.745
1585584817429,1132.745
1585584817429,1132.745
1585584817429,1132.745
1585584961049,1133.82
1585584972205,1133.305
1585584982256,1133.64
1585584994496,1133.305
1585584999027,1134
1585584999027,1134
1585584999027,1134
1585584999027,1134
1585585039243,1133.305
1585585039243,1133.305
1585585039243,1133.305
1585585039243,1133.305
1585585039243,1133.305
1585585094501,1133.68
1585585094501,1133.68
1585585094501,1133.68
1585585094501,1133.68
1585585094501,1133.68
1585585094501,1133.68
1585585094501,1133.68
1585585094501,1133.68
1585585094501,1133.68
1585585094501,1133.68
1585585094501,1133.68
1585585094501,1133.68
1585585094501,1133.68
1585585094501,1133.68
1585585094501,1133.68
1585585094501,1133.68
1585585094501,1133.68
1585585094501,1133.68
1585585094501,1133.68
1585585094501,1133.68
1585585094501,1133.68
1585585094501,1133.68
1585585324096,1133.605
1585585324096,1133.605
1585585348772,1132.61
1585585348772,1132.61
1585585348772,1132.61
1585585348772,1132.61
1585585348772,1132.61
1585585348772,1132.61
1585585348772,1132.61
1585585348772,1132.61
1585585348772,1132.61
1585585445166,1133.03
1585585445166,1133.03
1585585445166,1133.03
1585585445166,1133.03
1585585445166,1133.03
1585585445166,1133.03
1585585445166,1133.03
1585585445166,1133.03
1585585445166,1133.03
1585585445166,1133.03
1585585445166,1133.03
1585585445166,1133.03
1585585571385,1134.82
1585585571385,1134.82
1585585571385,1134.82
1585585571385,1134.82
1585585571385,1134.82
1585585571385,1134.82
1585585571385,1134.82
1585585571385,1134.82
1585585571385,1134.82
1585585571385,1134.82
1585585571385,1134.82
1585585571385,1134.82
1585585571385,1134.82
1585585709241,1134.47
1585585709241,1134.47
1585585709241,1134.47
1585585709241,1134.47
1585585749936,1134.43
1585585749936,1134.43
1585585768555,1135
1585585768555,1135
1585585768555,1135
1585585797326,1134.82
1585585797326,1134.82
1585585797326,1134.82
1585585797326,1134.82
1585585797326,1134.82
1585585853780,1135.29
1585585853780,1135.29
1585585876591,1136
1585585876591,1136
1585585876591,1136
1585585876591,1136
1585585876591,1136
1585585876591,1136
1585585876591,1136
1585585876591,1136
1585585876591,1136
1585585876591,1136
1585585975268,1134.6
1585585975268,1134.6
1585585975268,1134.6
1585585975268,1134.6
1585585975268,1134.6
1585585975268,1134.6
1585585975268,1134.6
1585585975268,1134.6
1585585975268,1134.6
1585586067383,1132.75
1585586067383,1132.75
1585586067383,1132.75
1585586067383,1132.75
1585586067383,1132.75
1585586067383,1132.75
1585586139157,1133.325
1585586139157,1133.325
1585586139157,1133.325
1585586168734,1133.33
1585586168734,1133.33
1585586189309,1133.49
1585586198282,1133.955
1585586206576,1133.955
1585586206576,1133.955
1585586206576,1133.955
1585586206576,1133.955
1585586206576,1133.955
1585586206576,1133.955
1585586206576,1133.955
1585586280455,1133.18
1585586280455,1133.18
1585586280455,1133.18
1585586280455,1133.18
1585586280455,1133.18
1585586280455,1133.18
1585586280455,1133.18
1585586280455,1133.18
1585586280455,1133.18
1585586280455,1133.18
1585586381324,1133.49
1585586381324,1133.49
1585586406909,1133.37
1585586406909,1133.37
1585586406909,1133.37
1585586406909,1133.37
1585586406909,1133.37
1585586406909,1133.37
1585586463590,1133.92
1585586482751,1134.33
1585586482751,1134.33
1585586482751,1134.33
1585586482751,1134.33
1585586520567,1133.17
1585586520567,1133.17
1585586520567,1133.17
1585586520567,1133.17
1585586520567,1133.17
1585586520567,1133.17
1585586520567,1133.17
1585586520567,1133.17
1585586520567,1133.17
1585586520567,1133.17
1585586520567,1133.17
1585586520567,1133.17
1585586520567,1133.17
1585586520567,1133.17
1585586520567,1133.17
1585586520567,1133.17
1585586520567,1133.17
1585586520567,1133.17
1585586520567,1133.17
1585586724656,1132.195
1585586724656,1132.195
1585586724656,1132.195
1585586724656,1132.195
1585586724656,1132.195
1585586724656,1132.195
1585586724656,1132.195
1585586724656,1132.195
1585586724656,1132.195
1585586724656,1132.195
1585586724656,1132.195
1585586724656,1132.195
1585586846153,1131.32
1585586846153,1131.32
1585586846153,1131.32
1585586879279,1131.84
1585586879279,1131.84
1585586879279,1131.84
1585586879279,1131.84
1585586879279,1131.84
1585586879279,1131.84
1585586939618,1131.06
1585586939618,1131.06
1585586939618,1131.06
1585586939618,1131.06
1585586939618,1131.06
1585586939618,1131.06
1585586939618,1131.06
1585586939618,1131.06
1585586939618,1131.06
1585587037320,1133.595
1585587037320,1133.595
1585587057479,1133.6
1585587064409,1134.96
1585587064409,1134.96
1585587064409,1134.96
1585587064409,1134.96
1585587107590,1134.62
1585587120480,1134.64
1585587120480,1134.64
1585587120480,1134.64
1585587120480,1134.64
1585587161191,1135.09
1585587161191,1135.09
1585587161191,1135.09
1585587161191,1135.09
1585587207973,1136.1
1585587207973,1136.1
1585587207973,1136.1
1585587207973,1136.1
1585587207973,1136.1
1585587207973,1136.1
1585587207973,1136.1
1585587207973,1136.1
1585587207973,1136.1
1585587207973,1136.1
1585587309437,1136.72
1585587309437,1136.72
1585587309437,1136.72
1585587334724,1137.24
1585587334724,1137.24
1585587334724,1137.24
1585587334724,1137.24
1585587334724,1137.24
1585587334724,1137.24
1585587334724,1137.24
1585587334724,1137.24
1585587334724,1137.24
1585587334724,1137.24
1585587334724,1137.24
1585587334724,1137.24
1585587334724,1137.24
1585587334724,1137.24
1585587334724,1137.24
1585587334724,1137.24
1585587334724,1137.24
1585587334724,1137.24
1585587334724,1137.24
1585587334724,1137.24
1585587334724,1137.24
1585587334724,1137.24
1585587334724,1137.24
1585587334724,1137.24
1585587334724,1137.24
1585587334724,1137.24
1585587334724,1137.24
1585587334724,1137.24
1585587334724,1137.24
1585587334724,1137.24
1585587334724,1137.24
1585587666099,1137.89
1585587666099,1137.89
1585587666099,1137.89
1585587666099,1137.89
1585587666099,1137.89
1585587666099,1137.89
1585587666099,1137.89
1585587666099,1137.89
1585587666099,1137.89
1585587666099,1137.89
1585587666099,1137.89
1585587666099,1137.89
1585587666099,1137.89
1585587666099,1137.89
1585587666099,1137.89
1585587822758,1137.04
1585587822758,1137.04
1585587822758,1137.04
1585587822758,1137.04
1585587822758,1137.04
1585587822758,1137.04
1585587822758,1137.04
1585587822758,1137.04
1585587822758,1137.04
1585587822758,1137.04
1585587822758,1137.04
1585587822758,1137.04
1585587822758,1137.04
1585587956270,1135.78
1585587956270,1135.78
1585587956270,1135.78
1585587956270,1135.78
1585587956270,1135.78
1585587956270,1135.78
1585587956270,1135.78
1585587956270,1135.78
1585587956270,1135.78
1585587956270,1135.78
1585587956270,1135.78
1585587956270,1135.78
1585587956270,1135.78
1585587956270,1135.78
1585587956270,1135.78
1585587956270,1135.78
1585587956270,1135.78
1585587956270,1135.78
1585587956270,1135.78
1585587956270,1135.78
1585587956270,1135.78
1585587956270,1135.78
1585587956270,1135.78
1585587956270,1135.78
1585588214673,1133.58
1585588214673,1133.58
1585588214673,1133.58
1585588214673,1133.58
1585588214673,1133.58
1585588214673,1133.58
1585588214673,1133.58
1585588286053,1135.17
1585588286053,1135.17
1585588286053,1135.17
1585588286053,1135.17
1585588286053,1135.17
1585588286053,1135.17
1585588286053,1135.17
1585588286053,1135.17
1585588286053,1135.17
1585588286053,1135.17
1585588393779,1134.53
1585588398577,1134.52
1585588407128,1134.345
1585588425183,1134.225
1585588434614,1133.79
1585588434614,1133.79
1585588434614,1133.79
1585588434614,1133.79
1585588479568,1134.24
1585588486887,1134.07
1585588486887,1134.07
1585588486887,1134.07
1585588511829,1135.21
1585588511829,1135.21
1585588511829,1135.21
1585588511829,1135.21
1585588511829,1135.21
1585588511829,1135.21
1585588511829,1135.21
1585588511829,1135.21
1585588511829,1135.21
1585588511829,1135.21
1585588511829,1135.21
1585588511829,1135.21
1585588640287,1136.25
1585588640287,1136.25
1585588640287,1136.25
1585588640287,1136.25
1585588679220,1136.31
1585588679220,1136.31
1585588679220,1136.31
1585588679220,1136.31
1585588679220,1136.31
1585588679220,1136.31
1585588679220,1136.31
1585588679220,1136.31
1585588679220,1136.31
1585588679220,1136.31
1585588679220,1136.31
1585588679220,1136.31
1585588804194,1136.37
1585588804194,1136.37
1585588804194,1136.37
1585588804194,1136.37
1585588804194,1136.37
1585588804194,1136.37
1585588804194,1136.37
1585588804194,1136.37
1585588804194,1136.37
1585588804194,1136.37
1585588804194,1136.37
1585588804194,1136.37
1585588804194,1136.37
1585588804194,1136.37
1585588804194,1136.37
1585588804194,1136.37
1585588804194,1136.37
1585588804194,1136.37
1585588804194,1136.37
1585588804194,1136.37
1585588804194,1136.37
1585588804194,1136.37
1585588804194,1136.37
1585588804194,1136.37
1585588804194,1136.37
1585588804194,1136.37
1585588804194,1136.37
1585588804194,1136.37
1585588804194,1136.37
1585588804194,1136.37
1585589119902,1136.31
1585589119902,1136.31
1585589119902,1136.31
1585589119902,1136.31
1585589119902,1136.31
1585589180986,1137.57
1585589180986,1137.57
1585589201485,1137.58
1585589201485,1137.58
1585589201485,1137.58
1585589201485,1137.58
1585589201485,1137.58
1585589201485,1137.58
1585589201485,1137.58
1585589201485,1137.58
1585589201485,1137.58
1585589201485,1137.58
1585589201485,1137.58
1585589201485,1137.58
1585589201485,1137.58
1585589201485,1137.58
1585589201485,1137.58
1585589201485,1137.58
1585589201485,1137.58
1585589382601,1137.68
1585589382601,1137.68
1585589382601,1137.68
1585589382601,1137.68
1585589382601,1137.68
1585589382601,1137.68
1585589382601,1137.68
1585589382601,1137.68
1585589460108,1136.795
1585589460108,1136.795
1585589460108,1136.795
1585589490881,1137.035
1585589506301,1137.79
1585589506301,1137.79
1585589506301,1137.79
1585589506301,1137.79
1585589506301,1137.79
1585589506301,1137.79
1585589506301,1137.79
1585589506301,1137.79
1585589506301,1137.79
1585589506301,1137.79
1585589506301,1137.79
1585589506301,1137.79
1585589506301,1137.79
1585589506301,1137.79
1585589506301,1137.79
1585589506301,1137.79
1585589506301,1137.79
1585589506301,1137.79
1585589506301,1137.79
1585589506301,1137.79
1585589506301,1137.79
1585589506301,1137.79
1585589506301,1137.79
1585589506301,1137.79
1585589506301,1137.79
1585589506301,1137.79
1585589506301,1137.79
1585589506301,1137.79
1585589506301,1137.79
1585589506301,1137.79
1585589506301,1137.79
1585589506301,1137.79
1585589506301,1137.79
1585589847377,1137.35
1585589847377,1137.35
1585589847377,1137.35
1585589847377,1137.35
1585589847377,1137.35
1585589847377,1137.35
1585589847377,1137.35
1585589847377,1137.35
1585589847377,1137.35
1585589942719,1137.97
1585589942719,1137.97
1585589942719,1137.97
1585589942719,1137.97
1585589942719,1137.97
1585589942719,1137.97
1585589942719,1137.97
1585589942719,1137.97
1585590028866,1138.86
1585590028866,1138.86
1585590028866,1138.86
1585590028866,1138.86
1585590028866,1138.86
1585590028866,1138.86
1585590028866,1138.86
1585590028866,1138.86
1585590028866,1138.86
1585590028866,1138.86
1585590028866,1138.86
1585590028866,1138.86
1585590028866,1138.86
1585590028866,1138.86
1585590028866,1138.86
1585590028866,1138.86
1585590028866,1138.86
1585590028866,1138.86
1585590028866,1138.86
1585590028866,1138.86
1585590028866,1138.86
1585590028866,1138.86
1585590028866,1138.86
1585590028866,1138.86
1585590028866,1138.86
1585590028866,1138.86
1585590308069,1136.63
1585590308069,1136.63
1585590308069,1136.63
1585590308069,1136.63
1585590308069,1136.63
1585590308069,1136.63
1585590308069,1136.63
1585590308069,1136.63
1585590308069,1136.63
1585590308069,1136.63
1585590308069,1136.63
1585590308069,1136.63
1585590308069,1136.63
1585590308069,1136.63
1585590445722,1136.025
1585590445722,1136.025
1585590445722,1136.025
1585590445722,1136.025
1585590445722,1136.025
1585590445722,1136.025
1585590445722,1136.025
1585590445722,1136.025
1585590536196,1135.77
1585590549647,1135.82
1585590550176,1135.73
1585590550176,1135.73
1585590550176,1135.73
1585590589958,1136.65
1585590589958,1136.65
1585590605510,1136.92
1585590605510,1136.92
1585590605510,1136.92
1585590638615,1136.83
1585590638615,1136.83
1585590638615,1136.83
1585590675263,1137.16
1585590675263,1137.16
1585590675263,1137.16
1585590675263,1137.16
1585590717632,1137.38
1585590717632,1137.38
1585590717632,1137.38
1585590717632,1137.38
1585590751435,1137.38
1585590751435,1137.38
1585590751435,1137.38
1585590751435,1137.38
1585590751435,1137.38
1585590751435,1137.38
1585590751435,1137.38
1585590828206,1138.22
1585590842439,1139.48
1585590852272,1139.62
1585590852272,1139.62
1585590867873,1139.585
1585590879268,1139.59
1585590889785,1140.025
1585590902279,1139.33
1585590902279,1139.33
1585590902279,1139.33
1585590902279,1139.33
1585590902279,1139.33
1585590902279,1139.33
1585590963014,1138.2
1585590963014,1138.2
1585590963014,1138.2
1585590963014,1138.2
1585590963014,1138.2
1585590963014,1138.2
1585590963014,1138.2
1585590963014,1138.2
1585590963014,1138.2
1585590963014,1138.2
1585591069534,1136.3
1585591069534,1136.3
1585591069534,1136.3
1585591104406,1137.89
1585591104406,1137.89
1585591104406,1137.89
1585591137676,1137.1
1585591137676,1137.1
1585591137676,1137.1
1585591137676,1137.1
1585591137676,1137.1
1585591137676,1137.1
1585591137676,1137.1
1585591208340,1135.935
1585591208340,1135.935
1585591208340,1135.935
1585591208340,1135.935
1585591208340,1135.935
1585591208340,1135.935
1585591208340,1135.935
1585591282485,1135.72
1585591282485,1135.72
1585591282485,1135.72
1585591282485,1135.72
1585591282485,1135.72
1585591282485,1135.72
1585591347185,1135.68
1585591347185,1135.68
1585591347185,1135.68
1585591347185,1135.68
1585591347185,1135.68
1585591347185,1135.68
1585591405356,1135.45
1585591405356,1135.45
1585591405356,1135.45
1585591405356,1135.45
1585591405356,1135.45
1585591405356,1135.45
1585591405356,1135.45
1585591405356,1135.45
1585591493140,1133.21
1585591504088,1132.295
1585591508293,1132.54
1585591508293,1132.54
1585591508293,1132.54
1585591508293,1132.54
1585591508293,1132.54
1585591560162,1132.625
1585591560162,1132.625
1585591582574,1133.865
1585591592241,1133.01
1585591592241,1133.01
1585591592241,1133.01
1585591592241,1133.01
1585591592241,1133.01
1585591592241,1133.01
1585591592241,1133.01
1585591671582,1132.85
1585591671582,1132.85
1585591671582,1132.85
1585591671582,1132.85
1585591713629,1132.855
1585591713629,1132.855
1585591713629,1132.855
1585591713629,1132.855
1585591713629,1132.855
1585591764478,1133.125
1585591764478,1133.125
1585591781708,1133.29
1585591781708,1133.29
1585591781708,1133.29
1585591781708,1133.29
1585591831525,1130.465
1585591831525,1130.465
1585591849995,1130.07
1585591849995,1130.07
1585591849995,1130.07
1585591849995,1130.07
1585591849995,1130.07
1585591849995,1130.07
1585591910995,1129.975
1585591910995,1129.975
1585591910995,1129.975
1585591937897,1129.78
1585591937897,1129.78
1585591937897,1129.78
1585591937897,1129.78
1585591937897,1129.78
1585591937897,1129.78
1585591937897,1129.78
1585591937897,1129.78
1585592027193,1128.835
1585592027193,1128.835
1585592027193,1128.835
1585592053304,1128.99
1585592053304,1128.99
1585592082241,1129.79
1585592082241,1129.79
1585592082241,1129.79
1585592082241,1129.79
1585592120927,1130.835
1585592135643,1130.86
1585592135643,1130.86
1585592135643,1130.86
1585592135643,1130.86
1585592135643,1130.86
1585592188245,1130.43
1585592200068,1130.775
1585592204932,1130.77
1585592204932,1130.77
1585592204932,1130.77
1585592204932,1130.77
1585592204932,1130.77
1585592204932,1130.77
1585592204932,1130.77
1585592204932,1130.77
1585592204932,1130.77
1585592295792,1131.17
1585592310644,1132.975
1585592310644,1132.975
1585592310644,1132.975
1585592310644,1132.975
1585592310644,1132.975
1585592310644,1132.975
1585592310644,1132.975
1585592382619,1133.085
1585592382619,1133.085
1585592382619,1133.085
1585592382619,1133.085
1585592382619,1133.085
1585592382619,1133.085
1585592382619,1133.085
1585592382619,1133.085
1585592472403,1131.96
1585592472403,1131.96
1585592472403,1131.96
1585592472403,1131.96
1585592472403,1131.96
1585592472403,1131.96
1585592472403,1131.96
1585592472403,1131.96
1585592472403,1131.96
1585592560261,1132.555
1585592560261,1132.555
1585592560261,1132.555
1585592560261,1132.555
1585592560261,1132.555
1585592560261,1132.555
1585592560261,1132.555
1585592560261,1132.555
1585592560261,1132.555
1585592560261,1132.555
1585592560261,1132.555
1585592560261,1132.555
1585592560261,1132.555
1585592560261,1132.555
1585592715229,1135.03
1585592715229,1135.03
1585592715229,1135.03
1585592715229,1135.03
1585592756251,1134.83
1585592756251,1134.83
1585592756251,1134.83
1585592756251,1134.83
1585592756251,1134.83
1585592756251,1134.83
1585592756251,1134.83
1585592756251,1134.83
1585592837630,1134.85
1585592837630,1134.85
1585592837630,1134.85
1585592837630,1134.85
1585592837630,1134.85
1585592837630,1134.85
1585592903164,1135.96
1585592903164,1135.96
1585592903164,1135.96
1585592903164,1135.96
1585592943960,1136.685
1585592943960,1136.685
1585592943960,1136.685
1585592943960,1136.685
1585592943960,1136.685
1585592943960,1136.685
1585592999740,1137.61
1585593013062,1136.29
1585593013062,1136.29
1585593013062,1136.29
1585593013062,1136.29
1585593013062,1136.29
1585593013062,1136.29
1585593080984,1136.94
1585593080984,1136.94
1585593099129,1137.57
1585593099129,1137.57
1585593099129,1137.57
1585593099129,1137.57
1585593099129,1137.57
1585593153055,1138.05
1585593153055,1138.05
1585593153055,1138.05
1585593153055,1138.05
1585593153055,1138.05
1585593199729,1137.23
1585593211565,1137.19
1585593228386,1137.74
1585593228386,1137.74
1585593228386,1137.74
1585593228386,1137.74
1585593228386,1137.74
1585593228386,1137.74
1585593228386,1137.74
1585593228386,1137.74
1585593313035,1136.845
1585593313035,1136.845
1585593313035,1136.845
1585593313035,1136.845
1585593313035,1136.845
1585593366478,1138.61
1585593366478,1138.61
1585593366478,1138.61
1585593366478,1138.61
1585593366478,1138.61
1585593366478,1138.61
1585593366478,1138.61
1585593366478,1138.61
1585593366478,1138.61
1585593366478,1138.61
1585593366478,1138.61
1585593366478,1138.61
1585593366478,1138.61
1585593366478,1138.61
1585593366478,1138.61
1585593524441,1137.36
1585593524441,1137.36
1585593524441,1137.36
1585593524441,1137.36
1585593524441,1137.36
1585593570870,1137.96
1585593570870,1137.96
1585593570870,1137.96
1585593570870,1137.96
1585593570870,1137.96
1585593570870,1137.96
1585593637719,1137.735
1585593637719,1137.735
1585593637719,1137.735
1585593637719,1137.735
1585593637719,1137.735
1585593637719,1137.735
1585593637719,1137.735
1585593637719,1137.735
1585593637719,1137.735
1585593637719,1137.735
1585593637719,1137.735
1585593637719,1137.735
1585593637719,1137.735
1585593637719,1137.735
1585593784520,1138.76
1585593784520,1138.76
1585593809502,1139
1585593809502,1139
1585593809502,1139
1585593809502,1139
1585593809502,1139
1585593809502,1139
1585593870538,1139.4
1585593870538,1139.4
1585593870538,1139.4
1585593870538,1139.4
1585593870538,1139.4
1585593870538,1139.4
1585593870538,1139.4
1585593937677,1140.17
1585593937677,1140.17
1585593937677,1140.17
1585593937677,1140.17
1585593937677,1140.17
1585593937677,1140.17
1585593937677,1140.17
1585593937677,1140.17
1585594027402,1139.93
1585594027402,1139.93
1585594027402,1139.93
1585594027402,1139.93
1585594076406,1139.02
1585594076406,1139.02
1585594076406,1139.02
1585594076406,1139.02
1585594076406,1139.02
1585594076406,1139.02
1585594076406,1139.02
1585594076406,1139.02
1585594156039,1139.04
1585594156039,1139.04
1585594156039,1139.04
1585594156039,1139.04
1585594156039,1139.04
1585594213076,1140.14
1585594213076,1140.14
1585594235821,1140.56
1585594239940,1139.78
1585594239940,1139.78
1585594239940,1139.78
1585594239940,1139.78
1585594239940,1139.78
1585594294523,1140.77
1585594294523,1140.77
1585594294523,1140.77
1585594325570,1141.93
1585594325570,1141.93
1585594325570,1141.93
1585594325570,1141.93
1585594325570,1141.93
1585594325570,1141.93
1585594325570,1141.93
1585594325570,1141.93
1585594325570,1141.93
1585594325570,1141.93
1585594435116,1143.09
1585594435116,1143.09
1585594435116,1143.09
1585594435116,1143.09
1585594435116,1143.09
1585594435116,1143.09
1585594496148,1142.765
1585594496148,1142.765
1585594496148,1142.765
1585594522940,1142.83
1585594522940,1142.83
1585594522940,1142.83
1585594522940,1142.83
1585594522940,1142.83
1585594522940,1142.83
1585594522940,1142.83
1585594522940,1142.83
1585594522940,1142.83
1585594522940,1142.83
1585594631417,1141.405
1585594631417,1141.405
1585594631417,1141.405
1585594631417,1141.405
1585594631417,1141.405
1585594631417,1141.405
1585594631417,1141.405
1585594704682,1139.705
1585594704682,1139.705
1585594704682,1139.705
1585594704682,1139.705
1585594704682,1139.705
1585594704682,1139.705
1585594704682,1139.705
1585594704682,1139.705
1585594790376,1139.59
