1587475850869,6.54
1587475871626,6.51
1587475882067,6.51
1587475891687,6.53
1587475903877,6.5
1587475903877,6.5
1587475917104,6.48
1587475935382,6.5
1587475942883,6.53
1587475957077,6.51
1587475967101,6.51
1587475967101,6.51
1587475979000,6.49
1587475979000,6.49
1587475979000,6.49
1587475979000,6.49
1587475979000,6.49
1587476035013,6.47
1587476035013,6.47
1587476035013,6.47
1587476065990,6.43
1587476080291,6.44
1587476080291,6.44
1587476096477,6.45
1587476111093,6.46
1587476111093,6.46
1587476133194,6.47
1587476133194,6.47
1587476155481,6.47
1587476164674,6.45
1587476164674,6.45
1587476183679,6.445
1587476183679,6.445
1587476183679,6.445
1587476183679,6.445
1587476229963,6.45
1587476229963,6.45
1587476229963,6.45
1587476259498,6.445
1587476259498,6.445
1587476259498,6.445
1587476259498,6.445
1587476303005,6.45
1587476303005,6.45
1587476303005,6.45
1587476303005,6.45
1587476344607,6.44
1587476344607,6.44
1587476364809,6.435
1587476375087,6.415
1587476378319,6.42
1587476393995,6.425
1587476403224,6.435
1587476403224,6.435
1587476403224,6.435
1587476429156,6.46
1587476429156,6.46
1587476429156,6.46
1587476469015,6.515
1587476469015,6.515
1587476486899,6.51
1587476486899,6.51
1587476506210,6.525
1587476506210,6.525
1587476506210,6.525
1587476506210,6.525
1587476553958,6.525
1587476562142,6.54
1587476570121,6.56
1587476578267,6.57
1587476591522,6.58
1587476597487,6.59
1587476614336,6.585
1587476620338,6.585
1587476635146,6.575
1587476645288,6.555
1587476656970,6.565
1587476661340,6.565
1587476674594,6.585
1587476688558,6.575
1587476691039,6.6
1587476708671,6.6
1587476719132,6.57
1587476727949,6.575
1587476740479,6.585
1587476749349,6.585
1587476761574,6.575
1587476773147,6.565
1587476778450,6.585
1587476788270,6.59
1587476788270,6.59
1587476788270,6.59
1587476788270,6.59
1587476835749,6.56
1587476839025,6.545
1587476854678,6.54
1587476863391,6.55
1587476863391,6.55
1587476883725,6.535
1587476883725,6.535
1587476907842,6.59
1587476919002,6.585
1587476919002,6.585
1587476919002,6.585
1587476947014,6.59
1587476947014,6.59
1587476947014,6.59
1587476978548,6.62
1587476992694,6.595
1587476995961,6.595
1587476995961,6.595
1587476995961,6.595
1587476995961,6.595
1587476995961,6.595
1587476995961,6.595
1587477058754,6.595
1587477058754,6.595
1587477058754,6.595
1587477089456,6.605
1587477089456,6.605
1587477089456,6.605
1587477122959,6.58
1587477122959,6.58
1587477122959,6.58
1587477122959,6.58
1587477161803,6.56
1587477161803,6.56
1587477161803,6.56
1587477161803,6.56
1587477161803,6.56
1587477215962,6.605
1587477224055,6.605
1587477236637,6.585
1587477236637,6.585
1587477264710,6.575
1587477273948,6.565
1587477285212,6.565
1587477292310,6.565
1587477302582,6.565
1587477317741,6.555
1587477325171,6.57
1587477325171,6.57
1587477349175,6.565
1587477349175,6.565
1587477349175,6.565
1587477370889,6.59
1587477390725,6.585
1587477392429,6.585
1587477406365,6.59
1587477422048,6.615
1587477430595,6.605
1587477430595,6.605
1587477453282,6.61
1587477453282,6.61
1587477453282,6.61
1587477485282,6.595
1587477495936,6.59
1587477495936,6.59
1587477511731,6.58
1587477523574,6.57
1587477534097,6.565
1587477546785,6.57
1587477551156,6.555
1587477563795,6.56
1587477563795,6.56
1587477585941,6.575
1587477600864,6.575
1587477610863,6.585
1587477610863,6.585
1587477610863,6.585
1587477638344,6.57
1587477645140,6.555
1587477658184,6.55
1587477671009,6.535
1587477676393,6.535
1587477688406,6.54
1587477697369,6.55
1587477697369,6.55
1587477697369,6.55
1587477697369,6.55
1587477740214,6.54
1587477740214,6.54
1587477740214,6.54
1587477740214,6.54
1587477780826,6.545
1587477799874,6.56
1587477806900,6.56
1587477806900,6.56
1587477806900,6.56
1587477806900,6.56
1587477852070,6.565
1587477852070,6.565
1587477872126,6.575
1587477872126,6.575
1587477892160,6.58
1587477892160,6.58
1587477912371,6.585
1587477924570,6.59
1587477928278,6.595
1587477945085,6.585
1587477945085,6.585
1587477945085,6.585
1587477974184,6.575
1587477974184,6.575
1587477974184,6.575
1587478008926,6.575
1587478013190,6.575
1587478026754,6.585
1587478031219,6.585
1587478049121,6.595
1587478057539,6.595
1587478057539,6.595
1587478057539,6.595
1587478057539,6.595
1587478057539,6.595
1587478111399,6.575
1587478122113,6.595
1587478122113,6.595
1587478135876,6.615
1587478149584,6.625
1587478164628,6.64
1587478176685,6.63
1587478176685,6.63
1587478194332,6.635
1587478194332,6.635
1587478211876,6.635
1587478211876,6.635
1587478239406,6.635
1587478245378,6.635
1587478252435,6.635
1587478252435,6.635
1587478252435,6.635
1587478287929,6.625
1587478287929,6.625
1587478305238,6.63
1587478318539,6.63
1587478325581,6.63
1587478325581,6.63
1587478325581,6.63
1587478356901,6.635
1587478371596,6.635
1587478371596,6.635
1587478371596,6.635
1587478407848,6.635
1587478418885,6.625
1587478423216,6.625
1587478423216,6.625
1587478423216,6.625
1587478460403,6.625
1587478470961,6.625
1587478479815,6.635
1587478488570,6.635
1587478498442,6.625
1587478510768,6.6
1587478510768,6.6
1587478525360,6.625
1587478525360,6.625
1587478553894,6.615
1587478565370,6.615
1587478573210,6.605
1587478579291,6.605
1587478579291,6.605
1587478579291,6.605
1587478614295,6.59
1587478614295,6.59
1587478614295,6.59
1587478645631,6.585
1587478653869,6.585
1587478669410,6.585
1587478669410,6.585
1587478669410,6.585
1587478669410,6.585
1587478669410,6.585
1587478669410,6.585
1587478731426,6.585
1587478740845,6.585
1587478744529,6.585
1587478744529,6.585
1587478744529,6.585
1587478782534,6.58
1587478782534,6.58
1587478798871,6.59
1587478798871,6.59
1587478823052,6.59
1587478823052,6.59
1587478837429,6.6
1587478848865,6.625
1587478848865,6.625
1587478848865,6.625
1587478848865,6.625
1587478848865,6.625
1587478848865,6.625
1587478848865,6.625
1587478931558,6.605
1587478937399,6.615
1587478937399,6.615
1587478937399,6.615
1587478937399,6.615
1587478937399,6.615
1587478937399,6.615
1587479004287,6.635
1587479014270,6.635
1587479014270,6.635
1587479014270,6.635
1587479041799,6.635
1587479041799,6.635
1587479041799,6.635
1587479041799,6.635
1587479079496,6.635
1587479079496,6.635
1587479104500,6.635
1587479114669,6.635
1587479121815,6.635
1587479139282,6.64
1587479145207,6.67
1587479157002,6.66
1587479165266,6.665
1587479165266,6.665
1587479165266,6.665
1587479165266,6.665
1587479165266,6.665
1587479222776,6.64
1587479222776,6.64
1587479245143,6.685
1587479245143,6.685
1587479265274,6.695
1587479265274,6.695
1587479279661,6.69
1587479279661,6.69
1587479279661,6.69
1587479309938,6.7
1587479309938,6.7
1587479309938,6.7
1587479309938,6.7
1587479309938,6.7
1587479361932,6.73
1587479378945,6.735
1587479389119,6.725
1587479401009,6.73
1587479408989,6.725
1587479408989,6.725
1587479408989,6.725
1587479408989,6.725
1587479408989,6.725
1587479461584,6.75
1587479461584,6.75
1587479461584,6.75
1587479461584,6.75
1587479461584,6.75
1587479510425,6.74
1587479510425,6.74
1587479510425,6.74
1587479510425,6.74
1587479560862,6.74
1587479565845,6.745
1587479565845,6.745
1587479584924,6.745
1587479584924,6.745
1587479605386,6.745
1587479617849,6.74
1587479617849,6.74
1587479617849,6.74
1587479617849,6.74
1587479662192,6.73
1587479673026,6.725
1587479679949,6.725
1587479696316,6.74
1587479696316,6.74
1587479696316,6.74
1587479696316,6.74
1587479730887,6.75
1587479730887,6.75
1587479730887,6.75
1587479765642,6.75
1587479779875,6.745
1587479790749,6.745
1587479796515,6.74
1587479811596,6.735
1587479822289,6.735
1587479822289,6.735
1587479822289,6.735
1587479849042,6.715
1587479861322,6.715
1587479873122,6.705
1587479882108,6.705
1587479892018,6.705
1587479899994,6.705
1587479899994,6.705
1587479924965,6.705
1587479924965,6.705
1587479945194,6.715
1587479951835,6.72
1587479964190,6.72
1587479964190,6.72
1587479964190,6.72
1587479964190,6.72
1587480007936,6.725
1587480017189,6.725
1587480030264,6.725
1587480039911,6.725
1587480039911,6.725
1587480056926,6.725
1587480056926,6.725
1587480056926,6.725
1587480093357,6.73
1587480093357,6.73
1587480109679,6.735
1587480109679,6.735
1587480131740,6.725
1587480137828,6.725
1587480147925,6.705
1587480163906,6.705
1587480171249,6.715
1587480171249,6.715
1587480191544,6.72
1587480191544,6.72
1587480211673,6.715
1587480211673,6.715
1587480211673,6.715
1587480246325,6.705
1587480246325,6.705
1587480246325,6.705
1587480278806,6.705
1587480278806,6.705
1587480278806,6.705
1587480301979,6.695
1587480315979,6.695
1587480328328,6.695
1587480335314,6.695
1587480348857,6.695
1587480348857,6.695
1587480348857,6.695
1587480348857,6.695
1587480395665,6.685
1587480406258,6.675
1587480416824,6.665
1587480427175,6.665
1587480436503,6.65
1587480443398,6.665
1587480443398,6.665
1587480443398,6.665
1587480443398,6.665
1587480443398,6.665
1587480491271,6.68
1587480491271,6.68
1587480491271,6.68
1587480491271,6.68
1587480491271,6.68
1587480491271,6.68
1587480557832,6.67
1587480557832,6.67
1587480557832,6.67
1587480557832,6.67
1587480557832,6.67
1587480607711,6.65
1587480617114,6.645
1587480617114,6.645
1587480617114,6.645
1587480651566,6.65
1587480661788,6.66
1587480661788,6.66
1587480661788,6.66
1587480661788,6.66
1587480661788,6.66
1587480710327,6.685
1587480710327,6.685
1587480731262,6.68
1587480731262,6.68
1587480757821,6.67
1587480772124,6.67
1587480775936,6.67
1587480775936,6.67
1587480798752,6.67
1587480811153,6.67
1587480811153,6.67
1587480811153,6.67
1587480839687,6.665
1587480848798,6.675
1587480848798,6.675
1587480848798,6.675
1587480876803,6.675
1587480891996,6.675
1587480903922,6.68
1587480903922,6.68
1587480903922,6.68
1587480903922,6.68
1587480949756,6.665
1587480959018,6.665
1587480965981,6.665
1587480979577,6.67
1587480979577,6.67
1587480979577,6.67
1587481009129,6.68
1587481009129,6.68
1587481009129,6.68
1587481009129,6.68
1587481009129,6.68
1587481009129,6.68
1587481069632,6.665
1587481069632,6.665
1587481090225,6.67
1587481090225,6.67
1587481090225,6.67
1587481090225,6.67
1587481090225,6.67
1587481090225,6.67
1587481090225,6.67
1587481090225,6.67
1587481090225,6.67
1587481090225,6.67
1587481197975,6.675
1587481212044,6.675
1587481212044,6.675
1587481212044,6.675
1587481212044,6.675
1587481252309,6.655
1587481261605,6.65
1587481261605,6.65
1587481261605,6.65
1587481292946,6.66
1587481298650,6.66
1587481298650,6.66
1587481321794,6.62
1587481321794,6.62
1587481345713,6.62
1587481345713,6.62
1587481345713,6.62
1587481345713,6.62
1587481390121,6.615
1587481399572,6.605
1587481408265,6.605
1587481416377,6.59
1587481429654,6.61
1587481429654,6.61
1587481446903,6.61
1587481461893,6.58
1587481461893,6.58
1587481461893,6.58
1587481461893,6.58
1587481500936,6.585
1587481500936,6.585
1587481500936,6.585
1587481500936,6.585
1587481500936,6.585
1587481500936,6.585
1587481500936,6.585
1587481500936,6.585
1587481582173,6.575
1587481582173,6.575
1587481606148,6.57
1587481621821,6.57
1587481621821,6.57
1587481621821,6.57
1587481621821,6.57
1587481621821,6.57
1587481621821,6.57
1587481682757,6.58
1587481682757,6.58
1587481704881,6.575
1587481704881,6.575
1587481704881,6.575
1587481704881,6.575
1587481704881,6.575
1587481756608,6.56
1587481765739,6.56
1587481776076,6.565
1587481795735,6.56
1587481800180,6.56
1587481800180,6.56
1587481800180,6.56
1587481800180,6.56
1587481800180,6.56
1587481800180,6.56
1587481865751,6.55
1587481875793,6.54
1587481884918,6.54
1587481884918,6.54
1587481884918,6.54
1587481918388,6.56
1587481918388,6.56
1587481918388,6.56
1587481949696,6.555
1587481949696,6.555
1587481965588,6.56
1587481965588,6.56
1587481965588,6.56
1587481999622,6.575
1587481999622,6.575
1587481999622,6.575
1587481999622,6.575
1587482045691,6.575
1587482047596,6.57
1587482059459,6.565
1587482074598,6.565
1587482074598,6.565
1587482074598,6.565
1587482108627,6.555
1587482108627,6.555
1587482108627,6.555
1587482138676,6.555
1587482138676,6.555
1587482138676,6.555
1587482164421,6.56
1587482164421,6.56
1587482164421,6.56
1587482164421,6.56
1587482210118,6.59
1587482217386,6.585
1587482233807,6.6
1587482244233,6.575
1587482254248,6.58
1587482254248,6.58
1587482276158,6.565
1587482282405,6.565
1587482297241,6.575
1587482301720,6.58
1587482301720,6.58
1587482301720,6.58
1587482333472,6.575
1587482344537,6.58
1587482344537,6.58
1587482344537,6.58
1587482344537,6.58
1587482344537,6.58
1587482398082,6.59
1587482415427,6.585
1587482420784,6.575
1587482429334,6.575
1587482429334,6.575
1587482455008,6.585
1587482466339,6.595
1587482468039,6.595
1587482486226,6.595
1587482486226,6.595
1587482509567,6.595
1587482509567,6.595
1587482524430,6.595
1587482524430,6.595
1587482524430,6.595
1587482559607,6.585
1587482566959,6.585
1587482566959,6.585
1587482587535,6.595
1587482603213,6.595
1587482607872,6.595
1587482616479,6.595
1587482616479,6.595
1587482616479,6.595
1587482647865,6.585
1587482664310,6.585
1587482664310,6.585
1587482664310,6.585
1587482696706,6.585
1587482707108,6.585
1587482714192,6.585
1587482724420,6.595
1587482737629,6.585
1587482747320,6.585
1587482747320,6.585
1587482769233,6.585
1587482769233,6.585
1587482787621,6.575
1587482787621,6.575
1587482812122,6.565
1587482816405,6.555
1587482832248,6.555
1587482844140,6.555
1587482852233,6.555
1587482857319,6.555
1587482869274,6.545
1587482886291,6.525
1587482896953,6.525
1587482905241,6.525
1587482905241,6.525
1587482927126,6.515
1587482935241,6.515
1587482935241,6.515
1587482935241,6.515
1587482962447,6.52
1587482977214,6.52
1587482990390,6.515
1587482998819,6.515
1587483009491,6.535
1587483012585,6.53
1587483012585,6.53
1587483039637,6.535
1587483054270,6.54
1587483054270,6.54
1587483076418,6.545
1587483076418,6.545
1587483076418,6.545
1587483102871,6.54
1587483102871,6.54
1587483128772,6.565
1587483128772,6.565
1587483128772,6.565
1587483161271,6.56
1587483170440,6.55
1587483170440,6.55
1587483170440,6.55
1587483170440,6.55
1587483207186,6.55
1587483223548,6.56
1587483223548,6.56
1587483223548,6.56
1587483223548,6.56
1587483223548,6.56
1587483276582,6.535
1587483276582,6.535
1587483276582,6.535
1587483276582,6.535
1587483276582,6.535
1587483276582,6.535
1587483276582,6.535
1587483276582,6.535
1587483276582,6.535
1587483368158,6.52
1587483368158,6.52
1587483368158,6.52
1587483368158,6.52
1587483368158,6.52
1587483368158,6.52
1587483368158,6.52
1587483368158,6.52
1587483368158,6.52
1587483368158,6.52
1587483368158,6.52
1587483481020,6.53
1587483481020,6.53
1587483481020,6.53
1587483481020,6.53
1587483523419,6.53
1587483523419,6.53
1587483523419,6.53
1587483523419,6.53
1587483565191,6.54
1587483580195,6.55
1587483580195,6.55
1587483580195,6.55
1587483611069,6.56
1587483611069,6.56
1587483611069,6.56
1587483611069,6.56
1587483611069,6.56
1587483661621,6.55
1587483666278,6.545
1587483666278,6.545
1587483666278,6.545
1587483666278,6.545
1587483666278,6.545
1587483717353,6.56
1587483717353,6.56
1587483717353,6.56
1587483751711,6.55
1587483751711,6.55
1587483751711,6.55
1587483781221,6.55
1587483781221,6.55
1587483781221,6.55
1587483781221,6.55
1587483781221,6.55
1587483843671,6.545
1587483846979,6.545
1587483846979,6.545
1587483846979,6.545
1587483846979,6.545
1587483846979,6.545
1587483902945,6.535
1587483909703,6.535
1587483921816,6.525
1587483934461,6.525
1587483934461,6.525
1587483934461,6.525
1587483968062,6.525
1587483970658,6.525
1587483970658,6.525
1587483999558,6.53
1587483999558,6.53
1587483999558,6.53
1587483999558,6.53
1587483999558,6.53
1587484049882,6.52
1587484057080,6.53
1587484065007,6.535
1587484065007,6.535
1587484086239,6.525
1587484105305,6.525
1587484107338,6.525
1587484107338,6.525
1587484129866,6.52
1587484129866,6.52
1587484129866,6.52
1587484165403,6.525
1587484165403,6.525
1587484165403,6.525
1587484165403,6.525
1587484203419,6.525
1587484203419,6.525
1587484225183,6.525
1587484225183,6.525
1587484243972,6.525
1587484263138,6.525
1587484267932,6.525
1587484267932,6.525
1587484267932,6.525
1587484298771,6.54
1587484314615,6.535
1587484314615,6.535
1587484335933,6.545
1587484344488,6.545
1587484354133,6.545
1587484354133,6.545
1587484354133,6.545
1587484388734,6.545
1587484388734,6.545
1587484408353,6.535
1587484408353,6.535
1587484420941,6.54
1587484420941,6.54
1587484442117,6.545
1587484442117,6.545
1587484442117,6.545
1587484442117,6.545
1587484442117,6.545
1587484442117,6.545
1587484509522,6.545
1587484519801,6.545
1587484527110,6.55
1587484527110,6.55
1587484527110,6.55
1587484527110,6.55
1587484527110,6.55
1587484527110,6.55
1587484527110,6.55
1587484605488,6.54
1587484615017,6.54
1587484615017,6.54
1587484615017,6.54
1587484615017,6.54
1587484615017,6.54
1587484615017,6.54
1587484615017,6.54
1587484685871,6.555
1587484702895,6.56
1587484702895,6.56
1587484717038,6.565
1587484717038,6.565
1587484740463,6.555
1587484740463,6.555
1587484740463,6.555
1587484778107,6.56
1587484778107,6.56
1587484778107,6.56
1587484778107,6.56
1587484778107,6.56
1587484778107,6.56
1587484778107,6.56
1587484778107,6.56
1587484778107,6.56
1587484778107,6.56
1587484778107,6.56
1587484778107,6.56
1587484778107,6.56
1587484778107,6.56
1587484925246,6.545
1587484925246,6.545
1587484925246,6.545
1587484925246,6.545
1587484925246,6.545
1587484925246,6.545
1587484925246,6.545
1587484925246,6.545
1587484925246,6.545
1587484925246,6.545
1587484925246,6.545
1587485030178,6.53
1587485030178,6.53
1587485030178,6.53
1587485030178,6.53
1587485030178,6.53
1587485030178,6.53
1587485030178,6.53
1587485030178,6.53
1587485030178,6.53
1587485030178,6.53
1587485030178,6.53
1587485155576,6.54
1587485160031,6.53
1587485172774,6.535
1587485172774,6.535
1587485172774,6.535
1587485172774,6.535
1587485172774,6.535
1587485227641,6.535
1587485227641,6.535
1587485227641,6.535
1587485227641,6.535
1587485227641,6.535
1587485227641,6.535
1587485227641,6.535
1587485227641,6.535
1587485227641,6.535
1587485227641,6.535
1587485227641,6.535
1587485338958,6.515
1587485355062,6.515
1587485355062,6.515
1587485355062,6.515
1587485355062,6.515
1587485355062,6.515
1587485355062,6.515
1587485417602,6.525
1587485420359,6.53
1587485420359,6.53
1587485420359,6.53
1587485420359,6.53
1587485420359,6.53
1587485420359,6.53
1587485487499,6.535
1587485503039,6.54
1587485503039,6.54
1587485503039,6.54
1587485534274,6.535
1587485534274,6.535
1587485534274,6.535
1587485534274,6.535
1587485534274,6.535
1587485582000,6.535
1587485598039,6.535
1587485606286,6.535
1587485606286,6.535
1587485606286,6.535
1587485606286,6.535
1587485606286,6.535
1587485606286,6.535
1587485670420,6.525
1587485675046,6.53
1587485675046,6.53
1587485675046,6.53
1587485675046,6.53
1587485675046,6.53
1587485675046,6.53
1587485744137,6.545
1587485747467,6.545
1587485747467,6.545
1587485747467,6.545
1587485747467,6.545
1587485747467,6.545
1587485801025,6.535
1587485801025,6.535
1587485826850,6.535
1587485826850,6.535
1587485826850,6.535
1587485826850,6.535
1587485826850,6.535
1587485826850,6.535
1587485826850,6.535
1587485899884,6.535
1587485899884,6.535
1587485923352,6.53
1587485932468,6.53
1587485943180,6.525
1587485943180,6.525
1587485943180,6.525
1587485975110,6.525
1587485980530,6.525
1587485980530,6.525
1587485980530,6.525
1587485980530,6.525
1587485980530,6.525
1587486038756,6.525
1587486038756,6.525
1587486052960,6.525
1587486052960,6.525
1587486052960,6.525
1587486081698,6.52
1587486081698,6.52
1587486081698,6.52
1587486081698,6.52
1587486131191,6.515
1587486143078,6.515
1587486143078,6.515
1587486143078,6.515
1587486143078,6.515
1587486143078,6.515
1587486195913,6.525
1587486195913,6.525
1587486214526,6.515
1587486214526,6.515
1587486214526,6.515
1587486246059,6.505
1587486250002,6.5
1587486250002,6.5
1587486250002,6.5
1587486291543,6.495
1587486300079,6.495
1587486300079,6.495
1587486300079,6.495
1587486300079,6.495
1587486300079,6.495
1587486353300,6.495
1587486359656,6.505
1587486373916,6.525
1587486381615,6.525
1587486381615,6.525
1587486381615,6.525
1587486381615,6.525
1587486418464,6.53
1587486418464,6.53
1587486418464,6.53
1587486454763,6.515
1587486454763,6.515
1587486454763,6.515
1587486454763,6.515
1587486454763,6.515
1587486505313,6.515
1587486505313,6.515
1587486532511,6.515
1587486535144,6.515
1587486552055,6.515
1587486552055,6.515
1587486552055,6.515
1587486578837,6.505
1587486587916,6.515
1587486587916,6.515
1587486615845,6.505
1587486624308,6.505
1587486636954,6.505
1587486643870,6.505
1587486650389,6.51
1587486667551,6.515
1587486667551,6.515
1587486667551,6.515
1587486667551,6.515
1587486702247,6.505
1587486722604,6.51
1587486722604,6.51
1587486722604,6.51
1587486722604,6.51
1587486756769,6.5
1587486756769,6.5
1587486785919,6.495
1587486794893,6.485
1587486800906,6.485
1587486800906,6.485
1587486824419,6.48
1587486824419,6.48
1587486824419,6.48
1587486855045,6.47
1587486855045,6.47
1587486873367,6.465
1587486884974,6.465
1587486900277,6.465
1587486905828,6.465
1587486911397,6.465
1587486928001,6.465
1587486941250,6.47
1587486941250,6.47
1587486941250,6.47
1587486973784,6.48
1587486981246,6.485
1587486989250,6.48
1587487001901,6.48
1587487012486,6.49
1587487012486,6.49
1587487035705,6.48
1587487035705,6.48
1587487054864,6.475
1587487054864,6.475
1587487054864,6.475
1587487089505,6.48
1587487089505,6.48
1587487089505,6.48
1587487089505,6.48
1587487089505,6.48
1587487139109,6.475
1587487153665,6.475
1587487153665,6.475
1587487153665,6.475
1587487153665,6.475
1587487153665,6.475
1587487199950,6.475
1587487213443,6.475
1587487213443,6.475
1587487213443,6.475
1587487247170,6.485
1587487255576,6.485
1587487265621,6.485
1587487265621,6.485
1587487290466,6.48
1587487298926,6.485
1587487304765,6.485
1587487304765,6.485
1587487329804,6.48
1587487329804,6.48
1587487329804,6.48
1587487329804,6.48
1587487374487,6.46
1587487374487,6.46
1587487390172,6.465
1587487407165,6.465
1587487417924,6.465
1587487417924,6.465
1587487434703,6.475
1587487439740,6.475
1587487439740,6.475
1587487439740,6.475
1587487439740,6.475
1587487481555,6.465
1587487493290,6.46
1587487512126,6.47
1587487512126,6.47
1587487512126,6.47
1587487543293,6.48
1587487543293,6.48
1587487543293,6.48
1587487573299,6.475
1587487573299,6.475
1587487593927,6.455
1587487603860,6.46
1587487617824,6.465
1587487623401,6.47
1587487623401,6.47
1587487623401,6.47
1587487623401,6.47
1587487664634,6.475
1587487673421,6.47
1587487673421,6.47
1587487701140,6.465
1587487701140,6.465
1587487701140,6.465
1587487701140,6.465
1587487701140,6.465
1587487752351,6.485
1587487752351,6.485
1587487752351,6.485
1587487752351,6.485
1587487752351,6.485
1587487799143,6.475
1587487799143,6.475
1587487799143,6.475
1587487799143,6.475
1587487845656,6.48
1587487845656,6.48
1587487845656,6.48
1587487877001,6.485
1587487880459,6.48
1587487894950,6.475
1587487903315,6.48
1587487903315,6.48
1587487930911,6.49
1587487930911,6.49
1587487930911,6.49
1587487930911,6.49
1587487930911,6.49
1587487930911,6.49
1587487988260,6.495
1587487994915,6.505
1587487994915,6.505
1587487994915,6.505
1587487994915,6.505
1587487994915,6.505
1587487994915,6.505
1587488065748,6.5
1587488077217,6.49
1587488084886,6.49
1587488084886,6.49
1587488084886,6.49
1587488118853,6.495
1587488118853,6.495
1587488137521,6.49
1587488137521,6.49
1587488153538,6.48
1587488170256,6.475
1587488170256,6.475
1587488189087,6.475
1587488201974,6.475
1587488209157,6.48
1587488209157,6.48
1587488226081,6.475
1587488236054,6.475
1587488236054,6.475
1587488263952,6.475
1587488269021,6.475
1587488269021,6.475
1587488269021,6.475
1587488297869,6.475
1587488297869,6.475
1587488297869,6.475
1587488331888,6.485
1587488331888,6.485
1587488331888,6.485
1587488331888,6.485
1587488376577,6.49
1587488376577,6.49
1587488376577,6.49
1587488405801,6.495
1587488405801,6.495
1587488429928,6.5
1587488429928,6.5
1587488429928,6.5
1587488429928,6.5
1587488429928,6.5
1587488429928,6.5
1587488493371,6.51
1587488493371,6.51
1587488493371,6.51
1587488526126,6.5
1587488530836,6.49
1587488542489,6.5
1587488542489,6.5
1587488542489,6.5
1587488542489,6.5
1587488542489,6.5
1587488600483,6.495
1587488600483,6.495
1587488617273,6.495
1587488617273,6.495
1587488636803,6.495
1587488650716,6.495
1587488664070,6.495
1587488664070,6.495
1587488683669,6.5
1587488683669,6.5
1587488683669,6.5
1587488712006,6.505
1587488717639,6.5
1587488730297,6.505
1587488730297,6.505
1587488730297,6.505
1587488730297,6.505
1587488730297,6.505
1587488730297,6.505
1587488730297,6.505
1587488730297,6.505
1587488730297,6.505
1587488730297,6.505
1587488730297,6.505
1587488851069,6.505
1587488857925,6.505
1587488857925,6.505
1587488857925,6.505
1587488890998,6.505
1587488890998,6.505
1587488910845,6.505
1587488910845,6.505
1587488910845,6.505
1587488948102,6.505
1587488948102,6.505
1587488948102,6.505
1587488948102,6.505
1587488948102,6.505
1587488948102,6.505
1587489013169,6.505
1587489022018,6.505
1587489022018,6.505
1587489042589,6.505
1587489052280,6.505
1587489065027,6.505
1587489070802,6.51
1587489070802,6.51
1587489090711,6.515
1587489090711,6.515
1587489090711,6.515
1587489090711,6.515
1587489090711,6.515
1587489090711,6.515
1587489090711,6.515
1587489090711,6.515
1587489090711,6.515
1587489090711,6.515
1587489090711,6.515
1587489090711,6.515
1587489218405,6.515
1587489218405,6.515
1587489244018,6.505
1587489244018,6.505
1587489244018,6.505
1587489268248,6.51
1587489279661,6.5
1587489279661,6.5
1587489279661,6.5
1587489279661,6.5
1587489330175,6.505
1587489330175,6.505
1587489330175,6.505
1587489330175,6.505
1587489365293,6.505
1587489375940,6.495
1587489391921,6.495
1587489400111,6.495
1587489414132,6.495
1587489421495,6.495
1587489427311,6.495
1587489440108,6.495
1587489449825,6.495
1587489467306,6.495
1587489476275,6.495
1587489476275,6.495
1587489476275,6.495
1587489501568,6.495
1587489501568,6.495
1587489501568,6.495
1587489501568,6.495
1587489501568,6.495
1587489501568,6.495
1587489501568,6.495
1587489501568,6.495
1587489501568,6.495
1587489603178,6.505
1587489603178,6.505
1587489603178,6.505
1587489628170,6.515
1587489628170,6.515
1587489628170,6.515
1587489628170,6.515
1587489675912,6.52
1587489675912,6.52
1587489675912,6.52
1587489675912,6.52
1587489717136,6.53
1587489717136,6.53
1587489717136,6.53
1587489747389,6.545
1587489747389,6.545
1587489747389,6.545
1587489778088,6.555
1587489790331,6.545
1587489790331,6.545
1587489805774,6.555
1587489824053,6.565
1587489824053,6.565
1587489824053,6.565
1587489855250,6.565
1587489855250,6.565
1587489855250,6.565
1587489883383,6.555
1587489889555,6.555
1587489900002,6.55
1587489900002,6.55
1587489900002,6.55
1587489900002,6.55
1587489900002,6.55
1587489900002,6.55
1587489971004,6.565
1587489971004,6.565
1587489971004,6.565
1587490002856,6.555
1587490010296,6.555
1587490010296,6.555
1587490010296,6.555
1587490038284,6.555
1587490048653,6.555
1587490058866,6.555
1587490058866,6.555
1587490085096,6.555
1587490092838,6.555
1587490106290,6.555
1587490117897,6.555
1587490127967,6.565
1587490127967,6.565
1587490141688,6.565
1587490141688,6.565
1587490141688,6.565
1587490175088,6.575
1587490175088,6.575
1587490201009,6.575
1587490212006,6.565
1587490222156,6.565
1587490228378,6.565
1587490228378,6.565
1587490228378,6.565
1587490259648,6.58
1587490266019,6.575
1587490266019,6.575
1587490296600,6.565
1587490296600,6.565
1587490296600,6.565
1587490296600,6.565
1587490296600,6.565
1587490347258,6.57
1587490347258,6.57
1587490347258,6.57
1587490347258,6.57
1587490386382,6.575
1587490386382,6.575
1587490386382,6.575
1587490386382,6.575
1587490430088,6.575
1587490430088,6.575
1587490453215,6.57
1587490453215,6.57
1587490471553,6.575
1587490471553,6.575
1587490471553,6.575
1587490498288,6.575
1587490498288,6.575
1587490498288,6.575
1587490530795,6.565
1587490543153,6.565
1587490557565,6.565
1587490568672,6.565
1587490572009,6.565
1587490572009,6.565
1587490597292,6.565
1587490597292,6.565
1587490597292,6.565
1587490630503,6.575
1587490640917,6.595
1587490640917,6.595
1587490640917,6.595
1587490670503,6.585
1587490680940,6.585
1587490680940,6.585
1587490680940,6.585
1587490712265,6.575
1587490712265,6.575
1587490712265,6.575
1587490712265,6.575
1587490712265,6.575
1587490765407,6.575
1587490772717,6.575
1587490788963,6.575
1587490788963,6.575
1587490788963,6.575
1587490815595,6.575
1587490815595,6.575
1587490815595,6.575
1587490815595,6.575
1587490860959,6.565
1587490865954,6.565
1587490880493,6.555
1587490880493,6.555
1587490880493,6.555
1587490905246,6.555
1587490905246,6.555
1587490905246,6.555
1587490946278,6.545
1587490954109,6.545
1587490959110,6.55
1587490959110,6.55
1587490959110,6.55
1587490999286,6.555
1587490999286,6.555
1587490999286,6.555
1587490999286,6.555
1587490999286,6.555
1587490999286,6.555
1587491054594,6.555
1587491071319,6.545
1587491071319,6.545
1587491071319,6.545
1587491071319,6.545
1587491113879,6.55
1587491113879,6.55
1587491113879,6.55
1587491143544,6.545
1587491143544,6.545
1587491143544,6.545
1587491143544,6.545
1587491184303,6.545
1587491196016,6.54
1587491196016,6.54
1587491196016,6.54
1587491223586,6.55
1587491223586,6.55
1587491248266,6.55
1587491248266,6.55
1587491248266,6.55
1587491248266,6.55
1587491248266,6.55
1587491248266,6.55
1587491304794,6.54
1587491304794,6.54
1587491327866,6.535
1587491345236,6.535
1587491352468,6.525
1587491352468,6.525
1587491352468,6.525
1587491385318,6.525
1587491397120,6.525
1587491405004,6.525
1587491414972,6.525
1587491414972,6.525
1587491435696,6.525
1587491444288,6.525
1587491444288,6.525
1587491464581,6.525
1587491464581,6.525
1587491464581,6.525
1587491464581,6.525
1587491509420,6.53
1587491509420,6.53
1587491532944,6.535
1587491532944,6.535
1587491532944,6.535
1587491532944,6.535
1587491532944,6.535
1587491587599,6.54
1587491593715,6.545
1587491606043,6.545
1587491606043,6.545
1587491623216,6.545
1587491637079,6.545
1587491637079,6.545
1587491655390,6.545
1587491673749,6.555
1587491680375,6.555
1587491692755,6.55
1587491692755,6.55
1587491713170,6.555
1587491725168,6.55
1587491725168,6.55
1587491725168,6.55
1587491725168,6.55
1587491725168,6.55
1587491725168,6.55
1587491725168,6.55
1587491725168,6.55
1587491725168,6.55
1587491725168,6.55
1587491725168,6.55
1587491725168,6.55
1587491725168,6.55
1587491725168,6.55
1587491725168,6.55
1587491882974,6.555
1587491896048,6.545
1587491901013,6.545
1587491918161,6.545
1587491918161,6.545
1587491918161,6.545
1587491948531,6.545
1587491948531,6.545
1587491948531,6.545
1587491948531,6.545
1587491948531,6.545
1587491948531,6.545
1587492009957,6.545
1587492009957,6.545
1587492028292,6.54
1587492028292,6.54
1587492028292,6.54
1587492060044,6.535
1587492060044,6.535
1587492060044,6.535
1587492095617,6.54
1587492095617,6.54
1587492108952,6.535
1587492127604,6.545
1587492133593,6.535
1587492142295,6.535
1587492142295,6.535
1587492142295,6.535
1587492142295,6.535
1587492142295,6.535
1587492142295,6.535
1587492207119,6.555
1587492216058,6.555
1587492216058,6.555
1587492216058,6.555
1587492216058,6.555
1587492259528,6.56
1587492272242,6.56
1587492272242,6.56
1587492272242,6.56
1587492301898,6.565
1587492301898,6.565
1587492301898,6.565
1587492301898,6.565
1587492346606,6.56
1587492346606,6.56
1587492367429,6.57
1587492367429,6.57
1587492367429,6.57
1587492367429,6.57
1587492414330,6.585
1587492414330,6.585
1587492414330,6.585
1587492414330,6.585
1587492414330,6.585
1587492414330,6.585
1587492414330,6.585
1587492483811,6.585
1587492483811,6.585
1587492502611,6.585
1587492502611,6.585
1587492502611,6.585
1587492502611,6.585
1587492502611,6.585
1587492562039,6.575
1587492570303,6.575
1587492570303,6.575
1587492585774,6.57
1587492585774,6.57
1587492585774,6.57
1587492585774,6.57
1587492585774,6.57
1587492585774,6.57
1587492656144,6.595
1587492656144,6.595
1587492656144,6.595
1587492686743,6.595
1587492686743,6.595
1587492686743,6.595
1587492686743,6.595
1587492722903,6.605
1587492733060,6.595
1587492733060,6.595
1587492758010,6.585
1587492774016,6.585
1587492774016,6.585
1587492774016,6.585
1587492774016,6.585
1587492774016,6.585
1587492826223,6.585
1587492832324,6.585
1587492832324,6.585
1587492832324,6.585
1587492864771,6.595
1587492875039,6.595
1587492875039,6.595
1587492895340,6.605
1587492895340,6.605
1587492895340,6.605
1587492895340,6.605
1587492895340,6.605
1587492944661,6.615
1587492944661,6.615
1587492944661,6.615
1587492944661,6.615
1587492944661,6.615
1587493002516,6.615
1587493015178,6.605
1587493015178,6.605
1587493027385,6.595
1587493042345,6.595
1587493058111,6.595
1587493058111,6.595
1587493072279,6.575
1587493082120,6.575
1587493082120,6.575
1587493082120,6.575
1587493082120,6.575
1587493130209,6.585
1587493133540,6.585
1587493133540,6.585
1587493161241,6.595
1587493161241,6.595
1587493161241,6.595
1587493161241,6.595
1587493161241,6.595
1587493161241,6.595
1587493161241,6.595
1587493235161,6.605
1587493235161,6.605
1587493257551,6.605
1587493265249,6.6
1587493265249,6.6
1587493265249,6.6
1587493299595,6.605
1587493299595,6.605
1587493299595,6.605
1587493299595,6.605
1587493299595,6.605
1587493351805,6.605
1587493351805,6.605
1587493351805,6.605
1587493351805,6.605
1587493351805,6.605
1587493351805,6.605
1587493351805,6.605
1587493418696,6.625
1587493418696,6.625
1587493443216,6.625
1587493443216,6.625
1587493463527,6.615
1587493463527,6.615
1587493485723,6.605
1587493494585,6.605
1587493494585,6.605
1587493494585,6.605
1587493494585,6.605
1587493494585,6.605
1587493549751,6.605
1587493555778,6.605
1587493569348,6.62
1587493569348,6.62
1587493592825,6.615
1587493600590,6.615
1587493608436,6.615
1587493623183,6.61
1587493623183,6.61
1587493623183,6.61
1587493623183,6.61
1587493623183,6.61
1587493671077,6.605
1587493687842,6.605
1587493696853,6.605
1587493696853,6.605
1587493715663,6.605
1587493726959,6.605
1587493739492,6.595
1587493742102,6.595
1587493761767,6.595
1587493769091,6.595
1587493769091,6.595
1587493792126,6.595
1587493792126,6.595
1587493809598,6.595
1587493817951,6.595
1587493829237,6.595
1587493843606,6.595
1587493855968,6.595
1587493855968,6.595
1587493867283,6.605
1587493888623,6.605
1587493888623,6.605
1587493888623,6.605
1587493919199,6.605
1587493919199,6.605
1587493919199,6.605
1587493919199,6.605
1587493958489,6.605
1587493958489,6.605
1587493975429,6.595
1587493975429,6.595
1587493975429,6.595
1587494006416,6.595
1587494006416,6.595
1587494006416,6.595
1587494038866,6.595
1587494049435,6.595
1587494066350,6.595
1587494066350,6.595
1587494066350,6.595
1587494100724,6.595
1587494107153,6.595
1587494107153,6.595
1587494127121,6.595
1587494127121,6.595
1587494127121,6.595
1587494158536,6.585
1587494175847,6.59
1587494175847,6.59
1587494175847,6.59
1587494205420,6.595
1587494205420,6.595
1587494220145,6.605
1587494239815,6.605
1587494239815,6.605
1587494257680,6.605
1587494270884,6.605
1587494277141,6.595
1587494277141,6.595
1587494277141,6.595
1587494303913,6.595
1587494303913,6.595
1587494331650,6.585
1587494344322,6.585
1587494344322,6.585
1587494366687,6.595
1587494366687,6.595
1587494366687,6.595
1587494366687,6.595
1587494402266,6.595
1587494416401,6.595
1587494422363,6.595
1587494422363,6.595
1587494441881,6.595
1587494441881,6.595
1587494470091,6.595
1587494475303,6.59
1587494475303,6.59
1587494502750,6.585
1587494502750,6.585
1587494502750,6.585
1587494502750,6.585
1587494502750,6.585
1587494502750,6.585
1587494502750,6.585
1587494502750,6.585
1587494587373,6.6
1587494599814,6.595
1587494599814,6.595
1587494599814,6.595
1587494623402,6.595
1587494623402,6.595
1587494647028,6.585
1587494647028,6.585
1587494647028,6.585
1587494678491,6.595
1587494678491,6.595
1587494707121,6.595
1587494707121,6.595
1587494726149,6.595
1587494740048,6.595
1587494749255,6.595
1587494749255,6.595
1587494767903,6.595
1587494771980,6.595
1587494771980,6.595
1587494794446,6.595
1587494794446,6.595
1587494823317,6.595
1587494823317,6.595
1587494843194,6.595
1587494847122,6.6
1587494847122,6.6
1587494874998,6.615
1587494874998,6.615
1587494874998,6.615
1587494874998,6.615
1587494874998,6.615
1587494926100,6.62
1587494926100,6.62
1587494926100,6.62
1587494926100,6.62
1587494971273,6.615
1587494977819,6.615
1587494988906,6.615
1587495005446,6.615
1587495015164,6.615
1587495021514,6.615
1587495021514,6.615
1587495045603,6.615
1587495049764,6.615
1587495069488,6.615
1587495075147,6.605
1587495075147,6.605
1587495094722,6.61
1587495094722,6.61
1587495114396,6.615
1587495130687,6.62
1587495130687,6.62
1587495130687,6.62
1587495130687,6.62
1587495130687,6.62
1587495181940,6.625
1587495195041,6.625
1587495204172,6.625
1587495204172,6.625
1587495204172,6.625
1587495204172,6.625
1587495300809,6.635
1587495300809,6.635
1587495300809,6.635
1587495300809,6.635
1587495300809,6.635
1587495300809,6.635
1587495405158,6.655
1587495405158,6.655
1587495433423,6.64
1587495433423,6.64
1587495450202,6.635
1587495450202,6.635
1587495473505,6.615
1587495485826,6.615
1587495486902,6.615
1587495499809,6.615
1587495516330,6.615
1587495525050,6.615
1587495535095,6.615
1587495548892,6.615
1587495558975,6.615
1587495564046,6.615
1587495577985,6.615
1587495587931,6.615
