1582813862767,298.28
1582813868114,298.22
1582813883004,298.28
1582813883004,298.28
1582813904614,298.25
1582813905752,296.94
1582813924548,297.76
1582813932407,297.56
1582813937530,297.84
1582813956443,297.93
1582813959316,297.825
1582813970799,298.41
1582813985906,298.21
1582813985906,298.21
1582814006676,298.32
1582814019505,297.745
1582814027887,298
1582814036928,297.71
1582814047687,297.69
1582814053111,297.88
1582814070425,297.985
1582814073587,297.435
1582814086590,297.445
1582814100366,297.755
1582814100366,297.755
1582814122588,297.075
1582814126997,296.84
1582814144392,297.275
1582814148589,297.28
1582814164590,297.895
1582814174788,297.515
1582814187122,297.59
1582814195937,297.63
1582814204435,297.6
1582814218358,297.28
1582814222102,297.08
1582814238639,295.6
1582814249612,295.12
1582814259914,295.475
1582814265182,295.33
1582814276864,295.315
1582814287827,295
1582814298329,295.71
1582814309775,295.67
1582814322330,295.735
1582814330476,295.985
1582814341416,296.64
1582814346755,296.63
1582814359818,296.41
1582814368260,296.66
1582814384485,296.72
1582814388999,296.665
1582814401345,296.26
1582814415667,296.095
1582814426265,296.27
1582814435137,296.32
1582814448885,296.095
1582814456409,296.175
1582814468540,296.69
1582814468540,296.69
1582814490827,296.53
1582814490827,296.53
1582814511702,297.07
1582814511702,297.07
1582814528681,297.075
1582814534030,297.16
1582814534030,297.16
1582814534030,297.16
1582814566526,296.69
1582814583187,296.865
1582814590356,296.99
1582814603172,297.25
1582814603172,297.25
1582814626120,297.295
1582814631407,297.315
1582814631407,297.315
1582814631407,297.315
1582814664178,297.3
1582814673952,296.78
1582814685738,296.56
1582814695832,297.315
1582814695832,297.315
1582814715989,297.06
1582814715989,297.06
1582814739245,296.83
1582814751342,296.54
1582814757808,296.44
1582814757808,296.44
1582814781526,296.26
1582814781526,296.26
1582814781526,296.26
1582814781526,296.26
1582814816481,296.11
1582814816481,296.11
1582814844834,296.115
1582814850492,296.02
1582814868649,295.265
1582814877333,294.38
1582814877333,294.38
1582814877333,294.38
1582814902303,293.16
1582814915297,293.44
1582814922387,293.82
1582814922387,293.82
1582814922387,293.82
1582814961395,294.255
1582814969373,294.675
1582814980477,294.175
1582814989365,294.525
1582815002026,294.39
1582815002026,294.39
1582815017313,294.435
1582815030995,294.725
1582815030995,294.725
1582815054369,294.72
1582815054369,294.72
1582815076904,294.73
1582815083716,294.715
1582815083716,294.715
1582815083716,294.715
1582815113821,294.74
1582815127575,294.78
1582815127575,294.78
1582815142576,294.74
1582815142576,294.74
1582815142576,294.74
1582815180778,294.82
1582815180778,294.82
1582815195779,294.65
1582815195779,294.65
1582815215951,294.72
1582815215951,294.72
1582815215951,294.72
1582815248805,294.75
1582815267051,294.675
1582815276440,294.87
1582815282197,294.735
1582815295087,294.4
1582815306848,294.65
1582815306848,294.65
1582815325969,294.67
1582815338301,294.85
1582815338301,294.85
1582815338301,294.85
1582815338301,294.85
1582815376266,294.58
1582815376266,294.58
1582815403443,294.23
1582815411722,293.73
1582815411722,293.73
1582815433007,293.91
1582815439370,294.02
1582815454923,293.7
1582815454923,293.7
1582815475535,293.77
1582815487196,293.735
1582815496780,293.435
1582815508710,293.455
1582815509233,293.465
1582815523519,293.655
1582815531519,293.695
1582815531519,293.695
1582815558577,293.735
1582815571322,293.435
1582815580995,293.425
1582815588493,293.47
1582815588493,293.47
1582815607562,293.97
1582815621869,293.935
1582815632298,293.92
1582815641535,293.795
1582815641535,293.795
1582815665771,293.3
1582815676085,293.685
1582815676085,293.685
1582815695046,293.61
1582815707856,293.38
1582815708650,293.38
1582815728656,293.18
1582815728656,293.18
1582815747148,293.215
1582815747148,293.215
1582815766990,292.01
1582815779707,292
1582815790142,292.19
1582815801565,292.32
1582815809449,292.315
1582815809449,292.315
1582815825909,292.38
1582815841722,292.265
1582815841722,292.265
1582815841722,292.265
1582815841722,292.265
1582815883684,292.605
1582815883684,292.605
1582815883684,292.605
1582815883684,292.605
1582815926117,292.705
1582815926117,292.705
1582815947771,292.72
1582815947771,292.72
1582815947771,292.72
1582815947771,292.72
1582815981089,292.38
1582815991998,292.26
1582815991998,292.26
1582815991998,292.26
1582815991998,292.26
1582816043643,292.57
1582816047541,292.67
1582816057647,292.74
1582816070639,292.61
1582816080742,292.75
1582816095496,292.805
1582816100980,292.68
1582816100980,292.68
1582816120232,292.155
1582816120232,292.155
1582816146436,292.42
1582816146436,292.42
1582816163771,292.01
1582816176123,291.87
1582816186334,291.79
1582816197446,291.69
1582816204869,291.56
1582816213208,291.49
1582816227797,291.22
1582816233281,291.395
1582816247366,291.56
1582816247366,291.56
1582816274042,291.01
1582816277762,291.325
1582816291509,290.96
1582816302156,290.95
1582816302156,290.95
1582816317443,290.99
1582816317443,290.99
1582816317443,290.99
1582816355810,290.95
1582816367570,290.915
1582816374921,291.07
1582816382030,291
1582816396059,291.24
1582816406572,291.12
1582816416337,291.11
1582816425446,290.99
1582816433953,290.975
1582816433953,290.975
1582816433953,290.975
1582816472754,291.21
1582816483250,291.31
1582816483250,291.31
1582816483250,291.31
1582816508248,291.33
1582816516654,291.51
1582816532127,291.41
1582816532127,291.41
1582816548639,291.08
1582816565924,290.765
1582816565924,290.765
1582816586796,290.355
1582816594950,290.51
1582816594950,290.51
1582816594950,290.51
1582816629483,289.97
1582816629483,289.97
1582816646777,290
1582816655720,290
1582816665555,290.025
1582816665555,290.025
1582816690315,289.33
1582816690315,289.33
1582816690315,289.33
1582816724262,289.395
1582816733254,289.26
1582816733254,289.26
1582816751387,288.95
1582816751387,288.95
1582816751387,288.95
1582816787698,288.595
1582816787698,288.595
1582816805745,288.845
1582816812952,288.935
1582816812952,288.935
1582816838166,288.98
1582816844146,288.9
1582816844146,288.9
1582816862169,288.76
1582816862169,288.76
1582816882088,288.89
1582816897872,288.785
1582816911477,288.71
1582816911477,288.71
1582816924992,288.62
1582816924992,288.62
1582816944998,288.595
1582816955277,288.58
1582816966277,288.675
1582816978949,288.14
1582816992120,288.07
1582816992120,288.07
1582817011883,288.06
1582817022660,287.72
1582817022660,287.72
1582817043035,287.29
1582817043035,287.29
1582817043035,287.29
1582817043035,287.29
1582817082978,286.72
1582817082978,286.72
1582817082978,286.72
1582817118914,285.85
1582817118914,285.85
1582817137229,285.9
1582817144817,285.93
1582817159524,285.65
1582817166717,285.72
1582817166717,285.72
1582817187025,285.7
1582817187025,285.7
1582817187025,285.7
1582817187025,285.7
1582817233708,285.245
1582817233708,285.245
1582817252302,284.94
1582817269386,285.75
1582817278253,285.52
1582817280701,285.51
1582817295905,285.98
1582817309699,286.255
1582817321214,285.77
1582817324323,285.7
1582817339118,285.88
1582817344491,286.08
1582817362196,285.345
1582817362196,285.345
1582817362196,285.345
1582817393900,285.35
1582817393900,285.35
1582817393900,285.35
1582817393900,285.35
1582817393900,285.35
1582817393900,285.35
1582817454132,285.635
1582817454132,285.635
1582817454132,285.635
1582817454132,285.635
1582817491912,285.24
1582817509548,285.55
1582817516913,285.75
1582817532058,285.625
1582817532058,285.625
1582817532058,285.625
1582817532058,285.625
1582817532058,285.625
1582817532058,285.625
1582817532058,285.625
1582817532058,285.625
1582817532058,285.625
1582817532058,285.625
1582817631976,285.415
1582817642754,285.7
1582817642754,285.7
1582817658916,285.425
1582817658916,285.425
1582817658916,285.425
1582817698467,284.665
1582817698467,284.665
1582817714723,285.075
1582817714723,285.075
1582817714723,285.075
1582817714723,285.075
1582817714723,285.075
1582817772219,285.17
1582817778828,285.195
1582817791041,285.29
1582817796845,285.3
1582817814371,285.525
1582817826041,285.915
1582817833983,286.19
1582817840304,286.305
1582817856681,286.19
1582817864727,286.58
1582817870064,286.9
1582817882410,287.22
1582817897811,286.89
1582817908178,286.9
1582817918559,287.245
1582817924969,287.08
1582817937036,286.965
1582817948872,287.5
1582817959883,287.805
1582817970862,288.24
1582817970862,288.24
1582817988515,288.72
1582817988515,288.72
1582817988515,288.72
1582817988515,288.72
1582818026118,288.345
1582818040057,288.6
1582818055454,289.18
1582818063746,289.2
1582818063746,289.2
1582818080326,289.22
1582818095113,289.19
1582818102722,289.175
1582818113112,288.93
1582818113112,288.93
1582818139096,289.045
1582818140838,289.115
1582818157696,288.895
1582818165910,288.285
1582818174363,288.5
1582818174363,288.5
1582818200326,288.775
1582818211351,288.735
1582818211351,288.735
1582818225500,288.805
1582818225500,288.805
1582818225500,288.805
1582818262478,289.1
1582818269384,288.925
1582818269384,288.925
1582818290633,288.955
1582818304181,289.415
1582818304181,289.415
1582818321397,289.815
1582818336005,289.83
1582818338251,290
1582818349987,290.37
1582818349987,290.37
1582818349987,290.37
1582818349987,290.37
1582818349987,290.37
1582818402367,290.95
1582818413271,291.325
1582818427231,291.1
1582818440294,291.21
1582818440294,291.21
1582818440294,291.21
1582818440294,291.21
1582818440294,291.21
1582818440294,291.21
1582818501127,290.37
1582818508740,289.945
1582818518290,290.295
1582818518290,290.295
1582818518290,290.295
1582818518290,290.295
1582818518290,290.295
1582818518290,290.295
1582818589230,290.755
1582818589230,290.755
1582818600655,290.695
1582818620331,290.72
1582818625473,290.81
1582818625473,290.81
1582818625473,290.81
1582818661042,291.66
1582818663470,291.53
1582818682241,292.4
1582818690148,292.57
1582818702597,292.75
1582818711615,292.955
1582818725145,293.36
1582818735922,293.98
1582818745106,293.72
1582818756479,293.92
1582818758246,294.13
1582818777239,294.02
1582818785107,294
1582818794909,293.855
1582818802071,293.77
1582818818619,293.265
1582818827174,292.885
1582818835879,292.21
1582818841359,292.185
1582818859697,292
1582818859697,292
1582818880385,291.02
1582818882040,290.97
1582818901002,291.09
1582818901002,291.09
1582818901002,291.09
1582818927223,291.28
1582818927223,291.28
1582818956142,291.5
1582818956142,291.5
1582818956142,291.5
1582818956142,291.5
1582818956142,291.5
1582819003912,291.49
1582819003912,291.49
1582819003912,291.49
1582819036855,291.81
1582819036855,291.81
1582819036855,291.81
1582819036855,291.81
1582819036855,291.81
1582819090803,292.85
1582819090803,292.85
1582819112206,292.9
1582819112206,292.9
1582819129017,292.84
1582819141877,293.78
1582819141877,293.78
1582819160952,293.345
1582819160952,293.345
1582819186560,293.81
1582819196428,294.055
1582819199687,294.055
1582819216282,294.055
1582819228254,294.095
1582819238447,294.15
1582819242751,294.24
1582819250858,293.89
1582819262935,293.905
1582819278421,294.225
1582819282540,294.2
1582819297935,294.56
1582819297935,294.56
1582819320547,294.83
1582819320547,294.83
1582819342532,294.38
1582819342532,294.38
1582819342532,294.38
1582819342532,294.38
1582819382113,294.1
1582819392301,293.9
1582819392301,293.9
1582819392301,293.9
1582819422026,294.24
1582819436726,294.26
1582819442616,294.295
1582819454203,294.38
1582819462445,294.66
1582819477437,295.025
1582819477437,295.025
1582819477437,295.025
1582819477437,295.025
1582819477437,295.025
1582819477437,295.025
1582819477437,295.025
1582819477437,295.025
1582819553423,295.22
1582819553423,295.22
1582819581008,295.88
1582819581008,295.88
1582819581008,295.88
1582819611347,296.12
1582819622036,296.315
1582819622036,296.315
1582819622036,296.315
1582819652847,296.51
1582819666357,296.49
1582819678589,296.935
1582819681226,296.965
1582819693559,296.54
1582819707300,296.5
1582819713249,296.53
1582819722060,296.25
1582819722060,296.25
1582819722060,296.25
1582819722060,296.25
1582819722060,296.25
1582819722060,296.25
1582819722060,296.25
1582819722060,296.25
1582819722060,296.25
1582819722060,296.25
1582819722060,296.25
1582819722060,296.25
1582819722060,296.25
1582819722060,296.25
1582819722060,296.25
1582819722060,296.25
1582819722060,296.25
1582819722060,296.25
1582819915620,295.38
1582819915620,295.38
1582819915620,295.38
1582819915620,295.38
1582819958978,296.41
1582819958978,296.41
1582819958978,296.41
1582819958978,296.41
1582819958978,296.41
1582819958978,296.41
1582819958978,296.41
1582819958978,296.41
1582819958978,296.41
1582819958978,296.41
1582820059029,295.7
1582820059029,295.7
1582820059029,295.7
1582820059029,295.7
1582820103926,296.55
1582820103926,296.55
1582820103926,296.55
1582820103926,296.55
1582820103926,296.55
1582820103926,296.55
1582820103926,296.55
1582820103926,296.55
1582820103926,296.55
1582820103926,296.55
1582820103926,296.55
1582820103926,296.55
1582820103926,296.55
1582820103926,296.55
1582820103926,296.55
1582820261137,296.5
1582820261137,296.5
1582820261137,296.5
1582820261137,296.5
1582820300205,296.89
1582820317207,297.265
1582820325451,297.38
1582820337436,297.44
1582820343827,297.13
1582820343827,297.13
1582820368525,296.8
1582820368525,296.8
1582820386638,297.65
1582820394406,297.79
1582820410956,297.99
1582820410956,297.99
1582820410956,297.99
1582820410956,297.99
1582820410956,297.99
1582820410956,297.99
1582820410956,297.99
1582820410956,297.99
1582820410956,297.99
1582820410956,297.99
1582820410956,297.99
1582820410956,297.99
1582820410956,297.99
1582820541224,296.98
1582820541224,296.98
1582820541224,296.98
1582820541224,296.98
1582820541224,296.98
1582820597572,296.6
1582820597572,296.6
1582820597572,296.6
1582820597572,296.6
1582820597572,296.6
1582820597572,296.6
1582820597572,296.6
1582820597572,296.6
1582820597572,296.6
1582820597572,296.6
1582820699504,295.87
1582820699504,295.87
1582820699504,295.87
1582820699504,295.87
1582820744649,295.28
1582820744649,295.28
1582820744649,295.28
1582820744649,295.28
1582820744649,295.28
1582820744649,295.28
1582820744649,295.28
1582820821273,295.65
1582820826886,295.66
1582820826886,295.66
1582820826886,295.66
1582820826886,295.66
1582820826886,295.66
1582820874740,295.69
1582820874740,295.69
1582820874740,295.69
1582820874740,295.69
1582820874740,295.69
1582820874740,295.69
1582820874740,295.69
1582820874740,295.69
1582820874740,295.69
1582820874740,295.69
1582820874740,295.69
1582820874740,295.69
1582820874740,295.69
1582820874740,295.69
1582821025532,294.96
1582821025532,294.96
1582821025532,294.96
1582821025532,294.96
1582821064103,295.1
1582821064103,295.1
1582821064103,295.1
1582821064103,295.1
1582821110429,295.055
1582821110429,295.055
1582821110429,295.055
1582821110429,295.055
1582821148437,295.19
1582821164974,295.06
1582821164974,295.06
1582821164974,295.06
1582821164974,295.06
1582821164974,295.06
1582821164974,295.06
1582821164974,295.06
1582821238748,295.725
1582821238748,295.725
1582821238748,295.725
1582821238748,295.725
1582821238748,295.725
1582821289902,295.6
1582821289902,295.6
1582821307849,295
1582821307849,295
1582821334154,295.16
1582821344693,295.18
1582821345336,295.18
1582821345336,295.18
1582821345336,295.18
1582821345336,295.18
1582821345336,295.18
1582821345336,295.18
1582821345336,295.18
1582821345336,295.18
1582821345336,295.18
1582821441772,294.68
1582821441772,294.68
1582821441772,294.68
1582821441772,294.68
1582821441772,294.68
1582821441772,294.68
1582821441772,294.68
1582821441772,294.68
1582821441772,294.68
1582821441772,294.68
1582821441772,294.68
1582821441772,294.68
1582821441772,294.68
1582821584711,293.92
1582821584711,293.92
1582821584711,293.92
1582821584711,293.92
1582821584711,293.92
1582821584711,293.92
1582821584711,293.92
1582821584711,293.92
1582821666892,294.115
1582821670006,294.115
1582821679738,293.8
1582821679738,293.8
1582821679738,293.8
1582821716174,293.62
1582821726367,293.72
1582821739629,293.455
1582821739629,293.455
1582821739629,293.455
1582821739629,293.455
1582821739629,293.455
1582821739629,293.455
1582821739629,293.455
1582821805395,293.44
1582821805395,293.44
1582821833691,293.335
1582821838485,293.25
1582821838485,293.25
1582821838485,293.25
1582821838485,293.25
1582821838485,293.25
1582821838485,293.25
1582821838485,293.25
1582821838485,293.25
1582821926972,292.39
1582821926972,292.39
1582821926972,292.39
1582821926972,292.39
1582821926972,292.39
1582821926972,292.39
1582821990725,292.31
1582821990725,292.31
1582821990725,292.31
1582821990725,292.31
1582821990725,292.31
1582821990725,292.31
1582821990725,292.31
1582822059996,292.89
1582822059996,292.89
1582822059996,292.89
1582822093227,293.655
1582822093227,293.655
1582822093227,293.655
1582822093227,293.655
1582822093227,293.655
1582822093227,293.655
1582822154630,294.145
1582822171360,294.04
1582822180115,294.12
1582822180115,294.12
1582822200322,293.79
1582822213252,293.775
1582822223729,293.9
1582822223729,293.9
1582822223729,293.9
1582822223729,293.9
1582822264982,293.78
1582822264982,293.78
1582822264982,293.78
1582822264982,293.78
1582822307367,294.05
1582822307367,294.05
1582822307367,294.05
1582822335559,293.84
1582822335559,293.84
1582822335559,293.84
1582822335559,293.84
1582822379196,293.96
1582822379196,293.96
1582822379196,293.96
1582822379196,293.96
1582822379196,293.96
1582822430022,293.73
1582822437463,293.77
1582822437463,293.77
1582822464590,293.77
1582822472167,293.71
1582822480138,294.24
1582822480138,294.24
1582822496449,294.13
1582822496449,294.13
1582822496449,294.13
1582822496449,294.13
1582822496449,294.13
1582822550933,293.38
1582822550933,293.38
1582822550933,293.38
1582822550933,293.38
1582822550933,293.38
1582822550933,293.38
1582822550933,293.38
1582822630565,293.63
1582822643428,293.845
1582822650892,293.96
1582822660775,293.9
1582822660775,293.9
1582822680234,293.6
1582822680234,293.6
1582822680234,293.6
1582822680234,293.6
1582822680234,293.6
1582822680234,293.6
1582822680234,293.6
1582822680234,293.6
1582822680234,293.6
1582822778248,294.76
1582822778248,294.76
1582822778248,294.76
1582822778248,294.76
1582822821221,294.64
1582822831071,294.94
1582822831071,294.94
1582822831071,294.94
1582822831071,294.94
1582822874436,294.82
1582822883204,294.94
1582822883204,294.94
1582822883204,294.94
1582822883204,294.94
1582822883204,294.94
1582822883204,294.94
1582822883204,294.94
1582822883204,294.94
1582822883204,294.94
1582822972553,295.415
1582822972553,295.415
1582822972553,295.415
1582822972553,295.415
1582823013090,295.12
1582823022914,295.17
1582823022914,295.17
1582823051321,294.78
1582823063004,294.99
1582823074451,295.11
1582823075132,295.23
1582823091125,295.315
1582823099098,295.325
1582823112989,295.63
1582823118438,295.67
1582823135251,295.72
1582823144577,295.71
1582823157288,295.445
1582823164438,295.31
1582823164438,295.31
1582823164438,295.31
1582823164438,295.31
1582823164438,295.31
1582823164438,295.31
1582823164438,295.31
1582823164438,295.31
1582823248226,294.91
1582823261405,295.02
1582823261405,295.02
1582823279540,295.07
1582823293173,295.22
1582823294750,295.35
1582823294750,295.35
1582823320720,295.315
1582823326884,295.43
1582823326884,295.43
1582823326884,295.43
1582823326884,295.43
1582823371069,296
1582823371069,296
1582823371069,296
1582823371069,296
1582823371069,296
1582823371069,296
1582823371069,296
1582823371069,296
1582823371069,296
1582823371069,296
1582823479536,296.07
1582823479536,296.07
1582823479536,296.07
1582823479536,296.07
1582823479536,296.07
1582823479536,296.07
1582823479536,296.07
1582823552529,296.28
1582823552529,296.28
1582823552529,296.28
1582823552529,296.28
1582823552529,296.28
1582823552529,296.28
1582823552529,296.28
1582823623186,296.9
1582823623186,296.9
1582823623186,296.9
1582823623186,296.9
1582823668787,296.93
1582823668787,296.93
1582823668787,296.93
1582823697329,297.49
1582823697329,297.49
1582823697329,297.49
1582823697329,297.49
1582823697329,297.49
1582823697329,297.49
1582823697329,297.49
1582823697329,297.49
1582823784549,296.48
1582823784549,296.48
1582823784549,296.48
1582823784549,296.48
1582823784549,296.48
1582823784549,296.48
1582823784549,296.48
1582823784549,296.48
1582823784549,296.48
1582823784549,296.48
1582823784549,296.48
1582823784549,296.48
1582823784549,296.48
1582823784549,296.48
1582823784549,296.48
1582823784549,296.48
1582823950607,297.91
1582823950607,297.91
1582823950607,297.91
1582823950607,297.91
1582823950607,297.91
1582823950607,297.91
1582824015092,297.99
1582824015092,297.99
1582824035271,297.7
1582824045362,297.43
1582824045362,297.43
1582824045362,297.43
1582824045362,297.43
1582824045362,297.43
1582824045362,297.43
1582824045362,297.43
1582824045362,297.43
1582824045362,297.43
1582824045362,297.43
1582824045362,297.43
1582824045362,297.43
1582824045362,297.43
1582824045362,297.43
1582824045362,297.43
1582824045362,297.43
1582824045362,297.43
1582824045362,297.43
1582824045362,297.43
1582824045362,297.43
1582824045362,297.43
1582824045362,297.43
1582824045362,297.43
1582824281327,296.22
1582824281327,296.22
1582824281327,296.22
1582824281327,296.22
1582824281327,296.22
1582824281327,296.22
1582824281327,296.22
1582824281327,296.22
1582824370337,297.32
1582824370337,297.32
1582824370337,297.32
1582824370337,297.32
1582824370337,297.32
1582824370337,297.32
1582824370337,297.32
1582824370337,297.32
1582824370337,297.32
1582824370337,297.32
1582824370337,297.32
1582824370337,297.32
1582824370337,297.32
1582824370337,297.32
1582824370337,297.32
1582824370337,297.32
1582824370337,297.32
1582824370337,297.32
1582824370337,297.32
1582824370337,297.32
1582824370337,297.32
1582824591681,297.9
1582824591681,297.9
1582824591681,297.9
1582824619156,297.37
1582824619156,297.37
1582824619156,297.37
1582824619156,297.37
1582824619156,297.37
1582824619156,297.37
1582824619156,297.37
1582824619156,297.37
1582824619156,297.37
1582824619156,297.37
1582824619156,297.37
1582824619156,297.37
1582824619156,297.37
1582824619156,297.37
1582824619156,297.37
1582824782341,298.695
1582824782341,298.695
1582824800107,298.775
1582824800107,298.775
1582824800107,298.775
1582824800107,298.775
1582824841761,298.825
1582824841761,298.825
1582824841761,298.825
1582824841761,298.825
1582824879640,298.97
1582824879640,298.97
1582824879640,298.97
1582824879640,298.97
1582824879640,298.97
1582824932611,299.69
1582824932611,299.69
1582824960667,299.96
1582824970190,300.05
1582824970190,300.05
1582824970190,300.05
1582824970190,300.05
1582824970190,300.05
1582825023691,300.14
1582825023691,300.14
1582825039599,300.09
1582825039599,300.09
1582825039599,300.09
1582825039599,300.09
1582825039599,300.09
1582825095425,300.65
1582825106307,300.61
1582825106307,300.61
1582825119324,300.815
1582825119324,300.815
1582825119324,300.815
1582825119324,300.815
1582825119324,300.815
1582825119324,300.815
1582825119324,300.815
1582825195966,300.745
1582825195966,300.745
1582825195966,300.745
1582825195966,300.745
1582825242709,300.14
1582825242709,300.14
1582825261505,299.86
1582825261505,299.86
1582825275946,299.805
1582825290907,300.045
1582825290907,300.045
1582825290907,300.045
1582825290907,300.045
1582825290907,300.045
1582825290907,300.045
1582825290907,300.045
1582825361263,300.69
1582825361263,300.69
1582825361263,300.69
1582825361263,300.69
1582825361263,300.69
1582825361263,300.69
1582825361263,300.69
1582825361263,300.69
1582825361263,300.69
1582825461009,299.97
1582825461009,299.97
1582825461009,299.97
1582825461009,299.97
1582825461009,299.97
1582825461009,299.97
1582825461009,299.97
1582825461009,299.97
1582825461009,299.97
1582825461009,299.97
1582825461009,299.97
1582825568615,300.04
1582825568615,300.04
1582825568615,300.04
1582825608072,299.46
1582825608072,299.46
1582825608072,299.46
1582825608072,299.46
1582825608072,299.46
1582825608072,299.46
1582825608072,299.46
1582825608072,299.46
1582825691860,299.5
1582825700352,299.48
1582825700352,299.48
1582825700352,299.48
1582825700352,299.48
1582825742680,299.71
1582825742680,299.71
1582825760480,299.835
1582825760480,299.835
1582825760480,299.835
1582825792889,300.41
1582825800089,300.51
1582825816055,300.25
1582825819228,300.32
1582825819228,300.32
1582825819228,300.32
1582825819228,300.32
1582825819228,300.32
1582825819228,300.32
1582825887185,299.755
1582825887185,299.755
1582825887185,299.755
1582825887185,299.755
1582825887185,299.755
1582825887185,299.755
1582825887185,299.755
1582825887185,299.755
1582825887185,299.755
1582825887185,299.755
1582825887185,299.755
1582826006350,299.96
1582826006350,299.96
1582826022313,300.11
1582826022313,300.11
1582826045239,300.2
1582826045239,300.2
1582826045239,300.2
1582826045239,300.2
1582826045239,300.2
1582826045239,300.2
1582826045239,300.2
1582826045239,300.2
1582826045239,300.2
1582826138526,299.875
1582826138526,299.875
1582826138526,299.875
1582826169636,299.84
1582826169636,299.84
1582826169636,299.84
1582826169636,299.84
1582826169636,299.84
1582826228147,299.62
1582826228147,299.62
1582826228147,299.62
1582826254118,299.42
1582826254118,299.42
1582826254118,299.42
1582826254118,299.42
1582826254118,299.42
1582826254118,299.42
1582826254118,299.42
1582826327122,298.86
1582826327122,298.86
1582826347918,298.79
1582826347918,298.79
1582826347918,298.79
1582826347918,298.79
1582826347918,298.79
1582826347918,298.79
1582826347918,298.79
1582826347918,298.79
1582826347918,298.79
1582826347918,298.79
1582826347918,298.79
1582826347918,298.79
1582826347918,298.79
1582826347918,298.79
1582826347918,298.79
1582826347918,298.79
1582826347918,298.79
1582826347918,298.79
1582826542124,298.625
1582826542124,298.625
1582826542124,298.625
1582826574567,299.13
1582826574567,299.13
1582826574567,299.13
1582826574567,299.13
1582826609291,299.48
1582826620289,299.48
1582826620289,299.48
1582826620289,299.48
1582826620289,299.48
1582826620289,299.48
1582826620289,299.48
1582826620289,299.48
1582826620289,299.48
1582826620289,299.48
1582826620289,299.48
1582826620289,299.48
1582826620289,299.48
1582826620289,299.48
1582826620289,299.48
1582826772287,299.04
1582826772287,299.04
1582826772287,299.04
1582826772287,299.04
1582826772287,299.04
1582826772287,299.04
1582826772287,299.04
1582826772287,299.04
1582826848487,299.315
1582826848487,299.315
1582826873319,299.285
1582826888033,299.115
1582826888033,299.115
1582826888033,299.115
1582826888033,299.115
1582826888033,299.115
1582826888033,299.115
1582826888033,299.115
1582826888033,299.115
1582826888033,299.115
1582826888033,299.115
1582826888033,299.115
1582826888033,299.115
1582826888033,299.115
1582827026731,299.16
1582827028988,299.175
1582827046305,299.35
1582827046305,299.35
1582827046305,299.35
1582827046305,299.35
1582827046305,299.35
1582827046305,299.35
1582827100267,299.51
1582827100267,299.51
1582827100267,299.51
1582827100267,299.51
1582827100267,299.51
1582827100267,299.51
1582827100267,299.51
1582827100267,299.51
1582827100267,299.51
1582827199153,299.78
1582827199153,299.78
1582827199153,299.78
1582827199153,299.78
1582827199153,299.78
1582827199153,299.78
1582827267587,299.595
1582827273076,299.545
1582827273076,299.545
1582827273076,299.545
1582827273076,299.545
1582827273076,299.545
1582827273076,299.545
1582827273076,299.545
1582827273076,299.545
1582827273076,299.545
1582827273076,299.545
1582827273076,299.545
1582827273076,299.545
1582827273076,299.545
1582827273076,299.545
1582827416542,298.78
1582827416542,298.78
1582827416542,298.78
1582827416542,298.78
1582827416542,298.78
1582827416542,298.78
1582827416542,298.78
1582827416542,298.78
1582827506270,298.105
1582827512289,298.105
1582827525586,298.15
1582827525586,298.15
1582827525586,298.15
1582827525586,298.15
1582827525586,298.15
1582827525586,298.15
1582827525586,298.15
1582827600424,298.42
1582827600424,298.42
1582827600424,298.42
1582827600424,298.42
1582827600424,298.42
1582827600424,298.42
1582827600424,298.42
1582827600424,298.42
1582827600424,298.42
1582827600424,298.42
1582827600424,298.42
1582827600424,298.42
1582827600424,298.42
1582827600424,298.42
1582827600424,298.42
1582827600424,298.42
1582827600424,298.42
1582827781859,297.895
1582827781859,297.895
1582827781859,297.895
1582827781859,297.895
1582827781859,297.895
1582827781859,297.895
1582827781859,297.895
1582827781859,297.895
1582827781859,297.895
1582827781859,297.895
1582827781859,297.895
1582827781859,297.895
1582827781859,297.895
1582827781859,297.895
1582827781859,297.895
1582827781859,297.895
1582827781859,297.895
1582827781859,297.895
1582827781859,297.895
1582827781859,297.895
1582827781859,297.895
1582827781859,297.895
1582827781859,297.895
1582827781859,297.895
1582827781859,297.895
1582827781859,297.895
1582827781859,297.895
1582827781859,297.895
1582827781859,297.895
1582827781859,297.895
1582827781859,297.895
1582827781859,297.895
1582828118390,297.91
1582828118390,297.91
1582828118390,297.91
1582828118390,297.91
1582828118390,297.91
1582828118390,297.91
1582828118390,297.91
1582828195996,297.74
1582828204097,297.73
1582828204097,297.73
1582828221535,297.96
1582828221535,297.96
1582828245299,298.035
1582828245299,298.035
1582828268241,297.62
1582828268241,297.62
1582828268241,297.62
1582828268241,297.62
1582828306991,298.08
1582828314187,297.98
1582828314187,297.98
1582828314187,297.98
1582828314187,297.98
1582828314187,297.98
1582828314187,297.98
1582828314187,297.98
1582828314187,297.98
1582828314187,297.98
1582828314187,297.98
1582828314187,297.98
1582828314187,297.98
1582828314187,297.98
1582828314187,297.98
1582828314187,297.98
1582828314187,297.98
1582828314187,297.98
1582828314187,297.98
1582828314187,297.98
1582828314187,297.98
1582828314187,297.98
1582828314187,297.98
1582828314187,297.98
1582828314187,297.98
1582828314187,297.98
1582828314187,297.98
1582828314187,297.98
1582828314187,297.98
1582828314187,297.98
1582828623185,296.99
1582828623185,296.99
1582828649243,296.93
1582828649243,296.93
1582828668594,296.83
1582828668594,296.83
1582828668594,296.83
1582828668594,296.83
1582828668594,296.83
1582828668594,296.83
1582828730234,297.61
1582828744027,297.175
1582828744027,297.175
1582828744027,297.175
1582828744027,297.175
1582828744027,297.175
1582828744027,297.175
1582828744027,297.175
1582828744027,297.175
1582828744027,297.175
1582828744027,297.175
1582828744027,297.175
1582828744027,297.175
1582828744027,297.175
1582828744027,297.175
1582828744027,297.175
1582828744027,297.175
1582828744027,297.175
1582828744027,297.175
1582828744027,297.175
1582828744027,297.175
1582828744027,297.175
1582828744027,297.175
1582828966194,295.615
1582828966194,295.615
1582828975275,295.09
1582828975275,295.09
1582828992758,295.01
1582829002206,295.19
1582829025986,294.46
1582829029714,295.15
1582829052269,295.5
1582829064773,296.08
1582829077825,295.95
1582829077825,295.95
1582829077825,295.95
1582829077825,295.95
1582829077825,295.95
1582829077825,295.95
1582829077825,295.95
1582829077825,295.95
1582829155449,295.385
1582829155449,295.385
1582829183109,295.43
1582829190173,295.685
1582829201593,295.76
1582829201593,295.76
1582829225766,295.75
1582829230899,295.56
1582829230899,295.56
1582829252844,295.86
1582829252844,295.86
1582829272879,295.86
1582829272879,295.86
1582829298382,295.86
1582829307453,296.155
1582829307453,296.155
1582829307453,296.155
1582829307453,296.155
1582829307453,296.155
1582829307453,296.155
1582829371649,296.35
1582829371649,296.35
1582829396089,296.575
1582829396089,296.575
1582829396089,296.575
1582829396089,296.575
1582829436799,296.26
1582829436799,296.26
1582829436799,296.26
1582829436799,296.26
1582829436799,296.26
1582829436799,296.26
1582829436799,296.26
1582829436799,296.26
1582829436799,296.26
1582829524309,295.5
1582829524309,295.5
1582829524309,295.5
1582829524309,295.5
1582829524309,295.5
1582829582780,295.4
1582829587372,295.51
1582829598957,295.74
1582829598957,295.74
1582829598957,295.74
1582829598957,295.74
1582829598957,295.74
1582829649064,296.18
1582829649064,296.18
1582829677687,296.75
1582829677687,296.75
1582829700987,296.72
1582829706991,297.08
1582829714008,297.04
1582829729646,297.34
1582829729646,297.34
1582829729646,297.34
1582829729646,297.34
1582829729646,297.34
1582829729646,297.34
1582829729646,297.34
1582829729646,297.34
1582829729646,297.34
1582829729646,297.34
1582829729646,297.34
1582829729646,297.34
1582829849614,294.82
1582829849614,294.82
1582829849614,294.82
1582829849614,294.82
1582829849614,294.82
1582829849614,294.82
1582829849614,294.82
1582829849614,294.82
1582829943855,295.36
1582829943855,295.36
1582829943855,295.36
1582829943855,295.36
1582829978383,294.2
1582829978383,294.2
1582829978383,294.2
1582829978383,294.2
1582829978383,294.2
1582829978383,294.2
1582830049941,294.555
1582830049941,294.555
1582830049941,294.555
1582830076280,294.52
1582830084044,294.19
1582830084044,294.19
1582830084044,294.19
1582830115034,294.895
1582830133693,295.01
1582830139729,295.12
1582830139729,295.12
1582830165450,295.15
1582830165450,295.15
1582830178515,295.37
1582830178515,295.37
1582830178515,295.37
1582830218400,295.34
1582830225120,295.26
1582830235857,295.125
1582830235857,295.125
1582830235857,295.125
1582830235857,295.125
1582830235857,295.125
1582830288552,295.265
1582830301915,295.32
1582830301915,295.32
1582830301915,295.32
1582830301915,295.32
1582830301915,295.32
1582830301915,295.32
1582830301915,295.32
1582830301915,295.32
1582830301915,295.32
1582830393469,295.33
1582830393469,295.33
1582830393469,295.33
1582830393469,295.33
1582830393469,295.33
1582830393469,295.33
1582830393469,295.33
1582830393469,295.33
1582830393469,295.33
1582830393469,295.33
1582830393469,295.33
1582830393469,295.33
1582830517972,295.215
1582830517972,295.215
1582830517972,295.215
1582830517972,295.215
1582830566122,294.65
1582830569748,294.72
1582830587193,295.08
1582830594282,295.055
1582830594282,295.055
1582830594282,295.055
1582830594282,295.055
1582830594282,295.055
1582830594282,295.055
1582830594282,295.055
1582830594282,295.055
1582830594282,295.055
1582830594282,295.055
1582830594282,295.055
1582830706819,294.7
1582830706819,294.7
1582830706819,294.7
1582830706819,294.7
1582830706819,294.7
1582830706819,294.7
1582830706819,294.7
1582830788482,294.52
1582830788482,294.52
1582830788482,294.52
1582830788482,294.52
1582830788482,294.52
1582830839473,294.88
1582830839473,294.88
1582830839473,294.88
1582830839473,294.88
1582830839473,294.88
1582830839473,294.88
1582830839473,294.88
1582830839473,294.88
1582830839473,294.88
1582830839473,294.88
1582830839473,294.88
1582830839473,294.88
1582830839473,294.88
1582830839473,294.88
1582830839473,294.88
1582830839473,294.88
1582830839473,294.88
1582830839473,294.88
1582830839473,294.88
1582830839473,294.88
1582830839473,294.88
1582830839473,294.88
1582830839473,294.88
1582831080561,295.19
1582831080561,295.19
1582831080561,295.19
1582831080561,295.19
1582831080561,295.19
1582831129244,295.07
1582831129244,295.07
1582831129244,295.07
1582831129244,295.07
1582831129244,295.07
1582831129244,295.07
1582831129244,295.07
1582831129244,295.07
1582831129244,295.07
1582831129244,295.07
1582831129244,295.07
1582831129244,295.07
1582831129244,295.07
1582831129244,295.07
1582831129244,295.07
1582831290209,294.645
1582831290209,294.645
1582831290209,294.645
1582831290209,294.645
1582831326772,294.625
1582831343462,294.725
1582831343462,294.725
1582831343462,294.725
1582831343462,294.725
1582831343462,294.725
1582831389240,294.87
1582831389240,294.87
1582831414771,295.12
1582831414771,295.12
1582831414771,295.12
1582831414771,295.12
1582831414771,295.12
1582831414771,295.12
1582831414771,295.12
1582831414771,295.12
1582831414771,295.12
1582831414771,295.12
1582831414771,295.12
1582831414771,295.12
1582831414771,295.12
1582831414771,295.12
1582831414771,295.12
1582831414771,295.12
1582831588460,296.2
1582831588460,296.2
1582831588460,296.2
1582831621674,296.24
1582831621674,296.24
1582831621674,296.24
1582831621674,296.24
1582831621674,296.24
1582831621674,296.24
1582831682047,295.72
1582831682047,295.72
1582831682047,295.72
1582831682047,295.72
1582831682047,295.72
1582831682047,295.72
1582831682047,295.72
1582831682047,295.72
1582831682047,295.72
1582831682047,295.72
1582831682047,295.72
1582831682047,295.72
1582831682047,295.72
1582831682047,295.72
1582831682047,295.72
1582831682047,295.72
1582831682047,295.72
1582831682047,295.72
1582831682047,295.72
1582831682047,295.72
1582831682047,295.72
1582831682047,295.72
1582831682047,295.72
1582831682047,295.72
1582831682047,295.72
1582831939643,295.16
1582831939643,295.16
1582831959442,295.03
1582831977938,294.96
1582831977938,294.96
1582831977938,294.96
1582831977938,294.96
1582831977938,294.96
1582831977938,294.96
1582831977938,294.96
1582832048817,294.635
1582832048817,294.635
1582832069218,294.72
1582832069218,294.72
1582832069218,294.72
1582832069218,294.72
1582832069218,294.72
1582832069218,294.72
1582832069218,294.72
1582832069218,294.72
1582832069218,294.72
1582832069218,294.72
1582832069218,294.72
1582832069218,294.72
1582832069218,294.72
1582832069218,294.72
1582832069218,294.72
1582832226639,295.08
1582832226639,295.08
1582832226639,295.08
1582832226639,295.08
1582832226639,295.08
1582832226639,295.08
1582832226639,295.08
1582832226639,295.08
1582832226639,295.08
1582832226639,295.08
1582832226639,295.08
1582832226639,295.08
1582832226639,295.08
1582832226639,295.08
1582832226639,295.08
1582832226639,295.08
1582832226639,295.08
1582832226639,295.08
1582832226639,295.08
1582832226639,295.08
1582832226639,295.08
1582832226639,295.08
1582832457771,294.15
1582832457771,294.15
1582832457771,294.15
1582832457771,294.15
1582832457771,294.15
1582832457771,294.15
1582832522684,294.47
1582832522684,294.47
1582832522684,294.47
1582832522684,294.47
1582832522684,294.47
1582832522684,294.47
1582832522684,294.47
1582832522684,294.47
1582832522684,294.47
1582832522684,294.47
1582832522684,294.47
1582832639815,294.77
1582832639815,294.77
1582832653031,294.78
1582832653031,294.78
1582832653031,294.78
1582832653031,294.78
1582832653031,294.78
1582832653031,294.78
1582832653031,294.78
1582832653031,294.78
1582832653031,294.78
1582832749453,294.425
1582832749453,294.425
1582832775539,294.26
1582832779521,294.26
1582832779521,294.26
1582832779521,294.26
1582832779521,294.26
1582832779521,294.26
1582832779521,294.26
1582832779521,294.26
1582832779521,294.26
1582832779521,294.26
1582832779521,294.26
1582832890163,293.91
1582832890163,293.91
1582832890163,293.91
1582832890163,293.91
1582832890163,293.91
1582832890163,293.91
1582832890163,293.91
1582832965182,294.49
1582832965182,294.49
1582832965182,294.49
1582832965182,294.49
1582832965182,294.49
1582833012337,294.39
1582833012337,294.39
1582833012337,294.39
1582833049336,294.405
1582833060816,294.25
1582833060816,294.25
1582833060816,294.25
1582833060816,294.25
1582833060816,294.25
1582833060816,294.25
1582833120460,293.895
1582833120460,293.895
1582833120460,293.895
1582833154070,293.86
1582833154070,293.86
1582833175307,293.87
1582833175307,293.87
1582833191767,293.8
1582833191767,293.8
1582833191767,293.8
1582833191767,293.8
1582833241525,293.675
1582833241525,293.675
1582833259416,293.92
1582833269509,293.95
1582833269509,293.95
1582833269509,293.95
1582833269509,293.95
1582833269509,293.95
1582833325922,294.21
1582833325922,294.21
1582833340573,294.025
1582833340573,294.025
1582833340573,294.025
1582833373347,294.05
1582833381236,293.945
1582833381236,293.945
1582833409737,293.54
1582833409737,293.54
1582833409737,293.54
1582833409737,293.54
1582833409737,293.54
1582833409737,293.54
1582833409737,293.54
1582833409737,293.54
1582833484137,293.425
1582833495591,293.31
1582833495591,293.31
1582833495591,293.31
1582833495591,293.31
1582833495591,293.31
1582833495591,293.31
1582833495591,293.31
1582833495591,293.31
1582833581164,293.07
1582833581164,293.07
1582833602436,293.115
1582833614124,292.81
1582833614124,292.81
1582833634098,292.63
1582833634098,292.63
1582833634098,292.63
1582833634098,292.63
1582833634098,292.63
1582833634098,292.63
1582833634098,292.63
1582833634098,292.63
1582833634098,292.63
1582833634098,292.63
1582833634098,292.63
1582833748698,291.93
1582833762076,291.81
1582833762076,291.81
1582833762076,291.81
1582833792402,291.86
1582833799240,291.94
1582833799240,291.94
1582833819346,291.88
1582833819346,291.88
1582833819346,291.88
1582833854409,292.01
1582833854409,292.01
1582833874406,292.12
1582833874406,292.12
1582833874406,292.12
1582833906587,292.16
1582833919508,292.17
1582833919508,292.17
1582833939414,292.125
1582833939414,292.125
1582833961095,292.175
1582833975450,292.83
1582833981240,292.85
1582833981240,292.85
1582834009007,292.955
1582834012007,292.99
1582834012007,292.99
1582834036022,292.81
1582834036022,292.81
1582834036022,292.81
1582834036022,292.81
1582834036022,292.81
1582834036022,292.81
1582834103849,292.685
1582834103849,292.685
1582834103849,292.685
1582834135761,292.78
1582834135761,292.78
1582834135761,292.78
1582834135761,292.78
1582834180416,292.935
1582834180416,292.935
1582834180416,292.935
1582834180416,292.935
1582834180416,292.935
1582834180416,292.935
1582834180416,292.935
1582834254192,293.27
1582834254192,293.27
1582834254192,293.27
1582834254192,293.27
1582834254192,293.27
1582834302646,293.72
1582834314962,293.37
1582834314962,293.37
1582834314962,293.37
1582834314962,293.37
1582834357742,293.265
1582834357742,293.265
1582834357742,293.265
1582834357742,293.265
1582834357742,293.265
1582834357742,293.265
1582834357742,293.265
1582834357742,293.265
1582834357742,293.265
1582834357742,293.265
1582834357742,293.265
1582834357742,293.265
1582834357742,293.265
1582834357742,293.265
1582834501093,293.24
1582834501093,293.24
1582834525716,292.98
1582834536807,292.835
1582834536807,292.835
1582834536807,292.835
1582834566308,293.16
1582834566308,293.16
1582834566308,293.16
1582834566308,293.16
1582834566308,293.16
1582834617687,292.88
1582834617687,292.88
1582834617687,292.88
1582834617687,292.88
1582834617687,292.88
1582834617687,292.88
1582834617687,292.88
1582834690583,293.13
1582834704692,293.16
1582834704692,293.16
1582834731224,292.965
1582834731224,292.965
1582834749393,292.57
1582834749393,292.57
1582834749393,292.57
1582834749393,292.57
1582834749393,292.57
1582834749393,292.57
1582834814387,292.74
1582834814387,292.74
1582834814387,292.74
1582834814387,292.74
1582834814387,292.74
1582834814387,292.74
1582834814387,292.74
1582834814387,292.74
1582834814387,292.74
1582834814387,292.74
1582834814387,292.74
1582834814387,292.74
1582834940155,292.46
1582834947703,292.44
1582834961065,292.4
1582834961065,292.4
1582834980511,292.575
1582834980511,292.575
1582834980511,292.575
1582834980511,292.575
1582834980511,292.575
1582834980511,292.575
1582835044827,292.3
1582835056081,292.35
1582835067341,292.45
1582835067341,292.45
1582835067341,292.45
1582835067341,292.45
1582835067341,292.45
1582835067341,292.45
1582835129182,292.02
1582835129182,292.02
1582835152753,292.645
1582835152753,292.645
1582835152753,292.645
1582835152753,292.645
1582835193824,292.19
1582835193824,292.19
1582835193824,292.19
1582835193824,292.19
1582835193824,292.19
1582835193824,292.19
1582835193824,292.19
1582835193824,292.19
1582835193824,292.19
1582835290608,291.91
1582835296019,291.965
1582835296019,291.965
1582835296019,291.965
1582835296019,291.965
1582835296019,291.965
1582835350944,291.75
1582835350944,291.75
1582835350944,291.75
1582835379817,291.875
1582835379817,291.875
1582835379817,291.875
1582835411017,291.81
1582835411017,291.81
1582835411017,291.81
1582835411017,291.81
1582835411017,291.81
1582835411017,291.81
1582835411017,291.81
1582835411017,291.81
1582835502535,291.63
1582835506159,291.63
1582835519150,291.65
1582835519150,291.65
1582835519150,291.65
1582835549210,291.34
1582835549210,291.34
1582835549210,291.34
1582835549210,291.34
1582835598757,291.17
1582835602807,291.11
1582835602807,291.11
1582835631090,291.35
1582835631090,291.35
1582835646422,291.97
1582835658052,291.77
1582835658052,291.77
1582835678879,291.86
1582835678879,291.86
1582835678879,291.86
1582835678879,291.86
1582835678879,291.86
1582835678879,291.86
1582835678879,291.86
1582835678879,291.86
1582835678879,291.86
1582835773741,291.49
1582835773741,291.49
1582835773741,291.49
1582835773741,291.49
1582835773741,291.49
1582835773741,291.49
1582835773741,291.49
1582835773741,291.49
1582835773741,291.49
1582835773741,291.49
1582835773741,291.49
1582835773741,291.49
1582835773741,291.49
1582835773741,291.49
1582835773741,291.49
1582835936310,290.41
1582835945940,290.34
1582835945940,290.34
1582835967160,290.27
1582835967160,290.27
1582835967160,290.27
1582835967160,290.27
1582836010927,290.575
1582836010927,290.575
1582836031069,290.53
1582836042473,290.48
1582836051806,290.255
1582836063856,290.21
1582836063856,290.21
1582836063856,290.21
1582836063856,290.21
1582836063856,290.21
1582836110397,290.4
1582836122399,290.44
1582836135186,290.31
1582836135186,290.31
1582836159934,290.275
1582836162448,290.275
1582836162448,290.275
1582836162448,290.275
1582836195764,290.25
1582836211428,290.23
1582836211428,290.23
1582836228214,290.17
1582836228214,290.17
1582836250089,290.13
1582836258137,290.27
1582836267809,290.35
1582836267809,290.35
1582836267809,290.35
1582836267809,290.35
1582836267809,290.35
1582836267809,290.35
1582836267809,290.35
1582836349488,290.65
1582836349488,290.65
1582836368365,290.34
1582836368365,290.34
1582836385462,290.285
1582836385462,290.285
1582836403379,290.225
1582836414213,290.44
1582836414213,290.44
1582836440940,290.7
1582836440940,290.7
1582836456969,290.745
1582836456969,290.745
1582836477516,291.185
1582836492394,291.33
1582836507533,291.23
1582836511135,291.25
1582836511135,291.25
1582836533934,291.23
1582836533934,291.23
