1582813859041,7.93
1582813871359,7.9
1582813871359,7.9
1582813871359,7.9
1582813901841,7.91
1582813901841,7.91
1582813901841,7.91
1582813901841,7.91
1582813901841,7.91
1582813950755,7.95
1582813950755,7.95
1582813950755,7.95
1582813950755,7.95
1582813950755,7.95
1582814007813,7.93
1582814007813,7.93
1582814031174,7.94
1582814031174,7.94
1582814031174,7.94
1582814059541,7.92
1582814071577,7.9
1582814083360,7.915
1582814090794,7.93
1582814090794,7.93
1582814114243,7.89
1582814121500,7.865
1582814136552,7.83
1582814136552,7.83
1582814156229,7.87
1582814156229,7.87
1582814156229,7.87
1582814156229,7.87
1582814156229,7.87
1582814201664,7.91
1582814219972,7.91
1582814225751,7.91
1582814235030,7.915
1582814250045,7.925
1582814260205,7.91
1582814271082,7.91
1582814271082,7.91
1582814271082,7.91
1582814271082,7.91
1582814310188,7.94
1582814310188,7.94
1582814325300,7.96
1582814325300,7.96
1582814355285,7.97
1582814355285,7.97
1582814355285,7.97
1582814355285,7.97
1582814355285,7.97
1582814402402,7.995
1582814411331,7.985
1582814422388,7.97
1582814439104,7.94
1582814449410,7.94
1582814451930,7.935
1582814471330,7.925
1582814471330,7.925
1582814471330,7.925
1582814471330,7.925
1582814505451,7.895
1582814505451,7.895
1582814531567,7.9
1582814544761,7.89
1582814552230,7.89
1582814552230,7.89
1582814567371,7.905
1582814580039,7.89
1582814595224,7.87
1582814602097,7.88
1582814615550,7.87
1582814621066,7.86
1582814621066,7.86
1582814645258,7.87
1582814657416,7.875
1582814669897,7.85
1582814669897,7.85
1582814681740,7.855
1582814699204,7.845
1582814699204,7.845
1582814699204,7.845
1582814699204,7.845
1582814744103,7.835
1582814748580,7.825
1582814761465,7.78
1582814768533,7.79
1582814768533,7.79
1582814795456,7.73
1582814800335,7.715
1582814810136,7.74
1582814819578,7.77
1582814819578,7.77
1582814847324,7.74
1582814847324,7.74
1582814847324,7.74
1582814876141,7.775
1582814876141,7.775
1582814893028,7.765
1582814902506,7.755
1582814917319,7.76
1582814926013,7.77
1582814926013,7.77
1582814952470,7.775
1582814952470,7.775
1582814975017,7.735
1582814977529,7.73
1582814985662,7.74
1582815004299,7.72
1582815016492,7.685
1582815016492,7.685
1582815031777,7.67
1582815031777,7.67
1582815056514,7.67
1582815056514,7.67
1582815073420,7.67
1582815073420,7.67
1582815094909,7.67
1582815094909,7.67
1582815119726,7.655
1582815119726,7.655
1582815119726,7.655
1582815150994,7.675
1582815156633,7.675
1582815156633,7.675
1582815156633,7.675
1582815192941,7.675
1582815205501,7.675
1582815213873,7.685
1582815213873,7.685
1582815213873,7.685
1582815243162,7.68
1582815252067,7.73
1582815264510,7.725
1582815273510,7.735
1582815279879,7.73
1582815279879,7.73
1582815310015,7.72
1582815310228,7.72
1582815310228,7.72
1582815310228,7.72
1582815349594,7.745
1582815360620,7.76
1582815369200,7.76
1582815374658,7.76
1582815374658,7.76
1582815396408,7.76
1582815396408,7.76
1582815421176,7.75
1582815421176,7.75
1582815421176,7.75
1582815421176,7.75
1582815421176,7.75
1582815421176,7.75
1582815484227,7.755
1582815484227,7.755
1582815484227,7.755
1582815516505,7.74
1582815516505,7.74
1582815516505,7.74
1582815544107,7.75
1582815544107,7.75
1582815563084,7.75
1582815582006,7.755
1582815582006,7.755
1582815600006,7.76
1582815610624,7.78
1582815610624,7.78
1582815610624,7.78
1582815610624,7.78
1582815654563,7.745
1582815654563,7.745
1582815674237,7.735
1582815686749,7.715
1582815689480,7.71
1582815708159,7.705
1582815708159,7.705
1582815708159,7.705
1582815708159,7.705
1582815708159,7.705
1582815757205,7.685
1582815767809,7.685
1582815780738,7.69
1582815782883,7.68
1582815797808,7.695
1582815797808,7.695
1582815797808,7.695
1582815797808,7.695
1582815797808,7.695
1582815797808,7.695
1582815797808,7.695
1582815868744,7.685
1582815885617,7.675
1582815885617,7.675
1582815906674,7.695
1582815906674,7.695
1582815906674,7.695
1582815933133,7.695
1582815933133,7.695
1582815956618,7.695
1582815967351,7.69
1582815967351,7.69
1582815984472,7.695
1582815984472,7.695
1582815984472,7.695
1582816014641,7.705
1582816014641,7.705
1582816037944,7.695
1582816037944,7.695
1582816037944,7.695
1582816070858,7.69
1582816070858,7.69
1582816070858,7.69
1582816070858,7.69
1582816111508,7.685
1582816111508,7.685
1582816130035,7.675
1582816146824,7.69
1582816152610,7.69
1582816152610,7.69
1582816168435,7.705
1582816188944,7.685
1582816188944,7.685
1582816205540,7.695
1582816215511,7.685
1582816215511,7.685
1582816215511,7.685
1582816251113,7.665
1582816253390,7.67
1582816253390,7.67
1582816274069,7.685
1582816274069,7.685
1582816302143,7.68
1582816308167,7.685
1582816308167,7.685
1582816308167,7.685
1582816339280,7.695
1582816353010,7.705
1582816366751,7.685
1582816366751,7.685
1582816378022,7.695
1582816394793,7.705
1582816394793,7.705
1582816394793,7.705
1582816394793,7.705
1582816435802,7.715
1582816435802,7.715
1582816455801,7.725
1582816455801,7.725
1582816455801,7.725
1582816486380,7.725
1582816486380,7.725
1582816507291,7.705
1582816507291,7.705
1582816507291,7.705
1582816507291,7.705
1582816552009,7.73
1582816562870,7.72
1582816566524,7.72
1582816566524,7.72
1582816566524,7.72
1582816599600,7.685
1582816599600,7.685
1582816621126,7.685
1582816632814,7.685
1582816649297,7.68
1582816650910,7.675
1582816667005,7.685
1582816667005,7.685
1582816692312,7.675
1582816699749,7.68
1582816699749,7.68
1582816699749,7.68
1582816729660,7.695
1582816729660,7.695
1582816729660,7.695
1582816766402,7.665
1582816766402,7.665
1582816779746,7.675
1582816779746,7.675
1582816779746,7.675
1582816779746,7.675
1582816826570,7.675
1582816826570,7.675
1582816848095,7.665
1582816856752,7.66
1582816867519,7.66
1582816867519,7.66
1582816867519,7.66
1582816867519,7.66
1582816867519,7.66
1582816917728,7.66
1582816917728,7.66
1582816917728,7.66
1582816917728,7.66
1582816961098,7.675
1582816971143,7.665
1582816981011,7.68
1582816996161,7.645
1582816996161,7.645
1582817016969,7.645
1582817026661,7.64
1582817037179,7.635
1582817046405,7.635
1582817054994,7.635
1582817065837,7.645
1582817065837,7.645
1582817065837,7.645
1582817092139,7.645
1582817092139,7.645
1582817118175,7.625
1582817124810,7.615
1582817124810,7.615
1582817124810,7.615
1582817160095,7.615
1582817173460,7.61
1582817182837,7.605
1582817182837,7.605
1582817200817,7.605
1582817214971,7.61
1582817225816,7.605
1582817236154,7.605
1582817236154,7.605
1582817252957,7.6
1582817261225,7.615
1582817261225,7.615
1582817282819,7.605
1582817296337,7.61
1582817296337,7.61
1582817318426,7.615
1582817329639,7.615
1582817329639,7.615
1582817345596,7.61
1582817361181,7.605
1582817370539,7.605
1582817377333,7.605
1582817377333,7.605
1582817394553,7.605
1582817412406,7.605
1582817415062,7.605
1582817432008,7.605
1582817432008,7.605
1582817453957,7.605
1582817460164,7.605
1582817460164,7.605
1582817486014,7.605
1582817497218,7.6
1582817497218,7.6
1582817497218,7.6
1582817520096,7.59
1582817529816,7.585
1582817529816,7.585
1582817550711,7.585
1582817550711,7.585
1582817575637,7.605
1582817586317,7.605
1582817586317,7.605
1582817608405,7.61
1582817608405,7.61
1582817623940,7.6
1582817623940,7.6
1582817652982,7.57
1582817652982,7.57
1582817652982,7.57
1582817652982,7.57
1582817688191,7.57
1582817704822,7.56
1582817704822,7.56
1582817704822,7.56
1582817704822,7.56
1582817704822,7.56
1582817751166,7.57
1582817751166,7.57
1582817751166,7.57
1582817751166,7.57
1582817751166,7.57
1582817751166,7.57
1582817818400,7.615
1582817818400,7.615
1582817818400,7.615
1582817849801,7.635
1582817849801,7.635
1582817874633,7.65
1582817874633,7.65
1582817891857,7.625
1582817891857,7.625
1582817891857,7.625
1582817891857,7.625
1582817891857,7.625
1582817891857,7.625
1582817891857,7.625
1582817963982,7.645
1582817963982,7.645
1582817988023,7.63
1582817999184,7.635
1582817999184,7.635
1582817999184,7.635
1582818028312,7.635
1582818037065,7.625
1582818037065,7.625
1582818037065,7.625
1582818037065,7.625
1582818037065,7.625
1582818090426,7.64
1582818090426,7.64
1582818106542,7.63
1582818106542,7.63
1582818106542,7.63
1582818106542,7.63
1582818106542,7.63
1582818106542,7.63
1582818106542,7.63
1582818178543,7.62
1582818178543,7.62
1582818178543,7.62
1582818178543,7.62
1582818178543,7.62
1582818235163,7.625
1582818235163,7.625
1582818235163,7.625
1582818235163,7.625
1582818235163,7.625
1582818235163,7.625
1582818235163,7.625
1582818304183,7.63
1582818304183,7.63
1582818329940,7.63
1582818329940,7.63
1582818329940,7.63
1582818364746,7.65
1582818364746,7.65
1582818364746,7.65
1582818364746,7.65
1582818364746,7.65
1582818364746,7.65
1582818364746,7.65
1582818364746,7.65
1582818449535,7.69
1582818449535,7.69
1582818449535,7.69
1582818449535,7.69
1582818449535,7.69
1582818502299,7.675
1582818502299,7.675
1582818502299,7.675
1582818502299,7.675
1582818502299,7.675
1582818502299,7.675
1582818557196,7.7
1582818557196,7.7
1582818580683,7.71
1582818580683,7.71
1582818605029,7.71
1582818610700,7.705
1582818621779,7.715
1582818621779,7.715
1582818621779,7.715
1582818621779,7.715
1582818621779,7.715
1582818621779,7.715
1582818621779,7.715
1582818621779,7.715
1582818621779,7.715
1582818720606,7.735
1582818720606,7.735
1582818720606,7.735
1582818720606,7.735
1582818720606,7.735
1582818720606,7.735
1582818720606,7.735
1582818720606,7.735
1582818720606,7.735
1582818720606,7.735
1582818720606,7.735
1582818836859,7.72
1582818836859,7.72
1582818836859,7.72
1582818836859,7.72
1582818836859,7.72
1582818836859,7.72
1582818836859,7.72
1582818836859,7.72
1582818836859,7.72
1582818836859,7.72
1582818836859,7.72
1582818836859,7.72
1582818836859,7.72
1582818836859,7.72
1582818836859,7.72
1582818989905,7.71
1582818997571,7.72
1582818997571,7.72
1582818997571,7.72
1582818997571,7.72
1582818997571,7.72
1582818997571,7.72
1582818997571,7.72
1582818997571,7.72
1582818997571,7.72
1582818997571,7.72
1582819108437,7.76
1582819108437,7.76
1582819108437,7.76
1582819108437,7.76
1582819145898,7.77
1582819145898,7.77
1582819170010,7.78
1582819170010,7.78
1582819189370,7.79
1582819189370,7.79
1582819189370,7.79
1582819189370,7.79
1582819189370,7.79
1582819189370,7.79
1582819189370,7.79
1582819189370,7.79
1582819276396,7.785
1582819276396,7.785
1582819276396,7.785
1582819276396,7.785
1582819276396,7.785
1582819276396,7.785
1582819341109,7.805
1582819341109,7.805
1582819352639,7.79
1582819352639,7.79
1582819352639,7.79
1582819390638,7.79
1582819390638,7.79
1582819411277,7.79
1582819411277,7.79
1582819411277,7.79
1582819411277,7.79
1582819411277,7.79
1582819411277,7.79
1582819411277,7.79
1582819411277,7.79
1582819411277,7.79
1582819502221,7.8
1582819512081,7.785
1582819512081,7.785
1582819532300,7.785
1582819532300,7.785
1582819560546,7.815
1582819560546,7.815
1582819560546,7.815
1582819560546,7.815
1582819560546,7.815
1582819560546,7.815
1582819560546,7.815
1582819560546,7.815
1582819560546,7.815
1582819648958,7.855
1582819656858,7.875
1582819656858,7.875
1582819656858,7.875
1582819656858,7.875
1582819703606,7.88
1582819703606,7.88
1582819703606,7.88
1582819703606,7.88
1582819703606,7.88
1582819758899,7.89
1582819758899,7.89
1582819780055,7.9
1582819782992,7.9
1582819794576,7.9
1582819801787,7.91
1582819815612,7.89
1582819815612,7.89
1582819815612,7.89
1582819815612,7.89
1582819815612,7.89
1582819815612,7.89
1582819815612,7.89
1582819815612,7.89
1582819815612,7.89
1582819815612,7.89
1582819815612,7.89
1582819815612,7.89
1582819940256,7.875
1582819940256,7.875
1582819966665,7.885
1582819973484,7.885
1582819985302,7.87
1582819985302,7.87
1582819985302,7.87
1582819985302,7.87
1582819985302,7.87
1582820032422,7.835
1582820052159,7.845
1582820052159,7.845
1582820052159,7.845
1582820052159,7.845
1582820052159,7.845
1582820052159,7.845
1582820052159,7.845
1582820052159,7.845
1582820052159,7.845
1582820052159,7.845
1582820052159,7.845
1582820052159,7.845
1582820170700,7.865
1582820187782,7.87
1582820187782,7.87
1582820187782,7.87
1582820187782,7.87
1582820187782,7.87
1582820187782,7.87
1582820187782,7.87
1582820187782,7.87
1582820265860,7.89
1582820279567,7.885
1582820279567,7.885
1582820279567,7.885
1582820308200,7.875
1582820308200,7.875
1582820308200,7.875
1582820343893,7.87
1582820343893,7.87
1582820365883,7.85
1582820372951,7.86
1582820385781,7.865
1582820385781,7.865
1582820385781,7.865
1582820385781,7.865
1582820385781,7.865
1582820385781,7.865
1582820385781,7.865
1582820454281,7.875
1582820454281,7.875
1582820478496,7.865
1582820478496,7.865
1582820478496,7.865
1582820506084,7.855
1582820506084,7.855
1582820533501,7.855
1582820533501,7.855
1582820533501,7.855
1582820563422,7.865
1582820563422,7.865
1582820563422,7.865
1582820563422,7.865
1582820602169,7.83
1582820616545,7.835
1582820616545,7.835
1582820616545,7.835
1582820639576,7.835
1582820639576,7.835
1582820664327,7.85
1582820664327,7.85
1582820664327,7.85
1582820664327,7.85
1582820664327,7.85
1582820664327,7.85
1582820729547,7.835
1582820739200,7.815
1582820739200,7.815
1582820739200,7.815
1582820739200,7.815
1582820781264,7.845
1582820781264,7.845
1582820781264,7.845
1582820781264,7.845
1582820781264,7.845
1582820781264,7.845
1582820781264,7.845
1582820781264,7.845
1582820781264,7.845
1582820781264,7.845
1582820781264,7.845
1582820781264,7.845
1582820910860,7.85
1582820910860,7.85
1582820910860,7.85
1582820934156,7.85
1582820934156,7.85
1582820934156,7.85
1582820934156,7.85
1582820934156,7.85
1582820987946,7.825
1582821005153,7.83
1582821005153,7.83
1582821005153,7.83
1582821005153,7.83
1582821046090,7.83
1582821046090,7.83
1582821066394,7.835
1582821066394,7.835
1582821066394,7.835
1582821098389,7.825
1582821107807,7.825
1582821107807,7.825
1582821129672,7.835
1582821129672,7.835
1582821129672,7.835
1582821129672,7.835
1582821171364,7.845
1582821171364,7.845
1582821171364,7.845
1582821171364,7.845
1582821214557,7.845
1582821218927,7.84
1582821218927,7.84
1582821237952,7.83
1582821237952,7.83
1582821237952,7.83
1582821237952,7.83
1582821284475,7.845
1582821284475,7.845
1582821284475,7.845
1582821314448,7.825
1582821314448,7.825
1582821314448,7.825
1582821314448,7.825
1582821314448,7.825
1582821372021,7.85
1582821381124,7.855
1582821381124,7.855
1582821381124,7.855
1582821413444,7.855
1582821413444,7.855
1582821413444,7.855
1582821413444,7.855
1582821413444,7.855
1582821413444,7.855
1582821413444,7.855
1582821413444,7.855
1582821413444,7.855
1582821413444,7.855
1582821413444,7.855
1582821413444,7.855
1582821413444,7.855
1582821413444,7.855
1582821413444,7.855
1582821413444,7.855
1582821413444,7.855
1582821413444,7.855
1582821413444,7.855
1582821612188,7.84
1582821612188,7.84
1582821612188,7.84
1582821612188,7.84
1582821648355,7.845
1582821648355,7.845
1582821648355,7.845
1582821648355,7.845
1582821648355,7.845
1582821704934,7.835
1582821704934,7.835
1582821704934,7.835
1582821704934,7.835
1582821743036,7.85
1582821743036,7.85
1582821743036,7.85
1582821743036,7.85
1582821743036,7.85
1582821743036,7.85
1582821743036,7.85
1582821743036,7.85
1582821826657,7.875
1582821836479,7.875
1582821836479,7.875
1582821862015,7.865
1582821862015,7.865
1582821862015,7.865
1582821862015,7.865
1582821901858,7.87
1582821901858,7.87
1582821901858,7.87
1582821901858,7.87
1582821901858,7.87
1582821901858,7.87
1582821901858,7.87
1582821901858,7.87
1582821989636,7.855
1582821989636,7.855
1582822002350,7.855
1582822002350,7.855
1582822029334,7.86
1582822029334,7.86
1582822029334,7.86
1582822060372,7.875
1582822060372,7.875
1582822060372,7.875
1582822060372,7.875
1582822060372,7.875
1582822060372,7.875
1582822060372,7.875
1582822060372,7.875
1582822060372,7.875
1582822060372,7.875
1582822060372,7.875
1582822060372,7.875
1582822183139,7.905
1582822183139,7.905
1582822206965,7.875
1582822206965,7.875
1582822226723,7.87
1582822226723,7.87
1582822226723,7.87
1582822256550,7.885
1582822264993,7.88
1582822264993,7.88
1582822287078,7.89
1582822287078,7.89
1582822287078,7.89
1582822324367,7.87
1582822324367,7.87
1582822347509,7.88
1582822347509,7.88
1582822347509,7.88
1582822347509,7.88
1582822347509,7.88
1582822347509,7.88
1582822347509,7.88
1582822347509,7.88
1582822347509,7.88
1582822347509,7.88
1582822347509,7.88
1582822347509,7.88
1582822468175,7.875
1582822468175,7.875
1582822468175,7.875
1582822468175,7.875
1582822513795,7.86
1582822513795,7.86
1582822513795,7.86
1582822513795,7.86
1582822549559,7.875
1582822549559,7.875
1582822549559,7.875
1582822590261,7.875
1582822598764,7.885
1582822598764,7.885
1582822598764,7.885
1582822624581,7.885
1582822624581,7.885
1582822624581,7.885
1582822624581,7.885
1582822666041,7.89
1582822666041,7.89
1582822666041,7.89
1582822666041,7.89
1582822666041,7.89
1582822724779,7.9
1582822734174,7.91
1582822745159,7.905
1582822745159,7.905
1582822745159,7.905
1582822745159,7.905
1582822745159,7.905
1582822745159,7.905
1582822804249,7.915
1582822804249,7.915
1582822827235,7.915
1582822827235,7.915
1582822827235,7.915
1582822827235,7.915
1582822870012,7.925
1582822875318,7.925
1582822875318,7.925
1582822901264,7.93
1582822910690,7.935
1582822910690,7.935
1582822933784,7.935
1582822933784,7.935
1582822933784,7.935
1582822933784,7.935
1582822973598,7.94
1582822973598,7.94
1582822973598,7.94
1582822973598,7.94
1582822973598,7.94
1582822973598,7.94
1582822973598,7.94
1582823042551,7.925
1582823042551,7.925
1582823042551,7.925
1582823042551,7.925
1582823084981,7.935
1582823084981,7.935
1582823084981,7.935
1582823084981,7.935
1582823133169,7.95
1582823133169,7.95
1582823148381,7.95
1582823164446,7.955
1582823164446,7.955
1582823164446,7.955
1582823164446,7.955
1582823200359,7.945
1582823200359,7.945
1582823200359,7.945
1582823240712,7.93
1582823249004,7.935
1582823249004,7.935
1582823249004,7.935
1582823279772,7.95
1582823283223,7.95
1582823283223,7.95
1582823307320,7.96
1582823307320,7.96
1582823327329,7.96
1582823344423,7.95
1582823344423,7.95
1582823344423,7.95
1582823344423,7.95
1582823344423,7.95
1582823344423,7.95
1582823405900,7.98
1582823412971,7.985
1582823425952,7.99
1582823425952,7.99
1582823425952,7.99
1582823425952,7.99
1582823465687,7.98
1582823465687,7.98
1582823465687,7.98
1582823465687,7.98
1582823465687,7.98
1582823521698,7.995
1582823521698,7.995
1582823521698,7.995
1582823521698,7.995
1582823521698,7.995
1582823521698,7.995
1582823581098,7.99
1582823588794,7.99
1582823604801,8
1582823616047,8.02
1582823616047,8.02
1582823616047,8.02
1582823616047,8.02
1582823616047,8.02
1582823616047,8.02
1582823616047,8.02
1582823616047,8.02
1582823616047,8.02
1582823616047,8.02
1582823616047,8.02
1582823616047,8.02
1582823740360,8.03
1582823740360,8.03
1582823740360,8.03
1582823740360,8.03
1582823784354,8.02
1582823795459,8.02
1582823795459,8.02
1582823795459,8.02
1582823822719,8.01
1582823822719,8.01
1582823822719,8.01
1582823822719,8.01
1582823822719,8.01
1582823822719,8.01
1582823822719,8.01
1582823822719,8.01
1582823907642,8.035
1582823907642,8.035
1582823929962,8.05
1582823929962,8.05
1582823929962,8.05
1582823964012,8.04
1582823964012,8.04
1582823964012,8.04
1582823964012,8.04
1582823964012,8.04
1582824010395,8.025
1582824010395,8.025
1582824010395,8.025
1582824010395,8.025
1582824010395,8.025
1582824010395,8.025
1582824010395,8.025
1582824010395,8.025
1582824010395,8.025
1582824108830,8
1582824108830,8
1582824108830,8
1582824108830,8
1582824108830,8
1582824108830,8
1582824108830,8
1582824177770,7.975
1582824185529,7.975
1582824185529,7.975
1582824185529,7.975
1582824185529,7.975
1582824185529,7.975
1582824185529,7.975
1582824256256,7.95
1582824256256,7.95
1582824275188,7.96
1582824275188,7.96
1582824275188,7.96
1582824275188,7.96
1582824275188,7.96
1582824324099,7.985
1582824324099,7.985
1582824348660,7.98
1582824348660,7.98
1582824348660,7.98
1582824348660,7.98
1582824348660,7.98
1582824348660,7.98
1582824403843,7.99
1582824419065,7.98
1582824435905,7.99
1582824435905,7.99
1582824435905,7.99
1582824435905,7.99
1582824435905,7.99
1582824488038,7.96
1582824490403,7.96
1582824490403,7.96
1582824513179,7.965
1582824524546,7.965
1582824524546,7.965
1582824524546,7.965
1582824554712,7.96
1582824566121,7.97
1582824566121,7.97
1582824566121,7.97
1582824601121,7.975
1582824601121,7.975
1582824615004,7.985
1582824615004,7.985
1582824644243,7.99
1582824644243,7.99
1582824644243,7.99
1582824644243,7.99
1582824644243,7.99
1582824692968,8
1582824706392,7.99
1582824706392,7.99
1582824721101,7.995
1582824731921,7.985
1582824731921,7.985
1582824731921,7.985
1582824731921,7.985
1582824731921,7.985
1582824731921,7.985
1582824800112,7.995
1582824809878,8
1582824819610,7.99
1582824819610,7.99
1582824819610,7.99
1582824819610,7.99
1582824819610,7.99
1582824819610,7.99
1582824819610,7.99
1582824819610,7.99
1582824819610,7.99
1582824908121,8
1582824927686,8
1582824927686,8
1582824927686,8
1582824927686,8
1582824927686,8
1582824927686,8
1582824984528,8.015
1582824984528,8.015
1582824984528,8.015
1582825019552,8.045
1582825019552,8.045
1582825019552,8.045
1582825019552,8.045
1582825019552,8.045
1582825019552,8.045
1582825019552,8.045
1582825094497,8.025
1582825099485,8.025
1582825099485,8.025
1582825125960,8.04
1582825136049,8.04
1582825142422,8.045
1582825142422,8.045
1582825142422,8.045
1582825142422,8.045
1582825183649,8.06
1582825183649,8.06
1582825204610,8.05
1582825204610,8.05
1582825231806,8.03
1582825231806,8.03
1582825231806,8.03
1582825231806,8.03
1582825231806,8.03
1582825284058,8.03
1582825284058,8.03
1582825284058,8.03
1582825284058,8.03
1582825284058,8.03
1582825284058,8.03
1582825284058,8.03
1582825284058,8.03
1582825284058,8.03
1582825284058,8.03
1582825387223,8.05
1582825387223,8.05
1582825387223,8.05
1582825387223,8.05
1582825422690,8.035
1582825422690,8.035
1582825422690,8.035
1582825422690,8.035
1582825422690,8.035
1582825422690,8.035
1582825422690,8.035
1582825422690,8.035
1582825422690,8.035
1582825422690,8.035
1582825530273,8.015
1582825546687,8.025
1582825546687,8.025
1582825546687,8.025
1582825573483,8.025
1582825573483,8.025
1582825573483,8.025
1582825573483,8.025
1582825616983,8.015
1582825631944,8.005
1582825631944,8.005
1582825631944,8.005
1582825631944,8.005
1582825675378,8.025
1582825675378,8.025
1582825675378,8.025
1582825675378,8.025
1582825675378,8.025
1582825724849,8.055
1582825733358,8.065
1582825738326,8.065
1582825758056,8.065
1582825758056,8.065
1582825758056,8.065
1582825784973,8.065
1582825799501,8.085
1582825808836,8.08
1582825822569,8.055
1582825823246,8.05
1582825840269,8.065
1582825840269,8.065
1582825840269,8.065
1582825840269,8.065
1582825840269,8.065
1582825840269,8.065
1582825902458,8.065
1582825902458,8.065
1582825925771,8.065
1582825925771,8.065
1582825943035,8.075
1582825943035,8.075
1582825967255,8.055
1582825967255,8.055
1582825984345,8.05
1582825984345,8.05
1582825984345,8.05
1582826015914,8.055
1582826015914,8.055
1582826015914,8.055
1582826015914,8.055
1582826060302,8.055
1582826060302,8.055
1582826060302,8.055
1582826060302,8.055
1582826060302,8.055
1582826060302,8.055
1582826060302,8.055
1582826060302,8.055
1582826060302,8.055
1582826060302,8.055
1582826166305,8.03
1582826166305,8.03
1582826186673,8.035
1582826186673,8.035
1582826186673,8.035
1582826186673,8.035
1582826186673,8.035
1582826186673,8.035
1582826249223,8.03
1582826249223,8.03
1582826267512,8.03
1582826267512,8.03
1582826267512,8.03
1582826267512,8.03
1582826314228,8.025
1582826314228,8.025
1582826329192,8.03
1582826345516,8.03
1582826345516,8.03
1582826345516,8.03
1582826370134,8.025
1582826370134,8.025
1582826370134,8.025
1582826370134,8.025
1582826370134,8.025
1582826430031,8.02
1582826430031,8.02
1582826441191,8.005
1582826441191,8.005
1582826463532,8.015
1582826476036,8.01
1582826476036,8.01
1582826476036,8.01
1582826476036,8.01
1582826476036,8.01
1582826533418,8.005
1582826542347,8.01
1582826548407,8.015
1582826565285,8.02
1582826565285,8.02
1582826565285,8.02
1582826588523,8.02
1582826603370,8.03
1582826603370,8.03
1582826603370,8.03
1582826603370,8.03
1582826603370,8.03
1582826603370,8.03
1582826603370,8.03
1582826677220,8.035
1582826677220,8.035
1582826693499,8.045
1582826693499,8.045
1582826718222,8.025
1582826723661,8.03
1582826723661,8.03
1582826723661,8.03
1582826760293,8.015
1582826760293,8.015
1582826760293,8.015
1582826760293,8.015
1582826760293,8.015
1582826819419,8.02
1582826819419,8.02
1582826819419,8.02
1582826819419,8.02
1582826819419,8.02
1582826865339,8.03
1582826865339,8.03
1582826865339,8.03
1582826865339,8.03
1582826865339,8.03
1582826865339,8.03
1582826865339,8.03
1582826865339,8.03
1582826865339,8.03
1582826865339,8.03
1582826975775,8.05
1582826975775,8.05
1582826975775,8.05
1582826975775,8.05
1582826975775,8.05
1582826975775,8.05
1582826975775,8.05
1582826975775,8.05
1582826975775,8.05
1582826975775,8.05
1582827078771,8.075
1582827078771,8.075
1582827078771,8.075
1582827105958,8.08
1582827105958,8.08
1582827105958,8.08
1582827136933,8.07
1582827136933,8.07
1582827136933,8.07
1582827136933,8.07
1582827177431,8.085
1582827177431,8.085
1582827177431,8.085
1582827177431,8.085
1582827177431,8.085
1582827233019,8.09
1582827233019,8.09
1582827233019,8.09
1582827233019,8.09
1582827233019,8.09
1582827233019,8.09
1582827294096,8.11
1582827310401,8.115
1582827314424,8.11
1582827314424,8.11
1582827314424,8.11
1582827314424,8.11
1582827314424,8.11
1582827314424,8.11
1582827314424,8.11
1582827314424,8.11
1582827314424,8.11
1582827314424,8.11
1582827314424,8.11
1582827314424,8.11
1582827314424,8.11
1582827314424,8.11
1582827314424,8.11
1582827476571,8.08
1582827476571,8.08
1582827476571,8.08
1582827476571,8.08
1582827476571,8.08
1582827530201,8.08
1582827530201,8.08
1582827530201,8.08
1582827530201,8.08
1582827571971,8.07
1582827582086,8.06
1582827582086,8.06
1582827582086,8.06
1582827582086,8.06
1582827582086,8.06
1582827582086,8.06
1582827582086,8.06
1582827654840,8.075
1582827654840,8.075
1582827654840,8.075
1582827654840,8.075
1582827654840,8.075
1582827710741,8.085
1582827710741,8.085
1582827730521,8.075
1582827730521,8.075
1582827730521,8.075
1582827730521,8.075
1582827730521,8.075
1582827730521,8.075
1582827730521,8.075
1582827807327,8.06
1582827807327,8.06
1582827807327,8.06
1582827807327,8.06
1582827807327,8.06
1582827807327,8.06
1582827807327,8.06
1582827807327,8.06
1582827886160,8.045
1582827886160,8.045
1582827886160,8.045
1582827886160,8.045
1582827886160,8.045
1582827945798,8.05
1582827945798,8.05
1582827945798,8.05
1582827945798,8.05
1582827945798,8.05
1582827945798,8.05
1582827945798,8.05
1582827945798,8.05
1582827945798,8.05
1582827945798,8.05
1582827945798,8.05
1582827945798,8.05
1582827945798,8.05
1582827945798,8.05
1582827945798,8.05
1582828100201,8.045
1582828100201,8.045
1582828100201,8.045
1582828100201,8.045
1582828100201,8.045
1582828156605,8.05
1582828169750,8.04
1582828169750,8.04
1582828169750,8.04
1582828169750,8.04
1582828204500,8.035
1582828220296,8.045
1582828220296,8.045
1582828220296,8.045
1582828220296,8.045
1582828220296,8.045
1582828220296,8.045
1582828284561,8.025
1582828284561,8.025
1582828284561,8.025
1582828318907,8.03
1582828318907,8.03
1582828318907,8.03
1582828318907,8.03
1582828318907,8.03
1582828318907,8.03
1582828318907,8.03
1582828318907,8.03
1582828318907,8.03
1582828412838,8.035
1582828412838,8.035
1582828412838,8.035
1582828441593,8.035
1582828441593,8.035
1582828464523,8.025
1582828469874,8.025
1582828469874,8.025
1582828469874,8.025
1582828505199,8.02
1582828505199,8.02
1582828505199,8.02
1582828534249,8.025
1582828534249,8.025
1582828561541,8.025
1582828561541,8.025
1582828561541,8.025
1582828593066,8.015
1582828593066,8.015
1582828593066,8.015
1582828593066,8.015
1582828593066,8.015
1582828639421,7.995
1582828655008,7.985
1582828655008,7.985
1582828675731,7.985
1582828675731,7.985
1582828675731,7.985
1582828675731,7.985
1582828716053,7.99
1582828725833,8
1582828725833,8
1582828750190,7.97
1582828750190,7.97
1582828750190,7.97
1582828750190,7.97
1582828790564,7.97
1582828790564,7.97
1582828790564,7.97
1582828790564,7.97
1582828832400,7.985
1582828844001,7.97
1582828857166,7.97
1582828857166,7.97
1582828857166,7.97
1582828857166,7.97
1582828857166,7.97
1582828911384,7.975
1582828911384,7.975
1582828928741,7.98
1582828936922,7.97
1582828936922,7.97
1582828936922,7.97
1582828966483,7.945
1582828970618,7.93
1582828982553,7.93
1582828989027,7.92
1582828989027,7.92
1582829002038,7.91
1582829016418,7.91
1582829016418,7.91
1582829016418,7.91
1582829016418,7.91
1582829016418,7.91
1582829016418,7.91
1582829016418,7.91
1582829016418,7.91
1582829115486,7.945
1582829129886,7.955
1582829129886,7.955
1582829129886,7.955
1582829129886,7.955
1582829129886,7.955
1582829129886,7.955
1582829193635,7.96
1582829205619,7.975
1582829212672,7.985
1582829212672,7.985
1582829212672,7.985
1582829212672,7.985
1582829212672,7.985
1582829212672,7.985
1582829212672,7.985
1582829212672,7.985
1582829212672,7.985
1582829212672,7.985
1582829212672,7.985
1582829212672,7.985
1582829212672,7.985
1582829212672,7.985
1582829212672,7.985
1582829212672,7.985
1582829212672,7.985
1582829212672,7.985
1582829212672,7.985
1582829410236,7.955
1582829422911,7.95
1582829422911,7.95
1582829440806,7.955
1582829440806,7.955
1582829466910,7.96
1582829466910,7.96
1582829479216,7.96
1582829479216,7.96
1582829479216,7.96
1582829479216,7.96
1582829530433,7.95
1582829540288,7.94
1582829540288,7.94
1582829557785,7.93
1582829574273,7.94
1582829574273,7.94
1582829574273,7.94
1582829599815,7.98
1582829610871,7.98
1582829610871,7.98
1582829635385,7.99
1582829635385,7.99
1582829649547,8
1582829661214,8.025
1582829661214,8.025
1582829661214,8.025
1582829661214,8.025
1582829707764,8.015
1582829707764,8.015
1582829707764,8.015
1582829732948,8.025
1582829732948,8.025
1582829732948,8.025
1582829732948,8.025
1582829732948,8.025
1582829794360,8.025
1582829806790,8.02
1582829815050,8.01
1582829823875,8
1582829832006,7.98
1582829832006,7.98
1582829846566,7.97
1582829846566,7.97
1582829846566,7.97
1582829846566,7.97
1582829883666,8.005
1582829893389,7.99
1582829915509,7.99
1582829915509,7.99
1582829915509,7.99
1582829915509,7.99
1582829915509,7.99
1582829915509,7.99
1582829915509,7.99
1582829986907,7.96
1582829986907,7.96
1582829986907,7.96
1582829986907,7.96
1582829986907,7.96
1582829986907,7.96
1582829986907,7.96
1582830060446,7.97
1582830060446,7.97
1582830060446,7.97
1582830098897,7.975
1582830098897,7.975
1582830098897,7.975
1582830098897,7.975
1582830098897,7.975
1582830153166,8
1582830153166,8
1582830153166,8
1582830153166,8
1582830153166,8
1582830153166,8
1582830153166,8
1582830153166,8
1582830239959,7.96
1582830239959,7.96
1582830254390,7.96
1582830262567,7.965
1582830262567,7.965
1582830262567,7.965
1582830262567,7.965
1582830306269,7.985
1582830306269,7.985
1582830328408,7.975
1582830328408,7.975
1582830328408,7.975
1582830358520,7.97
1582830358520,7.97
1582830381278,7.97
1582830381278,7.97
1582830381278,7.97
1582830381278,7.97
1582830381278,7.97
1582830431477,7.96
1582830431477,7.96
1582830455961,7.955
1582830455961,7.955
1582830455961,7.955
1582830455961,7.955
1582830455961,7.955
1582830455961,7.955
1582830455961,7.955
1582830455961,7.955
1582830455961,7.955
1582830455961,7.955
1582830561972,7.94
1582830561972,7.94
1582830584717,7.945
1582830584717,7.945
1582830584717,7.945
1582830614151,7.94
1582830614151,7.94
1582830614151,7.94
1582830646974,7.935
1582830646974,7.935
1582830668427,7.945
1582830668427,7.945
1582830694091,7.95
1582830694091,7.95
1582830710240,7.935
1582830710240,7.935
1582830710240,7.935
1582830710240,7.935
1582830710240,7.935
1582830710240,7.935
1582830710240,7.935
1582830788830,7.935
1582830788830,7.935
1582830804441,7.945
1582830804441,7.945
1582830830983,7.945
1582830834480,7.95
1582830834480,7.95
1582830834480,7.95
1582830867447,7.975
1582830881616,7.975
1582830881616,7.975
1582830896331,7.975
1582830896331,7.975
1582830924504,7.985
1582830935961,7.975
1582830935961,7.975
1582830935961,7.975
1582830958068,7.975
1582830958068,7.975
1582830958068,7.975
1582830994461,7.96
1582830994461,7.96
1582830994461,7.96
1582830994461,7.96
1582831034578,7.94
1582831034578,7.94
1582831034578,7.94
1582831034578,7.94
1582831079823,7.96
1582831086729,7.935
1582831102644,7.93
1582831102644,7.93
1582831102644,7.93
1582831102644,7.93
1582831141929,7.935
1582831141929,7.935
1582831141929,7.935
1582831141929,7.935
1582831188420,7.93
1582831198918,7.93
1582831204514,7.94
1582831217369,7.945
1582831217369,7.945
1582831217369,7.945
1582831247636,7.95
1582831247636,7.95
1582831263600,7.935
1582831263600,7.935
1582831263600,7.935
1582831263600,7.935
1582831263600,7.935
1582831318214,7.935
1582831318214,7.935
1582831318214,7.935
1582831318214,7.935
1582831318214,7.935
1582831373464,7.935
1582831383612,7.94
1582831395484,7.955
1582831395484,7.955
1582831395484,7.955
1582831431326,7.97
1582831436836,7.955
1582831436836,7.955
1582831436836,7.955
1582831466978,7.955
1582831466978,7.955
1582831492064,7.96
1582831492064,7.96
1582831509744,7.95
1582831509744,7.95
1582831509744,7.95
1582831547504,7.95
1582831547504,7.95
1582831547504,7.95
1582831547504,7.95
1582831582707,7.975
1582831582707,7.975
1582831607532,7.98
1582831607532,7.98
1582831631734,7.98
1582831635176,7.975
1582831651228,7.965
1582831664694,7.98
1582831664694,7.98
1582831683583,7.99
1582831693772,7.98
1582831698764,7.975
1582831698764,7.975
1582831698764,7.975
1582831737903,7.98
1582831737903,7.98
1582831737903,7.98
1582831737903,7.98
1582831737903,7.98
1582831737903,7.98
1582831737903,7.98
1582831737903,7.98
1582831822099,7.96
1582831826429,7.965
1582831841311,7.96
1582831841311,7.96
1582831863242,7.945
1582831872250,7.95
1582831882714,7.945
1582831889067,7.945
1582831903742,7.94
1582831910677,7.935
1582831910677,7.935
1582831938062,7.92
1582831945883,7.925
1582831953876,7.915
1582831953876,7.915
1582831953876,7.915
1582831953876,7.915
1582831953876,7.915
1582832002201,7.915
1582832002201,7.915
1582832002201,7.915
1582832034833,7.905
1582832034833,7.905
1582832062304,7.915
1582832072221,7.915
1582832082652,7.905
1582832082652,7.905
1582832082652,7.905
1582832082652,7.905
1582832125696,7.915
1582832125696,7.915
1582832125696,7.915
1582832157676,7.92
1582832157676,7.92
1582832169051,7.92
1582832169051,7.92
1582832192954,7.925
1582832192954,7.925
1582832192954,7.925
1582832192954,7.925
1582832237665,7.915
1582832243487,7.915
1582832260941,7.92
1582832260941,7.92
1582832260941,7.92
1582832260941,7.92
1582832260941,7.92
1582832260941,7.92
1582832260941,7.92
1582832260941,7.92
1582832337627,7.915
1582832356484,7.915
1582832362265,7.915
1582832376088,7.915
1582832382977,7.915
1582832382977,7.915
1582832400026,7.915
1582832416940,7.915
1582832416940,7.915
1582832440164,7.915
1582832440164,7.915
1582832440164,7.915
1582832464122,7.915
1582832464122,7.915
1582832464122,7.915
1582832464122,7.915
1582832464122,7.915
1582832522960,7.925
1582832536811,7.93
1582832538683,7.935
1582832538683,7.935
1582832538683,7.935
1582832538683,7.935
1582832538683,7.935
1582832597976,7.925
1582832597976,7.925
1582832597976,7.925
1582832597976,7.925
1582832635502,7.925
1582832635502,7.925
1582832661699,7.915
1582832666055,7.915
1582832666055,7.915
1582832692286,7.92
1582832692286,7.92
1582832692286,7.92
1582832717384,7.92
1582832733628,7.915
1582832733628,7.915
1582832748665,7.915
1582832765677,7.91
1582832770536,7.905
1582832770536,7.905
1582832770536,7.905
1582832811591,7.915
1582832821272,7.915
1582832821272,7.915
1582832839965,7.915
1582832847017,7.915
1582832847017,7.915
1582832847017,7.915
1582832847017,7.915
1582832891447,7.905
1582832901248,7.905
1582832901248,7.905
1582832901248,7.905
1582832930281,7.905
1582832940098,7.9
1582832940098,7.9
1582832940098,7.9
1582832940098,7.9
1582832987765,7.905
1582832987765,7.905
1582833005672,7.905
1582833005672,7.905
1582833023872,7.905
1582833034049,7.91
1582833052410,7.905
1582833059067,7.905
1582833059067,7.905
1582833074182,7.9
1582833074182,7.9
1582833074182,7.9
1582833074182,7.9
1582833074182,7.9
1582833074182,7.9
1582833147578,7.89
1582833153106,7.875
1582833169286,7.85
1582833174264,7.86
1582833189228,7.855
1582833189228,7.855
1582833189228,7.855
1582833189228,7.855
1582833229113,7.865
1582833239835,7.855
1582833252205,7.86
1582833252205,7.86
1582833252205,7.86
1582833252205,7.86
1582833252205,7.86
1582833302850,7.855
1582833302850,7.855
1582833324428,7.855
1582833324428,7.855
1582833347828,7.855
1582833352468,7.855
1582833366192,7.855
1582833366192,7.855
1582833366192,7.855
1582833366192,7.855
1582833366192,7.855
1582833423183,7.835
1582833432719,7.835
1582833440836,7.835
1582833447014,7.835
1582833447014,7.835
1582833447014,7.835
1582833447014,7.835
1582833496263,7.82
1582833496263,7.82
1582833512752,7.815
1582833526684,7.825
1582833526684,7.825
1582833526684,7.825
1582833561026,7.825
1582833568831,7.825
1582833568831,7.825
1582833587487,7.825
1582833587487,7.825
1582833614133,7.81
1582833614133,7.81
1582833628415,7.805
1582833641278,7.81
1582833641278,7.81
1582833641278,7.81
1582833676487,7.805
1582833687498,7.805
1582833689833,7.81
1582833689833,7.81
1582833716585,7.805
1582833722558,7.8
1582833722558,7.8
1582833746536,7.805
1582833761172,7.805
1582833764298,7.805
1582833764298,7.805
1582833764298,7.805
1582833803114,7.8
1582833803114,7.8
1582833824129,7.8
1582833828260,7.78
1582833840446,7.785
1582833851001,7.79
1582833851001,7.79
1582833877041,7.8
1582833884902,7.81
1582833894427,7.81
1582833894427,7.81
1582833913364,7.815
1582833913364,7.815
1582833913364,7.815
1582833950208,7.805
1582833960570,7.825
1582833965481,7.83
1582833965481,7.83
1582833982502,7.825
1582833997122,7.825
1582834009136,7.835
1582834009136,7.835
1582834009136,7.835
1582834036548,7.805
1582834036548,7.805
1582834036548,7.805
1582834036548,7.805
1582834085508,7.815
1582834098038,7.82
1582834103893,7.815
1582834117117,7.825
1582834129459,7.83
1582834129459,7.83
1582834145713,7.84
1582834161562,7.84
1582834166665,7.835
1582834178027,7.84
1582834185063,7.845
1582834203388,7.85
1582834214411,7.86
1582834215526,7.855
1582834215526,7.855
1582834241126,7.855
1582834253623,7.85
1582834257850,7.85
1582834271199,7.865
1582834271199,7.865
1582834292612,7.855
1582834308421,7.855
1582834317817,7.855
1582834327792,7.855
1582834327792,7.855
1582834351419,7.845
1582834356974,7.865
1582834356974,7.865
1582834374066,7.87
1582834387499,7.87
1582834403133,7.865
1582834408091,7.865
1582834419036,7.855
1582834434045,7.855
1582834442294,7.86
1582834455899,7.855
1582834455899,7.855
1582834477503,7.855
1582834477503,7.855
1582834501407,7.845
1582834501777,7.84
1582834501777,7.84
1582834501777,7.84
1582834542276,7.845
1582834547125,7.84
1582834547125,7.84
1582834567716,7.845
1582834578704,7.85
1582834595192,7.845
1582834595192,7.845
1582834616532,7.835
1582834626528,7.84
1582834626528,7.84
1582834626528,7.84
1582834654510,7.845
1582834654510,7.845
1582834674687,7.845
1582834674687,7.845
1582834674687,7.845
1582834707756,7.845
1582834707756,7.845
1582834707756,7.845
1582834707756,7.845
1582834707756,7.845
1582834760762,7.825
1582834772514,7.83
1582834772514,7.83
1582834772514,7.83
1582834807017,7.825
1582834807017,7.825
1582834828672,7.825
1582834828672,7.825
1582834846257,7.82
1582834854448,7.82
1582834854448,7.82
1582834854448,7.82
1582834854448,7.82
1582834902242,7.815
1582834913656,7.815
1582834918510,7.815
1582834934390,7.805
1582834937523,7.805
1582834937523,7.805
1582834966922,7.8
1582834971874,7.8
1582834971874,7.8
1582834971874,7.8
1582834971874,7.8
1582834971874,7.8
1582834971874,7.8
1582835037873,7.795
1582835050964,7.805
1582835063229,7.81
1582835063229,7.81
1582835077743,7.81
1582835093890,7.805
1582835096730,7.805
1582835111121,7.805
1582835111121,7.805
1582835137422,7.805
1582835147969,7.815
1582835147969,7.815
1582835147969,7.815
1582835147969,7.815
1582835147969,7.815
1582835147969,7.815
1582835210101,7.805
1582835221128,7.805
1582835234326,7.795
1582835243483,7.785
1582835250548,7.785
1582835256036,7.785
1582835273420,7.78
1582835273420,7.78
1582835273420,7.78
1582835273420,7.78
1582835313624,7.77
1582835313624,7.77
1582835313624,7.77
1582835348807,7.76
1582835357941,7.76
1582835357941,7.76
1582835381939,7.76
1582835388775,7.77
1582835401194,7.765
1582835409800,7.765
1582835418371,7.765
1582835418371,7.765
1582835446275,7.76
1582835458118,7.77
1582835463689,7.775
1582835463689,7.775
1582835463689,7.775
1582835498710,7.77
1582835498710,7.77
1582835498710,7.77
1582835498710,7.77
1582835543719,7.765
1582835543719,7.765
1582835543719,7.765
1582835543719,7.765
1582835576243,7.765
1582835589591,7.78
1582835589591,7.78
1582835611712,7.775
1582835622614,7.785
1582835622614,7.785
1582835641831,7.775
1582835641831,7.775
1582835641831,7.775
1582835670854,7.775
1582835670854,7.775
1582835699612,7.78
1582835699612,7.78
1582835720253,7.77
1582835720253,7.77
1582835733767,7.775
1582835733767,7.775
1582835753777,7.775
1582835753777,7.775
1582835780046,7.775
1582835780046,7.775
1582835797577,7.775
1582835797577,7.775
1582835819323,7.785
1582835819323,7.785
1582835841286,7.785
1582835841286,7.785
1582835860864,7.78
1582835860864,7.78
1582835860864,7.78
1582835860864,7.78
1582835860864,7.78
1582835860864,7.78
1582835860864,7.78
1582835937789,7.76
1582835937789,7.76
1582835937789,7.76
1582835937789,7.76
1582835937789,7.76
1582835937789,7.76
1582835937789,7.76
1582836014485,7.76
1582836014485,7.76
1582836034953,7.755
1582836034953,7.755
1582836034953,7.755
1582836034953,7.755
1582836071426,7.75
1582836088415,7.755
1582836088415,7.755
1582836110338,7.755
1582836110338,7.755
1582836129967,7.755
1582836129967,7.755
1582836149359,7.755
1582836149359,7.755
1582836173163,7.755
1582836175515,7.755
1582836189103,7.755
1582836204128,7.755
1582836211613,7.755
1582836225032,7.755
1582836225032,7.755
1582836247525,7.755
1582836250077,7.76
1582836262010,7.765
1582836262010,7.765
1582836280201,7.765
1582836280201,7.765
1582836310437,7.77
1582836320420,7.795
1582836330707,7.805
1582836333210,7.785
1582836345424,7.78
1582836362399,7.77
1582836368130,7.765
1582836378112,7.765
1582836393861,7.765
1582836405341,7.765
1582836409638,7.765
1582836425952,7.775
1582836435354,7.78
1582836442125,7.785
1582836458609,7.785
1582836458609,7.785
1582836474508,7.79
1582836488690,7.795
1582836488690,7.795
1582836504467,7.795
1582836520733,7.795
1582836530864,7.8
1582836537717,7.795
1582836551805,7.795
1582836551805,7.795
