1582727461393,126.7
1582727472949,126.79
1582727483724,126.86
1582727492765,126.915
1582727504275,127.01
1582727513879,126.82
1582727526455,127.18
1582727541235,127.36
1582727552185,127.46
1582727562861,127.86
1582727570391,127.67
1582727583961,127.575
1582727594031,127.54
1582727604522,127.4
1582727615167,127.19
1582727625082,127.13
1582727634852,126.82
1582727646641,126.81
1582727655973,126.69
1582727667422,126.64
1582727677772,126.42
1582727688132,126.21
1582727697168,126.34
1582727708543,126.25
1582727718270,126.41
1582727727489,126.43
1582727740395,126.7
1582727749621,126.55
1582727756761,126.55
1582727771329,126.62
1582727777348,126.76
1582727786528,126.78
1582727803065,126.67
1582727807613,126.8
1582727823262,126.68
1582727828213,126.765
1582727844425,127.01
1582727854924,127.06
1582727858361,127.05
1582727870655,127.09
1582727881675,127.22
1582727894926,127.2
1582727901712,127.235
1582727917256,127.225
1582727920281,127.205
1582727920281,127.205
1582727945257,127.27
1582727959616,127.27
1582727967905,127.25
1582727976324,127.21
1582727991039,127.4
1582728000629,127.665
1582728010803,127.69
1582728023156,127.84
1582728030585,127.63
1582728043579,127.77
1582728054720,127.86
1582728063951,127.78
1582728074481,128.02
1582728086148,127.84
1582728095764,127.92
1582728106991,127.94
1582728115496,127.9
1582728128076,127.905
1582728134266,127.95
1582728149050,128.18
1582728158325,127.98
1582728169783,127.9
1582728180349,127.88
1582728183745,127.91
1582728200464,128.04
1582728208680,128.1
1582728221281,128.06
1582728231950,128.12
1582728239630,128.26
1582728252562,128.1
1582728263777,128.025
1582728271634,127.95
1582728284371,127.85
1582728288944,127.885
1582728303948,127.995
1582728314765,127.97
1582728325779,127.65
1582728336848,127.39
1582728345655,127.285
1582728357831,127.32
1582728367688,127.42
1582728378691,127.4
1582728386131,127.27
1582728397562,127.18
1582728409413,127.1
1582728417495,127.215
1582728429603,127.14
1582728437490,127.34
1582728448199,127.44
1582728457294,127.29
1582728472775,127.43
1582728478461,127.35
1582728491451,127.27
1582728505252,127.24
1582728514998,127.07
1582728525938,127.2
1582728533117,127.25
1582728545601,126.92
1582728554352,126.73
1582728565379,126.69
1582728575638,126.71
1582728575638,126.71
1582728591838,126.83
1582728604584,126.83
1582728619571,127.06
1582728627102,126.99
1582728637666,127.08
1582728648579,127.085
1582728661572,127.02
1582728670972,126.92
1582728684711,126.97
1582728694397,127.09
1582728705747,127.06
1582728715451,126.88
1582728725773,126.85
1582728732816,126.72
1582728742358,126.92
1582728757484,126.59
1582728766085,126.68
1582728778350,126.76
1582728785080,126.72
1582728796654,126.57
1582728803936,126.56
1582728819600,126.54
1582728827833,126.53
1582728838708,126.41
1582728850696,126.405
1582728861789,126.19
1582728871276,126.17
1582728882786,126.24
1582728892276,126.35
1582728902085,126.46
1582728910296,126.525
1582728922402,126.645
1582728934661,126.6
1582728943415,126.7
1582728946915,126.635
1582728965828,126.705
1582728965828,126.705
1582728982444,126.74
1582728996448,126.645
1582728999227,126.725
1582729017001,126.655
1582729024091,126.65
1582729038844,126.8
1582729049087,126.61
1582729056705,126.385
1582729056705,126.385
1582729056705,126.385
1582729083287,126.44
1582729096207,126.53
1582729096207,126.53
1582729122416,126.41
1582729124215,126.44
1582729141810,126.565
1582729153823,126.505
1582729159436,126.48
1582729159436,126.48
1582729183563,126.54
1582729183563,126.54
1582729201062,126.585
1582729215216,126.73
1582729215216,126.73
1582729215216,126.73
1582729246356,126.73
1582729257387,126.78
1582729261387,126.81
1582729276935,126.985
1582729288031,126.885
1582729297304,126.83
1582729308125,126.78
1582729311539,126.76
1582729322837,126.81
1582729331388,126.805
1582729352039,126.77
1582729353059,126.765
1582729372788,126.75
1582729372788,126.75
1582729392966,126.76
1582729403975,126.76
1582729414468,126.695
1582729414468,126.695
1582729435762,126.6
1582729443421,126.66
1582729456293,126.645
1582729467207,126.64
1582729474657,126.615
1582729485717,126.555
1582729485717,126.555
1582729485717,126.555
1582729519471,126.72
1582729526763,126.78
1582729540380,126.765
1582729547493,126.75
1582729557006,126.775
1582729557006,126.775
1582729557006,126.775
1582729589246,126.7
1582729600807,126.71
1582729612684,126.61
1582729624096,126.715
1582729634007,126.68
1582729640392,126.66
1582729648741,126.72
1582729648741,126.72
1582729676014,126.715
1582729684568,126.77
1582729694876,126.83
1582729703416,126.885
1582729711696,126.935
1582729725806,127.015
1582729731721,127.1
1582729731721,127.1
1582729755855,127.1
1582729768737,127.15
1582729772842,127.1
1582729772842,127.1
1582729792293,127.06
1582729804632,127.11
1582729818992,126.98
1582729824290,127.125
1582729843556,127.09
1582729852481,127.1
1582729864107,127.015
1582729875232,127.02
1582729884119,127.01
1582729884119,127.01
1582729902220,127.02
1582729915937,127.075
1582729926720,127.105
1582729930637,127.09
1582729948094,127.16
1582729957772,127.13
1582729960963,127.12
1582729977834,127.085
1582729989332,127.15
1582729994097,127.165
1582730009197,127.11
1582730017795,127.33
1582730028932,127.4
1582730028932,127.4
1582730044074,127.48
1582730044074,127.48
1582730067578,127.62
1582730067578,127.62
1582730092841,127.7
1582730104450,127.77
1582730115575,127.81
1582730122848,127.835
1582730135638,127.75
1582730143926,127.675
1582730154802,127.59
1582730164264,127.73
1582730177363,127.75
1582730187808,127.63
1582730197410,127.72
1582730204891,127.775
1582730217490,127.78
1582730229179,127.89
1582730237815,127.82
1582730245723,127.85
1582730258529,127.91
1582730258529,127.91
1582730274977,127.93
1582730286023,127.93
1582730300094,127.87
1582730311582,127.785
1582730317475,127.77
1582730324847,127.705
1582730324847,127.705
1582730355411,127.735
1582730363259,127.75
1582730373824,127.59
1582730386558,127.54
1582730388744,127.555
1582730707225,127.16
1582730718132,127.08
1582730721687,127.01
1582730721687,127.01
1582730744544,127.035
1582730759800,126.935
1582730761665,126.96
1582730774320,127.01
1582730774320,127.01
1582730795751,127
1582730810760,127.045
1582730812180,127.02
1582730831770,126.99
1582730838683,127.02
1582730852480,126.91
1582730861361,126.89
1582730870691,126.81
1582730884657,126.92
1582730891817,126.87
1582730891817,126.87
1582730915374,126.89
1582730926326,126.86
1582730936931,126.805
1582730946517,126.735
1582730957920,126.74
1582730968302,126.735
1582730978225,126.7
1582730987886,126.7
1582730998698,126.56
1582731004242,126.605
1582731018954,126.665
1582731030699,126.65
1582731038723,126.67
1582731050638,126.69
1582731057303,126.665
1582731057303,126.665
1582731081745,126.79
1582731090769,126.72
1582731100793,126.71
1582731110381,126.705
1582731120701,126.62
1582731120701,126.62
1582731137493,126.65
1582731149049,126.73
1582731162259,126.815
1582731176111,126.75
1582731183843,126.88
1582731189190,126.97
1582731204149,126.98
1582731204149,126.98
1582731225351,127.07
1582731235786,127.1
1582731244783,127.17
1582731253144,127.145
1582731253144,127.145
1582731276612,127.145
1582731289272,127.12
1582731289272,127.12
1582731311033,127.12
1582731311033,127.12
1582731330261,127.22
1582731339969,127.34
1582731345375,127.38
1582731345375,127.38
1582731374346,127.42
1582731374346,127.42
1582731394687,127.41
1582731404819,127.385
1582731415944,127.41
1582731426138,127.4
1582731426138,127.4
1582731439313,127.34
1582731457231,127.31
1582731459350,127.3
1582731471212,127.22
1582731471212,127.22
1582731495880,127.23
1582731502513,127.23
1582731517919,127.16
1582731517919,127.16
1582731517919,127.16
1582731550397,127.14
1582731559838,127.18
1582731571831,127.12
1582731574757,127.11
1582731574757,127.11
1582731602018,127.09
1582731612684,127.155
1582731624716,127.17
1582731635223,127.21
1582731642651,127.225
1582731649918,127.2
1582731664625,127.24
1582731664625,127.24
1582731664625,127.24
1582731664625,127.24
1582731708067,127.315
1582731716903,127.3
1582731729566,127.36
1582731738256,127.4
1582731744112,127.4
1582731754221,127.36
1582731754221,127.36
1582731754221,127.36
1582731754221,127.36
1582731754221,127.36
1582731813007,127.39
1582731823818,127.43
1582731823818,127.43
1582731840205,127.41
1582731840205,127.41
1582731858534,127.47
1582731858534,127.47
1582731880412,127.43
1582731890178,127.38
1582731890178,127.38
1582731917797,127.25
1582731926924,127.23
1582731934005,127.155
1582731947759,127.25
1582731954494,127.25
1582731954494,127.25
1582731954494,127.25
1582731989520,127.23
1582732000940,127.18
1582732008908,127.22
1582732020846,127.21
1582732031416,127.21
1582732038069,127.19
1582732050504,127.195
1582732050504,127.195
1582732050504,127.195
1582732050504,127.195
1582732091010,127
1582732104151,126.89
1582732115166,126.93
1582732123654,127
1582732134940,127.06
1582732134940,127.06
1582732157240,127.25
1582732167326,127.24
1582732177942,127.26
1582732182251,127.25
1582732199087,127.26
1582732207281,127.285
1582732219860,127.33
1582732230345,127.385
1582732240786,127.46
1582732249816,127.39
1582732261651,127.46
1582732272731,127.475
1582732282756,127.405
1582732293297,127.325
1582732302827,127.345
1582732313856,127.275
1582732323512,127.325
1582732332632,127.27
1582732344469,127.265
1582732356036,127.26
1582732366299,127.225
1582732372921,127.185
1582732386276,127.15
1582732398383,127.12
1582732398687,127.12
1582732417029,127.095
1582732417029,127.095
1582732417029,127.095
1582732449887,127.09
1582732454688,127.07
1582732465023,127.02
1582732465023,127.02
1582732487690,126.98
1582732501144,127.01
1582732510386,127.03
1582732523246,126.995
1582732529459,127.02
1582732542865,127.04
1582732547648,127.04
1582732547648,127.04
1582732569153,127
1582732583884,127
1582732594631,127.01
1582732605744,126.975
1582732605744,126.975
1582732626449,127.035
1582732630766,127.025
1582732630766,127.025
1582732630766,127.025
1582732664398,126.97
1582732670058,126.98
1582732670058,126.98
1582732698933,126.925
1582732703306,126.93
1582732714510,126.92
1582732731578,126.93
1582732735677,126.945
1582732751546,126.94
1582732761691,126.97
1582732769300,126.95
1582732784879,126.96
1582732793935,126.95
1582732801498,126.94
1582732801498,126.94
1582732824520,126.91
1582732824520,126.91
1582732843335,126.945
1582732854052,126.905
1582732868100,126.865
1582732877452,126.845
1582732885801,126.79
1582732885801,126.79
1582732903726,126.82
1582732919191,126.79
1582732919191,126.79
1582732937437,126.8
1582732952391,126.82
1582732952391,126.82
1582732973355,126.89
1582732983217,126.86
1582732984851,126.865
1582733003677,126.81
1582733013924,126.825
1582733022757,126.84
1582733035155,126.915
1582733042871,126.9
1582733051945,126.9
1582733066882,126.94
1582733075959,126.915
1582733080367,126.91
1582733095484,126.925
1582733107503,126.86
1582733115903,126.885
1582733132254,126.91
1582733132254,126.91
1582733132254,126.91
1582733159070,126.86
1582733159070,126.86
1582733159070,126.86
1582733194154,126.815
1582733194154,126.815
1582733215716,126.815
1582733224961,126.8
1582733234857,126.76
1582733246532,126.79
1582733251858,126.795
1582733262373,126.86
1582733271429,126.835
1582733286176,126.845
1582733297824,126.84
1582733297824,126.84
1582733315490,126.82
1582733329071,126.815
1582733333545,126.835
1582733333545,126.835
1582733333545,126.835
1582733333545,126.835
1582733377071,126.85
1582733377071,126.85
1582733397874,126.78
1582733415395,126.825
1582733415395,126.825
1582733430382,126.835
1582733430382,126.835
1582733454699,126.84
1582733465199,126.825
1582733476505,126.835
1582733484212,126.84
1582733493349,126.825
1582733493349,126.825
1582733516894,126.75
1582733529305,126.74
1582733533960,126.725
1582733550510,126.69
1582733559608,126.74
1582733559608,126.74
1582733582508,126.65
1582733587567,126.615
1582733599972,126.63
1582733612986,126.665
1582733624189,126.695
1582733634851,126.745
1582733641670,126.795
1582733648709,126.88
1582733664432,126.815
1582733669896,126.85
1582733686868,126.95
1582733697548,126.88
1582733707575,126.85
1582733714382,126.85
1582733728732,126.9
1582733738881,126.94
1582733745406,126.98
1582733758908,126.99
1582733767554,127.05
1582733781642,127.05
1582733781642,127.05
1582733781642,127.05
1582733810854,127.03
1582733810854,127.03
1582733830788,127.04
1582733840272,127.08
1582733854452,127.13
1582733861422,127.08
1582733868895,127.03
1582733885816,127.08
1582733890398,127.12
1582733890398,127.12
1582733915136,127.085
1582733926231,127.115
1582733926231,127.115
1582733947719,127.16
1582733953946,127.13
1582733953946,127.13
1582733953946,127.13
1582733953946,127.13
1582733999403,127.105
1582734010101,127.07
1582734010101,127.07
1582734024751,127.03
1582734024751,127.03
1582734049568,127.03
1582734061356,127.1
1582734073181,127.11
1582734085270,127.05
1582734094919,127.01
1582734094919,127.01
1582734117218,127.04
1582734120540,127.06
1582734133059,127.11
1582734146935,127.11
1582734146935,127.11
1582734165486,127.02
1582734178785,127.04
1582734190146,127.02
1582734198082,127.045
1582734209121,127.04
1582734213569,127.03
1582734230384,126.99
1582734241499,126.96
1582734252487,126.95
1582734255466,126.92
1582734266943,126.935
1582734279535,126.94
1582734292252,126.97
1582734304205,127.01
1582734304205,127.01
1582734323314,127.085
1582734333589,127.04
1582734347382,126.975
1582734354040,127
1582734362885,127
1582734362885,127
1582734388448,127.2
1582734399864,127.135
1582734408927,127.09
1582734416307,127.07
1582734429097,127.03
1582734433869,127.02
1582734453038,127.03
1582734465872,127.04
1582734471269,127.05
1582734487886,127.1
1582734487886,127.1
1582734508818,127.095
1582734508818,127.095
1582734533127,127.12
1582734533611,127.105
1582734551592,127.035
1582734551592,127.035
1582734551592,127.035
1582734551592,127.035
1582734551592,127.035
1582734611895,126.95
1582734619626,126.915
1582734633790,126.93
1582734639737,126.93
1582734639737,126.93
1582734664841,126.935
1582734676010,126.97
1582734686130,126.94
1582734688925,126.96
1582734704513,126.99
1582734704513,126.99
1582734704513,126.99
1582734704513,126.99
1582734742471,127.1
1582734755937,127.02
1582734762935,126.96
1582734762935,126.96
1582734762935,126.96
1582734795909,126.975
1582734795909,126.975
1582734795909,126.975
1582734795909,126.975
1582734795909,126.975
1582734848111,127.02
1582734860858,127.11
1582734874903,127.105
1582734874903,127.105
1582734890044,127.05
1582734890044,127.05
1582734914228,127
1582734926486,126.99
1582734926486,126.99
1582734940623,126.97
1582734940623,126.97
1582734967436,126.94
1582734972405,126.915
1582734972405,126.915
1582734992552,126.985
1582734992552,126.985
1582735017509,127
1582735017509,127
1582735017509,127
1582735017509,127
1582735017509,127
1582735072829,126.975
1582735081729,127.01
1582735086965,127.03
1582735105014,126.985
1582735113601,127.02
1582735113601,127.02
1582735135547,127
1582735141400,127.02
1582735156819,127.055
1582735167413,127.08
1582735175803,127.045
1582735188549,127
1582735196882,127.005
1582735201806,127
1582735219604,127.08
1582735229354,127.09
1582735235585,127.08
1582735235585,127.08
1582735235585,127.08
1582735265612,127.09
1582735282318,126.95
1582735289153,126.975
1582735297939,126.95
1582735312322,126.99
1582735318136,126.95
1582735331086,126.89
1582735344184,126.9
1582735356677,126.97
1582735366626,126.95
1582735376947,126.98
1582735387937,126.925
1582735395645,126.9
1582735408906,126.9
1582735409440,126.87
1582735422772,126.9
1582735438939,126.975
1582735449757,126.925
1582735449757,126.925
1582735467181,126.89
1582735480432,126.87
1582735490920,126.84
1582735499063,126.83
1582735512866,126.81
1582735522131,126.79
1582735531923,126.88
1582735544248,126.85
1582735549299,126.84
1582735565177,126.79
1582735573528,126.76
1582735582114,126.74
1582735591895,126.68
1582735591895,126.68
1582735617439,126.69
1582735617439,126.69
1582735632293,126.74
1582735645280,126.74
1582735654077,126.76
1582735664004,126.71
1582735677591,126.66
1582735684454,126.64
1582735698599,126.64
1582735702786,126.63
1582735718549,126.575
1582735726757,126.55
1582735740730,126.51
1582735746729,126.485
1582735763291,126.455
1582735766737,126.455
1582735782866,126.36
1582735786722,126.35
1582735802845,126.37
1582735814654,126.29
1582735819174,126.29
1582735836747,126.2
1582735843811,126.16
1582735855623,126.14
1582735863637,126.12
1582735879037,126.09
1582735886110,126.07
1582735896611,126.04
1582735908046,126.03
1582735910500,126.03
1582735926254,126.03
1582735941680,126.02
1582735943068,126.02
1582735960670,126
1582735970879,126.03
1582735970879,126.03
1582735993248,125.96
1582736002924,125.89
1582736006797,125.91
1582736023312,125.88
1582736033587,125.8
1582736037159,125.81
1582736057054,125.9
1582736061820,125.88
1582736061820,125.88
1582736061820,125.88
1582736061820,125.88
1582736109485,125.92
1582736109485,125.92
1582736129897,125.84
1582736130490,125.845
1582736144397,125.89
1582736152844,125.93
1582736152844,125.93
1582736176953,125.98
1582736176953,125.98
1582736200566,126.11
1582736205877,126.1
1582736220523,126.14
1582736220523,126.14
1582736238640,126.255
1582736238640,126.255
1582736265316,126.14
1582736265316,126.14
1582736265316,126.14
1582736294180,126.14
1582736300088,126.13
1582736300088,126.13
1582736300088,126.13
1582736335789,126.02
1582736335789,126.02
1582736357309,125.97
1582736360343,125.99
1582736378818,126.005
1582736378818,126.005
1582736400869,125.98
1582736400869,125.98
1582736417749,125.985
1582736433597,126.06
1582736444157,126.09
1582736444157,126.09
1582736463442,125.99
1582736476104,125.895
1582736478500,125.985
1582736494002,125.82
1582736499639,125.795
1582736517363,125.82
1582736520698,125.82
1582736536033,125.81
1582736545753,125.76
1582736552571,125.77
1582736569148,125.675
1582736579909,125.72
1582736579909,125.72
1582736600114,125.75
1582736600114,125.75
1582736600114,125.75
1582736624062,125.79
1582736624062,125.79
1582736646108,125.765
1582736656775,125.86
1582736671995,125.72
1582736683000,125.71
1582736691108,125.75
1582736704915,125.69
1582736713617,125.63
1582736719874,125.63
1582736719874,125.63
1582736719874,125.63
1582736749548,125.67
1582736765180,125.68
1582736775100,125.72
1582736787033,125.735
1582736799471,125.68
1582736804325,125.69
1582736819815,125.6
1582736824779,125.625
1582736824779,125.625
1582736845526,125.66
1582736861034,125.61
1582736872272,125.47
1582736872272,125.47
1582736892069,125.275
1582736892069,125.275
1582736892069,125.275
1582736923150,125.19
1582736933673,125.21
1582736939150,125.155
1582736952514,125.18
1582736961037,125.235
1582736961037,125.235
1582736979935,125.31
1582736991463,125.285
1582736991463,125.285
1582737016027,125.37
1582737016027,125.37
1582737016027,125.37
1582737040221,125.285
1582737059872,125.34
1582737065772,125.32
1582737074438,125.32
1582737074438,125.32
1582737096089,125.275
1582737109970,125.28
1582737121138,125.29
1582737126306,125.245
1582737126306,125.245
1582737147657,125.195
1582737164065,125.045
1582737164065,125.045
1582737182412,125
1582737182412,125
1582737204245,125.1
1582737217343,125.08
1582737227479,125.085
1582737235845,125.1
1582737248346,125.08
1582737256437,125.045
1582737269021,125.01
1582737269021,125.01
1582737287311,124.885
1582737297176,124.905
1582737309028,124.83
1582737318608,124.8
1582737332476,124.75
1582737333922,124.725
1582737344107,124.75
1582737355411,124.745
1582737371869,124.81
1582737382111,124.81
1582737392299,124.72
1582737402422,124.655
1582737407350,124.625
1582737424528,124.6
1582737436400,124.49
1582737444885,124.43
1582737455466,124.45
1582737466493,124.455
1582737471301,124.405
1582737471301,124.405
1582737499159,124.205
1582737500801,124.25
1582737517951,124.19
1582737524059,124.24
1582737537889,124.26
1582737544424,124.38
1582737552697,124.32
1582737570766,124.305
1582737582818,124.3
1582737591478,124.24
1582737599156,124.385
1582737599156,124.385
1582737623982,124.53
1582737629742,124.615
1582737642523,124.76
1582737653540,124.78
1582737666187,124.82
1582737666187,124.82
1582737666187,124.82
1582737697118,124.885
1582737702250,124.88
1582737718522,124.81
1582737728322,124.85
1582737731391,124.875
1582737750062,124.815
1582737758876,124.87
1582737758876,124.87
1582737758876,124.87
1582737792416,124.98
1582737794049,124.98
1582737794049,124.98
1582737816938,125.06
1582737833635,125.115
1582737844934,125.16
1582737844934,125.16
1582737844934,125.16
1582737873404,125.125
1582737873404,125.125
1582737889299,125.2
1582737906276,125.18
1582737914183,125.15
1582737924275,125.145
1582737924275,125.145
1582737945643,125.105
1582737960112,125.08
1582737969726,125.17
1582737978369,125.125
1582737990794,125.03
1582738001051,125.07
1582738004214,125.02
1582738022727,125.04
1582738031954,125.08
1582738040498,125.05
1582738051280,124.9
1582738060660,124.89
1582738070960,124.91
1582738070960,124.91
1582738092902,124.83
1582738102435,124.84
1582738110898,124.74
1582738124563,124.81
1582738137035,124.78
1582738147935,124.99
1582738158293,125.12
1582738168760,125.15
1582738178504,125.145
1582738189275,125.13
1582738199514,125.105
1582738206145,125.21
1582738221079,125.215
1582738224123,125.21
1582738240679,125.32
1582738252055,125.4
1582738261335,125.4
1582738263848,125.385
1582738263848,125.385
1582738288890,125.5
1582738301198,125.51
1582738301198,125.51
1582738323961,125.45
1582738334242,125.445
1582738344741,125.405
1582738355539,125.375
1582738364426,125.405
1582738376841,125.405
1582738382156,125.395
1582738395355,125.38
1582738408538,125.395
1582738417148,125.42
1582738424737,125.41
1582738438816,125.32
1582738447708,125.35
1582738458103,125.335
1582738466230,125.39
1582738476252,125.34
1582738476252,125.34
1582738500899,125.415
1582738511323,125.41
1582738513599,125.415
1582738513599,125.415
1582738513599,125.415
1582738546266,125.38
1582738564292,125.39
1582738574779,125.33
1582738586033,125.4
1582738589267,125.39
1582738600387,125.335
1582738610994,125.29
1582738621658,125.24
1582738638317,125.18
1582738650035,125.185
1582738659261,125.155
1582738659261,125.155
1582738659261,125.155
1582738690009,125.12
1582738697575,125.095
1582738697575,125.095
1582738697575,125.095
1582738697575,125.095
1582738697575,125.095
1582738697575,125.095
1582738763768,124.92
1582738774882,124.98
1582738783599,124.99
1582738793370,125.02
1582738801841,125.03
1582738814488,125
1582738825877,124.935
1582738825877,124.935
1582738825877,124.935
1582738825877,124.935
1582738868642,124.71
1582738868642,124.71
1582738883097,124.69
1582738897288,124.74
1582738911482,124.75
1582738911482,124.75
1582738930528,124.73
1582738934373,124.73
1582738949850,124.745
1582738962266,124.72
1582738963997,124.68
1582738963997,124.68
1582738963997,124.68
1582739002144,124.65
1582739011731,124.64
1582739025954,124.71
1582739025954,124.71
1582739025954,124.71
1582739025954,124.71
1582739025954,124.71
1582739025954,124.71
1582739025954,124.71
1582739097266,124.68
1582739108228,124.84
1582739119634,124.915
1582739126225,124.99
1582739132563,124.99
1582739145073,125.12
1582739156514,125.16
1582739162506,125.135
1582739180700,125.23
1582739187087,125.215
1582739194950,125.23
1582739214048,125.105
1582739214048,125.105
1582739214048,125.105
1582739214048,125.105
1582739249568,125.09
1582739261613,125.12
1582739269052,125.095
1582739269052,125.095
1582739292140,125.135
1582739292140,125.135
1582739292140,125.135
1582739325924,125.04
1582739325924,125.04
1582739349475,125.07
1582739358333,125.015
1582739360469,125.03
1582739360469,125.03
1582739389801,124.97
1582739389801,124.97
1582739406443,125.005
1582739406443,125.005
1582739406443,125.005
1582739443651,125.04
1582739443651,125.04
1582739443651,125.04
1582739472260,124.935
1582739484450,124.945
1582739484450,124.945
1582739484450,124.945
1582739484450,124.945
1582739526500,124.87
1582739531019,124.78
1582739531019,124.78
1582739555599,124.71
1582739555599,124.71
1582739570021,124.665
1582739588633,124.67
1582739599576,124.65
1582739602473,124.62
1582739616368,124.63
1582739624232,124.57
1582739624232,124.57
1582739650512,124.49
1582739655946,124.51
1582739671134,124.46
1582739684158,124.44
1582739685908,124.41
1582739685908,124.41
1582739712975,124.29
1582739721142,124.24
1582739721142,124.24
1582739744600,124.42
1582739756591,124.5
1582739768455,124.51
1582739777337,124.47
1582739780806,124.47
1582739780806,124.47
1582739805609,124.48
1582739805609,124.48
1582739805609,124.48
1582739805609,124.48
1582739805609,124.48
1582739805609,124.48
1582739862844,124.5
1582739862844,124.5
1582739862844,124.5
1582739862844,124.5
1582739862844,124.5
1582739923443,124.69
1582739928943,124.705
1582739937379,124.73
1582739950891,124.705
1582739961503,124.78
1582739969562,124.75
1582739984546,124.705
1582739997361,124.675
1582740005075,124.71
1582740019036,124.82
1582740028849,124.8
1582740028849,124.8
1582740028849,124.8
1582740054794,124.705
1582740054794,124.705
1582740079678,124.81
1582740093549,124.795
1582740102869,124.795
1582740110826,124.775
1582740118281,124.795
1582740118281,124.795
1582740118281,124.795
1582740154484,124.87
1582740154484,124.87
1582740172533,124.875
1582740172533,124.875
1582740172533,124.875
1582740208476,124.945
1582740217411,124.945
1582740228027,124.92
1582740240551,124.77
1582740244033,124.8
1582740258394,124.8
1582740266169,124.795
1582740266169,124.795
1582740266169,124.795
1582740266169,124.795
1582740266169,124.795
1582740321687,124.89
1582740321687,124.89
1582740343527,124.91
1582740343527,124.91
1582740360893,124.89
1582740375214,124.88
1582740379709,124.84
1582740379709,124.84
1582740403162,124.815
1582740403162,124.815
1582740427018,124.77
1582740434968,124.77
1582740434968,124.77
1582740434968,124.77
1582740434968,124.77
1582740434968,124.77
1582740434968,124.77
1582740503204,124.66
1582740503204,124.66
1582740517812,124.56
1582740526998,124.49
1582740541004,124.495
1582740541004,124.495
1582740541004,124.495
1582740541004,124.495
1582740584350,124.335
1582740594521,124.3
1582740601264,124.28
1582740617544,124.27
1582740620234,124.25
1582740639178,124.15
1582740650056,124.015
1582740659592,123.92
1582740669263,123.89
1582740669263,123.89
1582740687755,123.86
1582740701521,123.8
1582740713291,123.78
1582740720440,123.76
1582740732285,123.7
1582740738021,123.61
1582740745442,123.59
1582740745442,123.59
1582740774728,123.67
1582740774728,123.67
1582740791606,123.59
1582740803662,123.5
1582740811581,123.47
1582740828414,123.405
1582740831025,123.4
1582740831025,123.4
1582740855706,123.48
1582740855706,123.48
1582740880171,123.5
1582740880171,123.5
1582740894272,123.54
1582740894272,123.54
1582740894272,123.54
1582740930407,123.76
1582740938824,123.76
1582740953810,123.75
1582740960213,123.76
1582740973787,123.76
1582740983195,123.76
1582740990536,123.85
1582740990536,123.85
1582741011881,123.89
1582741026336,123.86
1582741032939,123.91
1582741037374,123.95
1582741037374,123.95
1582741066028,123.68
1582741077225,123.72
1582741084873,123.78
1582741084873,123.78
1582741103597,123.74
1582741119371,123.705
1582741121905,123.69
1582741121905,123.69
1582741147067,123.71
1582741160691,123.685
1582741172920,123.705
1582741172920,123.705
1582741193037,123.72
1582741204144,123.78
1582741215904,123.78
1582741223396,123.78
1582741236400,123.74
1582741243349,123.72
1582741248567,123.73
1582741266643,123.56
1582741266643,123.56
1582741266643,123.56
1582741295229,123.7
1582741295229,123.7
1582741295229,123.7
1582741323083,123.65
1582741337193,123.61
1582741349037,123.7
1582741363660,123.74
1582741363660,123.74
1582741380099,123.77
1582741394246,123.65
1582741401675,123.72
1582741406226,123.81
1582741406226,123.81
1582741406226,123.81
1582741406226,123.81
1582741452691,123.87
1582741466848,123.92
1582741474518,123.91
1582741481390,123.88
1582741492949,123.79
1582741507358,123.81
1582741512429,123.845
1582741512429,123.845
1582741512429,123.845
1582741512429,123.845
1582741559086,123.79
1582741559086,123.79
1582741559086,123.79
1582741595195,123.93
1582741595195,123.93
1582741611808,124.01
1582741626323,124.06
1582741626323,124.06
1582741642280,124.05
1582741648968,124.03
1582741664470,124.015
1582741673460,123.94
1582741680442,123.98
1582741693703,123.91
1582741708548,123.9
1582741708548,123.9
1582741728606,123.94
1582741728606,123.94
1582741751704,123.94
1582741751704,123.94
1582741751704,123.94
1582741777083,123.96
1582741792524,123.87
1582741802649,123.85
1582741809292,123.93
1582741809292,123.93
1582741829301,123.77
1582741829301,123.77
1582741849157,123.905
1582741849157,123.905
1582741849157,123.905
1582741849157,123.905
1582741849157,123.905
1582741903437,123.81
1582741916795,123.67
1582741924299,123.75
1582741939685,123.67
1582741939685,123.67
1582741957991,123.67
1582741971170,123.65
1582741978984,123.705
1582741978984,123.705
1582742003591,123.57
1582742014917,123.54
1582742014917,123.54
1582742014917,123.54
1582742044214,123.56
1582742055886,123.49
1582742066649,123.37
1582742077693,123.3
1582742084106,123.35
1582742097540,123.25
1582742097540,123.25
1582742118094,123.42
1582742125847,123.34
1582742131790,123.31
1582742143267,123.27
1582742160993,123.145
1582742167882,123.085
1582742175499,123.08
1582742191062,123.035
1582742200623,123.09
1582742212871,122.97
1582742223857,122.99
1582742234552,122.92
1582742239735,122.85
1582742255607,122.68
1582742266339,122.925
1582742277068,122.915
1582742282557,122.71
1582742297592,122.8
1582742302349,122.8
1582742302349,122.8
1582742321259,122.93
1582742335928,122.895
1582742335928,122.895
1582742358974,122.93
1582742358974,122.93
1582742376547,122.74
1582742392456,122.53
1582742402883,122.44
1582742411258,122.56
1582742421214,122.515
1582742432413,122.405
1582742439295,122.31
1582742449074,122.19
1582742463656,122.41
1582742463656,122.41
1582742463656,122.41
1582742489832,122.625
1582742504204,122.55
1582742504204,122.55
1582742524561,122.725
1582742537346,122.8
1582742544695,122.76
1582742559162,122.77
1582742561849,122.81
1582742561849,122.81
1582742561849,122.81
1582742600392,122.96
1582742600392,122.96
1582742621360,122.98
1582742630497,122.95
1582742643486,122.865
1582742643486,122.865
1582742662953,122.7
1582742674184,122.77
1582742682414,122.7
1582742694583,122.6
1582742705335,122.64
1582742715267,122.575
1582742726932,122.73
1582742739637,122.8
1582742748953,122.9
1582742751960,122.89
1582742751960,122.89
1582742751960,122.89
1582742785621,122.95
1582742785621,122.95
1582742809904,123
1582742815387,122.985
1582742830894,123.06
1582742842772,123.09
1582742851232,123.125
1582742865180,123.15
1582742873312,123.045
1582742885441,123.12
1582742885441,123.12
1582742885441,123.12
1582742907016,123.41
1582742917554,123.5
1582742932250,123.51
1582742938258,123.475
1582742950767,123.52
1582742950767,123.52
1582742976164,123.7
1582742988367,123.61
1582742988367,123.61
1582743011056,123.5
1582743021934,123.56
1582743026335,123.53
1582743026335,123.53
1582743026335,123.53
1582743063311,123.555
1582743068856,123.5
1582743075803,123.5
1582743090884,123.64
1582743105676,123.785
1582743112938,123.76
1582743123504,123.695
1582743128725,123.65
1582743141441,123.565
1582743151425,123.5
1582743164735,123.43
1582743176998,123.39
1582743186426,123.315
1582743186426,123.315
1582743186426,123.315
1582743186426,123.315
1582743226323,123.17
1582743240242,123.085
1582743251538,123.11
1582743251538,123.11
1582743251538,123.11
1582743251538,123.11
1582743286705,123.175
1582743286705,123.175
1582743316175,122.99
1582743316175,122.99
1582743316175,122.99
1582743346281,123.1
1582743357132,123
1582743357132,123
1582743379251,123.08
1582743385562,122.97
1582743385562,122.97
1582743410723,122.91
1582743410723,122.91
1582743430509,122.93
1582743440112,122.885
1582743440112,122.885
1582743457917,122.86
1582743465230,122.83
1582743465230,122.83
1582743486487,122.96
1582743486487,122.96
1582743486487,122.96
1582743518344,122.98
1582743518344,122.98
1582743543948,122.93
1582743543948,122.93
1582743543948,122.93
1582743543948,122.93
1582743543948,122.93
1582743543948,122.93
1582743543948,122.93
1582743543948,122.93
1582743543948,122.93
1582743543948,122.93
1582743646374,122.8
1582743646374,122.8
1582743666167,122.89
1582743666167,122.89
1582743687350,122.88
1582743687350,122.88
1582743687350,122.88
1582743718515,122.99
1582743733492,123.125
1582743733492,123.125
1582743754393,123.25
1582743754393,123.25
1582743770881,123.38
1582743770881,123.38
1582743770881,123.38
1582743770881,123.38
1582743770881,123.38
1582743770881,123.38
1582743842420,123.08
1582743842420,123.08
1582743854608,123.085
1582743854608,123.085
1582743879959,123.12
1582743888248,123.065
1582743888248,123.065
1582743888248,123.065
1582743888248,123.065
1582743888248,123.065
1582743944131,123.21
1582743944131,123.21
1582743944131,123.21
1582743944131,123.21
1582743944131,123.21
1582743944131,123.21
1582743944131,123.21
1582744017867,123.3
1582744031279,123.24
1582744039110,123.25
1582744039110,123.25
1582744039110,123.25
1582744039110,123.25
1582744082468,123.25
1582744092954,123.19
1582744092954,123.19
1582744117754,123.08
1582744117754,123.08
1582744117754,123.08
1582744117754,123.08
1582744150322,123.1
1582744167437,123.125
1582744167437,123.125
1582744191973,123.01
1582744194970,123
1582744194970,123
1582744194970,123
1582744194970,123
1582744194970,123
1582744252423,122.97
1582744261667,123.005
1582744261667,123.005
1582744281256,123.085
1582744292671,123.15
1582744306225,123.13
1582744317547,123.195
1582744325384,123.145
1582744325384,123.145
1582744341073,123.14
1582744355403,123.115
1582744364121,123.13
1582744380068,123.13
1582744381185,123.125
1582744381185,123.125
1582744411115,123.05
1582744411822,123.045
1582744411822,123.045
1582744434141,123.105
1582744446675,123.025
1582744457459,123.05
1582744474531,123.055
1582744484172,123.05
1582744493188,123.06
1582744502351,123.13
1582744518485,123.015
1582744531027,122.985
1582744536036,122.995
1582744549857,122.98
1582744567346,122.87
1582744567346,122.87
1582744567346,122.87
1582744567346,122.87
1582744567346,122.87
1582744567346,122.87
1582744567346,122.87
1582744567346,122.87
1582744567346,122.87
1582744567346,122.87
1582744680766,122.705
1582744680766,122.705
1582744705156,122.655
1582744705156,122.655
1582744705156,122.655
1582744741091,122.705
1582744753043,122.715
1582744753043,122.715
1582744768120,122.62
1582744781212,122.59
1582744792881,122.56
1582744803816,122.535
1582744803816,122.535
1582744821855,122.53
1582744830072,122.545
1582744830072,122.545
1582744830072,122.545
1582744868395,122.735
1582744871883,122.785
1582744889851,122.8
1582744890533,122.79
1582744907168,122.76
1582744920290,122.79
1582744930052,122.79
1582744935419,122.855
1582744945669,122.885
1582744961513,122.805
1582744961513,122.805
1582744984098,122.82
1582744992064,122.83
1582745001457,122.78
1582745001457,122.78
1582745022389,122.81
1582745034276,122.8
1582745041672,122.79
1582745053474,122.78
1582745053474,122.78
1582745053474,122.78
1582745079599,122.78
1582745079599,122.78
1582745107010,122.85
1582745117706,122.935
1582745130638,122.96
1582745140654,122.93
1582745143784,122.92
1582745143784,122.92
1582745143784,122.92
1582745143784,122.92
1582745143784,122.92
1582745194284,122.86
1582745194284,122.86
1582745194284,122.86
1582745233826,122.95
1582745242645,122.92
1582745253913,122.9
1582745265495,122.81
1582745265495,122.81
1582745283770,122.795
1582745294677,122.72
1582745294677,122.72
1582745294677,122.72
1582745320024,122.83
1582745320024,122.83
1582745320024,122.83
1582745320024,122.83
1582745365393,122.88
1582745365393,122.88
1582745392108,122.82
1582745392108,122.82
1582745392108,122.82
1582745392108,122.82
1582745431341,122.98
1582745431341,122.98
1582745453083,122.91
1582745453083,122.91
1582745469751,122.81
1582745477671,122.77
1582745492559,122.78
1582745505666,122.94
1582745505666,122.94
1582745505666,122.94
1582745537897,123.09
1582745547697,123.07
1582745555607,123.03
1582745555607,123.03
1582745579963,123.02
1582745590237,123.045
1582745596147,123.03
1582745609175,123.015
1582745623652,122.975
1582745627863,122.95
1582745639544,122.915
1582745653473,122.89
1582745657170,122.91
1582745657170,122.91
1582745657170,122.91
1582745657170,122.91
1582745657170,122.91
1582745657170,122.91
1582745720995,123
1582745735827,122.97
1582745735827,122.97
1582745735827,122.97
1582745735827,122.97
1582745780195,122.95
1582745780195,122.95
1582745801826,123.075
1582745808101,123.07
1582745813705,123.05
1582745813705,123.05
1582745813705,123.05
1582745848213,123.04
1582745848213,123.04
1582745875211,123.12
1582745876994,123.13
1582745876994,123.13
1582745896533,123.145
1582745913427,123.06
1582745924822,123.035
1582745924822,123.035
1582745947824,123.07
1582745947824,123.07
1582745947824,123.07
1582745978530,123.07
1582745978530,123.07
1582745978530,123.07
1582746008396,123.07
1582746013554,123.02
1582746026284,122.99
1582746026284,122.99
1582746050874,122.945
1582746050874,122.945
1582746073636,122.88
1582746077875,122.88
1582746090992,122.855
1582746104748,122.905
1582746104748,122.905
1582746104748,122.905
1582746104748,122.905
1582746104748,122.905
1582746104748,122.905
1582746104748,122.905
1582746170259,122.78
1582746188247,122.74
1582746194829,122.72
1582746207155,122.69
1582746218375,122.66
1582746223975,122.675
1582746238524,122.615
1582746245977,122.605
1582746261986,122.56
1582746266861,122.615
1582746282276,122.63
1582746291560,122.665
1582746302867,122.74
1582746310066,122.755
1582746323888,122.84
1582746334279,122.88
1582746345277,122.935
1582746355636,122.84
1582746362875,122.87
1582746374614,122.93
1582746385468,122.93
1582746385468,122.93
1582746385468,122.93
1582746408419,122.92
1582746408419,122.92
1582746433482,122.75
1582746433482,122.75
1582746450463,122.73
1582746470133,122.81
1582746470133,122.81
1582746491724,122.765
1582746500029,122.7
1582746511965,122.83
1582746519188,122.905
1582746519188,122.905
1582746541370,122.88
1582746541370,122.88
1582746541370,122.88
1582746541370,122.88
1582746586675,122.85
1582746592205,122.95
1582746592205,122.95
1582746616827,122.81
1582746616827,122.81
1582746616827,122.81
1582746616827,122.81
1582746653801,122.87
1582746653801,122.87
1582746653801,122.87
1582746653801,122.87
1582746653801,122.87
1582746708845,122.765
1582746708845,122.765
1582746724045,122.85
1582746724045,122.85
1582746724045,122.85
1582746762382,122.78
1582746762382,122.78
1582746783019,122.77
1582746783019,122.77
1582746802128,122.77
1582746811750,122.78
1582746825677,122.845
1582746835126,122.79
1582746835126,122.79
1582746835126,122.79
1582746835126,122.79
1582746835126,122.79
1582746890181,123.05
1582746890181,123.05
1582746890181,123.05
1582746914313,123.28
1582746931534,123.145
1582746936796,123.165
1582746950747,123.06
1582746958551,123.04
1582746971232,123.06
1582746983246,122.98
1582746983246,122.98
1582747003923,122.96
1582747003923,122.96
1582747026177,123.05
1582747026177,123.05
1582747026177,123.05
1582747026177,123.05
1582747068724,123.08
1582747068724,123.08
1582747068724,123.08
1582747068724,123.08
1582747104248,123.24
1582747104248,123.24
1582747125241,123.18
1582747141502,123.17
1582747141502,123.17
1582747141502,123.17
1582747164285,123.2
1582747174991,123.07
1582747188144,123.08
1582747188144,123.08
1582747206994,123.05
1582747220742,123.09
1582747229650,123.21
1582747246966,123.18
1582747257782,123.11
1582747264286,123.1
1582747264286,123.1
1582747291487,122.95
1582747294754,122.95
1582747308648,122.84
1582747322050,122.83
1582747322050,122.83
1582747322050,122.83
1582747349055,122.88
1582747359543,122.83
1582747359543,122.83
1582747382604,122.88
1582747391676,122.81
1582747404152,122.88
1582747416295,122.88
1582747427252,122.9
1582747427252,122.9
1582747427252,122.9
1582747456862,123.08
1582747463191,123.15
1582747463191,123.15
1582747463191,123.15
1582747463191,123.15
1582747505923,123.02
1582747521303,123.01
1582747521303,123.01
1582747521303,123.01
1582747545281,123
1582747564859,122.95
1582747571820,122.94
1582747582931,122.99
1582747595664,123
1582747599335,123
1582747599335,123
1582747627694,123.05
1582747627694,123.05
1582747649327,123.09
1582747659161,123.14
1582747669138,123.11
1582747676640,123.09
1582747676640,123.09
1582747695122,123.325
1582747695122,123.325
1582747713781,123.215
1582747713781,123.215
1582747741115,123.165
1582747741115,123.165
1582747741115,123.165
1582747741115,123.165
1582747781271,123.33
1582747792086,123.33
1582747792086,123.33
1582747814238,123.4
1582747814238,123.4
1582747838590,123.41
1582747849171,123.37
1582747858694,123.4
1582747858694,123.4
1582747878747,123.31
1582747878747,123.31
1582747902075,123.27
1582747909387,123.275
1582747920676,123.46
1582747927063,123.47
1582747927063,123.47
1582747927063,123.47
1582747964327,123.54
1582747977037,123.645
1582747977037,123.645
1582747977037,123.645
1582747977037,123.645
1582748018116,123.69
1582748020259,123.665
1582748020259,123.665
1582748042326,123.76
1582748060822,123.77
1582748069433,123.72
1582748069433,123.72
1582748069433,123.72
1582748102430,123.64
1582748107872,123.62
1582748107872,123.62
1582748130512,123.755
1582748130512,123.755
1582748130512,123.755
1582748130512,123.755
1582748177350,123.82
1582748177350,123.82
1582748177350,123.82
1582748210905,123.9
1582748210905,123.9
1582748210905,123.9
1582748210905,123.9
1582748210905,123.9
1582748262753,124.06
1582748269420,124.14
1582748277846,124.18
1582748292813,124.31
1582748298333,124.315
1582748298333,124.315
1582748325733,124.3
1582748336087,124.375
1582748336087,124.375
1582748352294,124.36
1582748352294,124.36
1582748379110,124.22
1582748385602,124.24
1582748399077,124.13
1582748410297,124.05
1582748410297,124.05
1582748424557,123.97
1582748433063,123.96
1582748433063,123.96
1582748458404,123.98
1582748468641,123.87
1582748478153,123.86
1582748478153,123.86
1582748501202,123.84
1582748510776,123.8
1582748524715,123.77
1582748536200,123.78
1582748547342,123.76
1582748557106,123.84
1582748568454,123.79
1582748577757,123.79
1582748589338,123.875
1582748598277,123.805
1582748610571,123.85
1582748618163,123.88
1582748627994,123.86
1582748627994,123.86
1582748650985,123.75
1582748650985,123.75
1582748670696,123.805
1582748682603,123.78
1582748694469,123.82
1582748699957,123.775
1582748709550,123.86
1582748724072,123.84
1582748732769,123.79
1582748741345,123.74
1582748748885,123.67
1582748758165,123.67
1582748776887,123.74
1582748776887,123.74
1582748798647,123.57
1582748808463,123.65
1582748808463,123.65
1582748828635,123.74
1582748828635,123.74
1582748849765,123.74
1582748857477,123.745
1582748857477,123.745
1582748878937,123.78
1582748883820,123.79
1582748899956,123.82
1582748899956,123.82
1582748916042,123.77
1582748929915,123.85
1582748940837,123.825
1582748940837,123.825
1582748961899,123.92
1582748973392,123.91
1582748986052,123.915
1582748996188,123.925
1582748996188,123.925
1582749013163,123.915
1582749028087,123.965
1582749039408,123.995
1582749049189,123.94
1582749058121,123.86
1582749069841,123.78
1582749079688,123.73
1582749086159,123.69
1582749094979,123.74
1582749112758,123.77
1582749117505,123.79
1582749132966,123.87
1582749141926,123.85
1582749154934,123.9
1582749164915,123.84
1582749173570,123.83
1582749181872,123.81
1582749197187,123.73
1582749204559,123.665
1582749217102,123.63
1582749217102,123.63
1582749229754,123.505
1582749239607,123.58
1582749250210,123.56
1582749270051,123.54
1582749273760,123.57
1582749290803,123.56
1582749290803,123.56
1582749290803,123.56
1582749290803,123.56
1582749328913,123.52
1582749342686,123.52
1582749342686,123.52
1582749358965,123.56
1582749367676,123.54
1582749384043,123.48
1582749389421,123.46
1582749405194,123.6
1582749414112,123.585
1582749427304,123.58
1582749434919,123.59
1582749441695,123.62
1582749441695,123.62
1582749461776,123.56
1582749472548,123.535
1582749488347,123.53
1582749500291,123.55
1582749508784,123.57
1582749508784,123.57
1582749530156,123.59
1582749538130,123.64
1582749550475,123.775
1582749550475,123.775
1582749572684,123.745
1582749572684,123.745
1582749590857,123.71
1582749604886,123.655
1582749612989,123.7
1582749612989,123.7
1582749628404,123.675
1582749641031,123.685
1582749649172,123.665
1582749667343,123.66
1582749667343,123.66
1582749687666,123.695
1582749687666,123.695
1582749701456,123.7
1582749714584,123.66
1582749725539,123.665
1582749736491,123.665
1582749745634,123.63
1582749759250,123.6
1582749773617,123.56
1582749773617,123.56
1582749773617,123.56
1582749799657,123.535
1582749812604,123.5
1582749812604,123.5
1582749831621,123.44
1582749842450,123.49
1582749842450,123.49
1582749866753,123.63
1582749868062,123.63
1582749879419,123.62
1582749898264,123.62
1582749908365,123.65
1582749908365,123.65
1582749926365,123.605
1582749926365,123.605
1582749950599,123.605
1582749950599,123.605
1582749950599,123.605
1582749950599,123.605
1582749950599,123.605
1582749950599,123.605
1582750010716,123.55
1582750010716,123.55
1582750010716,123.55
1582750042150,123.63
1582750042150,123.63
1582750042150,123.63
1582750077027,123.52
1582750085193,123.5
1582750097045,123.54
1582750102535,123.48
1582750114804,123.45
1582750123974,123.44
1582750123974,123.44
1582750148474,123.57
1582750160347,123.505
1582750160347,123.505
1582750181881,123.51
1582750193465,123.53
1582750202584,123.52
1582750212855,123.66
1582750224174,123.75
1582750233132,123.73
1582750233132,123.73
1582750255461,123.6
1582750263778,123.585
1582750277600,123.7
1582750287936,123.7
1582750287936,123.7
1582750308366,123.69
1582750316457,123.69
1582750316457,123.69
1582750338781,123.7
1582750338781,123.7
1582750359080,123.78
1582750370718,123.77
1582750383020,123.75
1582750389681,123.8
1582750389681,123.8
1582750415587,123.715
1582750420998,123.67
1582750430533,123.65
