1587648604178,22.54
1587648604178,22.54
1587648604178,22.54
1587648604178,22.54
1587648604178,22.54
1587648604178,22.54
1587648604178,22.54
1587648604178,22.54
1587648604178,22.54
1587648604178,22.54
1587648604178,22.54
1587648604178,22.54
1587648604178,22.54
1587648604178,22.54
1587648604178,22.54
1587648604178,22.54
1587648604178,22.54
1587648604178,22.54
1587648604178,22.54
1587648604178,22.54
1587648867472,22.615
1587648867472,22.615
1587648894858,22.64
1587648894858,22.64
1587648894858,22.64
1587648894858,22.64
1587648894858,22.64
1587648894858,22.64
1587648894858,22.64
1587648894858,22.64
1587648894858,22.64
1587648894858,22.64
1587648894858,22.64
1587648894858,22.64
1587648894858,22.64
1587648894858,22.64
1587648894858,22.64
1587648894858,22.64
1587648894858,22.64
1587649069765,22.65
1587649069765,22.65
1587649069765,22.65
1587649069765,22.65
1587649069765,22.65
1587649069765,22.65
1587649069765,22.65
1587649069765,22.65
1587649069765,22.65
1587649069765,22.65
1587649069765,22.65
1587649069765,22.65
1587649069765,22.65
1587649069765,22.65
1587649069765,22.65
1587649069765,22.65
1587649240585,22.66
1587649240585,22.66
1587649240585,22.66
1587649240585,22.66
1587649240585,22.66
1587649240585,22.66
1587649240585,22.66
1587649240585,22.66
1587649240585,22.66
1587649240585,22.66
1587649240585,22.66
1587649240585,22.66
1587649240585,22.66
1587649240585,22.66
1587649240585,22.66
1587649240585,22.66
1587649240585,22.66
1587649240585,22.66
1587649424361,22.65
1587649424361,22.65
1587649424361,22.65
1587649424361,22.65
1587649424361,22.65
1587649424361,22.65
1587649424361,22.65
1587649424361,22.65
1587649424361,22.65
1587649424361,22.65
1587649424361,22.65
1587649424361,22.65
1587649424361,22.65
1587649424361,22.65
1587649575208,22.65
1587649575208,22.65
1587649575208,22.65
1587649575208,22.65
1587649575208,22.65
1587649627150,22.64
1587649627150,22.64
1587649627150,22.64
1587649627150,22.64
1587649627150,22.64
1587649627150,22.64
1587649627150,22.64
1587649627150,22.64
1587649627150,22.64
1587649627150,22.64
1587649627150,22.64
1587649627150,22.64
1587649627150,22.64
1587649627150,22.64
1587649627150,22.64
1587649627150,22.64
1587649627150,22.64
1587649627150,22.64
1587649627150,22.64
1587649836110,22.645
1587649836110,22.645
1587649836110,22.645
1587649836110,22.645
1587649836110,22.645
1587649836110,22.645
1587649836110,22.645
1587649836110,22.645
1587649836110,22.645
1587649836110,22.645
1587649836110,22.645
1587649836110,22.645
1587649836110,22.645
1587649836110,22.645
1587649836110,22.645
1587649836110,22.645
1587649836110,22.645
1587649836110,22.645
1587649836110,22.645
1587649836110,22.645
1587650046400,22.61
1587650046400,22.61
1587650046400,22.61
1587650046400,22.61
1587650046400,22.61
1587650046400,22.61
1587650046400,22.61
1587650046400,22.61
1587650046400,22.61
1587650046400,22.61
1587650046400,22.61
1587650046400,22.61
1587650046400,22.61
1587650046400,22.61
1587650046400,22.61
1587650046400,22.61
1587650046400,22.61
1587650046400,22.61
1587650046400,22.61
1587650046400,22.61
1587650046400,22.61
1587650046400,22.61
1587650046400,22.61
1587650046400,22.61
1587650046400,22.61
1587650046400,22.61
1587650046400,22.61
1587650046400,22.61
1587650046400,22.61
1587650046400,22.61
1587650046400,22.61
1587650046400,22.61
1587650046400,22.61
1587650046400,22.61
1587650046400,22.61
1587650046400,22.61
1587650046400,22.61
1587650046400,22.61
1587650046400,22.61
1587650046400,22.61
1587650046400,22.61
1587650046400,22.61
1587650046400,22.61
1587650046400,22.61
1587650046400,22.61
1587650046400,22.61
1587650046400,22.61
1587650046400,22.61
1587650046400,22.61
1587650046400,22.61
1587650046400,22.61
1587650046400,22.61
1587650046400,22.61
1587650046400,22.61
1587650046400,22.61
1587650046400,22.61
1587650046400,22.61
1587650046400,22.61
1587650046400,22.61
1587650046400,22.61
1587650046400,22.61
1587650046400,22.61
1587650046400,22.61
1587650046400,22.61
1587650046400,22.61
1587650046400,22.61
1587650046400,22.61
1587650046400,22.61
1587650046400,22.61
1587650046400,22.61
1587650046400,22.61
1587650046400,22.61
1587650046400,22.61
1587650046400,22.61
1587650046400,22.61
1587650046400,22.61
1587650046400,22.61
1587650046400,22.61
1587650046400,22.61
1587650046400,22.61
1587650046400,22.61
1587650046400,22.61
1587650046400,22.61
1587650046400,22.61
1587650046400,22.61
1587650046400,22.61
1587650046400,22.61
1587650046400,22.61
1587650046400,22.61
1587650046400,22.61
1587650046400,22.61
1587650046400,22.61
1587650046400,22.61
1587650046400,22.61
1587650046400,22.61
1587650046400,22.61
1587650046400,22.61
1587650046400,22.61
1587650046400,22.61
1587650046400,22.61
1587650046400,22.61
1587650046400,22.61
1587650046400,22.61
1587650046400,22.61
1587650046400,22.61
1587650046400,22.61
1587650046400,22.61
1587650046400,22.61
1587650046400,22.61
1587650046400,22.61
1587650046400,22.61
1587650046400,22.61
1587650046400,22.61
1587650046400,22.61
1587650046400,22.61
1587650046400,22.61
1587650046400,22.61
1587650046400,22.61
1587650046400,22.61
1587650046400,22.61
1587650046400,22.61
1587650046400,22.61
1587650046400,22.61
1587650046400,22.61
1587650046400,22.61
1587650046400,22.61
1587650046400,22.61
1587650046400,22.61
1587650046400,22.61
1587650046400,22.61
1587650046400,22.61
1587650046400,22.61
1587650046400,22.61
1587650046400,22.61
1587650046400,22.61
1587650046400,22.61
1587650046400,22.61
1587650046400,22.61
1587650046400,22.61
1587650046400,22.61
1587650046400,22.61
1587650046400,22.61
1587650046400,22.61
1587650046400,22.61
1587650046400,22.61
1587650046400,22.61
1587650046400,22.61
1587650046400,22.61
1587650046400,22.61
1587651637351,22.7
1587651637351,22.7
1587651637351,22.7
1587651637351,22.7
1587651637351,22.7
1587651637351,22.7
1587651637351,22.7
1587651637351,22.7
1587651637351,22.7
1587651637351,22.7
1587651637351,22.7
1587651637351,22.7
1587651637351,22.7
1587651637351,22.7
1587651637351,22.7
1587651637351,22.7
1587651637351,22.7
1587651637351,22.7
1587651637351,22.7
1587651637351,22.7
1587651637351,22.7
1587651637351,22.7
1587651637351,22.7
1587651637351,22.7
1587651637351,22.7
1587651637351,22.7
1587651637351,22.7
1587651637351,22.7
1587651637351,22.7
1587651637351,22.7
1587651637351,22.7
1587651637351,22.7
1587651637351,22.7
1587651637351,22.7
1587651637351,22.7
1587651637351,22.7
1587651637351,22.7
1587651637351,22.7
1587651637351,22.7
1587651637351,22.7
1587651637351,22.7
1587651637351,22.7
1587651637351,22.7
1587651637351,22.7
1587651637351,22.7
1587651637351,22.7
1587651637351,22.7
1587651637351,22.7
1587651637351,22.7
1587651637351,22.7
1587651637351,22.7
1587651637351,22.7
1587651637351,22.7
1587651637351,22.7
1587651637351,22.7
1587651637351,22.7
1587651637351,22.7
1587651637351,22.7
1587651637351,22.7
1587651637351,22.7
1587651637351,22.7
1587651637351,22.7
1587651637351,22.7
1587651637351,22.7
1587651637351,22.7
1587651637351,22.7
1587651637351,22.7
1587651637351,22.7
1587651637351,22.7
1587651637351,22.7
1587651637351,22.7
1587651637351,22.7
1587651637351,22.7
1587651637351,22.7
1587651637351,22.7
1587651637351,22.7
1587651637351,22.7
1587651637351,22.7
1587651637351,22.7
1587651637351,22.7
1587651637351,22.7
1587651637351,22.7
1587651637351,22.7
1587651637351,22.7
1587651637351,22.7
1587651637351,22.7
1587651637351,22.7
1587651637351,22.7
1587652562065,22.77
1587652562065,22.77
1587652562065,22.77
1587652562065,22.77
1587652562065,22.77
1587652562065,22.77
1587652562065,22.77
1587652562065,22.77
1587652562065,22.77
1587652562065,22.77
1587652562065,22.77
1587652562065,22.77
1587652562065,22.77
1587652562065,22.77
1587652562065,22.77
1587652562065,22.77
1587652562065,22.77
1587652562065,22.77
1587652562065,22.77
1587652562065,22.77
1587652562065,22.77
1587652562065,22.77
1587652562065,22.77
1587652562065,22.77
1587652562065,22.77
1587652562065,22.77
1587652562065,22.77
1587652562065,22.77
1587652562065,22.77
1587652562065,22.77
1587652562065,22.77
1587652562065,22.77
1587652562065,22.77
1587652562065,22.77
1587652562065,22.77
1587652562065,22.77
1587652562065,22.77
1587652562065,22.77
1587652562065,22.77
1587652562065,22.77
1587652562065,22.77
1587652562065,22.77
1587652562065,22.77
1587652562065,22.77
1587652562065,22.77
1587652562065,22.77
1587652562065,22.77
1587652562065,22.77
1587652562065,22.77
1587652562065,22.77
1587652562065,22.77
1587652562065,22.77
1587652562065,22.77
1587652562065,22.77
1587652562065,22.77
1587652562065,22.77
1587652562065,22.77
1587652562065,22.77
1587652562065,22.77
1587652562065,22.77
1587652562065,22.77
1587652562065,22.77
1587652562065,22.77
1587652562065,22.77
1587652562065,22.77
1587652562065,22.77
1587652562065,22.77
1587652562065,22.77
1587652562065,22.77
1587652562065,22.77
1587652562065,22.77
1587652562065,22.77
1587652562065,22.77
1587652562065,22.77
1587653352768,22.735
1587653352768,22.735
1587653352768,22.735
1587653352768,22.735
1587653352768,22.735
1587653352768,22.735
1587653352768,22.735
1587653352768,22.735
1587653352768,22.735
1587653352768,22.735
1587653352768,22.735
1587653352768,22.735
1587653352768,22.735
1587653352768,22.735
1587653352768,22.735
1587653352768,22.735
1587653352768,22.735
1587653352768,22.735
1587653352768,22.735
1587653556609,22.745
1587653556609,22.745
1587653556609,22.745
1587653556609,22.745
1587653556609,22.745
1587653556609,22.745
1587653616623,22.745
1587653616623,22.745
1587653616623,22.745
1587653616623,22.745
1587653616623,22.745
1587653616623,22.745
1587653616623,22.745
1587653616623,22.745
1587653616623,22.745
1587653616623,22.745
1587653616623,22.745
1587653616623,22.745
1587653616623,22.745
1587653616623,22.745
1587653616623,22.745
1587653616623,22.745
1587653616623,22.745
1587653616623,22.745
1587653616623,22.745
1587653616623,22.745
1587653616623,22.745
1587653616623,22.745
1587653616623,22.745
1587653616623,22.745
1587653616623,22.745
1587653616623,22.745
1587653616623,22.745
1587653616623,22.745
1587653616623,22.745
1587653616623,22.745
1587653616623,22.745
1587653616623,22.745
1587653616623,22.745
1587653616623,22.745
1587653976506,22.755
1587653976506,22.755
1587653976506,22.755
1587653976506,22.755
1587653976506,22.755
1587653976506,22.755
1587653976506,22.755
1587653976506,22.755
1587653976506,22.755
1587653976506,22.755
1587653976506,22.755
1587653976506,22.755
1587653976506,22.755
1587653976506,22.755
1587653976506,22.755
1587653976506,22.755
1587653976506,22.755
1587653976506,22.755
1587653976506,22.755
1587653976506,22.755
1587653976506,22.755
1587653976506,22.755
1587653976506,22.755
1587653976506,22.755
1587653976506,22.755
1587653976506,22.755
1587653976506,22.755
1587653976506,22.755
1587653976506,22.755
1587653976506,22.755
1587653976506,22.755
1587653976506,22.755
1587653976506,22.755
1587653976506,22.755
1587653976506,22.755
1587653976506,22.755
1587653976506,22.755
1587653976506,22.755
1587653976506,22.755
1587653976506,22.755
1587653976506,22.755
1587653976506,22.755
1587653976506,22.755
1587654433523,22.74
1587654433523,22.74
1587654433523,22.74
1587654433523,22.74
1587654433523,22.74
1587654433523,22.74
1587654433523,22.74
1587654433523,22.74
1587654433523,22.74
1587654433523,22.74
1587654433523,22.74
1587654433523,22.74
1587654433523,22.74
1587654433523,22.74
1587654433523,22.74
1587654433523,22.74
1587654433523,22.74
1587654433523,22.74
1587654433523,22.74
1587654433523,22.74
1587654433523,22.74
1587654433523,22.74
1587654433523,22.74
1587654433523,22.74
1587654433523,22.74
1587654433523,22.74
1587654433523,22.74
1587654433523,22.74
1587654433523,22.74
1587654433523,22.74
1587654433523,22.74
1587654433523,22.74
1587654433523,22.74
1587654433523,22.74
1587654433523,22.74
1587654433523,22.74
1587654433523,22.74
1587654433523,22.74
1587654433523,22.74
1587654433523,22.74
1587654433523,22.74
1587654433523,22.74
1587654433523,22.74
1587654433523,22.74
1587654433523,22.74
1587654433523,22.74
1587654433523,22.74
1587654433523,22.74
1587654433523,22.74
1587654433523,22.74
1587654433523,22.74
1587654433523,22.74
1587654433523,22.74
1587654433523,22.74
1587655011153,22.725
1587655011153,22.725
1587655011153,22.725
1587655011153,22.725
1587655011153,22.725
1587655011153,22.725
1587655011153,22.725
1587655011153,22.725
1587655011153,22.725
1587655011153,22.725
1587655011153,22.725
1587655011153,22.725
1587655011153,22.725
1587655011153,22.725
1587655011153,22.725
1587655011153,22.725
1587655011153,22.725
1587655011153,22.725
1587655011153,22.725
1587655011153,22.725
1587655011153,22.725
1587655011153,22.725
1587655011153,22.725
1587655011153,22.725
1587655011153,22.725
1587655011153,22.725
1587655011153,22.725
1587655011153,22.725
1587655011153,22.725
1587655011153,22.725
1587655011153,22.725
1587655011153,22.725
1587655011153,22.725
1587655011153,22.725
1587655011153,22.725
1587655011153,22.725
1587655011153,22.725
1587655011153,22.725
1587655011153,22.725
1587655011153,22.725
1587655011153,22.725
1587655011153,22.725
1587655011153,22.725
1587655011153,22.725
1587655011153,22.725
1587655011153,22.725
1587655011153,22.725
1587655011153,22.725
1587655011153,22.725
1587655011153,22.725
1587655011153,22.725
1587655011153,22.725
1587655011153,22.725
1587655011153,22.725
1587655011153,22.725
1587655011153,22.725
1587655011153,22.725
1587655011153,22.725
1587655622011,22.74
1587655622011,22.74
1587655641710,22.74
1587655641710,22.74
1587655660078,22.74
1587655660078,22.74
1587655660078,22.74
1587655660078,22.74
1587655660078,22.74
1587655660078,22.74
1587655660078,22.74
1587655660078,22.74
1587655660078,22.74
1587655660078,22.74
1587655660078,22.74
1587655660078,22.74
1587655660078,22.74
1587655660078,22.74
1587655660078,22.74
1587655814636,22.715
1587655814636,22.715
1587655814636,22.715
1587655814636,22.715
1587655814636,22.715
1587655814636,22.715
1587655814636,22.715
1587655814636,22.715
1587655814636,22.715
1587655814636,22.715
1587655814636,22.715
1587655814636,22.715
1587655814636,22.715
1587655814636,22.715
1587655814636,22.715
1587655814636,22.715
1587655814636,22.715
1587655814636,22.715
1587655814636,22.715
1587655814636,22.715
1587655814636,22.715
1587655814636,22.715
1587655814636,22.715
1587655814636,22.715
1587655814636,22.715
1587655814636,22.715
1587655814636,22.715
1587655814636,22.715
1587655814636,22.715
1587655814636,22.715
1587655814636,22.715
1587655814636,22.715
1587655814636,22.715
1587655814636,22.715
1587655814636,22.715
1587655814636,22.715
1587655814636,22.715
1587655814636,22.715
1587655814636,22.715
1587655814636,22.715
1587655814636,22.715
1587655814636,22.715
1587656261554,22.675
1587656261554,22.675
1587656261554,22.675
1587656261554,22.675
1587656261554,22.675
1587656261554,22.675
1587656261554,22.675
1587656261554,22.675
1587656261554,22.675
1587656261554,22.675
1587656261554,22.675
1587656261554,22.675
1587656261554,22.675
1587656261554,22.675
1587656261554,22.675
1587656261554,22.675
1587656261554,22.675
1587656261554,22.675
1587656455397,22.66
1587656455397,22.66
1587656455397,22.66
1587656455397,22.66
1587656455397,22.66
1587656455397,22.66
1587656455397,22.66
1587656455397,22.66
1587656455397,22.66
1587656455397,22.66
1587656455397,22.66
1587656455397,22.66
1587656455397,22.66
1587656455397,22.66
1587656455397,22.66
1587656455397,22.66
1587656455397,22.66
1587656455397,22.66
1587656455397,22.66
1587656455397,22.66
1587656455397,22.66
1587656455397,22.66
1587656455397,22.66
1587656455397,22.66
1587656455397,22.66
1587656455397,22.66
1587656455397,22.66
1587656455397,22.66
1587656455397,22.66
1587656455397,22.66
1587656455397,22.66
1587656455397,22.66
1587656455397,22.66
1587656455397,22.66
1587656455397,22.66
1587656455397,22.66
1587656455397,22.66
1587656455397,22.66
1587656455397,22.66
1587656455397,22.66
1587656455397,22.66
1587656455397,22.66
1587656455397,22.66
1587656455397,22.66
1587656455397,22.66
1587656455397,22.66
1587656455397,22.66
1587656455397,22.66
1587656455397,22.66
1587656455397,22.66
1587656455397,22.66
1587656455397,22.66
1587656455397,22.66
1587656455397,22.66
1587656455397,22.66
1587656455397,22.66
1587656455397,22.66
1587656455397,22.66
1587656455397,22.66
1587656455397,22.66
1587656455397,22.66
1587656455397,22.66
1587656455397,22.66
1587656455397,22.66
1587657136577,22.71
1587657141418,22.68
1587657141418,22.68
1587657141418,22.68
1587657141418,22.68
1587657141418,22.68
1587657141418,22.68
1587657141418,22.68
1587657141418,22.68
1587657141418,22.68
1587657141418,22.68
1587657141418,22.68
1587657141418,22.68
1587657141418,22.68
1587657141418,22.68
1587657141418,22.68
1587657141418,22.68
1587657141418,22.68
1587657141418,22.68
1587657141418,22.68
1587657141418,22.68
1587657141418,22.68
1587657141418,22.68
1587657141418,22.68
1587657141418,22.68
1587657141418,22.68
1587657141418,22.68
1587657141418,22.68
1587657141418,22.68
1587657141418,22.68
1587657141418,22.68
1587657141418,22.68
1587657141418,22.68
1587657141418,22.68
1587657141418,22.68
1587657141418,22.68
1587657141418,22.68
1587657141418,22.68
1587657141418,22.68
1587657141418,22.68
1587657141418,22.68
1587657141418,22.68
1587657141418,22.68
1587657141418,22.68
1587657141418,22.68
1587657141418,22.68
1587657141418,22.68
1587657141418,22.68
1587657141418,22.68
1587657141418,22.68
1587657141418,22.68
1587657141418,22.68
1587657141418,22.68
1587657141418,22.68
1587657141418,22.68
1587657141418,22.68
1587657141418,22.68
1587657141418,22.68
1587657141418,22.68
1587657141418,22.68
1587657141418,22.68
1587657141418,22.68
1587657141418,22.68
1587657141418,22.68
1587657141418,22.68
1587657141418,22.68
1587657141418,22.68
1587657141418,22.68
1587657141418,22.68
1587657141418,22.68
1587657141418,22.68
1587657141418,22.68
1587657141418,22.68
1587657141418,22.68
1587657141418,22.68
1587657141418,22.68
1587657141418,22.68
1587657141418,22.68
1587657964184,22.735
1587657964184,22.735
1587657964184,22.735
1587657964184,22.735
1587657964184,22.735
1587657964184,22.735
1587657964184,22.735
1587657964184,22.735
1587657964184,22.735
1587657964184,22.735
1587657964184,22.735
1587657964184,22.735
1587657964184,22.735
1587657964184,22.735
1587657964184,22.735
1587657964184,22.735
1587657964184,22.735
1587657964184,22.735
1587657964184,22.735
1587657964184,22.735
1587657964184,22.735
1587657964184,22.735
1587657964184,22.735
1587657964184,22.735
1587657964184,22.735
1587657964184,22.735
1587657964184,22.735
1587657964184,22.735
1587657964184,22.735
1587657964184,22.735
1587657964184,22.735
1587657964184,22.735
1587657964184,22.735
1587657964184,22.735
1587657964184,22.735
1587657964184,22.735
1587657964184,22.735
1587657964184,22.735
1587657964184,22.735
1587657964184,22.735
1587657964184,22.735
1587657964184,22.735
1587657964184,22.735
1587657964184,22.735
1587657964184,22.735
1587657964184,22.735
1587657964184,22.735
1587657964184,22.735
1587657964184,22.735
1587657964184,22.735
1587657964184,22.735
1587657964184,22.735
1587658518525,22.735
1587658518525,22.735
1587658518525,22.735
1587658518525,22.735
1587658518525,22.735
1587658518525,22.735
1587658518525,22.735
1587658518525,22.735
1587658518525,22.735
1587658518525,22.735
1587658518525,22.735
1587658518525,22.735
1587658518525,22.735
1587658518525,22.735
1587658518525,22.735
1587658518525,22.735
1587658518525,22.735
1587658518525,22.735
1587658518525,22.735
1587658518525,22.735
1587658518525,22.735
1587658518525,22.735
1587658518525,22.735
1587658518525,22.735
1587658518525,22.735
1587658518525,22.735
1587658518525,22.735
1587658518525,22.735
1587658518525,22.735
1587658518525,22.735
1587658518525,22.735
1587658518525,22.735
1587658518525,22.735
1587658518525,22.735
1587658518525,22.735
1587658518525,22.735
1587658518525,22.735
1587658518525,22.735
1587658518525,22.735
1587658518525,22.735
1587658518525,22.735
1587658518525,22.735
1587658518525,22.735
1587658518525,22.735
1587658518525,22.735
1587658518525,22.735
1587658518525,22.735
1587658518525,22.735
1587658518525,22.735
1587658518525,22.735
1587658518525,22.735
1587658518525,22.735
1587658518525,22.735
1587658518525,22.735
1587658518525,22.735
1587658518525,22.735
1587658518525,22.735
1587658518525,22.735
1587658518525,22.735
1587658518525,22.735
1587658518525,22.735
1587658518525,22.735
1587658518525,22.735
1587658518525,22.735
1587658518525,22.735
1587658518525,22.735
1587658518525,22.735
1587658518525,22.735
1587658518525,22.735
1587658518525,22.735
1587658518525,22.735
1587658518525,22.735
1587658518525,22.735
1587658518525,22.735
1587658518525,22.735
1587658518525,22.735
1587658518525,22.735
1587658518525,22.735
1587658518525,22.735
1587658518525,22.735
1587658518525,22.735
1587658518525,22.735
1587658518525,22.735
1587658518525,22.735
1587658518525,22.735
1587658518525,22.735
1587658518525,22.735
1587658518525,22.735
1587658518525,22.735
1587658518525,22.735
1587658518525,22.735
1587658518525,22.735
1587658518525,22.735
1587658518525,22.735
1587658518525,22.735
1587658518525,22.735
1587658518525,22.735
1587658518525,22.735
1587658518525,22.735
1587658518525,22.735
1587658518525,22.735
1587658518525,22.735
1587658518525,22.735
1587658518525,22.735
1587658518525,22.735
1587658518525,22.735
1587658518525,22.735
1587658518525,22.735
1587658518525,22.735
1587658518525,22.735
1587658518525,22.735
1587658518525,22.735
1587658518525,22.735
1587658518525,22.735
1587658518525,22.735
1587658518525,22.735
1587658518525,22.735
1587658518525,22.735
1587658518525,22.735
1587658518525,22.735
1587658518525,22.735
1587658518525,22.735
1587658518525,22.735
1587658518525,22.735
1587658518525,22.735
1587658518525,22.735
1587658518525,22.735
1587658518525,22.735
1587658518525,22.735
1587658518525,22.735
1587658518525,22.735
1587658518525,22.735
1587658518525,22.735
1587658518525,22.735
1587658518525,22.735
1587658518525,22.735
1587658518525,22.735
1587658518525,22.735
1587658518525,22.735
1587658518525,22.735
1587658518525,22.735
1587658518525,22.735
1587660034011,22.75
1587660034011,22.75
1587660034011,22.75
1587660065640,22.755
1587660065640,22.755
1587660065640,22.755
1587660065640,22.755
1587660065640,22.755
1587660065640,22.755
1587660065640,22.755
1587660065640,22.755
1587660065640,22.755
1587660065640,22.755
1587660065640,22.755
1587660065640,22.755
1587660065640,22.755
1587660065640,22.755
1587660065640,22.755
1587660065640,22.755
1587660065640,22.755
1587660065640,22.755
1587660065640,22.755
1587660065640,22.755
1587660065640,22.755
1587660065640,22.755
1587660065640,22.755
1587660065640,22.755
1587660065640,22.755
1587660065640,22.755
1587660065640,22.755
1587660065640,22.755
1587660065640,22.755
1587660369017,22.62
1587660369017,22.62
1587660369017,22.62
1587660369017,22.62
1587660369017,22.62
1587660369017,22.62
1587660369017,22.62
1587660369017,22.62
1587660369017,22.62
1587660369017,22.62
1587660369017,22.62
1587660369017,22.62
1587660369017,22.62
1587660369017,22.62
1587660369017,22.62
1587660369017,22.62
1587660369017,22.62
1587660369017,22.62
1587660369017,22.62
1587660369017,22.62
1587660369017,22.62
1587660369017,22.62
1587660369017,22.62
1587660369017,22.62
1587660369017,22.62
1587660369017,22.62
1587660369017,22.62
1587660369017,22.62
1587660369017,22.62
1587660369017,22.62
1587660369017,22.62
1587660369017,22.62
1587660369017,22.62
1587660369017,22.62
1587660369017,22.62
1587660369017,22.62
1587660760473,22.6
1587660760473,22.6
1587660760473,22.6
1587660760473,22.6
1587660760473,22.6
1587660760473,22.6
1587660760473,22.6
1587660760473,22.6
1587660760473,22.6
1587660760473,22.6
1587660760473,22.6
1587660760473,22.6
1587660760473,22.6
1587660760473,22.6
1587660760473,22.6
1587660760473,22.6
1587660760473,22.6
1587660760473,22.6
1587660760473,22.6
1587660760473,22.6
1587660760473,22.6
1587660760473,22.6
1587660760473,22.6
1587660760473,22.6
1587660760473,22.6
1587660760473,22.6
1587660760473,22.6
1587660760473,22.6
1587660760473,22.6
1587660760473,22.6
1587660760473,22.6
1587660760473,22.6
1587660760473,22.6
1587660760473,22.6
1587660760473,22.6
1587660760473,22.6
1587660760473,22.6
1587660760473,22.6
1587660760473,22.6
1587660760473,22.6
1587660760473,22.6
1587660760473,22.6
1587660760473,22.6
1587660760473,22.6
1587660760473,22.6
1587660760473,22.6
1587660760473,22.6
1587660760473,22.6
1587660760473,22.6
1587660760473,22.6
1587660760473,22.6
1587660760473,22.6
1587660760473,22.6
1587660760473,22.6
1587661337810,22.675
1587661337810,22.675
1587661337810,22.675
1587661337810,22.675
1587661337810,22.675
1587661337810,22.675
1587661396911,22.66
1587661396911,22.66
1587661396911,22.66
1587661396911,22.66
1587661396911,22.66
1587661396911,22.66
1587661396911,22.66
1587661396911,22.66
1587661396911,22.66
1587661396911,22.66
1587661396911,22.66
1587661396911,22.66
1587661396911,22.66
1587661396911,22.66
1587661396911,22.66
1587661396911,22.66
1587661396911,22.66
1587661396911,22.66
1587661396911,22.66
1587661396911,22.66
1587661396911,22.66
1587661396911,22.66
1587661396911,22.66
1587661396911,22.66
1587661396911,22.66
1587661396911,22.66
1587661396911,22.66
1587661396911,22.66
1587661396911,22.66
1587661396911,22.66
1587661396911,22.66
1587661396911,22.66
1587661396911,22.66
1587661396911,22.66
1587661396911,22.66
1587661396911,22.66
1587661396911,22.66
1587661396911,22.66
1587661396911,22.66
1587661396911,22.66
1587661396911,22.66
1587661396911,22.66
1587661396911,22.66
1587661396911,22.66
1587661396911,22.66
1587661396911,22.66
1587661396911,22.66
1587661396911,22.66
1587661396911,22.66
1587661396911,22.66
1587661396911,22.66
1587661396911,22.66
1587661396911,22.66
1587661396911,22.66
1587661396911,22.66
1587661396911,22.66
1587661396911,22.66
1587661396911,22.66
1587661396911,22.66
1587661396911,22.66
1587661396911,22.66
1587661396911,22.66
1587661396911,22.66
1587661396911,22.66
1587661396911,22.66
1587661396911,22.66
1587661396911,22.66
1587661396911,22.66
1587661396911,22.66
1587661396911,22.66
1587661396911,22.66
1587661396911,22.66
1587661396911,22.66
1587661396911,22.66
1587661396911,22.66
1587661396911,22.66
1587661396911,22.66
1587661396911,22.66
1587661396911,22.66
1587661396911,22.66
1587661396911,22.66
1587661396911,22.66
1587661396911,22.66
1587661396911,22.66
1587661396911,22.66
1587661396911,22.66
1587661396911,22.66
1587661396911,22.66
1587661396911,22.66
1587661396911,22.66
1587661396911,22.66
1587661396911,22.66
1587661396911,22.66
1587661396911,22.66
1587661396911,22.66
1587661396911,22.66
1587661396911,22.66
1587661396911,22.66
1587661396911,22.66
1587661396911,22.66
1587661396911,22.66
1587661396911,22.66
1587661396911,22.66
1587661396911,22.66
1587661396911,22.66
1587661396911,22.66
1587661396911,22.66
1587661396911,22.66
1587661396911,22.66
1587661396911,22.66
1587661396911,22.66
1587661396911,22.66
1587661396911,22.66
1587661396911,22.66
1587661396911,22.66
1587661396911,22.66
1587661396911,22.66
1587661396911,22.66
1587661396911,22.66
1587661396911,22.66
1587661396911,22.66
1587661396911,22.66
1587661396911,22.66
1587661396911,22.66
1587661396911,22.66
1587661396911,22.66
1587661396911,22.66
1587661396911,22.66
1587661396911,22.66
1587661396911,22.66
1587661396911,22.66
1587661396911,22.66
1587661396911,22.66
1587661396911,22.66
1587661396911,22.66
1587661396911,22.66
1587661396911,22.66
1587661396911,22.66
1587661396911,22.66
1587662909210,22.615
1587662909210,22.615
1587662909210,22.615
1587662909210,22.615
1587662909210,22.615
1587662909210,22.615
1587662909210,22.615
1587662909210,22.615
1587662989393,22.62
1587662989393,22.62
1587662989393,22.62
1587662989393,22.62
1587662989393,22.62
1587662989393,22.62
1587662989393,22.62
1587662989393,22.62
1587662989393,22.62
1587662989393,22.62
1587662989393,22.62
1587663109249,22.635
1587663109249,22.635
1587663109249,22.635
1587663109249,22.635
1587663109249,22.635
1587663109249,22.635
1587663109249,22.635
1587663109249,22.635
1587663109249,22.635
1587663109249,22.635
1587663109249,22.635
1587663109249,22.635
1587663109249,22.635
1587663109249,22.635
1587663109249,22.635
1587663109249,22.635
1587663109249,22.635
1587663109249,22.635
1587663109249,22.635
1587663109249,22.635
1587663109249,22.635
1587663109249,22.635
1587663109249,22.635
1587663109249,22.635
1587663109249,22.635
1587663109249,22.635
1587663109249,22.635
1587663109249,22.635
1587663109249,22.635
1587663109249,22.635
1587663109249,22.635
1587663109249,22.635
1587663109249,22.635
1587663109249,22.635
1587663109249,22.635
1587663109249,22.635
1587663109249,22.635
1587663109249,22.635
1587663109249,22.635
1587663109249,22.635
1587663109249,22.635
1587663109249,22.635
1587663109249,22.635
1587663109249,22.635
1587663109249,22.635
1587663109249,22.635
1587663109249,22.635
1587663109249,22.635
1587663109249,22.635
1587663109249,22.635
1587663109249,22.635
1587663109249,22.635
1587663109249,22.635
1587663675009,22.635
1587663675009,22.635
1587663675009,22.635
1587663675009,22.635
1587663675009,22.635
1587663675009,22.635
1587663675009,22.635
1587663675009,22.635
1587663675009,22.635
1587663675009,22.635
1587663675009,22.635
1587663675009,22.635
1587663675009,22.635
1587663675009,22.635
1587663675009,22.635
1587663675009,22.635
1587663675009,22.635
1587663675009,22.635
1587663675009,22.635
1587663675009,22.635
1587663675009,22.635
1587663675009,22.635
1587663910678,22.6
1587663910678,22.6
1587663910678,22.6
1587663910678,22.6
1587663910678,22.6
1587663910678,22.6
1587663910678,22.6
1587663910678,22.6
1587663910678,22.6
1587663910678,22.6
1587663910678,22.6
1587663910678,22.6
1587663910678,22.6
1587663910678,22.6
1587663910678,22.6
1587663910678,22.6
1587663910678,22.6
1587663910678,22.6
1587663910678,22.6
1587663910678,22.6
1587663910678,22.6
1587663910678,22.6
1587663910678,22.6
1587663910678,22.6
1587663910678,22.6
1587663910678,22.6
1587663910678,22.6
1587663910678,22.6
1587663910678,22.6
1587663910678,22.6
1587663910678,22.6
1587663910678,22.6
1587663910678,22.6
1587663910678,22.6
1587663910678,22.6
1587663910678,22.6
1587663910678,22.6
1587663910678,22.6
1587663910678,22.6
1587663910678,22.6
1587663910678,22.6
1587663910678,22.6
1587663910678,22.6
1587664379156,22.61
1587664379156,22.61
1587664379156,22.61
1587664379156,22.61
1587664379156,22.61
1587664379156,22.61
1587664379156,22.61
1587664379156,22.61
1587664379156,22.61
1587664379156,22.61
1587664379156,22.61
1587664379156,22.61
1587664379156,22.61
1587664379156,22.61
1587664379156,22.61
1587664379156,22.61
1587664379156,22.61
1587664379156,22.61
1587664379156,22.61
1587664379156,22.61
1587664379156,22.61
1587664379156,22.61
1587664379156,22.61
1587664379156,22.61
1587664379156,22.61
1587664379156,22.61
1587664379156,22.61
1587664379156,22.61
1587664379156,22.61
1587664379156,22.61
1587664379156,22.61
1587664379156,22.61
1587664379156,22.61
1587664379156,22.61
1587664379156,22.61
1587664379156,22.61
1587664379156,22.61
1587664379156,22.61
1587664379156,22.61
1587664379156,22.61
1587664379156,22.61
1587664379156,22.61
1587664379156,22.61
1587664379156,22.61
1587664379156,22.61
1587664379156,22.61
1587664379156,22.61
1587664379156,22.61
1587664379156,22.61
1587664379156,22.61
1587664379156,22.61
1587664379156,22.61
1587664379156,22.61
1587664379156,22.61
1587664379156,22.61
1587664379156,22.61
1587664379156,22.61
1587664379156,22.61
1587664379156,22.61
1587664379156,22.61
1587664379156,22.61
1587664379156,22.61
1587664379156,22.61
1587664379156,22.61
1587664379156,22.61
1587664379156,22.61
1587664379156,22.61
1587664379156,22.61
1587664379156,22.61
1587664379156,22.61
1587664379156,22.61
1587664379156,22.61
1587664379156,22.61
1587664379156,22.61
1587664379156,22.61
1587664379156,22.61
1587664379156,22.61
1587664379156,22.61
1587664379156,22.61
1587664379156,22.61
1587664379156,22.61
1587664379156,22.61
1587664379156,22.61
1587664379156,22.61
1587664379156,22.61
1587664379156,22.61
1587664379156,22.61
1587664379156,22.61
1587664379156,22.61
1587664379156,22.61
1587664379156,22.61
1587664379156,22.61
1587664379156,22.61
1587664379156,22.61
1587664379156,22.61
1587664379156,22.61
1587664379156,22.61
1587664379156,22.61
1587664379156,22.61
1587664379156,22.61
1587664379156,22.61
1587664379156,22.61
1587664379156,22.61
1587665475822,22.6
1587665475822,22.6
1587665475822,22.6
1587665475822,22.6
1587665475822,22.6
1587665475822,22.6
1587665475822,22.6
1587665475822,22.6
1587665475822,22.6
1587665475822,22.6
1587665475822,22.6
1587665475822,22.6
1587665475822,22.6
1587665475822,22.6
1587665475822,22.6
1587665475822,22.6
1587665475822,22.6
1587665475822,22.6
1587665475822,22.6
1587665679231,22.63
1587665698230,22.62
1587665705381,22.62
1587665711088,22.62
1587665711088,22.62
1587665711088,22.62
1587665711088,22.62
1587665754929,22.64
1587665754929,22.64
1587665754929,22.64
1587665794610,22.64
1587665794610,22.64
1587665817210,22.64
1587665817210,22.64
1587665817210,22.64
1587665817210,22.64
1587665817210,22.64
1587665867258,22.635
1587665867258,22.635
1587665867258,22.635
1587665867258,22.635
1587665867258,22.635
1587665867258,22.635
1587665867258,22.635
1587665867258,22.635
1587665867258,22.635
1587665867258,22.635
1587665867258,22.635
1587665867258,22.635
1587665867258,22.635
1587665867258,22.635
1587666023364,22.625
1587666023364,22.625
1587666023364,22.625
1587666023364,22.625
1587666023364,22.625
1587666023364,22.625
1587666023364,22.625
1587666100580,22.625
1587666100580,22.625
1587666100580,22.625
1587666130045,22.625
1587666130045,22.625
1587666130045,22.625
1587666130045,22.625
1587666130045,22.625
1587666130045,22.625
1587666130045,22.625
1587666130045,22.625
1587666130045,22.625
1587666130045,22.625
1587666130045,22.625
1587666130045,22.625
1587666130045,22.625
1587666130045,22.625
1587666130045,22.625
1587666295439,22.645
1587666295439,22.645
1587666295439,22.645
1587666295439,22.645
1587666295439,22.645
1587666295439,22.645
1587666295439,22.645
1587666295439,22.645
1587666295439,22.645
1587666295439,22.645
1587666295439,22.645
1587666295439,22.645
1587666295439,22.645
1587666295439,22.645
1587666295439,22.645
1587666295439,22.645
1587666295439,22.645
1587666295439,22.645
1587666295439,22.645
1587666295439,22.645
1587666295439,22.645
1587666295439,22.645
1587666295439,22.645
1587666295439,22.645
1587666295439,22.645
1587666295439,22.645
1587666295439,22.645
1587666295439,22.645
1587666295439,22.645
1587666295439,22.645
1587666622233,22.655
1587666622233,22.655
1587666622233,22.655
1587666622233,22.655
1587666622233,22.655
1587666622233,22.655
1587666622233,22.655
1587666622233,22.655
1587666622233,22.655
1587666622233,22.655
1587666622233,22.655
1587666622233,22.655
1587666622233,22.655
1587666622233,22.655
1587666622233,22.655
1587666622233,22.655
1587666622233,22.655
1587666622233,22.655
1587666622233,22.655
1587666622233,22.655
1587666622233,22.655
1587666622233,22.655
1587666622233,22.655
1587666622233,22.655
1587666622233,22.655
1587666622233,22.655
1587666622233,22.655
1587666622233,22.655
1587666622233,22.655
1587666622233,22.655
1587666622233,22.655
1587666622233,22.655
1587666622233,22.655
1587666622233,22.655
1587666622233,22.655
1587666622233,22.655
1587666622233,22.655
1587666622233,22.655
1587666622233,22.655
1587666622233,22.655
1587666622233,22.655
1587666622233,22.655
1587666622233,22.655
1587666622233,22.655
1587666622233,22.655
1587666622233,22.655
1587666622233,22.655
1587666622233,22.655
1587666622233,22.655
1587666622233,22.655
1587666622233,22.655
1587666622233,22.655
1587666622233,22.655
1587666622233,22.655
1587666622233,22.655
1587666622233,22.655
1587666622233,22.655
1587666622233,22.655
1587666622233,22.655
1587666622233,22.655
1587666622233,22.655
1587666622233,22.655
1587666622233,22.655
1587666622233,22.655
1587666622233,22.655
1587666622233,22.655
1587666622233,22.655
1587666622233,22.655
1587666622233,22.655
1587666622233,22.655
1587666622233,22.655
1587666622233,22.655
1587666622233,22.655
1587666622233,22.655
1587666622233,22.655
1587666622233,22.655
1587666622233,22.655
1587666622233,22.655
1587666622233,22.655
1587666622233,22.655
1587666622233,22.655
1587666622233,22.655
1587666622233,22.655
1587666622233,22.655
1587666622233,22.655
1587666622233,22.655
1587666622233,22.655
1587666622233,22.655
1587666622233,22.655
1587666622233,22.655
1587666622233,22.655
1587666622233,22.655
1587666622233,22.655
1587666622233,22.655
1587666622233,22.655
1587666622233,22.655
1587666622233,22.655
1587666622233,22.655
1587666622233,22.655
1587666622233,22.655
1587666622233,22.655
1587666622233,22.655
1587666622233,22.655
1587666622233,22.655
1587666622233,22.655
1587666622233,22.655
1587666622233,22.655
1587666622233,22.655
1587666622233,22.655
1587666622233,22.655
1587666622233,22.655
1587666622233,22.655
1587666622233,22.655
1587666622233,22.655
1587666622233,22.655
1587667868887,22.645
1587667868887,22.645
1587667868887,22.645
1587667868887,22.645
1587667868887,22.645
1587667868887,22.645
1587667868887,22.645
1587667868887,22.645
1587667868887,22.645
1587667868887,22.645
1587667868887,22.645
1587667868887,22.645
1587667868887,22.645
1587667868887,22.645
1587667868887,22.645
1587667868887,22.645
1587667868887,22.645
1587667868887,22.645
1587667868887,22.645
1587668069154,22.63
1587668083286,22.615
1587668086759,22.615
1587668099790,22.615
1587668110140,22.615
1587668123155,22.635
1587668123155,22.635
1587668123155,22.635
1587668153345,22.645
1587668153345,22.645
1587668180597,22.625
1587668188703,22.625
1587668197612,22.625
1587668197612,22.625
1587668197612,22.625
1587668197612,22.625
1587668197612,22.625
1587668247398,22.635
1587668247398,22.635
1587668273884,22.635
1587668273884,22.635
1587668273884,22.635
1587668273884,22.635
1587668273884,22.635
1587668273884,22.635
1587668273884,22.635
1587668273884,22.635
1587668273884,22.635
1587668273884,22.635
1587668273884,22.635
1587668273884,22.635
