1585661457469,84.12
1585661468827,84.38
1585661468827,84.38
1585661494726,83.86
1585661504322,83.89
1585661504322,83.89
1585661524224,84.3
1585661524224,84.3
1585661524224,84.3
1585661556950,84.01
1585661558848,83.96
1585661558848,83.96
1585661582385,83.7
1585661582385,83.7
1585661607504,83.75
1585661607504,83.75
1585661607504,83.75
1585661639049,84.03
1585661639049,84.03
1585661656085,84.58
1585661669673,84.16
1585661679707,83.97
1585661694068,83.96
1585661700085,83.93
1585661707501,84.17
1585661723356,84.21
1585661734987,84.11
1585661745785,83.975
1585661745785,83.975
1585661745785,83.975
1585661745785,83.975
1585661788813,83.945
1585661788813,83.945
1585661788813,83.945
1585661812173,84
1585661829370,83.83
1585661840379,83.75
1585661847051,83.965
1585661847051,83.965
1585661869351,83.855
1585661882171,83.72
1585661882171,83.72
1585661898061,83.645
1585661904761,83.63
1585661924483,83.665
1585661933667,83.565
1585661940006,83.535
1585661952038,83.58
1585661964856,83.59
1585661970979,83.54
1585661983041,83.49
1585661997687,83.6
1585661997687,83.6
1585662016988,83.68
1585662027368,83.57
1585662027368,83.57
1585662027368,83.57
1585662027368,83.57
1585662027368,83.57
1585662079899,84.055
1585662089961,84.005
1585662097874,83.93
1585662110471,83.945
1585662114139,83.85
1585662127422,83.9
1585662139525,83.97
1585662149218,83.94
1585662163858,83.91
1585662165114,83.84
1585662184930,83.995
1585662193765,83.94
1585662205711,83.89
1585662216993,83.77
1585662222474,83.72
1585662239101,83.7
1585662239101,83.7
1585662257846,83.52
1585662264698,83.59
1585662264698,83.59
1585662264698,83.59
1585662298276,83.29
1585662311720,83.13
1585662313192,83.13
1585662313192,83.13
1585662343361,83.31
1585662343361,83.31
1585662364258,83.28
1585662371434,83.26
1585662371434,83.26
1585662394699,83.4
1585662404210,83.32
1585662415996,83.28
1585662424964,83.16
1585662427683,83.23
1585662427683,83.23
1585662449217,83.255
1585662449217,83.255
1585662473898,83.27
1585662481723,83.24
1585662481723,83.24
1585662510308,83.38
1585662516058,83.39
1585662531924,83.41
1585662531924,83.41
1585662531924,83.41
1585662531924,83.41
1585662531924,83.41
1585662577833,83.3
1585662588439,83.35
1585662601238,83.29
1585662601238,83.29
1585662601238,83.29
1585662601238,83.29
1585662639967,83.27
1585662654149,83.35
1585662660511,83.37
1585662670210,83.4
1585662683091,83.4
1585662683091,83.4
1585662683091,83.4
1585662683091,83.4
1585662683091,83.4
1585662739048,83.3
1585662752173,83.35
1585662754650,83.34
1585662754650,83.34
1585662776982,83.26
1585662794386,83.155
1585662805230,83.24
1585662805230,83.24
1585662822045,83.29
1585662822045,83.29
1585662822045,83.29
1585662854634,83.45
1585662854634,83.45
1585662854634,83.45
1585662854634,83.45
1585662854634,83.45
1585662904245,83.405
1585662904245,83.405
1585662904245,83.405
1585662904245,83.405
1585662904245,83.405
1585662961262,83.57
1585662964012,83.57
1585662964012,83.57
1585662964012,83.57
1585662964012,83.57
1585662964012,83.57
1585663021914,83.625
1585663021914,83.625
1585663044132,83.605
1585663044132,83.605
1585663044132,83.605
1585663071635,83.74
1585663071635,83.74
1585663091740,83.73
1585663091740,83.73
1585663091740,83.73
1585663128852,83.68
1585663137465,83.865
1585663147035,83.895
1585663147035,83.895
1585663147035,83.895
1585663174831,83.84
1585663174831,83.84
1585663197305,83.71
1585663197305,83.71
1585663197305,83.71
1585663197305,83.71
1585663197305,83.71
1585663197305,83.71
1585663197305,83.71
1585663197305,83.71
1585663197305,83.71
1585663197305,83.71
1585663197305,83.71
1585663197305,83.71
1585663332355,83.95
1585663336974,83.975
1585663349724,83.93
1585663361809,84
1585663372314,83.92
1585663372314,83.92
1585663392035,83.87
1585663392035,83.87
1585663392035,83.87
1585663392035,83.87
1585663433466,84
1585663433466,84
1585663433466,84
1585663433466,84
1585663471137,84.05
1585663482759,83.95
1585663482759,83.95
1585663509032,83.89
1585663512885,83.81
1585663512885,83.81
1585663512885,83.81
1585663512885,83.81
1585663512885,83.81
1585663565106,83.93
1585663575489,83.93
1585663587866,83.95
1585663587866,83.95
1585663614767,84.07
1585663614767,84.07
1585663614767,84.07
1585663614767,84.07
1585663657131,83.91
1585663657131,83.91
1585663676139,83.79
1585663688436,83.895
1585663688436,83.895
1585663688436,83.895
1585663721474,83.785
1585663721474,83.785
1585663737005,83.79
1585663746259,83.935
1585663760178,83.94
1585663768615,83.89
1585663768615,83.89
1585663768615,83.89
1585663768615,83.89
1585663813767,84.02
1585663821877,84.13
1585663835731,84.01
1585663847155,84.045
1585663851425,84.03
1585663866389,84.1
1585663875035,84.165
1585663875035,84.165
1585663891115,84.05
1585663891115,84.05
1585663891115,84.05
1585663891115,84.05
1585663937295,84.16
1585663937295,84.16
1585663937295,84.16
1585663937295,84.16
1585663937295,84.16
1585663937295,84.16
1585663937295,84.16
1585663937295,84.16
1585664025095,84.225
1585664028373,84.26
1585664046252,84.31
1585664046252,84.31
1585664046252,84.31
1585664046252,84.31
1585664046252,84.31
1585664097169,84.42
1585664097169,84.42
1585664097169,84.42
1585664125608,84.4
1585664125608,84.4
1585664125608,84.4
1585664155465,84.42
1585664155465,84.42
1585664179659,84.33
1585664189366,84.28
1585664189366,84.28
1585664205286,84.28
1585664205286,84.28
1585664205286,84.28
1585664241618,84.33
1585664241618,84.33
1585664241618,84.33
1585664241618,84.33
1585664286595,84.435
1585664295252,84.42
1585664295252,84.42
1585664310999,84.43
1585664325393,84.505
1585664325393,84.505
1585664325393,84.505
1585664325393,84.505
1585664325393,84.505
1585664371361,84.47
1585664371361,84.47
1585664371361,84.47
1585664371361,84.47
1585664417759,84.54
1585664425302,84.57
1585664425302,84.57
1585664425302,84.57
1585664425302,84.57
1585664473370,84.56
1585664473370,84.56
1585664473370,84.56
1585664473370,84.56
1585664473370,84.56
1585664525067,84.46
1585664525067,84.46
1585664525067,84.46
1585664551271,84.345
1585664563696,84.315
1585664574617,84.335
1585664583701,84.375
1585664592695,84.405
1585664609895,84.41
1585664609895,84.41
1585664609895,84.41
1585664637191,84.265
1585664637191,84.265
1585664637191,84.265
1585664637191,84.265
1585664682704,84.235
1585664685157,84.2
1585664696394,84.215
1585664696394,84.215
1585664696394,84.215
1585664696394,84.215
1585664746692,84.24
1585664756667,84.23
1585664766095,84.285
1585664768719,84.27
1585664787023,84.01
1585664787023,84.01
1585664787023,84.01
1585664818020,84.03
1585664822322,84.06
1585664838154,84.085
1585664850439,84.07
1585664850439,84.07
1585664850439,84.07
1585664879345,83.99
1585664879345,83.99
1585664879345,83.99
1585664910430,83.99
1585664910430,83.99
1585664910430,83.99
1585664910430,83.99
1585664955028,84.055
1585664961363,84.065
1585664961363,84.065
1585664986304,84.14
1585664990374,84.14
1585665002522,84.105
1585665002522,84.105
1585665002522,84.105
1585665040758,84.19
1585665040758,84.19
1585665040758,84.19
1585665071105,84.195
1585665071105,84.195
1585665071105,84.195
1585665100960,84.54
1585665105721,84.5
1585665124062,84.505
1585665124062,84.505
1585665124062,84.505
1585665124062,84.505
1585665124062,84.505
1585665173946,84.97
1585665185457,85
1585665185457,85
1585665185457,85
1585665211953,84.835
1585665221457,84.81
1585665221457,84.81
1585665245135,84.68
1585665245135,84.68
1585665266805,84.72
1585665266805,84.72
1585665266805,84.72
1585665299371,84.75
1585665299371,84.75
1585665299371,84.75
1585665330509,84.8
1585665330509,84.8
1585665330509,84.8
1585665360058,84.91
1585665376246,84.96
1585665376246,84.96
1585665390534,84.975
1585665390534,84.975
1585665414975,84.96
1585665414975,84.96
1585665414975,84.96
1585665414975,84.96
1585665414975,84.96
1585665414975,84.96
1585665472963,84.92
1585665481311,84.93
1585665496430,84.995
1585665496430,84.995
1585665496430,84.995
1585665530930,85.08
1585665541380,85.12
1585665541380,85.12
1585665555768,85.16
1585665571469,85.14
1585665571469,85.14
1585665591072,85.19
1585665591072,85.19
1585665591072,85.19
1585665591072,85.19
1585665631269,85.1
1585665646274,85.17
1585665646274,85.17
1585665660765,85.13
1585665669465,85.01
1585665685230,85.12
1585665694552,85.14
1585665694552,85.14
1585665718667,85.12
1585665718667,85.12
1585665718667,85.12
1585665745932,85.02
1585665745932,85.02
1585665772876,85.1
1585665783238,85.09
1585665787277,85.07
1585665802476,85.065
1585665802476,85.065
1585665802476,85.065
1585665833758,85.215
1585665840899,85.18
1585665840899,85.18
1585665840899,85.18
1585665840899,85.18
1585665882528,85.25
1585665896112,85.21
1585665896112,85.21
1585665896112,85.21
1585665896112,85.21
1585665938573,85.195
1585665949781,85.33
1585665949781,85.33
1585665949781,85.33
1585665949781,85.33
1585665991050,85.35
1585665996112,85.41
1585666011287,85.51
1585666019843,85.52
1585666026142,85.5
1585666026142,85.5
1585666054769,85.6
1585666054769,85.6
1585666054769,85.6
1585666085002,85.595
1585666096464,85.59
1585666106973,85.61
1585666116038,85.595
1585666116038,85.595
1585666132924,85.625
1585666143307,85.64
1585666152555,85.66
1585666152555,85.66
1585666172235,85.55
1585666172235,85.55
1585666172235,85.55
1585666172235,85.55
1585666217519,85.585
1585666232536,85.58
1585666243070,85.57
1585666243070,85.57
1585666256694,85.65
1585666267641,85.73
1585666284903,85.66
1585666284903,85.66
1585666301716,85.58
1585666301716,85.58
1585666301716,85.58
1585666337311,85.63
1585666343420,85.54
1585666343420,85.54
1585666343420,85.54
1585666375026,85.705
1585666375026,85.705
1585666375026,85.705
1585666408946,85.57
1585666417180,85.57
1585666417180,85.57
1585666417180,85.57
1585666452377,85.55
1585666452377,85.55
1585666452377,85.55
1585666482719,85.585
1585666482719,85.585
1585666482719,85.585
1585666513444,85.51
1585666526144,85.6
1585666536392,85.6
1585666545767,85.62
1585666545767,85.62
1585666545767,85.62
1585666574671,85.64
1585666574671,85.64
1585666574671,85.64
1585666574671,85.64
1585666616738,85.39
1585666628699,85.34
1585666632375,85.335
1585666632375,85.335
1585666662718,85.14
1585666670018,85.08
1585666670018,85.08
1585666686979,85.06
1585666686979,85.06
1585666686979,85.06
1585666727109,85.07
1585666727109,85.07
1585666727109,85.07
1585666757743,84.93
1585666757743,84.93
1585666769911,84.89
1585666769911,84.89
1585666793452,84.915
1585666793452,84.915
1585666793452,84.915
1585666830618,84.69
1585666837502,84.7
1585666837502,84.7
1585666854102,84.67
1585666867156,84.66
1585666867156,84.66
1585666891152,84.65
1585666891152,84.65
1585666910539,84.725
1585666918962,84.72
1585666936371,84.8
1585666936371,84.8
1585666936371,84.8
1585666965416,84.93
1585666976102,84.875
1585666976102,84.875
1585666990504,84.865
1585666990504,84.865
1585667014109,84.81
1585667014109,84.81
1585667014109,84.81
1585667048855,84.83
1585667048855,84.83
1585667064807,84.835
1585667074778,84.835
1585667086141,84.755
1585667086141,84.755
1585667086141,84.755
1585667086141,84.755
1585667086141,84.755
1585667143180,84.82
1585667156753,84.77
1585667156753,84.77
1585667156753,84.77
1585667181996,84.845
1585667181996,84.845
1585667205014,84.805
1585667217320,84.81
1585667226871,84.805
1585667226871,84.805
1585667250013,84.76
1585667250013,84.76
1585667250013,84.76
1585667250013,84.76
1585667250013,84.76
1585667294764,84.8
1585667294764,84.8
1585667294764,84.8
1585667333826,84.74
1585667343622,84.75
1585667351810,84.775
1585667363038,84.7
1585667363038,84.7
1585667363038,84.7
1585667394119,84.76
1585667394119,84.76
1585667394119,84.76
1585667394119,84.76
1585667394119,84.76
1585667443546,84.8
1585667455369,84.775
1585667455369,84.775
1585667455369,84.775
1585667491936,84.79
1585667491936,84.79
1585667509661,84.825
1585667518223,84.885
1585667518223,84.885
1585667518223,84.885
1585667554140,84.88
1585667565926,84.92
1585667573162,84.92
1585667573162,84.92
1585667573162,84.92
1585667573162,84.92
1585667612785,84.935
1585667625072,84.92
1585667625072,84.92
1585667647147,84.87
1585667656499,84.82
1585667656499,84.82
1585667656499,84.82
1585667656499,84.82
1585667656499,84.82
1585667703405,84.76
1585667703405,84.76
1585667731910,84.855
1585667731910,84.855
1585667753650,84.905
1585667753650,84.905
1585667772615,84.88
1585667778791,84.79
1585667778791,84.79
1585667805253,84.815
1585667815429,84.785
1585667815429,84.785
1585667815429,84.785
1585667843414,84.65
1585667843414,84.65
1585667843414,84.65
1585667843414,84.65
1585667885921,84.54
1585667885921,84.54
1585667885921,84.54
1585667918196,84.49
1585667927971,84.405
1585667927971,84.405
1585667945222,84.425
1585667957350,84.37
1585667957350,84.37
1585667957350,84.37
1585667957350,84.37
1585668005576,84.315
1585668005576,84.315
1585668005576,84.315
1585668005576,84.315
1585668041772,84.365
1585668041772,84.365
1585668062280,84.335
1585668062280,84.335
1585668086496,84.43
1585668094133,84.43
1585668107282,84.41
1585668107282,84.41
1585668107282,84.41
1585668107282,84.41
1585668146967,84.235
1585668161822,84.19
1585668161822,84.19
1585668161822,84.19
1585668183729,84.07
1585668203145,84.115
1585668203145,84.115
1585668215707,84.2
1585668228597,84.23
1585668240454,84.31
1585668240454,84.31
1585668240454,84.31
1585668240454,84.31
1585668240454,84.31
1585668289325,84.22
1585668289325,84.22
1585668310718,84.25
1585668310718,84.25
1585668310718,84.25
1585668310718,84.25
1585668310718,84.25
1585668310718,84.25
1585668310718,84.25
1585668386559,84.315
1585668386559,84.315
1585668409622,84.37
1585668416297,84.39
1585668416297,84.39
1585668416297,84.39
1585668416297,84.39
1585668465290,84.46
1585668465290,84.46
1585668465290,84.46
1585668465290,84.46
1585668506691,84.69
1585668517098,84.59
1585668517098,84.59
1585668517098,84.59
1585668541880,84.71
1585668541880,84.71
1585668569074,84.65
1585668569074,84.65
1585668587966,84.72
1585668587966,84.72
1585668587966,84.72
1585668587966,84.72
1585668627327,84.85
1585668638372,84.81
1585668644863,84.83
1585668664372,84.735
1585668664372,84.735
1585668681333,84.59
1585668690837,84.6
1585668699747,84.64
1585668715768,84.72
1585668715768,84.72
1585668715768,84.72
1585668748132,84.69
1585668748132,84.69
1585668748132,84.69
1585668748132,84.69
1585668792296,84.645
1585668792296,84.645
1585668792296,84.645
1585668792296,84.645
1585668792296,84.645
1585668792296,84.645
1585668792296,84.645
1585668792296,84.645
1585668867117,84.755
1585668877469,84.83
1585668877469,84.83
1585668905576,84.88
1585668911671,84.87
1585668911671,84.87
1585668938270,84.785
1585668938270,84.785
1585668954148,84.79
1585668968776,84.85
1585668980643,84.79
1585668991510,84.85
1585669000920,84.81
1585669000920,84.81
1585669000920,84.81
1585669026540,84.775
1585669042561,84.82
1585669051498,84.79
1585669051498,84.79
1585669051498,84.79
1585669080894,84.795
1585669091978,84.78
1585669104334,84.7
1585669104334,84.7
1585669126052,84.68
1585669126052,84.68
1585669126052,84.68
1585669151823,84.8
1585669166647,84.75
1585669166647,84.75
1585669166647,84.75
1585669166647,84.75
1585669166647,84.75
1585669213832,84.795
1585669213832,84.795
1585669213832,84.795
1585669244905,84.75
1585669244905,84.75
1585669244905,84.75
1585669285232,84.695
1585669294592,84.79
1585669297614,84.79
1585669297614,84.79
1585669297614,84.79
1585669297614,84.79
1585669297614,84.79
1585669350599,84.76
1585669350599,84.76
1585669377364,84.765
1585669377364,84.765
1585669377364,84.765
1585669406885,84.805
1585669406885,84.805
1585669406885,84.805
1585669406885,84.805
1585669452365,84.8
1585669452365,84.8
1585669472678,84.775
1585669472678,84.775
1585669472678,84.775
1585669499766,84.76
1585669511867,84.755
1585669516653,84.76
1585669532768,84.86
1585669539308,84.84
1585669553328,84.86
1585669565153,84.875
1585669565153,84.875
1585669587150,84.72
1585669587150,84.72
1585669604209,84.76
1585669604209,84.76
1585669629852,84.62
1585669629852,84.62
1585669629852,84.62
1585669659014,84.6
1585669668493,84.62
1585669668493,84.62
1585669668493,84.62
1585669700679,84.61
1585669700679,84.61
1585669700679,84.61
1585669700679,84.61
1585669700679,84.61
1585669700679,84.61
1585669700679,84.61
1585669774007,84.595
1585669774007,84.595
1585669774007,84.595
1585669774007,84.595
1585669813104,84.7
1585669813104,84.7
1585669813104,84.7
1585669850072,84.64
1585669850072,84.64
1585669868552,84.66
1585669875419,84.705
1585669891319,84.675
1585669904919,84.53
1585669906107,84.48
1585669923522,84.525
1585669923522,84.525
1585669923522,84.525
1585669923522,84.525
1585669923522,84.525
1585669975139,84.61
1585669975139,84.61
1585669999960,84.555
1585670010715,84.55
1585670010715,84.55
1585670010715,84.55
1585670038667,84.485
1585670051971,84.54
1585670064921,84.52
1585670064921,84.52
1585670083720,84.5
1585670083720,84.5
1585670083720,84.5
1585670113721,84.45
1585670122327,84.47
1585670137512,84.44
1585670137512,84.44
1585670156875,84.495
1585670156875,84.495
1585670156875,84.495
1585670156875,84.495
1585670156875,84.495
1585670210179,84.61
1585670210179,84.61
1585670210179,84.61
1585670238461,84.64
1585670253653,84.7
1585670253653,84.7
1585670253653,84.7
1585670285474,84.665
1585670285474,84.665
1585670285474,84.665
1585670319088,84.56
1585670319088,84.56
1585670319088,84.56
1585670319088,84.56
1585670357269,84.55
1585670357269,84.55
1585670380943,84.63
1585670386342,84.66
1585670408674,84.615
1585670418637,84.66
1585670429352,84.6
1585670429352,84.6
1585670429352,84.6
1585670429352,84.6
1585670474530,84.51
1585670474530,84.51
1585670497365,84.58
1585670497365,84.58
1585670497365,84.58
1585670523789,84.655
1585670531213,84.67
1585670548531,84.71
1585670548531,84.71
1585670567855,84.64
1585670567855,84.64
1585670582695,84.72
1585670596943,84.62
1585670596943,84.62
1585670617652,84.655
1585670632340,84.565
1585670641248,84.57
1585670649872,84.645
1585670660282,84.655
1585670672268,84.63
1585670672268,84.63
1585670694135,84.705
1585670708465,84.69
1585670708465,84.69
1585670724165,84.74
1585670724165,84.74
1585670724165,84.74
1585670724165,84.74
1585670764784,84.69
1585670783153,84.68
1585670783153,84.68
1585670783153,84.68
1585670783153,84.68
1585670821451,84.7
1585670821451,84.7
1585670839814,84.67
1585670839814,84.67
1585670839814,84.67
1585670877712,84.8
1585670884341,84.78
1585670894592,84.785
1585670907970,84.76
1585670910713,84.75
1585670910713,84.75
1585670933820,84.585
1585670949988,84.62
1585670949988,84.62
1585670963189,84.57
1585670963189,84.57
1585670963189,84.57
1585670963189,84.57
1585671012468,84.685
1585671012468,84.685
1585671012468,84.685
1585671012468,84.685
1585671047468,84.59
1585671047468,84.59
1585671067367,84.57
1585671067367,84.57
1585671067367,84.57
1585671104390,84.445
1585671111822,84.42
1585671125513,84.47
1585671125513,84.47
1585671125513,84.47
1585671156230,84.44
1585671156230,84.44
1585671176587,84.46
1585671176587,84.46
1585671201552,84.39
1585671207046,84.4
1585671207046,84.4
1585671233619,84.345
1585671244147,84.355
1585671246069,84.36
1585671262393,84.32
1585671262393,84.32
1585671277709,84.2
1585671287639,84.215
1585671304723,84.215
1585671304723,84.215
1585671327060,84.23
1585671338653,84.275
1585671338653,84.275
1585671353028,84.225
1585671353028,84.225
1585671353028,84.225
1585671383223,84.21
1585671383223,84.21
1585671409571,84.21
1585671419388,84.22
1585671419388,84.22
1585671419388,84.22
1585671419388,84.22
1585671465423,84.225
1585671474903,84.195
1585671474903,84.195
1585671494986,84.23
1585671505670,84.21
1585671512012,84.14
1585671521081,84.1
1585671521081,84.1
1585671521081,84.1
1585671521081,84.1
1585671521081,84.1
1585671578879,84.07
1585671588395,84.02
1585671594825,83.97
1585671608224,83.925
1585671620696,83.94
1585671629907,83.93
1585671629907,83.93
1585671649089,83.82
1585671649089,83.82
1585671649089,83.82
1585671649089,83.82
1585671693599,83.845
1585671693599,83.845
1585671693599,83.845
1585671723855,83.85
1585671734250,83.92
1585671748534,83.9
1585671752305,83.93
1585671752305,83.93
1585671752305,83.93
1585671784900,83.925
1585671794224,83.99
1585671803669,84.11
1585671803669,84.11
1585671803669,84.11
1585671837580,84.01
1585671853874,83.98
1585671863650,83.95
1585671870025,83.92
1585671870025,83.92
1585671870025,83.92
1585671870025,83.92
1585671913124,83.91
1585671913124,83.91
1585671913124,83.91
1585671913124,83.91
1585671950581,83.9
1585671968985,83.91
1585671978280,83.89
1585671983683,83.885
1585671983683,83.885
1585672003628,83.86
1585672003628,83.86
1585672022566,83.92
1585672022566,83.92
1585672022566,83.92
1585672022566,83.92
1585672073512,83.86
1585672075637,83.855
1585672075637,83.855
1585672096480,83.8
1585672109836,83.92
1585672116528,83.91
1585672116528,83.91
1585672139602,83.97
1585672152859,83.965
1585672152859,83.965
1585672174668,83.925
1585672174668,83.925
1585672197069,84.02
1585672200264,84.04
1585672212711,83.995
1585672212711,83.995
1585672232768,83.99
1585672244626,83.96
1585672261647,83.945
1585672261647,83.945
1585672282230,83.99
1585672282230,83.99
1585672282230,83.99
1585672307375,83.87
1585672321540,83.95
1585672326949,83.98
1585672343804,83.94
1585672343804,83.94
1585672367117,83.84
1585672367117,83.84
1585672384628,83.8
1585672384628,83.8
1585672384628,83.8
1585672419659,83.79
1585672421075,83.78
1585672435868,83.81
1585672450724,83.905
1585672461354,83.97
1585672471395,83.94
1585672471395,83.94
1585672494098,84.01
1585672499192,84
1585672499192,84
1585672521157,83.99
1585672521157,83.99
1585672521157,83.99
1585672553192,84.13
1585672553192,84.13
1585672553192,84.13
1585672591790,84.11
1585672601544,84.04
1585672609836,84.01
1585672615501,84.02
1585672615501,84.02
1585672615501,84.02
1585672615501,84.02
1585672661413,84.2
1585672661413,84.2
1585672661413,84.2
1585672661413,84.2
1585672661413,84.2
1585672661413,84.2
1585672726437,83.845
1585672726437,83.845
1585672726437,83.845
1585672756670,83.66
1585672756670,83.66
1585672780233,83.535
1585672786691,83.59
1585672786691,83.59
1585672786691,83.59
1585672786691,83.59
1585672786691,83.59
1585672786691,83.59
1585672786691,83.59
1585672866253,83.825
1585672866253,83.825
1585672884785,83.765
1585672884785,83.765
1585672904487,83.825
1585672912937,83.86
1585672912937,83.86
1585672912937,83.86
1585672947392,83.895
1585672947392,83.895
1585672947392,83.895
1585672980999,83.98
1585672992213,84.01
1585672992213,84.01
1585673009129,84.015
1585673009129,84.015
1585673009129,84.015
1585673042726,84.03
1585673042726,84.03
1585673042726,84.03
1585673076064,83.94
1585673076064,83.94
1585673076064,83.94
1585673103674,83.905
1585673122134,83.92
1585673124281,83.98
1585673124281,83.98
1585673124281,83.98
1585673124281,83.98
1585673124281,83.98
1585673124281,83.98
1585673189074,83.91
1585673200086,83.925
1585673211721,83.89
1585673211721,83.89
1585673211721,83.89
1585673211721,83.89
1585673211721,83.89
1585673267101,84.075
1585673267101,84.075
1585673287209,84.055
1585673302138,84.09
1585673302138,84.09
1585673302138,84.09
1585673302138,84.09
1585673302138,84.09
1585673357111,84.19
1585673369253,84.16
1585673373538,84.175
1585673389467,84.16
1585673389467,84.16
1585673389467,84.16
1585673389467,84.16
1585673389467,84.16
1585673440952,84.06
1585673440952,84.06
1585673461783,84.14
1585673461783,84.14
1585673461783,84.14
1585673461783,84.14
1585673461783,84.14
1585673461783,84.14
1585673521734,84.2
1585673521734,84.2
1585673521734,84.2
1585673521734,84.2
1585673521734,84.2
1585673521734,84.2
1585673521734,84.2
1585673596371,84.065
1585673596371,84.065
1585673617722,84.15
1585673627762,84.125
1585673627762,84.125
1585673627762,84.125
1585673654828,84.15
1585673654828,84.15
1585673654828,84.15
1585673691818,84.15
1585673701903,84.11
1585673710235,84.11
1585673722879,84.1
1585673722879,84.1
1585673722879,84.1
1585673722879,84.1
1585673722879,84.1
1585673722879,84.1
1585673722879,84.1
1585673793641,84.17
1585673793641,84.17
1585673816718,84.18
1585673816718,84.18
1585673839899,84.125
1585673843110,84.125
1585673852959,84.175
1585673862341,84.17
1585673862341,84.17
1585673862341,84.17
1585673862341,84.17
1585673913408,84.11
1585673919040,84.14
1585673934939,84.115
1585673934939,84.115
1585673951538,84.085
1585673966002,84.03
1585673966002,84.03
1585673966002,84.03
1585673966002,84.03
1585673966002,84.03
1585673966002,84.03
1585674024216,83.88
1585674024216,83.88
1585674024216,83.88
1585674024216,83.88
1585674024216,83.88
1585674074667,83.91
1585674086145,83.995
1585674086145,83.995
1585674086145,83.995
1585674086145,83.995
1585674086145,83.995
1585674086145,83.995
1585674152296,83.935
1585674152296,83.935
1585674152296,83.935
1585674185241,83.93
1585674185241,83.93
1585674204655,83.875
1585674219372,83.905
1585674219372,83.905
1585674219372,83.905
1585674247645,83.945
1585674252260,83.94
1585674252260,83.94
1585674276449,83.805
1585674291129,83.875
1585674291129,83.875
1585674314387,83.785
1585674318597,83.75
1585674333201,83.64
1585674347351,83.7
1585674356554,83.655
1585674356554,83.655
1585674356554,83.655
1585674356554,83.655
1585674356554,83.655
1585674356554,83.655
1585674356554,83.655
1585674421763,83.62
1585674421763,83.62
1585674421763,83.62
1585674454595,83.63
1585674454595,83.63
1585674454595,83.63
1585674487722,83.63
1585674487722,83.63
1585674487722,83.63
1585674487722,83.63
1585674487722,83.63
1585674487722,83.63
1585674487722,83.63
1585674487722,83.63
1585674487722,83.63
1585674487722,83.63
1585674487722,83.63
1585674487722,83.63
1585674487722,83.63
1585674620837,83.59
1585674620837,83.59
1585674643572,83.53
1585674643572,83.53
1585674643572,83.53
1585674672625,83.545
1585674672625,83.545
1585674672625,83.545
1585674705352,83.785
1585674705352,83.785
1585674733838,83.73
1585674736479,83.725
1585674736479,83.725
1585674760253,83.66
1585674760253,83.66
1585674787116,83.66
1585674789634,83.635
1585674810059,83.62
1585674821019,83.805
1585674821019,83.805
1585674836549,83.795
1585674850267,83.855
1585674850267,83.855
1585674850267,83.855
1585674850267,83.855
1585674850267,83.855
1585674894910,83.73
1585674894910,83.73
1585674918175,83.645
1585674935910,83.63
1585674935910,83.63
1585674935910,83.63
1585674935910,83.63
1585674935910,83.63
1585674935910,83.63
1585674999574,83.6
1585674999574,83.6
1585674999574,83.6
1585675022533,83.74
1585675036880,83.675
1585675036880,83.675
1585675036880,83.675
1585675036880,83.675
1585675036880,83.675
1585675036880,83.675
1585675036880,83.675
1585675036880,83.675
1585675036880,83.675
1585675036880,83.675
1585675137481,83.77
1585675137481,83.77
1585675137481,83.77
1585675178714,83.81
1585675187539,83.82
1585675187539,83.82
1585675187539,83.82
1585675187539,83.82
1585675187539,83.82
1585675240844,83.765
1585675247188,83.735
1585675247188,83.735
1585675270344,83.69
1585675283021,83.695
1585675287419,83.7
1585675299262,83.595
1585675299262,83.595
1585675322922,83.575
1585675322922,83.575
1585675345097,83.7
1585675345097,83.7
1585675345097,83.7
1585675345097,83.7
1585675345097,83.7
1585675345097,83.7
1585675345097,83.7
1585675418192,83.84
1585675418192,83.84
1585675418192,83.84
1585675418192,83.84
1585675418192,83.84
1585675474548,83.73
1585675481011,83.765
1585675494937,83.74
1585675504814,83.77
1585675514058,83.76
1585675527062,83.77
1585675527062,83.77
1585675548282,83.79
1585675558200,83.82
1585675561307,83.8
1585675578042,83.8
1585675578042,83.8
1585675578042,83.8
1585675612342,83.725
1585675612342,83.725
1585675612342,83.725
1585675612342,83.725
1585675612342,83.725
1585675661138,83.79
1585675661138,83.79
1585675677074,83.78
1585675692908,83.69
1585675692908,83.69
1585675692908,83.69
1585675723181,83.675
1585675723181,83.675
1585675723181,83.675
1585675723181,83.675
1585675723181,83.675
1585675779411,83.715
1585675781515,83.73
1585675794382,83.715
1585675803098,83.73
1585675815128,83.645
1585675825406,83.655
1585675825406,83.655
1585675825406,83.655
1585675825406,83.655
1585675875029,83.785
1585675876719,83.74
1585675895726,83.78
1585675906751,83.84
1585675906751,83.84
1585675906751,83.84
1585675906751,83.84
1585675906751,83.84
1585675906751,83.84
1585675906751,83.84
1585675974348,83.9
1585675984874,83.86
1585675984874,83.86
1585675984874,83.86
1585675984874,83.86
1585676032511,83.925
1585676035934,83.9
1585676035934,83.9
1585676056849,84.01
1585676056849,84.01
1585676056849,84.01
1585676095848,84.02
1585676095848,84.02
1585676095848,84.02
1585676095848,84.02
1585676095848,84.02
1585676095848,84.02
1585676095848,84.02
1585676166209,83.995
1585676166209,83.995
1585676166209,83.995
1585676166209,83.995
1585676166209,83.995
1585676166209,83.995
1585676166209,83.995
1585676166209,83.995
1585676244301,84.07
1585676244301,84.07
1585676275300,84.09
1585676275300,84.09
1585676296245,83.945
1585676299690,83.92
1585676299690,83.92
1585676299690,83.92
1585676329358,84.02
1585676329358,84.02
1585676329358,84.02
1585676364055,84.08
1585676364055,84.08
1585676385401,84.16
1585676397036,84.035
1585676402357,84.05
1585676402357,84.05
1585676402357,84.05
1585676402357,84.05
1585676402357,84.05
1585676402357,84.05
1585676473126,84.16
1585676473126,84.16
1585676473126,84.16
1585676473126,84.16
1585676473126,84.16
1585676473126,84.16
1585676531994,84.18
1585676531994,84.18
1585676531994,84.18
1585676564633,84.11
1585676578285,84.14
1585676578285,84.14
1585676590825,84.12
1585676590825,84.12
1585676590825,84.12
1585676590825,84.12
1585676590825,84.12
1585676590825,84.12
1585676654681,84.05
1585676669057,84
1585676669057,84
1585676685473,83.925
1585676704011,83.925
1585676711570,83.945
1585676723316,83.99
1585676729145,84
1585676737588,84.04
1585676753209,84
1585676765625,83.99
1585676765625,83.99
1585676765625,83.99
1585676765625,83.99
1585676765625,83.99
1585676765625,83.99
1585676765625,83.99
1585676835912,83.96
1585676849399,84.025
1585676857176,84.01
1585676869810,83.98
1585676880339,83.9
1585676887122,83.86
1585676897038,83.855
1585676897038,83.855
1585676922193,83.96
1585676929961,83.955
1585676929961,83.955
1585676929961,83.955
1585676963466,84.075
1585676963466,84.075
1585676963466,84.075
1585676963466,84.075
1585677008475,84.02
1585677012781,83.96
1585677012781,83.96
1585677031683,84.055
1585677050696,84.105
1585677061738,84.04
1585677061738,84.04
1585677061738,84.04
1585677061738,84.04
1585677061738,84.04
1585677061738,84.04
1585677124041,83.91
1585677124041,83.91
1585677124041,83.91
1585677124041,83.91
1585677124041,83.91
1585677124041,83.91
1585677186385,83.92
1585677186385,83.92
1585677205015,84.05
1585677205015,84.05
1585677205015,84.05
1585677205015,84.05
1585677250011,83.895
1585677250011,83.895
1585677250011,83.895
1585677250011,83.895
1585677250011,83.895
1585677250011,83.895
1585677308208,83.96
1585677315945,84.01
1585677330254,84.085
1585677330254,84.085
1585677330254,84.085
1585677365884,84.08
1585677365884,84.08
1585677381452,84.115
1585677381452,84.115
1585677408412,84.235
1585677418800,84.255
1585677418800,84.255
1585677439406,84.17
1585677439406,84.17
1585677460345,84.15
1585677470769,84.18
1585677470769,84.18
1585677470769,84.18
1585677499573,84.25
1585677511630,84.23
1585677522968,84.28
1585677532086,84.275
1585677543200,84.255
1585677554542,84.2
1585677554542,84.2
1585677574323,84.18
1585677585968,84.165
1585677585968,84.165
1585677600110,84.17
1585677600110,84.17
1585677626276,84.13
1585677638311,84.03
1585677638311,84.03
1585677660818,84.01
1585677660818,84.01
1585677660818,84.01
1585677660818,84.01
1585677704578,84.035
1585677709366,84.06
1585677709366,84.06
1585677709366,84.06
1585677746396,84.03
1585677746396,84.03
1585677746396,84.03
1585677746396,84.03
1585677746396,84.03
1585677798786,84.11
1585677809237,84.04
1585677812522,84.075
1585677812522,84.075
1585677839814,84.04
1585677847553,84.09
1585677847553,84.09
1585677865072,84.07
1585677865072,84.07
1585677887067,84.035
1585677887067,84.035
1585677887067,84.035
1585677887067,84.035
1585677931289,84.135
1585677931289,84.135
1585677960006,84.1
1585677967199,84.09
1585677967199,84.09
1585677967199,84.09
1585677967199,84.09
1585677967199,84.09
1585677967199,84.09
1585678033080,84.12
1585678038040,84.165
1585678047842,84.19
1585678047842,84.19
1585678047842,84.19
1585678047842,84.19
1585678047842,84.19
1585678106031,84.11
1585678106031,84.11
1585678106031,84.11
1585678106031,84.11
1585678106031,84.11
1585678106031,84.11
1585678165214,84.2
1585678175748,84.185
1585678185084,84.155
1585678185084,84.155
1585678185084,84.155
1585678185084,84.155
1585678233745,84.09
1585678236024,84.085
1585678236024,84.085
1585678258161,84.185
1585678258161,84.185
1585678258161,84.185
1585678296678,84.3
1585678306637,84.32
1585678306637,84.32
1585678306637,84.32
1585678306637,84.32
1585678346281,84.345
1585678346281,84.345
1585678346281,84.345
1585678346281,84.345
1585678391793,84.43
1585678391793,84.43
1585678391793,84.43
1585678419192,84.465
1585678431551,84.45
1585678438664,84.435
1585678438664,84.435
1585678438664,84.435
1585678474101,84.265
1585678474101,84.265
1585678474101,84.265
1585678474101,84.265
1585678474101,84.265
1585678474101,84.265
1585678474101,84.265
1585678474101,84.265
1585678474101,84.265
1585678474101,84.265
1585678577254,84.025
1585678591726,84.01
1585678591726,84.01
1585678591726,84.01
1585678591726,84.01
1585678591726,84.01
1585678591726,84.01
1585678591726,84.01
1585678591726,84.01
1585678671670,84.085
1585678671670,84.085
1585678698898,84.045
1585678704503,84.04
1585678704503,84.04
1585678724711,84.06
1585678735444,84.095
1585678735444,84.095
1585678735444,84.095
1585678735444,84.095
1585678735444,84.095
1585678735444,84.095
1585678735444,84.095
1585678813345,84.07
1585678817466,84.05
1585678817466,84.05
1585678817466,84.05
1585678817466,84.05
1585678817466,84.05
1585678817466,84.05
1585678817466,84.05
1585678899424,84.055
1585678909097,84.055
1585678909097,84.055
1585678922233,84.1
1585678922233,84.1
1585678950319,84.05
1585678955342,84.035
1585678969004,84.08
1585678974097,84.07
1585678974097,84.07
1585678974097,84.07
1585678974097,84.07
1585678974097,84.07
1585678974097,84.07
1585678974097,84.07
1585678974097,84.07
1585678974097,84.07
1585678974097,84.07
1585678974097,84.07
1585678974097,84.07
1585678974097,84.07
1585678974097,84.07
1585679122744,84.08
1585679122744,84.08
1585679122744,84.08
1585679122744,84.08
1585679122744,84.08
1585679122744,84.08
1585679193434,84.03
1585679193434,84.03
1585679205603,84
1585679205603,84
1585679205603,84
1585679243893,84.03
1585679243893,84.03
1585679264418,84.005
1585679264418,84.005
1585679264418,84.005
1585679264418,84.005
1585679264418,84.005
1585679319961,84.09
1585679319961,84.09
1585679341449,84.14
1585679347810,84.16
1585679347810,84.16
1585679347810,84.16
1585679347810,84.16
1585679347810,84.16
1585679347810,84.16
1585679347810,84.16
1585679347810,84.16
1585679436763,84.21
1585679436763,84.21
1585679455746,84.22
1585679460272,84.22
1585679460272,84.22
1585679460272,84.22
1585679460272,84.22
1585679511680,84.23
1585679511680,84.23
1585679533353,84.255
1585679541103,84.22
1585679541103,84.22
1585679541103,84.22
1585679541103,84.22
1585679541103,84.22
1585679541103,84.22
1585679605603,84.275
1585679621541,84.385
1585679624981,84.385
1585679636313,84.33
1585679636313,84.33
1585679636313,84.33
1585679670595,84.385
1585679680816,84.4
1585679685264,84.445
1585679703614,84.485
1585679715670,84.6
1585679719332,84.58
1585679731431,84.55
1585679745170,84.46
1585679749264,84.455
1585679749264,84.455
1585679749264,84.455
1585679749264,84.455
1585679801077,84.44
1585679801077,84.44
1585679801077,84.44
1585679801077,84.44
1585679801077,84.44
1585679849829,84.54
1585679859194,84.52
1585679873295,84.49
1585679873295,84.49
1585679873295,84.49
1585679902568,84.61
1585679902568,84.61
1585679902568,84.61
1585679928416,84.74
1585679928416,84.74
1585679928416,84.74
1585679959679,84.72
1585679969152,84.705
1585679984660,84.78
1585679984660,84.78
1585680009443,84.75
1585680021805,84.79
1585680021805,84.79
1585680042050,84.715
1585680045576,84.72
1585680062141,84.77
1585680067997,84.76
1585680067997,84.76
1585680067997,84.76
1585680067997,84.76
1585680116484,84.68
1585680121887,84.695
1585680132867,84.74
1585680132867,84.74
1585680132867,84.74
1585680132867,84.74
1585680132867,84.74
1585680132867,84.74
1585680203515,84.7
1585680212011,84.685
1585680221842,84.675
1585680228473,84.69
1585680228473,84.69
1585680256266,84.685
1585680256266,84.685
1585680256266,84.685
1585680285899,84.55
1585680285899,84.55
1585680285899,84.55
1585680310292,84.39
1585680324664,84.35
1585680324664,84.35
1585680324664,84.35
1585680354294,84.38
1585680354294,84.38
1585680354294,84.38
1585680354294,84.38
1585680354294,84.38
1585680354294,84.38
1585680418557,84.295
1585680418557,84.295
1585680418557,84.295
1585680451960,84.44
1585680451960,84.44
1585680451960,84.44
1585680490440,84.505
1585680494933,84.5
1585680509514,84.48
1585680509514,84.48
1585680509514,84.48
1585680509514,84.48
1585680509514,84.48
1585680563974,84.36
1585680563974,84.36
1585680563974,84.36
1585680563974,84.36
1585680601264,84.45
1585680601264,84.45
1585680601264,84.45
1585680601264,84.45
1585680601264,84.45
1585680601264,84.45
1585680601264,84.45
1585680676842,84.5
1585680682229,84.48
1585680682229,84.48
1585680705892,84.4
1585680705892,84.4
1585680724899,84.46
1585680724899,84.46
1585680749297,84.485
1585680749297,84.485
1585680772921,84.5
1585680779489,84.43
1585680794442,84.4
1585680807298,84.4
1585680807298,84.4
1585680807298,84.4
1585680807298,84.4
1585680807298,84.4
1585680807298,84.4
1585680863980,84.38
1585680863980,84.38
1585680863980,84.38
1585680863980,84.38
1585680908975,84.43
1585680921670,84.43
1585680921670,84.43
1585680940019,84.41
1585680940019,84.41
1585680940019,84.41
1585680975908,84.41
1585680975908,84.41
1585680975908,84.41
1585680975908,84.41
1585680975908,84.41
1585680975908,84.41
1585680975908,84.41
1585680975908,84.41
1585680975908,84.41
1585680975908,84.41
1585680975908,84.41
1585680975908,84.41
1585681098405,84.41
1585681109035,84.375
1585681109035,84.375
1585681130360,84.425
1585681142463,84.39
1585681156803,84.35
1585681166968,84.325
1585681169563,84.34
1585681188570,84.31
