1586784628483,1206.97
1586784663947,1206.08
1586784663947,1206.08
1586784663947,1206.08
1586784663947,1206.08
1586784663947,1206.08
1586784663947,1206.08
1586784663947,1206.08
1586784663947,1206.08
1586784663947,1206.08
1586784663947,1206.08
1586784663947,1206.08
1586784663947,1206.08
1586784795380,1206.25
1586784804730,1206.125
1586784816312,1205.21
1586784816312,1205.21
1586784816312,1205.21
1586784816312,1205.21
1586784816312,1205.21
1586784816312,1205.21
1586784816312,1205.21
1586784816312,1205.21
1586784816312,1205.21
1586784816312,1205.21
1586784923741,1207.79
1586784923741,1207.79
1586784923741,1207.79
1586784923741,1207.79
1586784923741,1207.79
1586784923741,1207.79
1586784923741,1207.79
1586784923741,1207.79
1586784923741,1207.79
1586784923741,1207.79
1586785025543,1207.89
1586785025543,1207.89
1586785025543,1207.89
1586785025543,1207.89
1586785063801,1211.78
1586785078043,1210.67
1586785082808,1211.575
1586785082808,1211.575
1586785082808,1211.575
1586785120763,1217.23
1586785120763,1217.23
1586785120763,1217.23
1586785152700,1216.28
1586785152700,1216.28
1586785175272,1216.02
1586785175272,1216.02
1586785175272,1216.02
1586785175272,1216.02
1586785175272,1216.02
1586785175272,1216.02
1586785175272,1216.02
1586785175272,1216.02
1586785175272,1216.02
1586785175272,1216.02
1586785275760,1214.11
1586785275760,1214.11
1586785275760,1214.11
1586785275760,1214.11
1586785275760,1214.11
1586785275760,1214.11
1586785275760,1214.11
1586785275760,1214.11
1586785275760,1214.11
1586785275760,1214.11
1586785275760,1214.11
1586785275760,1214.11
1586785275760,1214.11
1586785275760,1214.11
1586785275760,1214.11
1586785275760,1214.11
1586785275760,1214.11
1586785450489,1212.015
1586785450489,1212.015
1586785450489,1212.015
1586785450489,1212.015
1586785450489,1212.015
1586785450489,1212.015
1586785450489,1212.015
1586785450489,1212.015
1586785450489,1212.015
1586785450489,1212.015
1586785560664,1208.34
1586785560664,1208.34
1586785560664,1208.34
1586785588634,1208.115
1586785588634,1208.115
1586785606950,1208.65
1586785606950,1208.65
1586785606950,1208.65
1586785606950,1208.65
1586785606950,1208.65
1586785606950,1208.65
1586785670373,1205.95
1586785681073,1205.27
1586785681073,1205.27
1586785707983,1204.2
1586785707983,1204.2
1586785707983,1204.2
1586785707983,1204.2
1586785746769,1205.275
1586785746769,1205.275
1586785746769,1205.275
1586785746769,1205.275
1586785746769,1205.275
1586785746769,1205.275
1586785808032,1204.03
1586785808032,1204.03
1586785808032,1204.03
1586785808032,1204.03
1586785808032,1204.03
1586785808032,1204.03
1586785808032,1204.03
1586785808032,1204.03
1586785808032,1204.03
1586785808032,1204.03
1586785808032,1204.03
1586785808032,1204.03
1586785808032,1204.03
1586785808032,1204.03
1586785956765,1204.35
1586785956765,1204.35
1586785956765,1204.35
1586785956765,1204.35
1586785956765,1204.35
1586785956765,1204.35
1586785956765,1204.35
1586785956765,1204.35
1586785956765,1204.35
1586785956765,1204.35
1586785956765,1204.35
1586785956765,1204.35
1586785956765,1204.35
1586786092871,1202.02
1586786092871,1202.02
1586786092871,1202.02
1586786092871,1202.02
1586786092871,1202.02
1586786092871,1202.02
1586786092871,1202.02
1586786092871,1202.02
1586786177558,1202.705
1586786177558,1202.705
1586786177558,1202.705
1586786208574,1203.2
1586786221691,1203.28
1586786232740,1202.63
1586786232740,1202.63
1586786232740,1202.63
1586786232740,1202.63
1586786232740,1202.63
1586786232740,1202.63
1586786232740,1202.63
1586786232740,1202.63
1586786232740,1202.63
1586786232740,1202.63
1586786232740,1202.63
1586786232740,1202.63
1586786232740,1202.63
1586786232740,1202.63
1586786232740,1202.63
1586786383731,1198.2
1586786383731,1198.2
1586786383731,1198.2
1586786383731,1198.2
1586786383731,1198.2
1586786442195,1198.72
1586786448881,1198.79
1586786448881,1198.79
1586786471057,1198.62
1586786477726,1198.82
1586786477726,1198.82
1586786477726,1198.82
1586786506968,1198.99
1586786506968,1198.99
1586786506968,1198.99
1586786506968,1198.99
1586786553340,1198.745
1586786567212,1198.47
1586786567212,1198.47
1586786584990,1198.47
1586786584990,1198.47
1586786584990,1198.47
1586786584990,1198.47
1586786584990,1198.47
1586786584990,1198.47
1586786584990,1198.47
1586786584990,1198.47
1586786584990,1198.47
1586786584990,1198.47
1586786584990,1198.47
1586786584990,1198.47
1586786715586,1199.33
1586786715586,1199.33
1586786715586,1199.33
1586786715586,1199.33
1586786756559,1199.33
1586786756559,1199.33
1586786778581,1198.6
1586786778581,1198.6
1586786778581,1198.6
1586786778581,1198.6
1586786778581,1198.6
1586786778581,1198.6
1586786778581,1198.6
1586786850326,1198.33
1586786850326,1198.33
1586786850326,1198.33
1586786850326,1198.33
1586786850326,1198.33
1586786850326,1198.33
1586786850326,1198.33
1586786850326,1198.33
1586786850326,1198.33
1586786850326,1198.33
1586786850326,1198.33
1586786850326,1198.33
1586786850326,1198.33
1586786850326,1198.33
1586786850326,1198.33
1586786850326,1198.33
1586786850326,1198.33
1586787025819,1199.86
1586787025819,1199.86
1586787025819,1199.86
1586787025819,1199.86
1586787025819,1199.86
1586787025819,1199.86
1586787093425,1199.96
1586787093425,1199.96
1586787093425,1199.96
1586787093425,1199.96
1586787093425,1199.96
1586787139464,1199.375
1586787139464,1199.375
1586787164527,1198.785
1586787164527,1198.785
1586787186656,1199.58
1586787186656,1199.58
1586787186656,1199.58
1586787186656,1199.58
1586787186656,1199.58
1586787186656,1199.58
1586787186656,1199.58
1586787255259,1198.92
1586787267972,1199.05
1586787267972,1199.05
1586787267972,1199.05
1586787267972,1199.05
1586787267972,1199.05
1586787267972,1199.05
1586787332513,1199.405
1586787341485,1198.97
1586787351872,1198.97
1586787351872,1198.97
1586787351872,1198.97
1586787351872,1198.97
1586787351872,1198.97
1586787351872,1198.97
1586787419177,1199.17
1586787419177,1199.17
1586787430555,1198.74
1586787430555,1198.74
1586787430555,1198.74
1586787430555,1198.74
1586787430555,1198.74
1586787430555,1198.74
1586787430555,1198.74
1586787430555,1198.74
1586787430555,1198.74
1586787430555,1198.74
1586787430555,1198.74
1586787430555,1198.74
1586787430555,1198.74
1586787572273,1196.98
1586787572273,1196.98
1586787586675,1196.55
1586787604127,1196.365
1586787614797,1196.96
1586787614797,1196.96
1586787614797,1196.96
1586787614797,1196.96
1586787649226,1196.545
1586787649226,1196.545
1586787678530,1196.085
1586787689320,1195.4
1586787694650,1195.02
1586787694650,1195.02
1586787721609,1194.07
1586787721609,1194.07
1586787721609,1194.07
1586787721609,1194.07
1586787721609,1194.07
1586787721609,1194.07
1586787721609,1194.07
1586787721609,1194.07
1586787721609,1194.07
1586787721609,1194.07
1586787818345,1193.825
1586787818345,1193.825
1586787818345,1193.825
1586787818345,1193.825
1586787865379,1194.555
1586787865379,1194.555
1586787865379,1194.555
1586787890579,1194.315
1586787890579,1194.315
1586787890579,1194.315
1586787922970,1191.51
1586787922970,1191.51
1586787922970,1191.51
1586787922970,1191.51
1586787922970,1191.51
1586787922970,1191.51
1586787922970,1191.51
1586787922970,1191.51
1586787922970,1191.51
1586788021180,1194.18
1586788021180,1194.18
1586788036412,1194.81
1586788036412,1194.81
1586788036412,1194.81
1586788036412,1194.81
1586788036412,1194.81
1586788036412,1194.81
1586788036412,1194.81
1586788036412,1194.81
1586788036412,1194.81
1586788036412,1194.81
1586788036412,1194.81
1586788153012,1195.49
1586788153012,1195.49
1586788153012,1195.49
1586788153012,1195.49
1586788195932,1196.2
1586788195932,1196.2
1586788195932,1196.2
1586788195932,1196.2
1586788195932,1196.2
1586788195932,1196.2
1586788195932,1196.2
1586788274417,1196.99
1586788278645,1196.8
1586788287703,1196.25
1586788301090,1197.26
1586788316647,1197.06
1586788316647,1197.06
1586788316647,1197.06
1586788316647,1197.06
1586788316647,1197.06
1586788316647,1197.06
1586788316647,1197.06
1586788390414,1198.18
1586788390414,1198.18
1586788390414,1198.18
1586788420981,1197.32
1586788426100,1196.99
1586788426100,1196.99
1586788447322,1197.21
1586788447322,1197.21
1586788447322,1197.21
1586788477913,1197.82
1586788477913,1197.82
1586788477913,1197.82
1586788477913,1197.82
1586788477913,1197.82
1586788477913,1197.82
1586788546506,1197.015
1586788546506,1197.015
1586788546506,1197.015
1586788546506,1197.015
1586788588671,1197.565
1586788588671,1197.565
1586788600982,1197.91
1586788619978,1197.97
1586788619978,1197.97
1586788619978,1197.97
1586788642796,1196.54
1586788642796,1196.54
1586788642796,1196.54
1586788680948,1195.91
1586788680948,1195.91
1586788680948,1195.91
1586788680948,1195.91
1586788680948,1195.91
1586788680948,1195.91
1586788680948,1195.91
1586788680948,1195.91
1586788680948,1195.91
1586788771084,1194.13
1586788771084,1194.13
1586788771084,1194.13
1586788771084,1194.13
1586788771084,1194.13
1586788771084,1194.13
1586788771084,1194.13
1586788771084,1194.13
1586788771084,1194.13
1586788771084,1194.13
1586788771084,1194.13
1586788885435,1195.72
1586788885435,1195.72
1586788885435,1195.72
1586788885435,1195.72
1586788885435,1195.72
1586788885435,1195.72
1586788885435,1195.72
1586788885435,1195.72
1586788885435,1195.72
1586788980806,1194.31
1586788980806,1194.31
1586788999471,1194.32
1586788999471,1194.32
1586788999471,1194.32
1586788999471,1194.32
1586788999471,1194.32
1586789050652,1193.94
1586789050652,1193.94
1586789050652,1193.94
1586789050652,1193.94
1586789050652,1193.94
1586789050652,1193.94
1586789050652,1193.94
1586789124391,1194.725
1586789124391,1194.725
1586789124391,1194.725
1586789124391,1194.725
1586789124391,1194.725
1586789124391,1194.725
1586789193499,1194.815
1586789193499,1194.815
1586789193499,1194.815
1586789193499,1194.815
1586789193499,1194.815
1586789193499,1194.815
1586789253706,1194.27
1586789253706,1194.27
1586789253706,1194.27
1586789253706,1194.27
1586789253706,1194.27
1586789253706,1194.27
1586789253706,1194.27
1586789253706,1194.27
1586789253706,1194.27
1586789253706,1194.27
1586789253706,1194.27
1586789253706,1194.27
1586789253706,1194.27
1586789253706,1194.27
1586789402624,1194.89
1586789411019,1195.44
1586789411019,1195.44
1586789411019,1195.44
1586789411019,1195.44
1586789411019,1195.44
1586789468188,1194.42
1586789468188,1194.42
1586789468188,1194.42
1586789498142,1194.65
1586789498142,1194.65
1586789498142,1194.65
1586789498142,1194.65
1586789498142,1194.65
1586789498142,1194.65
1586789556549,1194.65
1586789556549,1194.65
1586789556549,1194.65
1586789556549,1194.65
1586789601325,1194.045
1586789601325,1194.045
1586789601325,1194.045
1586789601325,1194.045
1586789601325,1194.045
1586789601325,1194.045
1586789668416,1191.27
1586789668416,1191.27
1586789682534,1191.775
1586789682534,1191.775
1586789709218,1191.63
1586789717418,1191.6
1586789717418,1191.6
1586789733019,1191.55
1586789733019,1191.55
1586789733019,1191.55
1586789733019,1191.55
1586789733019,1191.55
1586789733019,1191.55
1586789733019,1191.55
1586789808015,1192.99
1586789808015,1192.99
1586789808015,1192.99
1586789808015,1192.99
1586789808015,1192.99
1586789808015,1192.99
1586789808015,1192.99
1586789808015,1192.99
1586789808015,1192.99
1586789808015,1192.99
1586789808015,1192.99
1586789808015,1192.99
1586789808015,1192.99
1586789808015,1192.99
1586789808015,1192.99
1586789808015,1192.99
1586789808015,1192.99
1586789808015,1192.99
1586790000158,1193.17
1586790015415,1192.5
1586790015415,1192.5
1586790015415,1192.5
1586790015415,1192.5
1586790015415,1192.5
1586790070182,1192.195
1586790070182,1192.195
1586790070182,1192.195
1586790070182,1192.195
1586790070182,1192.195
1586790070182,1192.195
1586790070182,1192.195
1586790070182,1192.195
1586790070182,1192.195
1586790070182,1192.195
1586790070182,1192.195
1586790070182,1192.195
1586790195273,1189.5
1586790195273,1189.5
1586790195273,1189.5
1586790224909,1190.54
1586790224909,1190.54
1586790224909,1190.54
1586790254647,1191.105
1586790265402,1191.13
1586790273308,1191.045
1586790282887,1191.75
1586790282887,1191.75
1586790282887,1191.75
1586790282887,1191.75
1586790282887,1191.75
1586790342269,1190.56
1586790352356,1189.57
1586790352356,1189.57
1586790352356,1189.57
1586790352356,1189.57
1586790352356,1189.57
1586790404098,1188.42
1586790404098,1188.42
1586790422817,1189.29
1586790422817,1189.29
1586790422817,1189.29
1586790422817,1189.29
1586790422817,1189.29
1586790422817,1189.29
1586790491068,1189.27
1586790491068,1189.27
1586790491068,1189.27
1586790491068,1189.27
1586790491068,1189.27
1586790491068,1189.27
1586790491068,1189.27
1586790491068,1189.27
1586790491068,1189.27
1586790491068,1189.27
1586790491068,1189.27
1586790491068,1189.27
1586790491068,1189.27
1586790626615,1189.06
1586790626615,1189.06
1586790626615,1189.06
1586790626615,1189.06
1586790626615,1189.06
1586790626615,1189.06
1586790626615,1189.06
1586790626615,1189.06
1586790707926,1188.17
1586790707926,1188.17
1586790707926,1188.17
1586790707926,1188.17
1586790707926,1188.17
1586790707926,1188.17
1586790707926,1188.17
1586790776572,1189.2
1586790776572,1189.2
1586790776572,1189.2
1586790776572,1189.2
1586790824056,1189.57
1586790835715,1189.57
1586790835715,1189.57
1586790835715,1189.57
1586790868909,1190.27
1586790868909,1190.27
1586790868909,1190.27
1586790868909,1190.27
1586790868909,1190.27
1586790868909,1190.27
1586790925666,1191.1
1586790941441,1191.24
1586790951349,1191.765
1586790951349,1191.765
1586790951349,1191.765
1586790951349,1191.765
1586790951349,1191.765
1586790951349,1191.765
1586790951349,1191.765
1586790951349,1191.765
1586790951349,1191.765
1586790951349,1191.765
1586790951349,1191.765
1586790951349,1191.765
1586790951349,1191.765
1586791090579,1192.78
1586791090579,1192.78
1586791090579,1192.78
1586791121701,1192.89
1586791131961,1193.055
1586791140432,1193.31
1586791140432,1193.31
1586791140432,1193.31
1586791140432,1193.31
1586791140432,1193.31
1586791188335,1192.56
1586791188335,1192.56
1586791188335,1192.56
1586791188335,1192.56
1586791188335,1192.56
1586791188335,1192.56
1586791188335,1192.56
1586791260595,1192.39
1586791260595,1192.39
1586791260595,1192.39
1586791260595,1192.39
1586791260595,1192.39
1586791260595,1192.39
1586791260595,1192.39
1586791260595,1192.39
1586791260595,1192.39
1586791260595,1192.39
1586791260595,1192.39
1586791260595,1192.39
1586791391197,1194.95
1586791391197,1194.95
1586791391197,1194.95
1586791391197,1194.95
1586791391197,1194.95
1586791391197,1194.95
1586791448808,1195.81
1586791448808,1195.81
1586791476790,1196.965
1586791476790,1196.965
1586791499805,1197.45
1586791507944,1197.455
1586791507944,1197.455
1586791530454,1197.79
1586791530454,1197.79
1586791544356,1198.17
1586791544356,1198.17
1586791544356,1198.17
1586791580260,1197.835
1586791580260,1197.835
1586791580260,1197.835
1586791580260,1197.835
1586791580260,1197.835
1586791632896,1200.04
1586791632896,1200.04
1586791632896,1200.04
1586791632896,1200.04
1586791668051,1199.44
1586791668051,1199.44
1586791668051,1199.44
1586791668051,1199.44
1586791668051,1199.44
1586791668051,1199.44
1586791668051,1199.44
1586791668051,1199.44
1586791668051,1199.44
1586791668051,1199.44
1586791668051,1199.44
1586791787486,1199.56
1586791801549,1199.565
1586791809589,1199.97
1586791809589,1199.97
1586791809589,1199.97
1586791809589,1199.97
1586791847620,1199.78
1586791847620,1199.78
1586791847620,1199.78
1586791847620,1199.78
1586791847620,1199.78
1586791907573,1199.13
1586791907573,1199.13
1586791907573,1199.13
1586791907573,1199.13
1586791907573,1199.13
1586791907573,1199.13
1586791907573,1199.13
1586791907573,1199.13
1586791907573,1199.13
1586791995666,1196.61
1586791995666,1196.61
1586791995666,1196.61
1586791995666,1196.61
1586791995666,1196.61
1586791995666,1196.61
1586791995666,1196.61
1586791995666,1196.61
1586791995666,1196.61
1586791995666,1196.61
1586791995666,1196.61
1586791995666,1196.61
1586792126796,1197.38
1586792126796,1197.38
1586792126796,1197.38
1586792126796,1197.38
1586792126796,1197.38
1586792126796,1197.38
1586792126796,1197.38
1586792126796,1197.38
1586792126796,1197.38
1586792126796,1197.38
1586792126796,1197.38
1586792233855,1199.17
1586792233855,1199.17
1586792233855,1199.17
1586792233855,1199.17
1586792233855,1199.17
1586792233855,1199.17
1586792233855,1199.17
1586792233855,1199.17
1586792233855,1199.17
1586792233855,1199.17
1586792342099,1198.51
1586792358400,1199.075
1586792358400,1199.075
1586792358400,1199.075
1586792358400,1199.075
1586792358400,1199.075
1586792358400,1199.075
1586792358400,1199.075
1586792358400,1199.075
1586792358400,1199.075
1586792358400,1199.075
1586792358400,1199.075
1586792358400,1199.075
1586792358400,1199.075
1586792358400,1199.075
1586792358400,1199.075
1586792517641,1196.355
1586792517641,1196.355
1586792517641,1196.355
1586792517641,1196.355
1586792556383,1196.82
1586792556383,1196.82
1586792556383,1196.82
1586792556383,1196.82
1586792556383,1196.82
1586792556383,1196.82
1586792556383,1196.82
1586792556383,1196.82
1586792556383,1196.82
1586792556383,1196.82
1586792656310,1197.94
1586792674404,1197.29
1586792683318,1197.71
1586792691727,1197.86
1586792702734,1198.19
1586792702734,1198.19
1586792702734,1198.19
1586792702734,1198.19
1586792702734,1198.19
1586792702734,1198.19
1586792702734,1198.19
1586792777755,1200.245
1586792777755,1200.245
1586792793425,1199.975
1586792793425,1199.975
1586792793425,1199.975
1586792793425,1199.975
1586792793425,1199.975
1586792844454,1200.22
1586792844454,1200.22
1586792844454,1200.22
1586792844454,1200.22
1586792844454,1200.22
1586792894888,1201.35
1586792911242,1200.99
1586792911242,1200.99
1586792911242,1200.99
1586792942075,1201.28
1586792942075,1201.28
1586792966818,1201.62
1586792967636,1201.62
1586792967636,1201.62
1586792996863,1201.415
1586792996863,1201.415
1586792996863,1201.415
1586792996863,1201.415
1586792996863,1201.415
1586792996863,1201.415
1586793059207,1200.82
1586793059207,1200.82
1586793059207,1200.82
1586793059207,1200.82
1586793059207,1200.82
1586793112230,1200.945
1586793112230,1200.945
1586793112230,1200.945
1586793112230,1200.945
1586793112230,1200.945
1586793112230,1200.945
1586793112230,1200.945
1586793112230,1200.945
1586793112230,1200.945
1586793202423,1200.48
1586793202423,1200.48
1586793202423,1200.48
1586793202423,1200.48
1586793202423,1200.48
1586793202423,1200.48
1586793273770,1200.19
1586793273770,1200.19
1586793273770,1200.19
1586793304544,1200.955
1586793304544,1200.955
1586793304544,1200.955
1586793304544,1200.955
1586793304544,1200.955
1586793304544,1200.955
1586793304544,1200.955
1586793374795,1199.7
1586793374795,1199.7
1586793374795,1199.7
1586793374795,1199.7
1586793374795,1199.7
1586793374795,1199.7
1586793374795,1199.7
1586793374795,1199.7
1586793453230,1200.39
1586793453230,1200.39
1586793453230,1200.39
1586793453230,1200.39
1586793453230,1200.39
1586793505709,1200.88
1586793519569,1200.275
1586793519569,1200.275
1586793519569,1200.275
1586793519569,1200.275
1586793519569,1200.275
1586793519569,1200.275
1586793582702,1199.295
1586793582702,1199.295
1586793605248,1198.81
1586793605248,1198.81
1586793605248,1198.81
1586793605248,1198.81
1586793605248,1198.81
1586793605248,1198.81
1586793605248,1198.81
1586793605248,1198.81
1586793605248,1198.81
1586793696562,1200.98
1586793696562,1200.98
1586793696562,1200.98
1586793696562,1200.98
1586793696562,1200.98
1586793754350,1200.37
1586793754350,1200.37
1586793768880,1200.94
1586793768880,1200.94
1586793768880,1200.94
1586793798652,1201.06
1586793817262,1201.39
1586793817262,1201.39
1586793817262,1201.39
1586793817262,1201.39
1586793817262,1201.39
1586793817262,1201.39
1586793817262,1201.39
1586793817262,1201.39
1586793817262,1201.39
1586793817262,1201.39
1586793817262,1201.39
1586793817262,1201.39
1586793817262,1201.39
1586793952968,1201.48
1586793952968,1201.48
1586793952968,1201.48
1586793952968,1201.48
1586793991331,1200.705
1586793991331,1200.705
1586794016827,1201.03
1586794016827,1201.03
1586794016827,1201.03
1586794016827,1201.03
1586794016827,1201.03
1586794016827,1201.03
1586794079141,1200.96
1586794079141,1200.96
1586794079141,1200.96
1586794079141,1200.96
1586794079141,1200.96
1586794079141,1200.96
1586794135690,1200.55
1586794135690,1200.55
1586794135690,1200.55
1586794135690,1200.55
1586794135690,1200.55
1586794135690,1200.55
1586794135690,1200.55
1586794135690,1200.55
1586794135690,1200.55
1586794135690,1200.55
1586794243606,1199.21
1586794243606,1199.21
1586794264279,1199.42
1586794269025,1199.855
1586794269025,1199.855
1586794269025,1199.855
1586794269025,1199.855
1586794269025,1199.855
1586794330937,1200.12
1586794335723,1200.12
1586794347168,1200.12
1586794347168,1200.12
1586794347168,1200.12
1586794382968,1200.115
1586794382968,1200.115
1586794396328,1200.31
1586794396328,1200.31
1586794424779,1200.41
1586794425693,1200.405
1586794441256,1200.68
1586794441256,1200.68
1586794467716,1200.965
1586794467716,1200.965
1586794467716,1200.965
1586794493421,1200.695
1586794493421,1200.695
1586794493421,1200.695
1586794521835,1200.72
1586794521835,1200.72
1586794550341,1200.28
1586794550341,1200.28
1586794550341,1200.28
1586794550341,1200.28
1586794550341,1200.28
1586794550341,1200.28
1586794550341,1200.28
1586794550341,1200.28
1586794550341,1200.28
1586794550341,1200.28
1586794550341,1200.28
1586794550341,1200.28
1586794550341,1200.28
1586794687941,1200.87
1586794687941,1200.87
1586794687941,1200.87
1586794687941,1200.87
1586794687941,1200.87
1586794687941,1200.87
1586794687941,1200.87
1586794760430,1199
1586794764836,1199.04
1586794764836,1199.04
1586794764836,1199.04
1586794804247,1199.505
1586794812488,1199.115
1586794812488,1199.115
1586794812488,1199.115
1586794812488,1199.115
1586794812488,1199.115
1586794812488,1199.115
1586794812488,1199.115
1586794812488,1199.115
1586794812488,1199.115
1586794812488,1199.115
1586794812488,1199.115
1586794812488,1199.115
1586794812488,1199.115
1586794943177,1198.49
1586794943177,1198.49
1586794943177,1198.49
1586794943177,1198.49
1586794943177,1198.49
1586794943177,1198.49
1586794943177,1198.49
1586794943177,1198.49
1586794943177,1198.49
1586794943177,1198.49
1586794943177,1198.49
1586794943177,1198.49
1586794943177,1198.49
1586794943177,1198.49
1586794943177,1198.49
1586794943177,1198.49
1586795114261,1199.39
1586795121207,1200.265
1586795142119,1199.54
1586795142119,1199.54
1586795142119,1199.54
1586795142119,1199.54
1586795142119,1199.54
1586795142119,1199.54
1586795197827,1198.13
1586795197827,1198.13
1586795197827,1198.13
1586795197827,1198.13
1586795197827,1198.13
1586795197827,1198.13
1586795197827,1198.13
1586795197827,1198.13
1586795197827,1198.13
1586795197827,1198.13
1586795197827,1198.13
1586795321008,1198.13
1586795321008,1198.13
1586795321008,1198.13
1586795321008,1198.13
1586795321008,1198.13
1586795321008,1198.13
1586795321008,1198.13
1586795391185,1198.195
1586795400389,1197.995
1586795400389,1197.995
1586795400389,1197.995
1586795400389,1197.995
1586795400389,1197.995
1586795400389,1197.995
1586795400389,1197.995
1586795400389,1197.995
1586795400389,1197.995
1586795400389,1197.995
1586795400389,1197.995
1586795400389,1197.995
1586795400389,1197.995
1586795400389,1197.995
1586795400389,1197.995
1586795554159,1195.85
1586795566020,1196.075
1586795566020,1196.075
1586795566020,1196.075
1586795566020,1196.075
1586795566020,1196.075
1586795566020,1196.075
1586795636112,1196.05
1586795636112,1196.05
1586795636112,1196.05
1586795660444,1196.125
1586795660444,1196.125
1586795660444,1196.125
1586795660444,1196.125
1586795660444,1196.125
1586795660444,1196.125
1586795723979,1196.54
1586795739118,1196.645
1586795739118,1196.645
1586795739118,1196.645
1586795739118,1196.645
1586795739118,1196.645
1586795739118,1196.645
1586795739118,1196.645
1586795739118,1196.645
1586795739118,1196.645
1586795739118,1196.645
1586795739118,1196.645
1586795739118,1196.645
1586795739118,1196.645
1586795739118,1196.645
1586795739118,1196.645
1586795739118,1196.645
1586795739118,1196.645
1586795739118,1196.645
1586795739118,1196.645
1586795739118,1196.645
1586795739118,1196.645
1586795953788,1196.84
1586795953788,1196.84
1586795975709,1196.63
1586795975709,1196.63
1586795975709,1196.63
1586795975709,1196.63
1586795975709,1196.63
1586795975709,1196.63
1586795975709,1196.63
1586795975709,1196.63
1586795975709,1196.63
1586795975709,1196.63
1586795975709,1196.63
1586795975709,1196.63
1586795975709,1196.63
1586795975709,1196.63
1586795975709,1196.63
1586795975709,1196.63
1586795975709,1196.63
1586795975709,1196.63
1586795975709,1196.63
1586795975709,1196.63
1586795975709,1196.63
1586795975709,1196.63
1586795975709,1196.63
1586796217617,1197.56
1586796217617,1197.56
1586796217617,1197.56
1586796217617,1197.56
1586796265532,1197.85
1586796265532,1197.85
1586796265532,1197.85
1586796265532,1197.85
1586796307230,1197.84
1586796307230,1197.84
1586796307230,1197.84
1586796307230,1197.84
1586796307230,1197.84
1586796354742,1198.5
1586796354742,1198.5
1586796354742,1198.5
1586796354742,1198.5
1586796354742,1198.5
1586796354742,1198.5
1586796354742,1198.5
1586796354742,1198.5
1586796438040,1198.84
1586796438040,1198.84
1586796438040,1198.84
1586796438040,1198.84
1586796438040,1198.84
1586796438040,1198.84
1586796438040,1198.84
1586796438040,1198.84
1586796438040,1198.84
1586796539381,1198.1
1586796539381,1198.1
1586796539381,1198.1
1586796539381,1198.1
1586796539381,1198.1
1586796539381,1198.1
1586796539381,1198.1
1586796539381,1198.1
1586796539381,1198.1
1586796539381,1198.1
1586796539381,1198.1
1586796539381,1198.1
1586796539381,1198.1
1586796539381,1198.1
1586796539381,1198.1
1586796539381,1198.1
1586796539381,1198.1
1586796539381,1198.1
1586796539381,1198.1
1586796539381,1198.1
1586796539381,1198.1
1586796539381,1198.1
1586796539381,1198.1
1586796773356,1195.865
1586796773356,1195.865
1586796773356,1195.865
1586796773356,1195.865
1586796773356,1195.865
1586796822240,1195.54
1586796838134,1195.215
1586796838134,1195.215
1586796838134,1195.215
1586796838134,1195.215
1586796838134,1195.215
1586796838134,1195.215
1586796838134,1195.215
1586796838134,1195.215
1586796838134,1195.215
1586796838134,1195.215
1586796838134,1195.215
1586796838134,1195.215
1586796838134,1195.215
1586796838134,1195.215
1586796838134,1195.215
1586796989610,1194.89
1586796989610,1194.89
1586796989610,1194.89
1586796989610,1194.89
1586797032406,1195.54
1586797032406,1195.54
1586797032406,1195.54
1586797032406,1195.54
1586797032406,1195.54
1586797032406,1195.54
1586797032406,1195.54
1586797032406,1195.54
1586797032406,1195.54
1586797032406,1195.54
1586797032406,1195.54
1586797032406,1195.54
1586797032406,1195.54
1586797032406,1195.54
1586797032406,1195.54
1586797032406,1195.54
1586797032406,1195.54
1586797032406,1195.54
1586797032406,1195.54
1586797032406,1195.54
1586797032406,1195.54
1586797032406,1195.54
1586797265322,1194.53
1586797265322,1194.53
1586797265322,1194.53
1586797265322,1194.53
1586797265322,1194.53
1586797265322,1194.53
1586797330762,1194.635
1586797330762,1194.635
1586797330762,1194.635
1586797330762,1194.635
1586797377176,1194.65
1586797379535,1194.65
1586797379535,1194.65
1586797379535,1194.65
1586797379535,1194.65
1586797379535,1194.65
1586797440178,1194.735
1586797450941,1194.64
1586797450941,1194.64
1586797450941,1194.64
1586797450941,1194.64
1586797450941,1194.64
1586797450941,1194.64
1586797450941,1194.64
1586797524599,1195
1586797524599,1195
1586797524599,1195
1586797524599,1195
1586797575010,1194.695
1586797575010,1194.695
1586797575010,1194.695
1586797575010,1194.695
1586797575010,1194.695
1586797627943,1194.81
1586797627943,1194.81
1586797627943,1194.81
1586797627943,1194.81
1586797671830,1194.85
1586797671830,1194.85
1586797671830,1194.85
1586797671830,1194.85
1586797671830,1194.85
1586797725315,1194.23
1586797725315,1194.23
1586797739198,1194.55
1586797739198,1194.55
1586797757023,1195.16
1586797757023,1195.16
1586797757023,1195.16
1586797797783,1195
1586797804789,1194.72
1586797804789,1194.72
1586797826108,1194.705
1586797826108,1194.705
1586797826108,1194.705
1586797862261,1192.895
1586797873046,1192.37
1586797873046,1192.37
1586797873046,1192.37
1586797873046,1192.37
1586797873046,1192.37
1586797920405,1192.11
1586797920405,1192.11
1586797920405,1192.11
1586797920405,1192.11
1586797920405,1192.11
1586797920405,1192.11
1586797920405,1192.11
1586797920405,1192.11
1586797920405,1192.11
1586797920405,1192.11
1586797920405,1192.11
1586797920405,1192.11
1586797920405,1192.11
1586797920405,1192.11
1586798062966,1191.67
1586798062966,1191.67
1586798062966,1191.67
1586798062966,1191.67
1586798062966,1191.67
1586798062966,1191.67
1586798062966,1191.67
1586798062966,1191.67
1586798062966,1191.67
1586798062966,1191.67
1586798062966,1191.67
1586798062966,1191.67
1586798062966,1191.67
1586798062966,1191.67
1586798062966,1191.67
1586798062966,1191.67
1586798062966,1191.67
1586798062966,1191.67
1586798062966,1191.67
1586798062966,1191.67
1586798062966,1191.67
1586798062966,1191.67
1586798062966,1191.67
1586798062966,1191.67
1586798062966,1191.67
1586798062966,1191.67
1586798062966,1191.67
1586798062966,1191.67
1586798062966,1191.67
1586798062966,1191.67
1586798062966,1191.67
1586798062966,1191.67
1586798062966,1191.67
1586798062966,1191.67
1586798428967,1193.52
1586798428967,1193.52
1586798428967,1193.52
1586798428967,1193.52
1586798428967,1193.52
1586798428967,1193.52
1586798491063,1193.495
1586798491063,1193.495
1586798491063,1193.495
1586798491063,1193.495
1586798491063,1193.495
1586798491063,1193.495
1586798491063,1193.495
1586798491063,1193.495
1586798491063,1193.495
1586798491063,1193.495
1586798491063,1193.495
1586798491063,1193.495
1586798491063,1193.495
1586798491063,1193.495
1586798491063,1193.495
1586798491063,1193.495
1586798491063,1193.495
1586798491063,1193.495
1586798491063,1193.495
1586798491063,1193.495
1586798701380,1193.16
1586798701380,1193.16
1586798724053,1193.58
1586798724053,1193.58
1586798724053,1193.58
1586798724053,1193.58
1586798724053,1193.58
1586798724053,1193.58
1586798724053,1193.58
1586798789858,1192.9
1586798789858,1192.9
1586798789858,1192.9
1586798789858,1192.9
1586798837413,1192.85
1586798837413,1192.85
1586798837413,1192.85
1586798837413,1192.85
1586798837413,1192.85
1586798837413,1192.85
1586798837413,1192.85
1586798905321,1193.795
1586798905321,1193.795
1586798905321,1193.795
1586798905321,1193.795
1586798905321,1193.795
1586798905321,1193.795
1586798905321,1193.795
1586798905321,1193.795
1586798905321,1193.795
1586798905321,1193.795
1586798905321,1193.795
1586798905321,1193.795
1586798905321,1193.795
1586798905321,1193.795
1586798905321,1193.795
1586798905321,1193.795
1586798905321,1193.795
1586798905321,1193.795
1586798905321,1193.795
1586798905321,1193.795
1586798905321,1193.795
1586798905321,1193.795
1586798905321,1193.795
1586798905321,1193.795
1586798905321,1193.795
1586798905321,1193.795
1586799185213,1196.01
1586799199970,1195.925
1586799208504,1196.34
1586799208504,1196.34
1586799208504,1196.34
1586799208504,1196.34
1586799208504,1196.34
1586799208504,1196.34
1586799273011,1196.72
1586799273011,1196.72
1586799273011,1196.72
1586799273011,1196.72
1586799273011,1196.72
1586799273011,1196.72
1586799273011,1196.72
1586799273011,1196.72
1586799273011,1196.72
1586799273011,1196.72
1586799273011,1196.72
1586799273011,1196.72
1586799393982,1196.44
1586799393982,1196.44
1586799420097,1196.955
1586799427099,1197.1
1586799442714,1197.23
1586799442714,1197.23
1586799442714,1197.23
1586799442714,1197.23
1586799442714,1197.23
1586799442714,1197.23
1586799442714,1197.23
1586799442714,1197.23
1586799442714,1197.23
1586799442714,1197.23
1586799442714,1197.23
1586799442714,1197.23
1586799442714,1197.23
1586799442714,1197.23
1586799442714,1197.23
1586799442714,1197.23
1586799442714,1197.23
1586799442714,1197.23
1586799633661,1198.13
1586799633661,1198.13
1586799633661,1198.13
1586799662042,1197.62
1586799662042,1197.62
1586799662042,1197.62
1586799662042,1197.62
1586799700219,1198.26
1586799700219,1198.26
1586799700219,1198.26
1586799700219,1198.26
1586799700219,1198.26
1586799700219,1198.26
1586799700219,1198.26
1586799700219,1198.26
1586799700219,1198.26
1586799700219,1198.26
1586799700219,1198.26
1586799821486,1198.22
1586799824992,1198.15
1586799824992,1198.15
1586799824992,1198.15
1586799824992,1198.15
1586799824992,1198.15
1586799824992,1198.15
1586799824992,1198.15
1586799824992,1198.15
1586799824992,1198.15
1586799824992,1198.15
1586799932009,1198.095
1586799932009,1198.095
1586799960042,1198.31
1586799960042,1198.31
1586799960042,1198.31
1586799960042,1198.31
1586799960042,1198.31
1586800010671,1197.02
1586800010671,1197.02
1586800010671,1197.02
1586800010671,1197.02
1586800010671,1197.02
1586800010671,1197.02
1586800010671,1197.02
1586800010671,1197.02
1586800010671,1197.02
1586800010671,1197.02
1586800010671,1197.02
1586800129429,1197.06
1586800129429,1197.06
1586800129429,1197.06
1586800129429,1197.06
1586800129429,1197.06
1586800129429,1197.06
1586800129429,1197.06
1586800129429,1197.06
1586800129429,1197.06
1586800129429,1197.06
1586800129429,1197.06
1586800245864,1197.875
1586800245864,1197.875
1586800245864,1197.875
1586800245864,1197.875
1586800283475,1197.92
1586800298668,1197.875
1586800298668,1197.875
1586800298668,1197.875
1586800325599,1198.215
1586800325599,1198.215
1586800325599,1198.215
1586800325599,1198.215
1586800325599,1198.215
1586800325599,1198.215
1586800325599,1198.215
1586800325599,1198.215
1586800325599,1198.215
1586800325599,1198.215
1586800325599,1198.215
1586800325599,1198.215
1586800448681,1198.57
1586800448681,1198.57
1586800477936,1198.59
1586800477936,1198.59
1586800477936,1198.59
1586800505787,1199.395
1586800505787,1199.395
1586800505787,1199.395
1586800541287,1199.47
1586800541287,1199.47
1586800557964,1199.495
1586800557964,1199.495
1586800557964,1199.495
1586800557964,1199.495
1586800600781,1200.455
1586800600781,1200.455
1586800600781,1200.455
1586800600781,1200.455
1586800600781,1200.455
1586800600781,1200.455
1586800600781,1200.455
1586800600781,1200.455
1586800686619,1199.96
1586800686619,1199.96
1586800686619,1199.96
1586800686619,1199.96
1586800686619,1199.96
1586800686619,1199.96
1586800743492,1200.155
1586800743492,1200.155
1586800743492,1200.155
1586800743492,1200.155
1586800743492,1200.155
1586800743492,1200.155
1586800743492,1200.155
1586800743492,1200.155
1586800743492,1200.155
1586800849701,1200.025
1586800849701,1200.025
1586800869250,1200.76
1586800869250,1200.76
1586800869250,1200.76
1586800869250,1200.76
1586800869250,1200.76
1586800869250,1200.76
1586800869250,1200.76
1586800869250,1200.76
1586800869250,1200.76
1586800869250,1200.76
1586800975660,1200.5
1586800975660,1200.5
1586800975660,1200.5
1586801004057,1199.99
1586801004057,1199.99
1586801004057,1199.99
1586801004057,1199.99
1586801004057,1199.99
1586801004057,1199.99
1586801004057,1199.99
1586801004057,1199.99
1586801004057,1199.99
1586801004057,1199.99
1586801004057,1199.99
1586801004057,1199.99
1586801004057,1199.99
1586801141248,1200.735
1586801141248,1200.735
1586801141248,1200.735
1586801176758,1201.79
1586801176758,1201.79
1586801176758,1201.79
1586801176758,1201.79
1586801221811,1201.8
1586801225383,1201.59
1586801236072,1201.735
1586801236072,1201.735
1586801236072,1201.735
1586801236072,1201.735
1586801280845,1201.7
1586801280845,1201.7
1586801280845,1201.7
1586801280845,1201.7
1586801280845,1201.7
1586801280845,1201.7
1586801280845,1201.7
1586801280845,1201.7
1586801280845,1201.7
1586801280845,1201.7
1586801386821,1200.8
1586801386821,1200.8
1586801386821,1200.8
1586801386821,1200.8
1586801386821,1200.8
1586801441823,1200.54
1586801441823,1200.54
1586801441823,1200.54
1586801441823,1200.54
1586801480131,1200.53
1586801480131,1200.53
1586801480131,1200.53
1586801480131,1200.53
1586801523995,1200.44
1586801523995,1200.44
1586801523995,1200.44
1586801523995,1200.44
1586801523995,1200.44
1586801573021,1199.98
1586801573021,1199.98
1586801573021,1199.98
1586801573021,1199.98
1586801573021,1199.98
1586801573021,1199.98
1586801573021,1199.98
1586801573021,1199.98
1586801658568,1198.54
1586801658568,1198.54
1586801658568,1198.54
1586801658568,1198.54
1586801658568,1198.54
1586801658568,1198.54
1586801658568,1198.54
1586801658568,1198.54
1586801658568,1198.54
1586801658568,1198.54
1586801658568,1198.54
1586801658568,1198.54
1586801658568,1198.54
1586801798945,1198.55
1586801798945,1198.55
1586801822287,1198.665
1586801822287,1198.665
1586801822287,1198.665
1586801822287,1198.665
1586801822287,1198.665
1586801822287,1198.665
1586801822287,1198.665
1586801822287,1198.665
1586801822287,1198.665
1586801822287,1198.665
1586801822287,1198.665
1586801822287,1198.665
1586801822287,1198.665
1586801956906,1199.13
1586801956906,1199.13
1586801984210,1199.6
1586801988790,1199.87
1586801988790,1199.87
1586801988790,1199.87
1586802023203,1199.07
1586802023203,1199.07
1586802023203,1199.07
1586802023203,1199.07
1586802061581,1199.37
1586802061581,1199.37
1586802061581,1199.37
1586802061581,1199.37
1586802061581,1199.37
1586802061581,1199.37
1586802061581,1199.37
1586802143206,1197.69
1586802143206,1197.69
1586802143206,1197.69
1586802172846,1197.95
1586802172846,1197.95
1586802172846,1197.95
1586802200614,1197.56
1586802200614,1197.56
1586802200614,1197.56
1586802200614,1197.56
1586802239747,1197.74
1586802254915,1197.1
1586802254915,1197.1
1586802254915,1197.1
1586802254915,1197.1
1586802254915,1197.1
1586802254915,1197.1
1586802254915,1197.1
1586802331561,1197.88
1586802331561,1197.88
1586802331561,1197.88
1586802331561,1197.88
1586802331561,1197.88
1586802385406,1196.7
1586802385406,1196.7
1586802385406,1196.7
1586802385406,1196.7
1586802385406,1196.7
1586802385406,1196.7
1586802385406,1196.7
1586802385406,1196.7
1586802385406,1196.7
1586802385406,1196.7
1586802385406,1196.7
1586802385406,1196.7
1586802385406,1196.7
1586802385406,1196.7
1586802385406,1196.7
1586802538151,1197.92
1586802538151,1197.92
1586802538151,1197.92
1586802538151,1197.92
1586802588446,1197.915
1586802588446,1197.915
1586802588446,1197.915
1586802618826,1197.93
1586802618826,1197.93
1586802618826,1197.93
1586802618826,1197.93
1586802618826,1197.93
1586802618826,1197.93
1586802618826,1197.93
1586802618826,1197.93
1586802618826,1197.93
1586802618826,1197.93
1586802720775,1199.11
1586802720775,1199.11
1586802720775,1199.11
1586802720775,1199.11
1586802720775,1199.11
1586802773077,1199.205
1586802786146,1199.205
1586802786146,1199.205
1586802810436,1199.38
1586802813310,1199.86
1586802813310,1199.86
1586802813310,1199.86
1586802845343,1199.92
1586802845343,1199.92
1586802845343,1199.92
1586802845343,1199.92
1586802845343,1199.92
1586802845343,1199.92
1586802845343,1199.92
1586802924052,1199.12
1586802924052,1199.12
1586802924052,1199.12
1586802950970,1198.25
1586802950970,1198.25
1586802977829,1198.77
1586802977829,1198.77
1586802977829,1198.77
1586802977829,1198.77
1586802977829,1198.77
1586803026026,1199.09
1586803026026,1199.09
1586803047028,1198.72
1586803047028,1198.72
1586803070723,1199.035
1586803070723,1199.035
1586803070723,1199.035
1586803070723,1199.035
1586803070723,1199.035
1586803070723,1199.035
1586803070723,1199.035
1586803144143,1199.13
1586803144143,1199.13
1586803144143,1199.13
1586803144143,1199.13
1586803144143,1199.13
1586803144143,1199.13
1586803144143,1199.13
1586803144143,1199.13
1586803144143,1199.13
1586803144143,1199.13
1586803144143,1199.13
1586803144143,1199.13
1586803267063,1198.82
1586803267063,1198.82
1586803267063,1198.82
1586803267063,1198.82
1586803267063,1198.82
1586803267063,1198.82
1586803267063,1198.82
1586803267063,1198.82
1586803358911,1197.83
1586803367002,1198
1586803367002,1198
1586803367002,1198
1586803367002,1198
1586803367002,1198
1586803367002,1198
1586803367002,1198
1586803367002,1198
1586803448253,1197.21
1586803448253,1197.21
1586803448253,1197.21
1586803448253,1197.21
1586803448253,1197.21
1586803448253,1197.21
1586803448253,1197.21
1586803448253,1197.21
1586803448253,1197.21
1586803548238,1198.61
1586803548238,1198.61
1586803566772,1198.235
1586803566772,1198.235
1586803566772,1198.235
1586803566772,1198.235
1586803566772,1198.235
1586803566772,1198.235
1586803566772,1198.235
1586803566772,1198.235
1586803566772,1198.235
1586803663488,1197.66
1586803663488,1197.66
1586803663488,1197.66
1586803663488,1197.66
1586803663488,1197.66
1586803663488,1197.66
1586803663488,1197.66
1586803663488,1197.66
1586803663488,1197.66
1586803762705,1199.45
1586803762705,1199.45
1586803762705,1199.45
1586803762705,1199.45
1586803799612,1198.89
1586803799612,1198.89
1586803799612,1198.89
1586803799612,1198.89
1586803844826,1199.265
1586803844826,1199.265
1586803844826,1199.265
1586803873233,1199.32
1586803873233,1199.32
1586803873233,1199.32
1586803873233,1199.32
1586803916732,1199.265
1586803934071,1198.83
1586803938146,1198.815
1586803938146,1198.815
1586803938146,1198.815
1586803972113,1198.825
1586803972113,1198.825
1586803994146,1198.6
1586803994146,1198.6
1586803994146,1198.6
1586804027422,1198.095
1586804035554,1198.145
1586804035554,1198.145
1586804055783,1198.345
1586804055783,1198.345
1586804055783,1198.345
1586804055783,1198.345
1586804055783,1198.345
1586804055783,1198.345
1586804055783,1198.345
1586804055783,1198.345
1586804055783,1198.345
1586804055783,1198.345
1586804055783,1198.345
1586804055783,1198.345
1586804182403,1198.63
1586804182403,1198.63
1586804182403,1198.63
1586804182403,1198.63
1586804182403,1198.63
1586804234683,1198.72
1586804234683,1198.72
1586804234683,1198.72
1586804234683,1198.72
1586804234683,1198.72
1586804234683,1198.72
1586804234683,1198.72
1586804312724,1198.78
1586804318703,1198.68
1586804318703,1198.68
1586804318703,1198.68
1586804351670,1199.29
1586804351670,1199.29
1586804351670,1199.29
1586804351670,1199.29
1586804351670,1199.29
