1587389461048,2397.16
1587389472419,2395.29
1587389483368,2391.32
1587389483368,2391.32
1587389503569,2394.72
1587389503569,2394.72
1587389519030,2402.98
1587389529334,2408.37
1587389538224,2408.72
1587389538224,2408.72
1587389538224,2408.72
1587389571744,2412.26
1587389585408,2413.255
1587389599265,2412.5
1587389601481,2412.51
1587389617475,2421.01
1587389629779,2422.49
1587389639402,2422.07
1587389650815,2420.47
1587389656215,2422.87
1587389668592,2421.8
1587389668592,2421.8
1587389668592,2421.8
1587389697545,2423.43
1587389706516,2417.58
1587389725777,2420.705
1587389733093,2421.83
1587389746051,2423.5
1587389756121,2426.34
1587389763625,2426.34
1587389777031,2427.47
1587389778498,2427.72
1587389778498,2427.72
1587389807744,2438.68
1587389816624,2441.16
1587389824594,2441.06
1587389838877,2443.6
1587389847913,2436.26
1587389847913,2436.26
1587389867210,2439.9
1587389880625,2437.55
1587389892463,2442.99
1587389892463,2442.99
1587389909684,2437.06
1587389909684,2437.06
1587389909684,2437.06
1587389909684,2437.06
1587389909684,2437.06
1587389965992,2431
1587389965992,2431
1587389965992,2431
1587389999601,2423.445
1587390000158,2423.47
1587390018116,2424.44
1587390018116,2424.44
1587390038598,2421.5
1587390047712,2423.31
1587390047712,2423.31
1587390067341,2426.13
1587390067341,2426.13
1587390088969,2428.47
1587390088969,2428.47
1587390113410,2423.045
1587390117753,2424.36
1587390117753,2424.36
1587390140519,2425.115
1587390140519,2425.115
1587390140519,2425.115
1587390168235,2421.56
1587390187872,2418.3
1587390193041,2416.74
1587390201633,2412.855
1587390201633,2412.855
1587390201633,2412.855
1587390236824,2415.5
1587390236824,2415.5
1587390236824,2415.5
1587390236824,2415.5
1587390279467,2415.235
1587390289098,2408.46
1587390295976,2405.14
1587390303791,2411.33
1587390322491,2412.285
1587390322491,2412.285
1587390341196,2411.5
1587390349991,2412.01
1587390365716,2417.43
1587390369500,2416.87
1587390369500,2416.87
1587390369500,2416.87
1587390405209,2411.49
1587390405209,2411.49
1587390429562,2412.14
1587390429562,2412.14
1587390429562,2412.14
1587390462087,2419.1
1587390462087,2419.1
1587390462087,2419.1
1587390462087,2419.1
1587390497429,2416.62
1587390497429,2416.62
1587390521381,2418.3
1587390521381,2418.3
1587390537802,2419.745
1587390537802,2419.745
1587390568356,2417
1587390575038,2414.36
1587390588678,2412.97
1587390597014,2413.3
1587390604182,2414.615
1587390604182,2414.615
1587390604182,2414.615
1587390604182,2414.615
1587390642386,2414.62
1587390642386,2414.62
1587390642386,2414.62
1587390683504,2413.17
1587390692555,2413.175
1587390692555,2413.175
1587390715009,2407.315
1587390720242,2407.34
1587390736205,2407.07
1587390737517,2407.42
1587390751206,2403.2
1587390751206,2403.2
1587390751206,2403.2
1587390788121,2408.19
1587390788121,2408.19
1587390788121,2408.19
1587390788121,2408.19
1587390788121,2408.19
1587390788121,2408.19
1587390788121,2408.19
1587390861657,2400.82
1587390861657,2400.82
1587390881148,2399.4
1587390892519,2397.96
1587390896644,2398
1587390896644,2398
1587390918240,2401.94
1587390918240,2401.94
1587390918240,2401.94
1587390949896,2403.64
1587390964113,2400.9
1587390964113,2400.9
1587390964113,2400.9
1587390995740,2402.21
1587390995740,2402.21
1587390995740,2402.21
1587391022078,2396.34
1587391034844,2393.915
1587391047213,2394.57
1587391047213,2394.57
1587391047213,2394.57
1587391047213,2394.57
1587391086860,2393.34
1587391086860,2393.34
1587391113085,2394.03
1587391120975,2394.2
1587391129310,2395.1
1587391139143,2395.05
1587391139143,2395.05
1587391139143,2395.05
1587391139143,2395.05
1587391177196,2395.505
1587391190507,2397.98
1587391204212,2398.92
1587391204212,2398.92
1587391218343,2401.76
1587391231419,2402.03
1587391231419,2402.03
1587391256339,2402
1587391267652,2401.505
1587391267652,2401.505
1587391267652,2401.505
1587391267652,2401.505
1587391306421,2404.005
1587391322018,2405.07
1587391333676,2408.46
1587391334711,2408.385
1587391352745,2409.09
1587391361348,2408.455
1587391373164,2407.4
1587391373164,2407.4
1587391388410,2407.78
1587391406019,2408.52
1587391416078,2409.585
1587391425804,2409.86
1587391425804,2409.86
1587391445861,2409.28
1587391457266,2409.005
1587391457266,2409.005
1587391457266,2409.005
1587391487065,2406.01
1587391487065,2406.01
1587391487065,2406.01
1587391487065,2406.01
1587391487065,2406.01
1587391537802,2404.18
1587391537802,2404.18
1587391559446,2407.035
1587391559446,2407.035
1587391585208,2405.23
1587391585208,2405.23
1587391585208,2405.23
1587391616444,2404.51
1587391616444,2404.51
1587391632475,2404.27
1587391632475,2404.27
1587391651423,2402.3
1587391668577,2400.98
1587391668577,2400.98
1587391681261,2400.43
1587391681261,2400.43
1587391681261,2400.43
1587391681261,2400.43
1587391681261,2400.43
1587391681261,2400.43
1587391681261,2400.43
1587391681261,2400.43
1587391767924,2401.45
1587391767924,2401.45
1587391795276,2401.45
1587391795276,2401.45
1587391815133,2405.59
1587391817317,2406.52
1587391817317,2406.52
1587391817317,2406.52
1587391856379,2406.92
1587391856379,2406.92
1587391856379,2406.92
1587391856379,2406.92
1587391856379,2406.92
1587391856379,2406.92
1587391913976,2408.045
1587391913976,2408.045
1587391939801,2408.36
1587391951879,2408.075
1587391951879,2408.075
1587391951879,2408.075
1587391951879,2408.075
1587391986512,2408.795
1587391986512,2408.795
1587391986512,2408.795
1587391986512,2408.795
1587392032164,2416.11
1587392032164,2416.11
1587392055771,2414.07
1587392055771,2414.07
1587392055771,2414.07
1587392055771,2414.07
1587392055771,2414.07
1587392055771,2414.07
1587392055771,2414.07
1587392122893,2413.22
1587392122893,2413.22
1587392122893,2413.22
1587392122893,2413.22
1587392169484,2411.5
1587392169484,2411.5
1587392169484,2411.5
1587392169484,2411.5
1587392169484,2411.5
1587392169484,2411.5
1587392169484,2411.5
1587392169484,2411.5
1587392251704,2415.44
1587392251704,2415.44
1587392275966,2413.5
1587392287245,2413.31
1587392287245,2413.31
1587392287245,2413.31
1587392287245,2413.31
1587392287245,2413.31
1587392335578,2411.83
1587392335578,2411.83
1587392335578,2411.83
1587392335578,2411.83
1587392335578,2411.83
1587392335578,2411.83
1587392335578,2411.83
1587392335578,2411.83
1587392335578,2411.83
1587392435011,2411.06
1587392435011,2411.06
1587392435011,2411.06
1587392461226,2409.08
1587392461226,2409.08
1587392461226,2409.08
1587392461226,2409.08
1587392461226,2409.08
1587392461226,2409.08
1587392524747,2411.59
1587392524747,2411.59
1587392524747,2411.59
1587392524747,2411.59
1587392524747,2411.59
1587392580752,2411.09
1587392586862,2410.03
1587392586862,2410.03
1587392586862,2410.03
1587392586862,2410.03
1587392586862,2410.03
1587392586862,2410.03
1587392659146,2413.6
1587392659146,2413.6
1587392659146,2413.6
1587392659146,2413.6
1587392659146,2413.6
1587392659146,2413.6
1587392659146,2413.6
1587392727831,2419.55
1587392739079,2417.93
1587392739079,2417.93
1587392739079,2417.93
1587392739079,2417.93
1587392739079,2417.93
1587392739079,2417.93
1587392739079,2417.93
1587392739079,2417.93
1587392739079,2417.93
1587392835520,2421
1587392848748,2421
1587392848748,2421
1587392848748,2421
1587392848748,2421
1587392888738,2418.5
1587392888738,2418.5
1587392912345,2418
1587392912345,2418
1587392912345,2418
1587392912345,2418
1587392912345,2418
1587392912345,2418
1587392969970,2419.565
1587392969970,2419.565
1587392969970,2419.565
1587392969970,2419.565
1587392969970,2419.565
1587392969970,2419.565
1587392969970,2419.565
1587392969970,2419.565
1587393056563,2415.25
1587393056563,2415.25
1587393056563,2415.25
1587393056563,2415.25
1587393056563,2415.25
1587393056563,2415.25
1587393056563,2415.25
1587393056563,2415.25
1587393056563,2415.25
1587393150450,2419.35
1587393150450,2419.35
1587393150450,2419.35
1587393150450,2419.35
1587393193591,2420.585
1587393197872,2421.51
1587393208919,2420.81
1587393208919,2420.81
1587393208919,2420.81
1587393245053,2421.33
1587393245053,2421.33
1587393263546,2420.73
1587393263546,2420.73
1587393263546,2420.73
1587393295104,2421.02
1587393295104,2421.02
1587393295104,2421.02
1587393295104,2421.02
1587393295104,2421.02
1587393346076,2419.23
1587393346076,2419.23
1587393346076,2419.23
1587393382493,2418.2
1587393382493,2418.2
1587393399529,2420.22
1587393412468,2419.86
1587393423340,2421.98
1587393423340,2421.98
1587393445903,2424.03
1587393454871,2424
1587393462198,2425
1587393462198,2425
1587393462198,2425
1587393462198,2425
1587393462198,2425
1587393462198,2425
1587393462198,2425
1587393534444,2422.84
1587393534444,2422.84
1587393534444,2422.84
1587393534444,2422.84
1587393534444,2422.84
1587393534444,2422.84
1587393534444,2422.84
1587393534444,2422.84
1587393534444,2422.84
1587393534444,2422.84
1587393645504,2420.96
1587393645504,2420.96
1587393662316,2421.19
1587393662316,2421.19
1587393662316,2421.19
1587393691337,2420.67
1587393706424,2419.61
1587393706424,2419.61
1587393706424,2419.61
1587393739921,2421.4
1587393739921,2421.4
1587393754791,2421.93
1587393771374,2422.965
1587393774200,2423.07
1587393793399,2424.45
1587393798087,2424.92
1587393798087,2424.92
1587393798087,2424.92
1587393832790,2427.63
1587393836435,2427.065
1587393836435,2427.065
1587393836435,2427.065
1587393836435,2427.065
1587393836435,2427.065
1587393836435,2427.065
1587393909439,2426.06
1587393913880,2426.06
1587393924104,2424.39
1587393924104,2424.39
1587393948300,2427
1587393948300,2427
1587393948300,2427
1587393948300,2427
1587393948300,2427
1587393948300,2427
1587393948300,2427
1587393948300,2427
1587394029275,2431.98
1587394047598,2431.215
1587394047598,2431.215
1587394067747,2429
1587394067747,2429
1587394067747,2429
1587394067747,2429
1587394067747,2429
1587394067747,2429
1587394067747,2429
1587394067747,2429
1587394067747,2429
1587394161480,2429.495
1587394161480,2429.495
1587394161480,2429.495
1587394161480,2429.495
1587394161480,2429.495
1587394161480,2429.495
1587394161480,2429.495
1587394161480,2429.495
1587394161480,2429.495
1587394161480,2429.495
1587394161480,2429.495
1587394161480,2429.495
1587394161480,2429.495
1587394295252,2428.005
1587394306491,2427.07
1587394306491,2427.07
1587394306491,2427.07
1587394306491,2427.07
1587394306491,2427.07
1587394306491,2427.07
1587394306491,2427.07
1587394306491,2427.07
1587394306491,2427.07
1587394306491,2427.07
1587394306491,2427.07
1587394423212,2426.82
1587394423212,2426.82
1587394441363,2423.26
1587394441363,2423.26
1587394464490,2420.28
1587394479457,2421.245
1587394484304,2421.07
1587394491332,2421.46
1587394510209,2420.75
1587394510209,2420.75
1587394510209,2420.75
1587394535959,2420.05
1587394535959,2420.05
1587394535959,2420.05
1587394535959,2420.05
1587394535959,2420.05
1587394535959,2420.05
1587394535959,2420.05
1587394535959,2420.05
1587394535959,2420.05
1587394535959,2420.05
1587394535959,2420.05
1587394657835,2419.13
1587394657835,2419.13
1587394657835,2419.13
1587394657835,2419.13
1587394657835,2419.13
1587394657835,2419.13
1587394657835,2419.13
1587394730604,2416.03
1587394737280,2416.175
1587394737280,2416.175
1587394755390,2417.71
1587394755390,2417.71
1587394755390,2417.71
1587394755390,2417.71
1587394755390,2417.71
1587394816173,2421.53
1587394820242,2421.29
1587394820242,2421.29
1587394843588,2422.945
1587394843588,2422.945
1587394843588,2422.945
1587394843588,2422.945
1587394843588,2422.945
1587394896911,2425.085
1587394896911,2425.085
1587394918880,2424.9
1587394930010,2425.755
1587394930010,2425.755
1587394930010,2425.755
1587394930010,2425.755
1587394930010,2425.755
1587394983787,2426.075
1587394983787,2426.075
1587394983787,2426.075
1587394983787,2426.075
1587394983787,2426.075
1587394983787,2426.075
1587394983787,2426.075
1587394983787,2426.075
1587394983787,2426.075
1587395077853,2424.665
1587395077853,2424.665
1587395077853,2424.665
1587395109590,2424.03
1587395109590,2424.03
1587395109590,2424.03
1587395109590,2424.03
1587395109590,2424.03
1587395159462,2425.065
1587395159462,2425.065
1587395159462,2425.065
1587395191067,2429.17
1587395191067,2429.17
1587395191067,2429.17
1587395191067,2429.17
1587395191067,2429.17
1587395191067,2429.17
1587395250548,2427.51
1587395262906,2427.86
1587395276074,2428.53
1587395276074,2428.53
1587395276074,2428.53
1587395276074,2428.53
1587395276074,2428.53
1587395276074,2428.53
1587395276074,2428.53
1587395345708,2427.785
1587395345708,2427.785
1587395345708,2427.785
1587395345708,2427.785
1587395345708,2427.785
1587395345708,2427.785
1587395345708,2427.785
1587395345708,2427.785
1587395425996,2429.33
1587395425996,2429.33
1587395425996,2429.33
1587395460234,2427.79
1587395460234,2427.79
1587395460234,2427.79
1587395494574,2428.01
1587395494574,2428.01
1587395518254,2425.21
1587395527481,2424.855
1587395527481,2424.855
1587395527481,2424.855
1587395527481,2424.855
1587395567191,2424.26
1587395583316,2424.75
1587395583316,2424.75
1587395583316,2424.75
1587395583316,2424.75
1587395617381,2423.565
1587395617381,2423.565
1587395617381,2423.565
1587395617381,2423.565
1587395617381,2423.565
1587395617381,2423.565
1587395685790,2420.76
1587395685790,2420.76
1587395685790,2420.76
1587395713486,2419.37
1587395713486,2419.37
1587395713486,2419.37
1587395713486,2419.37
1587395713486,2419.37
1587395713486,2419.37
1587395779484,2417.81
1587395779484,2417.81
1587395803960,2415.12
1587395814175,2415.08
1587395814175,2415.08
1587395833370,2413.53
1587395843646,2414.035
1587395849048,2413.32
1587395849048,2413.32
1587395874618,2415.21
1587395874618,2415.21
1587395874618,2415.21
1587395874618,2415.21
1587395874618,2415.21
1587395874618,2415.21
1587395874618,2415.21
1587395874618,2415.21
1587395874618,2415.21
1587395874618,2415.21
1587395874618,2415.21
1587395989664,2418.88
1587395989664,2418.88
1587395989664,2418.88
1587395989664,2418.88
1587395989664,2418.88
1587395989664,2418.88
1587395989664,2418.88
1587395989664,2418.88
1587395989664,2418.88
1587396088769,2421.24
1587396088769,2421.24
1587396088769,2421.24
1587396088769,2421.24
1587396088769,2421.24
1587396140219,2424.065
1587396142352,2424.25
1587396142352,2424.25
1587396142352,2424.25
1587396142352,2424.25
1587396142352,2424.25
1587396142352,2424.25
1587396142352,2424.25
1587396142352,2424.25
1587396142352,2424.25
1587396142352,2424.25
1587396142352,2424.25
1587396259670,2423.31
1587396259670,2423.31
1587396282447,2423.62
1587396282447,2423.62
1587396282447,2423.62
1587396282447,2423.62
1587396327059,2423.435
1587396327059,2423.435
1587396327059,2423.435
1587396327059,2423.435
1587396364298,2423.68
1587396364298,2423.68
1587396364298,2423.68
1587396364298,2423.68
1587396364298,2423.68
1587396364298,2423.68
1587396364298,2423.68
1587396364298,2423.68
1587396364298,2423.68
1587396364298,2423.68
1587396364298,2423.68
1587396364298,2423.68
1587396489563,2418.35
1587396489563,2418.35
1587396489563,2418.35
1587396489563,2418.35
1587396489563,2418.35
1587396489563,2418.35
1587396489563,2418.35
1587396566225,2420.69
1587396566225,2420.69
1587396566225,2420.69
1587396566225,2420.69
1587396566225,2420.69
1587396566225,2420.69
1587396566225,2420.69
1587396566225,2420.69
1587396650120,2418.38
1587396650120,2418.38
1587396650120,2418.38
1587396650120,2418.38
1587396698593,2419.025
1587396698593,2419.025
1587396698593,2419.025
1587396729074,2418.73
1587396729074,2418.73
1587396729074,2418.73
1587396729074,2418.73
1587396729074,2418.73
1587396729074,2418.73
1587396729074,2418.73
1587396729074,2418.73
1587396729074,2418.73
1587396816326,2419.76
1587396829133,2419.09
1587396829133,2419.09
1587396829133,2419.09
1587396829133,2419.09
1587396829133,2419.09
1587396829133,2419.09
1587396829133,2419.09
1587396829133,2419.09
1587396829133,2419.09
1587396829133,2419.09
1587396829133,2419.09
1587396948843,2424.78
1587396959839,2424.34
1587396959839,2424.34
1587396959839,2424.34
1587396959839,2424.34
1587396997290,2425.005
1587397010929,2424.415
1587397024197,2424.41
1587397024197,2424.41
1587397024197,2424.41
1587397024197,2424.41
1587397061502,2424.455
1587397061502,2424.455
1587397091044,2422.83
1587397092905,2422.955
1587397092905,2422.955
1587397092905,2422.955
1587397092905,2422.955
1587397092905,2422.955
1587397092905,2422.955
1587397156185,2425.98
1587397156185,2425.98
1587397156185,2425.98
1587397156185,2425.98
1587397200951,2426.255
1587397211368,2426.595
1587397211368,2426.595
1587397211368,2426.595
1587397211368,2426.595
1587397211368,2426.595
1587397211368,2426.595
1587397211368,2426.595
1587397211368,2426.595
1587397211368,2426.595
1587397211368,2426.595
1587397211368,2426.595
1587397211368,2426.595
1587397211368,2426.595
1587397211368,2426.595
1587397211368,2426.595
1587397211368,2426.595
1587397211368,2426.595
1587397211368,2426.595
1587397211368,2426.595
1587397211368,2426.595
1587397211368,2426.595
1587397211368,2426.595
1587397211368,2426.595
1587397450544,2425.26
1587397450544,2425.26
1587397450544,2425.26
1587397450544,2425.26
1587397450544,2425.26
1587397450544,2425.26
1587397521278,2425.095
1587397525205,2425.095
1587397525205,2425.095
1587397525205,2425.095
1587397525205,2425.095
1587397525205,2425.095
1587397525205,2425.095
1587397525205,2425.095
1587397525205,2425.095
1587397525205,2425.095
1587397525205,2425.095
1587397525205,2425.095
1587397525205,2425.095
1587397525205,2425.095
1587397525205,2425.095
1587397525205,2425.095
1587397683324,2422.56
1587397683324,2422.56
1587397700829,2423.005
1587397700829,2423.005
1587397700829,2423.005
1587397700829,2423.005
1587397700829,2423.005
1587397700829,2423.005
1587397700829,2423.005
1587397700829,2423.005
1587397700829,2423.005
1587397801538,2423.91
1587397806347,2424.04
1587397806347,2424.04
1587397806347,2424.04
1587397806347,2424.04
1587397806347,2424.04
1587397806347,2424.04
1587397806347,2424.04
1587397806347,2424.04
1587397806347,2424.04
1587397806347,2424.04
1587397806347,2424.04
1587397806347,2424.04
1587397806347,2424.04
1587397944140,2423.165
1587397944140,2423.165
1587397944140,2423.165
1587397944140,2423.165
1587397944140,2423.165
1587397944140,2423.165
1587397944140,2423.165
1587397944140,2423.165
1587397944140,2423.165
1587398042672,2423.725
1587398056388,2423.705
1587398067475,2421.82
1587398075384,2421.805
1587398085088,2421.8
1587398088783,2421.79
1587398088783,2421.79
1587398088783,2421.79
1587398088783,2421.79
1587398088783,2421.79
1587398088783,2421.79
1587398088783,2421.79
1587398162295,2422.31
1587398162295,2422.31
1587398162295,2422.31
1587398162295,2422.31
1587398162295,2422.31
1587398162295,2422.31
1587398162295,2422.31
1587398162295,2422.31
1587398162295,2422.31
1587398162295,2422.31
1587398162295,2422.31
1587398162295,2422.31
1587398162295,2422.31
1587398162295,2422.31
1587398162295,2422.31
1587398162295,2422.31
1587398329850,2423.34
1587398345691,2424.06
1587398345691,2424.06
1587398345691,2424.06
1587398379527,2426.29
1587398379527,2426.29
1587398379527,2426.29
1587398412342,2425.31
1587398412342,2425.31
1587398412342,2425.31
1587398412342,2425.31
1587398412342,2425.31
1587398412342,2425.31
1587398412342,2425.31
1587398412342,2425.31
1587398412342,2425.31
1587398412342,2425.31
1587398517770,2423.605
1587398517770,2423.605
1587398517770,2423.605
1587398517770,2423.605
1587398517770,2423.605
1587398517770,2423.605
1587398517770,2423.605
1587398590131,2421.52
1587398590131,2421.52
1587398590131,2421.52
1587398590131,2421.52
1587398590131,2421.52
1587398644448,2423.12
1587398650290,2422.15
1587398650290,2422.15
1587398650290,2422.15
1587398650290,2422.15
1587398650290,2422.15
1587398650290,2422.15
1587398650290,2422.15
1587398650290,2422.15
1587398650290,2422.15
1587398743295,2421.88
1587398743295,2421.88
1587398774117,2422.89
1587398774117,2422.89
1587398774117,2422.89
1587398774117,2422.89
1587398808555,2421.48
1587398808555,2421.48
1587398808555,2421.48
1587398808555,2421.48
1587398848913,2420.85
1587398848913,2420.85
1587398848913,2420.85
1587398848913,2420.85
1587398848913,2420.85
1587398848913,2420.85
1587398848913,2420.85
1587398848913,2420.85
1587398848913,2420.85
1587398848913,2420.85
1587398848913,2420.85
1587398848913,2420.85
1587398848913,2420.85
1587398848913,2420.85
1587398848913,2420.85
1587398848913,2420.85
1587398848913,2420.85
1587398848913,2420.85
1587398848913,2420.85
1587398848913,2420.85
1587398848913,2420.85
1587398848913,2420.85
1587398848913,2420.85
1587399098188,2421.725
1587399098188,2421.725
1587399098188,2421.725
1587399098188,2421.725
1587399098188,2421.725
1587399098188,2421.725
1587399153810,2421.335
1587399153810,2421.335
1587399153810,2421.335
1587399153810,2421.335
1587399203854,2421.11
1587399203854,2421.11
1587399203854,2421.11
1587399203854,2421.11
1587399203854,2421.11
1587399248815,2420.13
1587399259032,2419.54
1587399259032,2419.54
1587399287231,2419.08
1587399296496,2419.08
1587399296496,2419.08
1587399296496,2419.08
1587399296496,2419.08
1587399296496,2419.08
1587399296496,2419.08
1587399296496,2419.08
1587399296496,2419.08
1587399296496,2419.08
1587399391846,2419.61
1587399391846,2419.61
1587399391846,2419.61
1587399391846,2419.61
1587399391846,2419.61
1587399391846,2419.61
1587399391846,2419.61
1587399391846,2419.61
1587399391846,2419.61
1587399391846,2419.61
1587399498033,2418.675
1587399498033,2418.675
1587399513971,2418.15
1587399513971,2418.15
1587399513971,2418.15
1587399513971,2418.15
1587399513971,2418.15
1587399513971,2418.15
1587399513971,2418.15
1587399513971,2418.15
1587399513971,2418.15
1587399513971,2418.15
1587399513971,2418.15
1587399634709,2416.895
1587399641706,2417.84
1587399652217,2416.61
1587399652217,2416.61
1587399652217,2416.61
1587399652217,2416.61
1587399652217,2416.61
1587399652217,2416.61
1587399652217,2416.61
1587399720752,2417.48
1587399741392,2417.51
1587399741392,2417.51
1587399741392,2417.51
1587399741392,2417.51
1587399741392,2417.51
1587399741392,2417.51
1587399801120,2418.1
1587399801120,2418.1
1587399824422,2419.54
1587399824422,2419.54
1587399824422,2419.54
1587399824422,2419.54
1587399824422,2419.54
1587399824422,2419.54
1587399824422,2419.54
1587399824422,2419.54
1587399824422,2419.54
1587399824422,2419.54
1587399824422,2419.54
1587399824422,2419.54
1587399824422,2419.54
1587399824422,2419.54
1587399824422,2419.54
1587399824422,2419.54
1587399824422,2419.54
1587400002427,2420.395
1587400002427,2420.395
1587400002427,2420.395
1587400002427,2420.395
1587400002427,2420.395
1587400002427,2420.395
1587400002427,2420.395
1587400002427,2420.395
1587400002427,2420.395
1587400002427,2420.395
1587400002427,2420.395
1587400002427,2420.395
1587400002427,2420.395
1587400002427,2420.395
1587400142691,2419.245
1587400142691,2419.245
1587400142691,2419.245
1587400181005,2418.73
1587400181005,2418.73
1587400197451,2419.09
1587400211762,2418.815
1587400224664,2420.05
1587400230190,2419.7
1587400230190,2419.7
1587400230190,2419.7
1587400230190,2419.7
1587400276137,2420.14
1587400276137,2420.14
1587400276137,2420.14
1587400276137,2420.14
1587400276137,2420.14
1587400276137,2420.14
1587400332471,2418.23
1587400332471,2418.23
1587400360871,2418.93
1587400360871,2418.93
1587400360871,2418.93
1587400360871,2418.93
1587400360871,2418.93
1587400360871,2418.93
1587400360871,2418.93
1587400360871,2418.93
1587400360871,2418.93
1587400360871,2418.93
1587400360871,2418.93
1587400468453,2417.76
1587400468453,2417.76
1587400468453,2417.76
1587400507399,2418.23
1587400507399,2418.23
1587400507399,2418.23
1587400507399,2418.23
1587400507399,2418.23
1587400507399,2418.23
1587400507399,2418.23
1587400507399,2418.23
1587400507399,2418.23
1587400507399,2418.23
1587400507399,2418.23
1587400507399,2418.23
1587400507399,2418.23
1587400507399,2418.23
1587400507399,2418.23
1587400658981,2418.55
1587400658981,2418.55
1587400658981,2418.55
1587400687407,2418.56
1587400687407,2418.56
1587400687407,2418.56
1587400726171,2420.135
1587400726171,2420.135
1587400726171,2420.135
1587400726171,2420.135
1587400726171,2420.135
1587400726171,2420.135
1587400726171,2420.135
1587400726171,2420.135
1587400804008,2418.92
1587400817496,2418.87
1587400834178,2418.84
1587400837691,2418.635
1587400837691,2418.635
1587400837691,2418.635
1587400872526,2418.38
1587400872526,2418.38
1587400893389,2419.1
1587400893389,2419.1
1587400893389,2419.1
1587400893389,2419.1
1587400893389,2419.1
1587400893389,2419.1
1587400893389,2419.1
1587400893389,2419.1
1587400981649,2417.88
1587400981649,2417.88
1587400981649,2417.88
1587400981649,2417.88
1587400981649,2417.88
1587400981649,2417.88
1587400981649,2417.88
1587400981649,2417.88
1587400981649,2417.88
1587401071019,2417.4
1587401090190,2416.58
1587401090930,2416.55
1587401105772,2417.31
1587401105772,2417.31
1587401105772,2417.31
1587401136934,2417.73
1587401136934,2417.73
1587401158568,2416.955
1587401158568,2416.955
1587401158568,2416.955
1587401158568,2416.955
1587401158568,2416.955
1587401207386,2417.035
1587401207386,2417.035
1587401207386,2417.035
1587401207386,2417.035
1587401207386,2417.035
1587401264961,2418.77
1587401264961,2418.77
1587401285546,2418.065
1587401285546,2418.065
1587401285546,2418.065
1587401317141,2419.85
1587401317141,2419.85
1587401317141,2419.85
1587401317141,2419.85
1587401317141,2419.85
1587401317141,2419.85
1587401377424,2419.35
1587401377424,2419.35
1587401402492,2418.86
1587401402492,2418.86
1587401402492,2418.86
1587401428584,2417.44
1587401438416,2417.445
1587401438416,2417.445
1587401464049,2418.065
1587401470510,2417.705
1587401489488,2417.9
1587401489488,2417.9
1587401489488,2417.9
1587401489488,2417.9
1587401489488,2417.9
1587401489488,2417.9
1587401489488,2417.9
1587401489488,2417.9
1587401570417,2418.63
1587401584544,2418.27
1587401589440,2418.265
1587401589440,2418.265
1587401589440,2418.265
1587401589440,2418.265
1587401589440,2418.265
1587401589440,2418.265
1587401589440,2418.265
1587401589440,2418.265
1587401589440,2418.265
1587401589440,2418.265
1587401589440,2418.265
1587401589440,2418.265
1587401717899,2418.755
1587401717899,2418.755
1587401717899,2418.755
1587401747726,2418.925
1587401758999,2418.925
1587401758999,2418.925
1587401781718,2419.34
1587401788412,2418.865
1587401788412,2418.865
1587401788412,2418.865
1587401788412,2418.865
1587401788412,2418.865
1587401842976,2418.4
1587401842976,2418.4
1587401864839,2418.02
1587401864839,2418.02
1587401864839,2418.02
1587401891465,2418.06
1587401891465,2418.06
1587401916408,2418.54
1587401916408,2418.54
1587401916408,2418.54
1587401951788,2417.99
1587401951788,2417.99
1587401951788,2417.99
1587401951788,2417.99
1587401994202,2414.35
1587402003043,2415.17
1587402003043,2415.17
1587402003043,2415.17
1587402036959,2413.69
1587402039450,2412.48
1587402039450,2412.48
1587402039450,2412.48
1587402074354,2408.88
1587402074354,2408.88
1587402074354,2408.88
1587402111755,2408.5
1587402121944,2409.47
1587402124812,2409.77
1587402124812,2409.77
1587402150022,2409
1587402158692,2409.59
1587402158692,2409.59
1587402158692,2409.59
1587402188511,2406.74
1587402188511,2406.74
1587402212177,2403.94
1587402212177,2403.94
1587402212177,2403.94
1587402245571,2406.28
1587402245571,2406.28
1587402245571,2406.28
1587402274740,2406.06
1587402274740,2406.06
1587402274740,2406.06
1587402306809,2407.005
1587402306809,2407.005
1587402306809,2407.005
1587402306809,2407.005
1587402306809,2407.005
1587402306809,2407.005
1587402369629,2405.42
1587402369629,2405.42
1587402369629,2405.42
1587402369629,2405.42
1587402369629,2405.42
1587402369629,2405.42
1587402369629,2405.42
1587402440957,2401.02
1587402451038,2401.63
1587402463467,2400.89
1587402463467,2400.89
1587402482357,2400.45
1587402496383,2400.815
1587402496383,2400.815
1587402512760,2401.97
1587402512760,2401.97
1587402512760,2401.97
1587402512760,2401.97
1587402557739,2403.285
1587402557739,2403.285
1587402580649,2404.225
1587402580649,2404.225
1587402602406,2404.23
1587402602406,2404.23
1587402602406,2404.23
1587402602406,2404.23
1587402645061,2405.25
1587402645061,2405.25
1587402645061,2405.25
1587402645061,2405.25
1587402645061,2405.25
1587402645061,2405.25
1587402645061,2405.25
1587402645061,2405.25
1587402645061,2405.25
1587402645061,2405.25
1587402750299,2404.52
1587402763051,2403.05
1587402763051,2403.05
1587402782373,2404.2
1587402782373,2404.2
1587402782373,2404.2
1587402782373,2404.2
1587402782373,2404.2
1587402782373,2404.2
1587402782373,2404.2
1587402782373,2404.2
1587402862030,2406.93
1587402875048,2405.41
1587402875048,2405.41
1587402875048,2405.41
1587402875048,2405.41
1587402912712,2406.06
1587402912712,2406.06
1587402912712,2406.06
1587402912712,2406.06
1587402956246,2405.62
1587402956246,2405.62
1587402956246,2405.62
1587402956246,2405.62
1587402956246,2405.62
1587402956246,2405.62
1587402956246,2405.62
1587402956246,2405.62
1587402956246,2405.62
1587403052390,2408.4
1587403052390,2408.4
1587403052390,2408.4
1587403052390,2408.4
1587403052390,2408.4
1587403052390,2408.4
1587403114870,2410.195
1587403114870,2410.195
1587403139335,2410.78
1587403148724,2409.745
1587403148724,2409.745
1587403148724,2409.745
1587403148724,2409.745
1587403148724,2409.745
1587403148724,2409.745
1587403148724,2409.745
1587403148724,2409.745
1587403148724,2409.745
1587403148724,2409.745
1587403148724,2409.745
1587403148724,2409.745
1587403266746,2408.56
1587403266746,2408.56
1587403266746,2408.56
1587403266746,2408.56
1587403266746,2408.56
1587403266746,2408.56
1587403266746,2408.56
1587403266746,2408.56
1587403266746,2408.56
1587403266746,2408.56
1587403266746,2408.56
1587403266746,2408.56
1587403266746,2408.56
1587403266746,2408.56
1587403266746,2408.56
1587403266746,2408.56
1587403266746,2408.56
1587403266746,2408.56
1587403266746,2408.56
1587403266746,2408.56
1587403266746,2408.56
1587403266746,2408.56
1587403266746,2408.56
1587403266746,2408.56
1587403266746,2408.56
1587403266746,2408.56
1587403636831,2407.415
1587403636831,2407.415
1587403636831,2407.415
1587403636831,2407.415
1587403636831,2407.415
1587403636831,2407.415
1587403636831,2407.415
1587403636831,2407.415
1587403636831,2407.415
1587403636831,2407.415
1587403636831,2407.415
1587403636831,2407.415
1587403636831,2407.415
1587403636831,2407.415
1587403636831,2407.415
1587403636831,2407.415
1587403636831,2407.415
1587403636831,2407.415
1587403636831,2407.415
1587403840930,2409.63
1587403840930,2409.63
1587403840930,2409.63
1587403872646,2407.13
1587403878968,2407.105
1587403892831,2407.63
1587403904031,2407.7
1587403904031,2407.7
1587403904031,2407.7
1587403904031,2407.7
1587403904031,2407.7
1587403904031,2407.7
1587403964606,2408.8
1587403964606,2408.8
1587403964606,2408.8
1587403964606,2408.8
1587403964606,2408.8
1587403964606,2408.8
1587403964606,2408.8
1587403964606,2408.8
1587403964606,2408.8
1587403964606,2408.8
1587403964606,2408.8
1587403964606,2408.8
1587403964606,2408.8
1587403964606,2408.8
1587403964606,2408.8
1587403964606,2408.8
1587403964606,2408.8
1587403964606,2408.8
1587403964606,2408.8
1587404167750,2407.98
1587404167750,2407.98
1587404167750,2407.98
1587404167750,2407.98
1587404167750,2407.98
1587404167750,2407.98
1587404224921,2407.55
1587404224921,2407.55
1587404224921,2407.55
1587404224921,2407.55
1587404224921,2407.55
1587404224921,2407.55
1587404224921,2407.55
1587404296441,2406.77
1587404314640,2406.73
1587404314640,2406.73
1587404314640,2406.73
1587404348351,2407.54
1587404348351,2407.54
1587404348351,2407.54
1587404348351,2407.54
1587404387713,2407.795
1587404387713,2407.795
1587404387713,2407.795
1587404387713,2407.795
1587404427473,2410.02
1587404427473,2410.02
1587404427473,2410.02
1587404427473,2410.02
1587404427473,2410.02
1587404487243,2410.9
1587404487243,2410.9
1587404487243,2410.9
1587404487243,2410.9
1587404487243,2410.9
1587404487243,2410.9
1587404487243,2410.9
1587404487243,2410.9
1587404487243,2410.9
1587404576817,2410.305
1587404591918,2410.57
1587404591918,2410.57
1587404591918,2410.57
1587404591918,2410.57
1587404630868,2410.66
1587404630868,2410.66
1587404630868,2410.66
1587404630868,2410.66
1587404630868,2410.66
1587404630868,2410.66
1587404630868,2410.66
1587404630868,2410.66
1587404630868,2410.66
1587404630868,2410.66
1587404630868,2410.66
1587404630868,2410.66
1587404630868,2410.66
1587404630868,2410.66
1587404777789,2409.19
1587404777789,2409.19
1587404777789,2409.19
1587404777789,2409.19
1587404777789,2409.19
1587404777789,2409.19
1587404777789,2409.19
1587404777789,2409.19
1587404777789,2409.19
1587404777789,2409.19
1587404777789,2409.19
1587404777789,2409.19
1587404777789,2409.19
1587404777789,2409.19
1587404777789,2409.19
1587404777789,2409.19
1587404777789,2409.19
1587404777789,2409.19
1587404968984,2409.68
1587404968984,2409.68
1587404968984,2409.68
1587404968984,2409.68
1587404968984,2409.68
1587404968984,2409.68
1587405032909,2414.38
1587405032909,2414.38
1587405032909,2414.38
1587405032909,2414.38
1587405032909,2414.38
1587405032909,2414.38
1587405032909,2414.38
1587405032909,2414.38
1587405032909,2414.38
1587405125812,2412.89
1587405125812,2412.89
1587405143123,2412.57
1587405143123,2412.57
1587405164679,2412.365
1587405164679,2412.365
1587405164679,2412.365
1587405164679,2412.365
1587405164679,2412.365
1587405164679,2412.365
1587405164679,2412.365
1587405164679,2412.365
1587405164679,2412.365
1587405164679,2412.365
1587405164679,2412.365
1587405164679,2412.365
1587405290574,2415.99
1587405290574,2415.99
1587405290574,2415.99
1587405290574,2415.99
1587405290574,2415.99
1587405290574,2415.99
1587405290574,2415.99
1587405290574,2415.99
1587405290574,2415.99
1587405290574,2415.99
1587405290574,2415.99
1587405290574,2415.99
1587405290574,2415.99
1587405290574,2415.99
1587405290574,2415.99
1587405290574,2415.99
1587405290574,2415.99
1587405290574,2415.99
1587405485035,2417.365
1587405485035,2417.365
1587405485035,2417.365
1587405485035,2417.365
1587405485035,2417.365
1587405485035,2417.365
1587405485035,2417.365
1587405485035,2417.365
1587405485035,2417.365
1587405569530,2418.76
1587405569530,2418.76
1587405569530,2418.76
1587405569530,2418.76
1587405569530,2418.76
1587405569530,2418.76
1587405633914,2419.02
1587405633914,2419.02
1587405633914,2419.02
1587405633914,2419.02
1587405681091,2415.05
1587405681091,2415.05
1587405681091,2415.05
1587405681091,2415.05
1587405681091,2415.05
1587405681091,2415.05
1587405681091,2415.05
1587405681091,2415.05
1587405681091,2415.05
1587405681091,2415.05
1587405681091,2415.05
1587405681091,2415.05
1587405681091,2415.05
1587405820375,2419.005
1587405820375,2419.005
1587405820375,2419.005
1587405820375,2419.005
1587405820375,2419.005
1587405820375,2419.005
1587405820375,2419.005
1587405820375,2419.005
1587405908510,2418.09
1587405908510,2418.09
1587405908510,2418.09
1587405908510,2418.09
1587405941392,2418.56
1587405941392,2418.56
1587405941392,2418.56
1587405941392,2418.56
1587405941392,2418.56
1587405941392,2418.56
1587405941392,2418.56
1587405941392,2418.56
1587405941392,2418.56
1587405941392,2418.56
1587405941392,2418.56
1587405941392,2418.56
1587405941392,2418.56
1587405941392,2418.56
1587405941392,2418.56
1587406107367,2418.68
1587406107367,2418.68
1587406107367,2418.68
1587406107367,2418.68
1587406107367,2418.68
1587406107367,2418.68
1587406107367,2418.68
1587406107367,2418.68
1587406107367,2418.68
1587406107367,2418.68
1587406107367,2418.68
1587406107367,2418.68
1587406235850,2418.76
1587406235850,2418.76
1587406235850,2418.76
1587406235850,2418.76
1587406235850,2418.76
1587406285409,2415.21
1587406294139,2415
1587406294139,2415
1587406294139,2415
1587406294139,2415
1587406294139,2415
1587406294139,2415
1587406294139,2415
1587406294139,2415
1587406294139,2415
1587406294139,2415
1587406294139,2415
1587406294139,2415
1587406294139,2415
1587406434438,2411.34
1587406434438,2411.34
1587406434438,2411.34
1587406463540,2410.36
1587406479010,2408.26
1587406481368,2409.22
1587406492960,2407.03
1587406505782,2407.205
1587406505782,2407.205
1587406505782,2407.205
1587406533788,2405.415
1587406533788,2405.415
1587406533788,2405.415
1587406572454,2405.075
1587406578449,2407.78
1587406578449,2407.78
1587406578449,2407.78
1587406578449,2407.78
1587406578449,2407.78
1587406578449,2407.78
1587406578449,2407.78
1587406578449,2407.78
1587406578449,2407.78
1587406578449,2407.78
1587406578449,2407.78
1587406578449,2407.78
1587406578449,2407.78
1587406578449,2407.78
1587406578449,2407.78
1587406578449,2407.78
1587406578449,2407.78
1587406578449,2407.78
1587406578449,2407.78
1587406782549,2407.54
1587406792859,2406.685
1587406803892,2408.09
1587406803892,2408.09
1587406803892,2408.09
1587406803892,2408.09
1587406803892,2408.09
1587406803892,2408.09
1587406803892,2408.09
1587406803892,2408.09
1587406803892,2408.09
1587406803892,2408.09
1587406803892,2408.09
1587406914855,2406.61
1587406929170,2406.25
1587406929170,2406.25
1587406929170,2406.25
1587406956940,2404.04
1587406956940,2404.04
1587406956940,2404.04
1587406956940,2404.04
1587406956940,2404.04
1587406956940,2404.04
1587407027540,2402.335
1587407033708,2402.445
1587407033708,2402.445
1587407033708,2402.445
1587407070157,2404.09
1587407070157,2404.09
1587407070157,2404.09
1587407070157,2404.09
1587407108515,2403.005
1587407108515,2403.005
1587407108515,2403.005
1587407108515,2403.005
1587407108515,2403.005
1587407108515,2403.005
1587407108515,2403.005
1587407108515,2403.005
1587407108515,2403.005
1587407204765,2398.72
1587407204765,2398.72
1587407204765,2398.72
1587407236837,2399.23
1587407236837,2399.23
1587407258963,2401
1587407258963,2401
1587407258963,2401
1587407258963,2401
1587407258963,2401
1587407258963,2401
1587407258963,2401
1587407258963,2401
1587407336074,2401.57
1587407336074,2401.57
1587407336074,2401.57
1587407376058,2402.075
1587407376058,2402.075
1587407376058,2402.075
1587407376058,2402.075
1587407410268,2402.005
1587407410268,2402.005
1587407410268,2402.005
1587407447844,2402.93
1587407447844,2402.93
1587407447844,2402.93
1587407447844,2402.93
1587407447844,2402.93
1587407447844,2402.93
1587407447844,2402.93
1587407447844,2402.93
1587407447844,2402.93
1587407447844,2402.93
1587407447844,2402.93
1587407447844,2402.93
1587407447844,2402.93
1587407447844,2402.93
1587407447844,2402.93
1587407447844,2402.93
1587407447844,2402.93
1587407447844,2402.93
1587407447844,2402.93
1587407447844,2402.93
1587407661642,2409.87
1587407672086,2408.65
1587407672086,2408.65
1587407672086,2408.65
1587407672086,2408.65
1587407709814,2406.57
1587407723626,2407.955
1587407723626,2407.955
1587407723626,2407.955
1587407723626,2407.955
1587407723626,2407.955
1587407723626,2407.955
1587407723626,2407.955
1587407723626,2407.955
1587407723626,2407.955
1587407723626,2407.955
1587407723626,2407.955
1587407723626,2407.955
1587407723626,2407.955
1587407723626,2407.955
1587407723626,2407.955
1587407723626,2407.955
1587407723626,2407.955
1587407905370,2408.905
1587407905370,2408.905
1587407933111,2410.93
1587407933111,2410.93
1587407933111,2410.93
1587407933111,2410.93
1587407933111,2410.93
1587407933111,2410.93
1587407933111,2410.93
1587407933111,2410.93
1587407933111,2410.93
1587407933111,2410.93
1587407933111,2410.93
1587407933111,2410.93
1587407933111,2410.93
1587407933111,2410.93
1587407933111,2410.93
1587407933111,2410.93
1587407933111,2410.93
1587407933111,2410.93
1587407933111,2410.93
1587407933111,2410.93
1587408136349,2412.04
1587408136349,2412.04
1587408136349,2412.04
1587408170276,2414.78
1587408184305,2414.98
1587408184305,2414.98
1587408184305,2414.98
1587408184305,2414.98
1587408184305,2414.98
1587408238647,2415.08
1587408238647,2415.08
1587408238647,2415.08
1587408274156,2415.615
1587408274156,2415.615
1587408274156,2415.615
1587408306148,2414.72
1587408309035,2414.06
1587408328545,2413.38
1587408334467,2412.8
1587408341509,2412.8
1587408350455,2412.055
1587408350455,2412.055
1587408350455,2412.055
1587408386842,2414.82
1587408386842,2414.82
1587408386842,2414.82
1587408386842,2414.82
1587408386842,2414.82
1587408386842,2414.82
1587408453666,2415.22
1587408453666,2415.22
1587408469083,2414.77
1587408469083,2414.77
1587408469083,2414.77
1587408469083,2414.77
1587408469083,2414.77
1587408525237,2414.935
1587408525237,2414.935
1587408525237,2414.935
1587408525237,2414.935
1587408525237,2414.935
1587408525237,2414.935
1587408591013,2416.125
1587408591013,2416.125
1587408604930,2416.4
1587408615799,2415.22
1587408615799,2415.22
1587408615799,2415.22
1587408615799,2415.22
1587408615799,2415.22
1587408615799,2415.22
1587408615799,2415.22
1587408615799,2415.22
1587408615799,2415.22
1587408713363,2413.98
1587408730196,2413.64
1587408730196,2413.64
1587408730196,2413.64
1587408730196,2413.64
1587408730196,2413.64
1587408730196,2413.64
1587408730196,2413.64
1587408730196,2413.64
1587408730196,2413.64
1587408730196,2413.64
1587408730196,2413.64
1587408730196,2413.64
1587408730196,2413.64
1587408730196,2413.64
1587408730196,2413.64
1587408730196,2413.64
1587408730196,2413.64
1587408730196,2413.64
1587408730196,2413.64
1587408730196,2413.64
1587408939204,2405
1587408939204,2405
1587408939204,2405
1587408972345,2403.98
1587408972345,2403.98
1587408972345,2403.98
1587408972345,2403.98
1587408972345,2403.98
1587408972345,2403.98
1587408972345,2403.98
1587408972345,2403.98
1587409055242,2406.005
1587409055242,2406.005
1587409080329,2404.145
1587409080329,2404.145
1587409080329,2404.145
1587409080329,2404.145
1587409116080,2403.06
1587409127894,2404.08
1587409127894,2404.08
1587409154758,2403.03
1587409154758,2403.03
1587409177682,2400.81
1587409187857,2401.255
1587409193044,2400.52
