0,0
1586784671722,89.24
1586784671722,89.24
1586784694013,89.27
1586784702645,89.275
1586784702645,89.275
1586784702645,89.275
1586784729089,89.26
1586784746949,89.35
1586784746949,89.35
1586784746949,89.35
1586784746949,89.35
1586784746949,89.35
1586784746949,89.35
1586784746949,89.35
1586784746949,89.35
1586784746949,89.35
1586784746949,89.35
1586784746949,89.35
1586784746949,89.35
1586784871110,89.58
1586784871110,89.58
1586784871110,89.58
1586784871110,89.58
1586784913176,89.63
1586784913176,89.63
1586784913176,89.63
1586784913176,89.63
1586784913176,89.63
1586784913176,89.63
1586784913176,89.63
1586784913176,89.63
1586784913176,89.63
1586784913176,89.63
1586785017699,89.825
1586785024169,89.8
1586785038443,89.855
1586785042444,89.81
1586785042444,89.81
1586785042444,89.81
1586785042444,89.81
1586785042444,89.81
1586785042444,89.81
1586785042444,89.81
1586785042444,89.81
1586785042444,89.81
1586785042444,89.81
1586785042444,89.81
1586785042444,89.81
1586785165142,89.905
1586785183603,89.94
1586785183603,89.94
1586785201106,89.97
1586785201106,89.97
1586785218122,89.89
1586785218122,89.89
1586785218122,89.89
1586785218122,89.89
1586785218122,89.89
1586785218122,89.89
1586785218122,89.89
1586785218122,89.89
1586785218122,89.89
1586785317038,89.57
1586785330701,89.655
1586785330701,89.655
1586785330701,89.655
1586785361351,89.545
1586785372752,89.52
1586785383250,89.52
1586785394013,89.72
1586785394013,89.72
1586785394013,89.72
1586785394013,89.72
1586785431276,89.71
1586785440444,89.735
1586785440444,89.735
1586785464868,89.82
1586785473721,89.76
1586785486838,89.79
1586785489913,89.79
1586785501715,89.78
1586785501715,89.78
1586785501715,89.78
1586785501715,89.78
1586785501715,89.78
1586785501715,89.78
1586785501715,89.78
1586785501715,89.78
1586785592114,89.78
1586785592114,89.78
1586785611793,89.695
1586785611793,89.695
1586785611793,89.695
1586785611793,89.695
1586785611793,89.695
1586785611793,89.695
1586785611793,89.695
1586785611793,89.695
1586785611793,89.695
1586785611793,89.695
1586785611793,89.695
1586785611793,89.695
1586785611793,89.695
1586785746185,89.58
1586785746185,89.58
1586785746185,89.58
1586785746185,89.58
1586785746185,89.58
1586785795038,89.53
1586785795038,89.53
1586785795038,89.53
1586785833042,89.765
1586785841621,89.76
1586785841621,89.76
1586785841621,89.76
1586785841621,89.76
1586785841621,89.76
1586785891981,89.615
1586785891981,89.615
1586785891981,89.615
1586785891981,89.615
1586785932381,89.45
1586785946540,89.375
1586785955549,89.335
1586785955549,89.335
1586785955549,89.335
1586785955549,89.335
1586785955549,89.335
1586785955549,89.335
1586785955549,89.335
1586785955549,89.335
1586785955549,89.335
1586786050638,89.18
1586786050638,89.18
1586786074050,89.11
1586786074050,89.11
1586786074050,89.11
1586786074050,89.11
1586786108815,88.98
1586786108815,88.98
1586786108815,88.98
1586786108815,88.98
1586786108815,88.98
1586786108815,88.98
1586786108815,88.98
1586786108815,88.98
1586786198490,88.89
1586786198490,88.89
1586786198490,88.89
1586786198490,88.89
1586786198490,88.89
1586786198490,88.89
1586786198490,88.89
1586786198490,88.89
1586786198490,88.89
1586786198490,88.89
1586786198490,88.89
1586786198490,88.89
1586786315084,88.73
1586786315084,88.73
1586786315084,88.73
1586786315084,88.73
1586786315084,88.73
1586786315084,88.73
1586786382083,88.38
1586786382083,88.38
1586786382083,88.38
1586786382083,88.38
1586786427861,88.21
1586786427861,88.21
1586786427861,88.21
1586786427861,88.21
1586786464086,88.24
1586786464086,88.24
1586786464086,88.24
1586786494157,88.09
1586786513305,88.08
1586786513305,88.08
1586786529577,88.165
1586786544458,88.49
1586786555551,88.79
1586786555551,88.79
1586786555551,88.79
1586786555551,88.79
1586786555551,88.79
1586786555551,88.79
1586786616360,88.44
1586786628142,88.44
1586786631606,88.44
1586786631606,88.44
1586786631606,88.44
1586786631606,88.44
1586786675549,88.46
1586786675549,88.46
1586786675549,88.46
1586786708081,88.46
1586786708081,88.46
1586786708081,88.46
1586786708081,88.46
1586786708081,88.46
1586786708081,88.46
1586786708081,88.46
1586786708081,88.46
1586786708081,88.46
1586786806118,88.46
1586786815012,88.54
1586786828923,88.58
1586786839608,88.585
1586786839608,88.585
1586786856110,88.605
1586786868150,88.67
1586786868150,88.67
1586786868150,88.67
1586786868150,88.67
1586786868150,88.67
1586786868150,88.67
1586786868150,88.67
1586786868150,88.67
1586786954309,88.46
1586786962292,88.46
1586786968277,88.46
1586786984013,88.45
1586786984013,88.45
1586786997687,88.48
1586786997687,88.48
1586786997687,88.48
1586787036377,88.41
1586787044437,88.315
1586787056008,88.35
1586787056008,88.35
1586787056008,88.35
1586787056008,88.35
1586787056008,88.35
1586787056008,88.35
1586787114032,88.485
1586787114032,88.485
1586787114032,88.485
1586787114032,88.485
1586787157017,88.255
1586787164457,88.28
1586787164457,88.28
1586787187582,88.33
1586787187582,88.33
1586787213761,88.185
1586787213761,88.185
1586787213761,88.185
1586787244210,88.185
1586787244210,88.185
1586787244210,88.185
1586787244210,88.185
1586787285188,88.15
1586787285188,88.15
1586787304893,88.195
1586787304893,88.195
1586787328836,88.12
1586787335023,88.1
1586787335023,88.1
1586787359992,88.225
1586787370816,88.135
1586787370816,88.135
1586787370816,88.135
1586787370816,88.135
1586787370816,88.135
1586787370816,88.135
1586787370816,88.135
1586787370816,88.135
1586787370816,88.135
1586787461030,87.97
1586787461030,87.97
1586787461030,87.97
1586787461030,87.97
1586787461030,87.97
1586787461030,87.97
1586787461030,87.97
1586787461030,87.97
1586787548252,87.875
1586787553151,87.87
1586787553151,87.87
1586787553151,87.87
1586787553151,87.87
1586787553151,87.87
1586787604674,88.145
1586787604674,88.145
1586787604674,88.145
1586787604674,88.145
1586787604674,88.145
1586787604674,88.145
1586787604674,88.145
1586787604674,88.145
1586787604674,88.145
1586787604674,88.145
1586787711375,87.825
1586787711375,87.825
1586787711375,87.825
1586787711375,87.825
1586787711375,87.825
1586787711375,87.825
1586787711375,87.825
1586787781632,87.815
1586787781632,87.815
1586787781632,87.815
1586787814203,87.74
1586787814203,87.74
1586787814203,87.74
1586787814203,87.74
1586787814203,87.74
1586787814203,87.74
1586787814203,87.74
1586787892662,87.705
1586787892662,87.705
1586787892662,87.705
1586787892662,87.705
1586787930151,87.575
1586787930151,87.575
1586787930151,87.575
1586787930151,87.575
1586787930151,87.575
1586787930151,87.575
1586787930151,87.575
1586788003804,87.46
1586788003804,87.46
1586788003804,87.46
1586788003804,87.46
1586788041025,87.55
1586788041025,87.55
1586788041025,87.55
1586788078721,87.585
1586788086249,87.5
1586788086249,87.5
1586788086249,87.5
1586788086249,87.5
1586788086249,87.5
1586788086249,87.5
1586788086249,87.5
1586788086249,87.5
1586788086249,87.5
1586788086249,87.5
1586788086249,87.5
1586788203836,87.33
1586788203836,87.33
1586788203836,87.33
1586788235461,87.28
1586788235461,87.28
1586788235461,87.28
1586788261512,87.3
1586788261512,87.3
1586788261512,87.3
1586788261512,87.3
1586788261512,87.3
1586788261512,87.3
1586788261512,87.3
1586788261512,87.3
1586788348889,87.125
1586788361621,87.13
1586788361621,87.13
1586788361621,87.13
1586788361621,87.13
1586788400390,87.215
1586788411889,87.185
1586788411889,87.185
1586788411889,87.185
1586788411889,87.185
1586788453730,87.08
1586788453730,87.08
1586788474833,87.08
1586788474833,87.08
1586788474833,87.08
1586788474833,87.08
1586788474833,87.08
1586788474833,87.08
1586788474833,87.08
1586788546774,86.94
1586788546774,86.94
1586788546774,86.94
1586788578817,86.945
1586788588057,86.98
1586788588057,86.98
1586788588057,86.98
1586788588057,86.98
1586788588057,86.98
1586788588057,86.98
1586788647626,86.87
1586788647626,86.87
1586788673745,86.745
1586788673745,86.745
1586788673745,86.745
1586788673745,86.745
1586788673745,86.745
1586788673745,86.745
1586788673745,86.745
1586788673745,86.745
1586788673745,86.745
1586788673745,86.745
1586788771459,86.79
1586788771459,86.79
1586788771459,86.79
1586788771459,86.79
1586788820470,86.725
1586788820470,86.725
1586788842324,86.75
1586788850754,86.645
1586788861121,86.68
1586788861121,86.68
1586788861121,86.68
1586788887950,86.71
1586788887950,86.71
1586788887950,86.71
1586788926444,86.655
1586788934523,86.68
1586788934523,86.68
1586788934523,86.68
1586788934523,86.68
1586788934523,86.68
1586788934523,86.68
1586788993928,86.595
1586788993928,86.595
1586788993928,86.595
1586788993928,86.595
1586788993928,86.595
1586788993928,86.595
1586788993928,86.595
1586788993928,86.595
1586788993928,86.595
1586788993928,86.595
1586788993928,86.595
1586789106142,86.985
1586789106142,86.985
1586789106142,86.985
1586789138039,86.995
1586789138039,86.995
1586789163952,86.98
1586789172463,86.95
1586789172463,86.95
1586789172463,86.95
1586789172463,86.95
1586789172463,86.95
1586789172463,86.95
1586789230451,86.895
1586789245615,86.89
1586789245615,86.89
1586789263941,87.01
1586789263941,87.01
1586789263941,87.01
1586789263941,87.01
1586789263941,87.01
1586789263941,87.01
1586789263941,87.01
1586789335869,86.92
1586789353132,86.955
1586789353132,86.955
1586789353132,86.955
1586789353132,86.955
1586789353132,86.955
1586789407871,86.95
1586789416899,86.95
1586789416899,86.95
1586789432481,86.96
1586789432481,86.96
1586789432481,86.96
1586789464029,86.845
1586789464029,86.845
1586789486228,86.93
1586789486228,86.93
1586789486228,86.93
1586789486228,86.93
1586789532769,87.11
1586789532769,87.11
1586789532769,87.11
1586789532769,87.11
1586789532769,87.11
1586789532769,87.11
1586789596737,87.145
1586789610072,87.11
1586789610072,87.11
1586789610072,87.11
1586789610072,87.11
1586789644024,87.035
1586789644024,87.035
1586789644024,87.035
1586789644024,87.035
1586789644024,87.035
1586789696989,86.975
1586789696989,86.975
1586789696989,86.975
1586789696989,86.975
1586789696989,86.975
1586789759010,86.95
1586789764110,86.94
1586789779445,86.91
1586789790376,86.82
1586789790376,86.82
1586789790376,86.82
1586789790376,86.82
1586789790376,86.82
1586789790376,86.82
1586789853120,86.855
1586789855570,86.9
1586789855570,86.9
1586789876710,87.005
1586789876710,87.005
1586789905505,87.015
1586789905505,87.015
1586789925269,86.92
1586789938249,86.975
1586789938249,86.975
1586789949845,87.09
1586789966661,87.075
1586789966661,87.075
1586789988535,87.11
1586789988535,87.11
1586790010478,87.05
1586790010478,87.05
1586790026284,87.025
1586790026284,87.025
1586790026284,87.025
1586790026284,87.025
1586790026284,87.025
1586790026284,87.025
1586790026284,87.025
1586790026284,87.025
1586790112504,86.915
1586790125609,86.845
1586790125609,86.845
1586790125609,86.845
1586790125609,86.845
1586790125609,86.845
1586790125609,86.845
1586790125609,86.845
1586790125609,86.845
1586790125609,86.845
1586790221248,86.77
1586790226843,86.79
1586790241906,86.76
1586790241906,86.76
1586790241906,86.76
1586790241906,86.76
1586790241906,86.76
1586790241906,86.76
1586790241906,86.76
1586790241906,86.76
1586790241906,86.76
1586790336792,86.87
1586790336792,86.87
1586790336792,86.87
1586790368463,86.86
1586790368463,86.86
1586790368463,86.86
1586790368463,86.86
1586790405903,86.8
1586790405903,86.8
1586790405903,86.8
1586790405903,86.8
1586790405903,86.8
1586790405903,86.8
1586790405903,86.8
1586790405903,86.8
1586790492472,86.96
1586790492472,86.96
1586790514381,86.88
1586790514381,86.88
1586790536402,86.81
1586790536402,86.81
1586790536402,86.81
1586790536402,86.81
1586790536402,86.81
1586790536402,86.81
1586790598279,86.86
1586790598279,86.86
1586790598279,86.86
1586790598279,86.86
1586790598279,86.86
1586790598279,86.86
1586790598279,86.86
1586790598279,86.86
1586790598279,86.86
1586790598279,86.86
1586790598279,86.86
1586790598279,86.86
1586790724650,87
1586790724650,87
1586790724650,87
1586790745825,87.065
1586790745825,87.065
1586790774296,87.105
1586790774296,87.105
1586790774296,87.105
1586790774296,87.105
1586790774296,87.105
1586790774296,87.105
1586790838831,87.01
1586790838831,87.01
1586790838831,87.01
1586790838831,87.01
1586790838831,87.01
1586790884564,87.1
1586790884564,87.1
1586790884564,87.1
1586790919748,87.04
1586790919748,87.04
1586790919748,87.04
1586790919748,87.04
1586790919748,87.04
1586790919748,87.04
1586790919748,87.04
1586790919748,87.04
1586790919748,87.04
1586791016990,87.08
1586791016990,87.08
1586791029659,87.12
1586791029659,87.12
1586791029659,87.12
1586791029659,87.12
1586791078055,87.18
1586791078055,87.18
1586791078055,87.18
1586791078055,87.18
1586791078055,87.18
1586791078055,87.18
1586791078055,87.18
1586791153750,87.25
1586791153750,87.25
1586791171929,87.21
1586791180912,87.17
1586791180912,87.17
1586791203020,87.15
1586791203020,87.15
1586791203020,87.15
1586791230755,86.99
1586791230755,86.99
1586791230755,86.99
1586791263533,86.98
1586791263533,86.98
1586791284684,87.01
1586791296167,87.09
1586791296167,87.09
1586791318117,87.135
1586791318117,87.135
1586791343737,87.045
1586791343737,87.045
1586791354955,87.045
1586791354955,87.045
1586791385575,87.01
1586791394781,87.145
1586791406970,87.135
1586791406970,87.135
1586791406970,87.135
1586791406970,87.135
1586791406970,87.135
1586791406970,87.135
1586791468081,87.245
1586791468081,87.245
1586791468081,87.245
1586791468081,87.245
1586791468081,87.245
1586791468081,87.245
1586791468081,87.245
1586791468081,87.245
1586791468081,87.245
1586791468081,87.245
1586791468081,87.245
1586791468081,87.245
1586791591629,87.4
1586791591629,87.4
1586791610239,87.38
1586791610239,87.38
1586791630613,87.385
1586791630613,87.385
1586791630613,87.385
1586791630613,87.385
1586791630613,87.385
1586791630613,87.385
1586791630613,87.385
1586791630613,87.385
1586791630613,87.385
1586791729185,87.43
1586791729185,87.43
1586791729185,87.43
1586791729185,87.43
1586791772029,87.525
1586791772029,87.525
1586791772029,87.525
1586791772029,87.525
1586791772029,87.525
1586791772029,87.525
1586791772029,87.525
1586791772029,87.525
1586791772029,87.525
1586791772029,87.525
1586791772029,87.525
1586791772029,87.525
1586791772029,87.525
1586791772029,87.525
1586791772029,87.525
1586791925304,87.605
1586791931651,87.5
1586791947031,87.57
1586791947031,87.57
1586791947031,87.57
1586791947031,87.57
1586791947031,87.57
1586791947031,87.57
1586791947031,87.57
1586791947031,87.57
1586791947031,87.57
1586792044009,87.64
1586792044009,87.64
1586792044009,87.64
1586792044009,87.64
1586792044009,87.64
1586792044009,87.64
1586792100639,87.645
1586792100639,87.645
1586792100639,87.645
1586792134231,87.71
1586792134231,87.71
1586792134231,87.71
1586792134231,87.71
1586792173436,87.755
1586792173436,87.755
1586792173436,87.755
1586792173436,87.755
1586792173436,87.755
1586792173436,87.755
1586792173436,87.755
1586792173436,87.755
1586792255598,87.74
1586792255598,87.74
1586792255598,87.74
1586792255598,87.74
1586792296760,87.715
1586792296760,87.715
1586792296760,87.715
1586792296760,87.715
1586792296760,87.715
1586792355767,87.745
1586792364957,87.87
1586792376009,87.87
1586792384302,87.84
1586792384302,87.84
1586792404089,87.83
1586792404089,87.83
1586792424639,87.81
1586792424639,87.81
1586792424639,87.81
1586792424639,87.81
1586792472016,87.745
1586792472016,87.745
1586792491642,87.71
1586792491642,87.71
1586792513115,87.715
1586792513115,87.715
1586792513115,87.715
1586792513115,87.715
1586792513115,87.715
1586792513115,87.715
1586792513115,87.715
1586792513115,87.715
1586792513115,87.715
1586792513115,87.715
1586792513115,87.715
1586792513115,87.715
1586792513115,87.715
1586792513115,87.715
1586792656706,87.87
1586792656706,87.87
1586792656706,87.87
1586792656706,87.87
1586792702900,87.92
1586792702900,87.92
1586792718947,88.05
1586792718947,88.05
1586792718947,88.05
1586792718947,88.05
1586792718947,88.05
1586792773784,88.165
1586792773784,88.165
1586792773784,88.165
1586792773784,88.165
1586792773784,88.165
1586792773784,88.165
1586792837169,88.26
1586792837169,88.26
1586792837169,88.26
1586792837169,88.26
1586792837169,88.26
1586792837169,88.26
1586792837169,88.26
1586792837169,88.26
1586792837169,88.26
1586792935075,88.33
1586792935075,88.33
1586792935075,88.33
1586792935075,88.33
1586792935075,88.33
1586792935075,88.33
1586792935075,88.33
1586792999732,88.455
1586792999732,88.455
1586792999732,88.455
1586792999732,88.455
1586792999732,88.455
1586792999732,88.455
1586792999732,88.455
1586792999732,88.455
1586792999732,88.455
1586792999732,88.455
1586792999732,88.455
1586792999732,88.455
1586793133777,88.365
1586793133777,88.365
1586793133777,88.365
1586793133777,88.365
1586793133777,88.365
1586793133777,88.365
1586793133777,88.365
1586793202931,88.525
1586793217779,88.51
1586793220804,88.51
1586793220804,88.51
1586793246901,88.375
1586793246901,88.375
1586793246901,88.375
1586793246901,88.375
1586793288547,88.505
1586793288547,88.505
1586793288547,88.505
1586793288547,88.505
1586793288547,88.505
1586793288547,88.505
1586793353498,88.275
1586793358508,88.26
1586793358508,88.26
1586793358508,88.26
1586793397409,88.45
1586793397409,88.45
1586793397409,88.45
1586793421780,88.51
1586793421780,88.51
1586793448943,88.525
1586793448943,88.525
1586793448943,88.525
1586793475767,88.525
1586793485827,88.51
1586793485827,88.51
1586793512587,88.48
1586793512587,88.48
1586793531220,88.51
1586793531220,88.51
1586793548592,88.505
1586793557654,88.505
1586793574248,88.505
1586793574248,88.505
1586793588176,88.53
1586793588176,88.53
1586793614320,88.44
1586793614320,88.44
1586793614320,88.44
1586793614320,88.44
1586793614320,88.44
1586793614320,88.44
1586793614320,88.44
1586793690051,88.365
1586793702874,88.42
1586793703856,88.43
1586793703856,88.43
1586793733694,88.38
1586793741028,88.36
1586793741028,88.36
1586793741028,88.36
1586793774287,88.38
1586793774287,88.38
1586793774287,88.38
1586793774287,88.38
1586793774287,88.38
1586793821449,88.505
1586793821449,88.505
1586793821449,88.505
1586793860621,88.54
1586793860621,88.54
1586793860621,88.54
1586793860621,88.54
1586793860621,88.54
1586793860621,88.54
1586793860621,88.54
1586793860621,88.54
1586793943927,88.515
1586793943927,88.515
1586793943927,88.515
1586793943927,88.515
1586793943927,88.515
1586793943927,88.515
1586793943927,88.515
1586793943927,88.515
1586794027020,88.35
1586794027020,88.35
1586794027020,88.35
1586794055870,88.3
1586794055870,88.3
1586794055870,88.3
1586794055870,88.3
1586794055870,88.3
1586794055870,88.3
1586794055870,88.3
1586794124751,88.19
1586794124751,88.19
1586794124751,88.19
1586794158137,88.145
1586794158137,88.145
1586794158137,88.145
1586794158137,88.145
1586794197220,88.205
1586794207135,88.26
1586794207135,88.26
1586794207135,88.26
1586794207135,88.26
1586794207135,88.26
1586794261773,88.175
1586794261773,88.175
1586794288068,88.255
1586794294787,88.3
1586794300472,88.295
1586794300472,88.295
1586794300472,88.295
1586794300472,88.295
1586794351157,88.345
1586794351157,88.345
1586794351157,88.345
1586794351157,88.345
1586794351157,88.345
1586794351157,88.345
1586794351157,88.345
1586794351157,88.345
1586794433327,88.415
1586794445820,88.36
1586794445820,88.36
1586794445820,88.36
1586794445820,88.36
1586794445820,88.36
1586794493166,88.33
1586794507196,88.31
1586794517773,88.33
1586794521563,88.33
1586794538223,88.38
1586794538223,88.38
1586794538223,88.38
1586794538223,88.38
1586794538223,88.38
1586794584921,88.33
1586794584921,88.33
1586794613755,88.46
1586794613755,88.46
1586794632081,88.495
1586794632081,88.495
1586794657252,88.5
1586794661136,88.545
1586794661136,88.545
1586794683783,88.54
1586794683783,88.54
1586794683783,88.54
1586794683783,88.54
1586794726805,88.54
1586794726805,88.54
1586794750486,88.575
1586794753789,88.58
1586794753789,88.58
1586794753789,88.58
1586794753789,88.58
1586794800921,88.635
1586794800921,88.635
1586794800921,88.635
1586794800921,88.635
1586794800921,88.635
1586794800921,88.635
1586794866997,88.695
1586794866997,88.695
1586794866997,88.695
1586794866997,88.695
1586794866997,88.695
1586794866997,88.695
1586794866997,88.695
1586794866997,88.695
1586794942970,88.63
1586794942970,88.63
1586794969385,88.61
1586794969385,88.61
1586794969385,88.61
1586794969385,88.61
1586794969385,88.61
1586794969385,88.61
1586794969385,88.61
1586795040072,88.515
1586795040072,88.515
1586795040072,88.515
1586795040072,88.515
1586795040072,88.515
1586795040072,88.515
1586795040072,88.515
1586795040072,88.515
1586795132150,88.47
1586795132150,88.47
1586795144038,88.51
1586795144038,88.51
1586795144038,88.51
1586795144038,88.51
1586795144038,88.51
1586795202434,88.49
1586795202434,88.49
1586795202434,88.49
1586795202434,88.49
1586795202434,88.49
1586795256057,88.385
1586795256057,88.385
1586795256057,88.385
1586795256057,88.385
1586795256057,88.385
1586795256057,88.385
1586795256057,88.385
1586795329271,88.455
1586795342782,88.43
1586795342782,88.43
1586795342782,88.43
1586795342782,88.43
1586795342782,88.43
1586795392674,88.425
1586795392674,88.425
1586795392674,88.425
1586795429651,88.345
1586795434677,88.365
1586795434677,88.365
1586795434677,88.365
1586795434677,88.365
1586795434677,88.365
1586795485289,88.315
1586795504626,88.3
1586795504626,88.3
1586795504626,88.3
1586795504626,88.3
1586795504626,88.3
1586795504626,88.3
1586795504626,88.3
1586795504626,88.3
1586795504626,88.3
1586795504626,88.3
1586795504626,88.3
1586795504626,88.3
1586795504626,88.3
1586795637159,88.18
1586795637159,88.18
1586795637159,88.18
1586795637159,88.18
1586795637159,88.18
1586795637159,88.18
1586795637159,88.18
1586795712353,88.23
1586795712353,88.23
1586795735701,88.25
1586795739068,88.23
1586795739068,88.23
1586795739068,88.23
1586795739068,88.23
1586795739068,88.23
1586795739068,88.23
1586795739068,88.23
1586795821112,88.26
1586795822135,88.25
1586795822135,88.25
1586795822135,88.25
1586795822135,88.25
1586795864168,88.21
1586795864168,88.21
1586795864168,88.21
1586795864168,88.21
1586795864168,88.21
1586795864168,88.21
1586795864168,88.21
1586795864168,88.21
1586795864168,88.21
1586795961500,88.16
1586795961500,88.16
1586795961500,88.16
1586795961500,88.16
1586796004803,88.23
1586796004803,88.23
1586796004803,88.23
1586796004803,88.23
1586796004803,88.23
1586796004803,88.23
1586796004803,88.23
1586796004803,88.23
1586796004803,88.23
1586796004803,88.23
1586796004803,88.23
1586796116808,88.24
1586796116808,88.24
1586796116808,88.24
1586796116808,88.24
1586796116808,88.24
1586796174884,88.245
1586796174884,88.245
1586796199081,88.3
1586796201587,88.29
1586796201587,88.29
1586796201587,88.29
1586796241451,88.27
1586796249802,88.26
1586796258241,88.25
1586796272262,88.29
1586796283802,88.315
1586796283802,88.315
1586796303335,88.35
1586796303335,88.35
1586796323957,88.355
1586796328463,88.425
1586796328463,88.425
1586796328463,88.425
1586796328463,88.425
1586796328463,88.425
1586796328463,88.425
1586796328463,88.425
1586796328463,88.425
1586796412320,88.295
1586796412320,88.295
1586796440874,88.29
1586796447278,88.26
1586796461172,88.265
1586796469926,88.27
1586796473829,88.295
1586796473829,88.295
1586796473829,88.295
1586796473829,88.295
1586796473829,88.295
1586796473829,88.295
1586796473829,88.295
1586796545777,88.25
1586796562788,88.28
1586796575388,88.28
1586796577679,88.285
1586796577679,88.285
1586796606253,88.24
1586796606253,88.24
1586796606253,88.24
1586796606253,88.24
1586796606253,88.24
1586796606253,88.24
1586796606253,88.24
1586796606253,88.24
1586796606253,88.24
1586796697639,88.03
1586796704945,88.01
1586796717221,87.93
1586796732081,87.935
1586796735560,87.97
1586796749342,87.93
1586796749342,87.93
1586796749342,87.93
1586796784850,87.88
1586796784850,87.88
1586796784850,87.88
1586796784850,87.88
1586796784850,87.88
1586796837268,87.89
1586796846016,87.97
1586796851621,87.975
1586796851621,87.975
1586796851621,87.975
1586796851621,87.975
1586796898744,87.845
1586796898744,87.845
1586796917429,87.81
1586796917429,87.81
1586796938815,87.83
1586796945390,87.845
1586796945390,87.845
1586796945390,87.845
1586796976547,87.775
1586796996375,87.815
1586796996375,87.815
1586796996375,87.815
1586796996375,87.815
1586796996375,87.815
1586796996375,87.815
1586797052066,87.78
1586797052066,87.78
1586797052066,87.78
1586797052066,87.78
1586797052066,87.78
1586797052066,87.78
1586797113324,87.74
1586797113324,87.74
1586797141825,87.73
1586797146943,87.7
1586797161704,87.7
1586797168644,87.705
1586797168644,87.705
1586797168644,87.705
1586797202828,87.695
1586797202828,87.695
1586797202828,87.695
1586797202828,87.695
1586797202828,87.695
1586797202828,87.695
1586797202828,87.695
1586797279520,87.695
1586797290806,87.64
1586797293080,87.64
1586797311331,87.74
1586797319716,87.725
1586797319716,87.725
1586797319716,87.725
1586797319716,87.725
1586797362964,87.625
1586797370364,87.625
1586797370364,87.625
1586797370364,87.625
1586797403364,87.58
1586797403364,87.58
1586797423182,87.595
1586797423182,87.595
1586797423182,87.595
1586797454064,87.65
1586797468003,87.545
1586797480673,87.585
1586797486934,87.51
1586797493002,87.495
1586797493002,87.495
1586797493002,87.495
1586797527984,87.605
1586797527984,87.605
1586797527984,87.605
1586797565070,87.59
1586797565070,87.59
1586797565070,87.59
1586797565070,87.59
1586797565070,87.59
1586797633145,87.67
1586797633145,87.67
1586797654383,87.645
1586797654383,87.645
1586797654383,87.645
1586797687248,87.59
1586797688537,87.595
1586797701615,87.555
1586797701615,87.555
1586797701615,87.555
1586797731860,87.53
1586797731860,87.53
1586797731860,87.53
1586797731860,87.53
1586797731860,87.53
1586797731860,87.53
1586797794501,87.595
1586797794501,87.595
1586797794501,87.595
1586797824523,87.57
1586797824523,87.57
1586797849090,87.47
1586797862271,87.48
1586797872518,87.515
1586797881159,87.51
1586797894085,87.51
1586797906695,87.505
1586797906695,87.505
1586797922529,87.525
1586797922529,87.525
1586797940013,87.52
1586797956840,87.585
1586797968708,87.61
1586797980074,87.56
1586797986137,87.58
1586797992081,87.575
1586798011721,87.6
1586798011721,87.6
1586798025373,87.63
1586798038089,87.63
1586798038089,87.63
1586798038089,87.63
1586798038089,87.63
1586798075848,87.705
1586798093112,87.67
1586798093112,87.67
1586798109439,87.655
1586798109439,87.655
1586798109439,87.655
1586798109439,87.655
1586798155869,87.555
1586798155869,87.555
1586798155869,87.555
1586798155869,87.555
1586798201491,87.475
1586798205397,87.485
1586798205397,87.485
1586798205397,87.485
1586798205397,87.485
1586798248891,87.47
1586798264128,87.395
1586798264128,87.395
1586798281599,87.39
1586798287399,87.335
1586798287399,87.335
1586798287399,87.335
1586798287399,87.335
1586798287399,87.335
1586798343082,87.37
1586798343082,87.37
1586798343082,87.37
1586798343082,87.37
1586798343082,87.37
1586798399189,87.42
1586798399189,87.42
1586798399189,87.42
1586798399189,87.42
1586798399189,87.42
1586798447202,87.33
1586798455082,87.35
1586798466151,87.305
1586798466151,87.305
1586798466151,87.305
1586798466151,87.305
1586798512136,87.32
1586798512136,87.32
1586798512136,87.32
1586798544607,87.31
1586798550857,87.31
1586798550857,87.31
1586798577264,87.31
1586798577264,87.31
1586798597391,87.265
1586798597391,87.265
1586798618724,87.195
1586798618724,87.195
1586798640771,87.21
1586798640771,87.21
1586798640771,87.21
1586798640771,87.21
1586798640771,87.21
1586798689686,87.25
1586798689686,87.25
1586798689686,87.25
1586798726811,87.265
1586798726811,87.265
1586798742722,87.27
1586798742722,87.27
1586798742722,87.27
1586798742722,87.27
1586798787423,87.1
1586798787423,87.1
1586798787423,87.1
1586798787423,87.1
1586798787423,87.1
1586798787423,87.1
1586798787423,87.1
1586798787423,87.1
1586798787423,87.1
1586798879665,87.14
1586798879665,87.14
1586798898379,87.11
1586798919093,87.125
1586798919093,87.125
1586798919093,87.125
1586798919093,87.125
1586798919093,87.125
1586798965478,87.045
1586798965478,87.045
1586798990737,87.04
1586798997285,87.045
1586799012386,87.045
1586799018155,87.045
1586799018155,87.045
1586799039043,87.08
1586799039043,87.08
1586799064104,87.04
1586799076700,87.1
1586799080134,87.06
1586799097485,87.11
1586799106354,87.09
1586799106354,87.09
1586799129279,87.07
1586799139585,87.115
1586799152343,87.14
1586799158986,87.145
1586799158986,87.145
1586799183002,87.18
1586799190562,87.22
1586799190562,87.22
1586799213099,87.28
1586799213099,87.28
1586799231579,87.27
1586799231579,87.27
1586799231579,87.27
1586799264734,87.195
1586799276733,87.195
1586799276733,87.195
1586799276733,87.195
1586799276733,87.195
1586799315346,87.17
1586799315346,87.17
1586799315346,87.17
1586799343196,87.15
1586799343196,87.15
1586799373037,87.13
1586799373037,87.13
1586799394208,87.2
1586799394208,87.2
1586799407348,87.24
1586799407348,87.24
1586799407348,87.24
1586799407348,87.24
1586799452273,87.28
1586799467204,87.305
1586799467204,87.305
1586799481142,87.31
1586799498861,87.33
1586799498861,87.33
1586799518955,87.32
1586799518955,87.32
1586799540769,87.305
1586799540769,87.305
1586799540769,87.305
1586799540769,87.305
1586799540769,87.305
1586799540769,87.305
1586799540769,87.305
1586799540769,87.305
1586799618116,87.25
1586799618116,87.25
1586799618116,87.25
1586799618116,87.25
1586799618116,87.25
1586799618116,87.25
1586799618116,87.25
1586799618116,87.25
1586799700216,87.265
1586799700216,87.265
1586799700216,87.265
1586799700216,87.265
1586799700216,87.265
1586799700216,87.265
1586799700216,87.265
1586799700216,87.265
1586799792411,87.345
1586799792411,87.345
1586799792411,87.345
1586799792411,87.345
1586799792411,87.345
1586799792411,87.345
1586799792411,87.345
1586799792411,87.345
1586799792411,87.345
1586799792411,87.345
1586799792411,87.345
1586799792411,87.345
1586799792411,87.345
1586799792411,87.345
1586799792411,87.345
1586799944057,87.29
1586799960710,87.29
1586799969318,87.245
1586799981181,87.25
1586799981181,87.25
1586799981181,87.25
1586799981181,87.25
1586799981181,87.25
1586800034764,87.155
1586800037860,87.155
1586800057271,87.125
1586800057271,87.125
1586800069274,87.11
1586800069274,87.11
1586800069274,87.11
1586800108283,87.155
1586800108283,87.155
1586800125141,87.11
1586800141089,87.09
1586800149139,87.095
1586800156093,87.075
1586800172965,87.12
1586800175805,87.12
1586800175805,87.12
1586800204108,87.105
1586800211617,87.115
1586800211617,87.115
1586800233095,87.18
1586800244783,87.26
1586800252743,87.255
1586800266901,87.225
1586800266901,87.225
1586800283974,87.255
1586800290165,87.23
1586800290165,87.23
1586800290165,87.23
1586800325725,87.38
1586800325725,87.38
1586800325725,87.38
1586800325725,87.38
1586800325725,87.38
1586800325725,87.38
1586800325725,87.38
1586800325725,87.38
1586800325725,87.38
1586800325725,87.38
1586800325725,87.38
1586800325725,87.38
1586800325725,87.38
1586800325725,87.38
1586800469852,87.285
1586800469852,87.285
1586800469852,87.285
1586800469852,87.285
1586800469852,87.285
1586800469852,87.285
1586800541180,87.35
1586800550010,87.37
1586800550010,87.37
1586800550010,87.37
1586800577485,87.385
1586800577485,87.385
1586800577485,87.385
1586800577485,87.385
1586800577485,87.385
1586800577485,87.385
1586800577485,87.385
1586800653477,87.33
1586800666034,87.31
1586800666034,87.31
1586800666034,87.31
1586800666034,87.31
1586800666034,87.31
1586800720970,87.18
1586800730780,87.175
1586800737897,87.175
1586800737897,87.175
1586800760814,87.145
1586800760814,87.145
1586800760814,87.145
1586800760814,87.145
1586800760814,87.145
1586800760814,87.145
1586800823969,87.105
1586800823969,87.105
1586800845136,87.14
1586800856969,87.195
1586800865169,87.195
1586800865169,87.195
1586800890814,87.23
1586800894412,87.185
1586800903856,87.15
1586800903856,87.15
1586800903856,87.15
1586800903856,87.15
1586800903856,87.15
1586800955112,87.18
1586800955112,87.18
1586800979443,87.24
1586800994213,87.26
1586800994213,87.26
1586800994213,87.26
1586800994213,87.26
1586800994213,87.26
1586800994213,87.26
1586801058366,87.29
1586801058366,87.29
1586801072408,87.29
1586801072408,87.29
1586801101203,87.255
1586801112147,87.215
1586801118326,87.215
1586801127425,87.215
1586801127425,87.215
1586801149039,87.32
1586801161848,87.345
1586801174384,87.385
1586801184200,87.39
1586801184200,87.39
1586801202672,87.39
1586801216704,87.375
1586801216704,87.375
1586801216704,87.375
1586801252031,87.23
1586801252031,87.23
1586801252031,87.23
1586801280950,87.235
1586801290536,87.21
1586801302217,87.22
1586801302217,87.22
1586801302217,87.22
1586801333644,87.165
1586801346444,87.165
1586801353345,87.16
1586801353345,87.16
1586801353345,87.16
1586801385152,87.12
1586801393125,87.205
1586801393125,87.205
1586801393125,87.205
1586801393125,87.205
1586801393125,87.205
1586801393125,87.205
1586801393125,87.205
1586801393125,87.205
1586801393125,87.205
1586801393125,87.205
1586801393125,87.205
1586801393125,87.205
1586801519404,87.13
1586801519404,87.13
1586801519404,87.13
1586801554665,87.155
1586801562265,87.145
1586801574565,87.105
1586801584475,87.09
1586801598265,87.06
1586801607824,86.985
1586801618460,86.955
1586801620565,86.955
1586801636863,86.9
1586801644565,86.905
1586801660330,86.895
1586801672827,86.87
1586801675077,86.87
1586801675077,86.87
1586801675077,86.87
1586801712336,86.88
1586801721727,86.81
1586801737459,86.83
1586801743867,86.825
1586801743867,86.825
1586801762828,86.835
1586801762828,86.835
1586801762828,86.835
1586801801822,86.885
1586801810865,86.885
1586801818668,86.93
1586801831944,86.925
1586801831944,86.925
1586801831944,86.925
1586801861684,86.89
1586801872397,86.9
1586801875701,86.9
1586801895670,86.905
1586801895670,86.905
1586801895670,86.905
1586801922000,86.95
1586801935130,86.945
1586801949770,86.945
1586801949770,86.945
1586801971498,86.86
1586801971498,86.86
1586801992005,86.895
1586801992005,86.895
1586802008626,86.895
1586802015566,86.895
1586802029396,86.865
1586802039845,86.825
1586802050224,86.85
1586802050224,86.85
1586802050224,86.85
1586802050224,86.85
1586802050224,86.85
1586802050224,86.85
1586802050224,86.85
1586802050224,86.85
1586802050224,86.85
1586802050224,86.85
1586802050224,86.85
1586802050224,86.85
1586802175446,86.73
1586802175446,86.73
1586802175446,86.73
1586802211460,86.77
1586802211460,86.77
1586802229462,86.715
1586802240836,86.715
1586802252691,86.675
1586802252691,86.675
1586802275631,86.69
1586802285794,86.765
1586802285794,86.765
1586802285794,86.765
1586802312047,86.805
1586802312047,86.805
1586802312047,86.805
1586802312047,86.805
1586802312047,86.805
1586802312047,86.805
1586802312047,86.805
1586802312047,86.805
1586802402480,86.6
1586802402480,86.6
1586802402480,86.6
1586802402480,86.6
1586802402480,86.6
1586802452637,86.67
1586802452637,86.67
1586802475656,86.72
1586802484516,86.7
1586802490341,86.67
1586802506051,86.69
1586802509467,86.69
1586802509467,86.69
1586802509467,86.69
1586802547858,86.77
1586802547858,86.77
1586802572495,86.73
1586802578241,86.725
1586802587190,86.77
1586802587190,86.77
1586802608735,86.78
1586802622791,86.855
1586802622791,86.855
1586802622791,86.855
1586802648046,86.915
1586802648046,86.915
1586802673510,87
1586802689049,87.1
1586802689049,87.1
1586802701393,87.055
1586802718493,87.045
1586802732345,86.94
1586802732345,86.94
1586802753098,86.95
1586802760097,86.935
1586802768940,86.94
1586802782460,86.92
1586802789210,86.89
1586802804058,86.895
1586802804058,86.895
1586802819238,86.935
1586802819238,86.935
1586802844859,86.995
1586802857593,86.97
1586802860855,86.965
1586802860855,86.965
1586802889352,86.975
1586802894904,86.96
1586802894904,86.96
1586802920372,86.93
1586802927304,86.89
1586802927304,86.89
1586802950681,86.86
1586802955663,86.83
1586802955663,86.83
1586802955663,86.83
1586802991068,86.825
1586803003813,86.81
1586803014450,86.76
1586803025041,86.74
1586803037877,86.8
1586803037877,86.8
1586803037877,86.8
1586803060207,86.785
1586803079005,86.765
1586803079005,86.765
1586803079005,86.765
1586803079005,86.765
1586803079005,86.765
1586803123940,86.785
1586803137584,86.78
1586803145212,86.75
1586803145212,86.75
1586803145212,86.75
1586803145212,86.75
1586803145212,86.75
1586803145212,86.75
1586803145212,86.75
1586803145212,86.75
1586803145212,86.75
1586803145212,86.75
1586803145212,86.75
1586803145212,86.75
1586803277615,86.695
1586803284206,86.66
1586803296006,86.64
1586803314202,86.61
1586803314202,86.61
1586803334923,86.58
1586803334923,86.58
1586803351962,86.6
1586803363978,86.63
1586803372314,86.655
1586803383878,86.69
1586803395665,86.65
1586803404464,86.645
1586803418685,86.695
1586803427429,86.675
1586803427429,86.675
1586803445278,86.67
1586803456857,86.65
1586803469364,86.695
1586803475352,86.68
1586803475352,86.68
1586803505664,86.675
1586803512627,86.775
1586803512627,86.775
1586803512627,86.775
1586803512627,86.775
1586803559151,86.74
1586803568265,86.71
1586803578773,86.67
1586803588017,86.685
1586803601803,86.67
1586803612293,86.67
1586803621087,86.665
1586803627312,86.635
1586803627312,86.635
1586803651039,86.67
1586803651039,86.67
1586803651039,86.67
1586803681964,86.685
1586803691964,86.81
1586803703822,86.855
1586803703822,86.855
1586803703822,86.855
1586803703822,86.855
1586803703822,86.855
1586803703822,86.855
1586803703822,86.855
1586803773964,86.86
1586803773964,86.86
1586803797493,86.81
1586803797493,86.81
1586803813038,86.75
1586803813038,86.75
1586803813038,86.75
1586803813038,86.75
1586803813038,86.75
1586803813038,86.75
1586803813038,86.75
1586803813038,86.75
1586803900994,86.82
1586803900994,86.82
1586803900994,86.82
1586803937509,86.69
1586803937509,86.69
1586803958550,86.73
1586803964564,86.75
1586803964564,86.75
1586803980687,86.73
1586803980687,86.73
1586804010239,86.665
1586804010239,86.665
1586804010239,86.665
1586804010239,86.665
1586804048635,86.65
1586804048635,86.65
1586804067767,86.74
1586804067767,86.74
1586804067767,86.74
1586804067767,86.74
1586804114370,86.71
1586804114370,86.71
1586804135961,86.69
1586804135961,86.69
1586804159298,86.745
1586804167872,86.775
1586804167872,86.775
1586804167872,86.775
1586804167872,86.775
1586804208081,86.845
1586804218440,86.81
1586804218440,86.81
1586804238837,86.8
1586804238837,86.8
1586804262246,86.725
1586804262246,86.725
1586804282726,86.81
1586804282726,86.81
1586804282726,86.81
1586804282726,86.81
1586804282726,86.81
1586804282726,86.81
1586804282726,86.81
1586804355534,86.78
1586804366837,86.8
1586804366837,86.8
1586804366837,86.8
