1582727419961,3.98
1582727419961,3.98
1582727419961,3.98
1582727419961,3.98
1582727419961,3.98
1582727419961,3.98
1582727419961,3.98
1582727419961,3.98
1582727419961,3.98
1582727419961,3.98
1582727419961,3.98
1582727419961,3.98
1582727419961,3.98
1582727419961,3.98
1582727419961,3.98
1582727419961,3.98
1582727419961,3.98
1582727419961,3.98
1582727648828,3.99
1582727648828,3.99
1582727648828,3.99
1582727676311,3.99
1582727676311,3.99
1582727676311,3.99
1582727676311,3.99
1582727676311,3.99
1582727676311,3.99
1582727676311,3.99
1582727676311,3.99
1582727759628,3.985
1582727759628,3.985
1582727759628,3.985
1582727759628,3.985
1582727759628,3.985
1582727759628,3.985
1582727759628,3.985
1582727759628,3.985
1582727759628,3.985
1582727759628,3.985
1582727759628,3.985
1582727759628,3.985
1582727759628,3.985
1582727759628,3.985
1582727759628,3.985
1582727922115,3.99
1582727922115,3.99
1582727922115,3.99
1582727922115,3.99
1582727922115,3.99
1582727966399,4.005
1582727983276,4.005
1582727994303,4.01
1582728000631,4.01
1582728016142,4.01
1582728016142,4.01
1582728016142,4.01
1582728016142,4.01
1582728016142,4.01
1582728061765,4.01
1582728061765,4.01
1582728061765,4.01
1582728061765,4.01
1582728061765,4.01
1582728061765,4.01
1582728061765,4.01
1582728135075,4.02
1582728135075,4.02
1582728135075,4.02
1582728169047,4.02
1582728169047,4.02
1582728187836,4.02
1582728187836,4.02
1582728187836,4.02
1582728187836,4.02
1582728187836,4.02
1582728238152,4.03
1582728254939,4.02
1582728254939,4.02
1582728254939,4.02
1582728254939,4.02
1582728254939,4.02
1582728302372,4.03
1582728315147,4.03
1582728315147,4.03
1582728315147,4.03
1582728348047,4.02
1582728348047,4.02
1582728348047,4.02
1582728348047,4.02
1582728348047,4.02
1582728348047,4.02
1582728348047,4.02
1582728348047,4.02
1582728348047,4.02
1582728443313,4.01
1582728449650,4.01
1582728449650,4.01
1582728473565,4.005
1582728473565,4.005
1582728473565,4.005
1582728473565,4.005
1582728473565,4.005
1582728473565,4.005
1582728473565,4.005
1582728473565,4.005
1582728473565,4.005
1582728473565,4.005
1582728473565,4.005
1582728473565,4.005
1582728593174,4.005
1582728593174,4.005
1582728593174,4.005
1582728593174,4.005
1582728593174,4.005
1582728593174,4.005
1582728593174,4.005
1582728673537,4.005
1582728673537,4.005
1582728673537,4.005
1582728673537,4.005
1582728715326,4
1582728715326,4
1582728715326,4
1582728715326,4
1582728751801,3.99
1582728751801,3.99
1582728751801,3.99
1582728751801,3.99
1582728751801,3.99
1582728804658,3.995
1582728804658,3.995
1582728804658,3.995
1582728804658,3.995
1582728804658,3.995
1582728804658,3.995
1582728804658,3.995
1582728804658,3.995
1582728888432,4.005
1582728888432,4.005
1582728888432,4.005
1582728888432,4.005
1582728888432,4.005
1582728939275,4.005
1582728946759,4.005
1582728946759,4.005
1582728946759,4.005
1582728946759,4.005
1582728946759,4.005
1582728946759,4.005
1582728946759,4.005
1582728946759,4.005
1582728946759,4.005
1582728946759,4.005
1582728946759,4.005
1582728946759,4.005
1582729073562,3.995
1582729073562,3.995
1582729073562,3.995
1582729073562,3.995
1582729073562,3.995
1582729132279,3.995
1582729132822,3.995
1582729150196,3.99
1582729150196,3.99
1582729150196,3.99
1582729174727,3.995
1582729174727,3.995
1582729200224,3.99
1582729200224,3.99
1582729226135,3.98
1582729226135,3.98
1582729226135,3.98
1582729226135,3.98
1582729226135,3.98
1582729226135,3.98
1582729285311,3.985
1582729285311,3.985
1582729307119,3.985
1582729307119,3.985
1582729307119,3.985
1582729340797,3.975
1582729340797,3.975
1582729340797,3.975
1582729340797,3.975
1582729379401,3.985
1582729392537,3.98
1582729392537,3.98
1582729392537,3.98
1582729414291,3.985
1582729414291,3.985
1582729440847,3.985
1582729440847,3.985
1582729440847,3.985
1582729440847,3.985
1582729440847,3.985
1582729440847,3.985
1582729440847,3.985
1582729512978,3.98
1582729528434,3.985
1582729529511,3.985
1582729529511,3.985
1582729529511,3.985
1582729563073,3.98
1582729563073,3.98
1582729587554,3.975
1582729587554,3.975
1582729607820,3.975
1582729613032,3.965
1582729613032,3.965
1582729613032,3.965
1582729613032,3.965
1582729613032,3.965
1582729613032,3.965
1582729613032,3.965
1582729613032,3.965
1582729613032,3.965
1582729613032,3.965
1582729613032,3.965
1582729731391,3.98
1582729731391,3.98
1582729752016,3.985
1582729752016,3.985
1582729752016,3.985
1582729752016,3.985
1582729752016,3.985
1582729752016,3.985
1582729816017,3.985
1582729825039,3.985
1582729825039,3.985
1582729825039,3.985
1582729853665,3.985
1582729853665,3.985
1582729881381,3.975
1582729881381,3.975
1582729881381,3.975
1582729910033,3.975
1582729910033,3.975
1582729910033,3.975
1582729937727,3.975
1582729937727,3.975
1582729966375,3.975
1582729966375,3.975
1582729966375,3.975
1582729994070,3.975
1582729994070,3.975
1582729994070,3.975
1582730022717,3.975
1582730022717,3.975
1582730042651,3.975
1582730042651,3.975
1582730064251,3.98
1582730064251,3.98
1582730064251,3.98
1582730094893,3.995
1582730106931,3.995
1582730106931,3.995
1582730106931,3.995
1582730135725,3.995
1582730135725,3.995
1582730164533,3.995
1582730164533,3.995
1582730164533,3.995
1582730193338,3.995
1582730193338,3.995
1582730193338,3.995
1582730222147,3.995
1582730231357,3.995
1582730231357,3.995
1582730231357,3.995
1582730231357,3.995
1582730231357,3.995
1582730231357,3.995
1582730231357,3.995
1582730301471,4.005
1582730301471,4.005
1582730324416,4.005
1582730340945,4.005
1582730344183,4.01
1582730344183,4.01
1582730344183,4.01
1582730344183,4.01
1582730344183,4.01
1582730344183,4.01
1582730344183,4.01
1582730344183,4.01
1582730434768,4.02
1582730441266,4.02
1582730441266,4.02
1582730441266,4.02
1582730441266,4.02
1582730441266,4.02
1582730497462,4.025
1582730497462,4.025
1582730512905,4.025
1582730512905,4.025
1582730512905,4.025
1582730542285,4.025
1582730542285,4.025
1582730571647,4.025
1582730571647,4.025
1582730571647,4.025
1582730601021,4.015
1582730601021,4.015
1582730601021,4.015
1582730630399,4.015
1582730630399,4.015
1582730630399,4.015
1582730660091,4.015
1582730672167,4.015
1582730672167,4.015
1582730672167,4.015
1582730672167,4.015
1582730672167,4.015
1582730672167,4.015
1582730729879,4.02
1582730729879,4.02
1582730729879,4.02
1582730729879,4.02
1582730729879,4.02
1582730729879,4.02
1582730729879,4.02
1582730808822,4.025
1582730808822,4.025
1582730822927,4.025
1582730822927,4.025
1582730822927,4.025
1582730857470,4.03
1582730857470,4.03
1582730857470,4.03
1582730857470,4.03
1582730857470,4.03
1582730857470,4.03
1582730857470,4.03
1582730857470,4.03
1582730857470,4.03
1582730957973,4.025
1582730959658,4.025
1582730959658,4.025
1582730959658,4.025
1582730959658,4.025
1582730959658,4.025
1582730959658,4.025
1582730959658,4.025
1582731040393,4.015
1582731048583,4.015
1582731048583,4.015
1582731048583,4.015
1582731079289,4.015
1582731079289,4.015
1582731079289,4.015
1582731109559,4.015
1582731109559,4.015
1582731109559,4.015
1582731140079,4.015
1582731140079,4.015
1582731163695,4.015
1582731163695,4.015
1582731163695,4.015
1582731163695,4.015
1582731163695,4.015
1582731163695,4.015
1582731163695,4.015
1582731163695,4.015
1582731163695,4.015
1582731163695,4.015
1582731163695,4.015
1582731275297,4.025
1582731275297,4.025
1582731275297,4.025
1582731275297,4.025
1582731275297,4.025
1582731275297,4.025
1582731275297,4.025
1582731275297,4.025
1582731359240,4.03
1582731359240,4.03
1582731359240,4.03
1582731359240,4.03
1582731402305,4.025
1582731402305,4.025
1582731402305,4.025
1582731402305,4.025
1582731402305,4.025
1582731455054,4.025
1582731455054,4.025
1582731455054,4.025
1582731455054,4.025
1582731455054,4.025
1582731455054,4.025
1582731455054,4.025
1582731529610,4.015
1582731529610,4.015
1582731529610,4.015
1582731529610,4.015
1582731529610,4.015
1582731529610,4.015
1582731585649,4.015
1582731585649,4.015
1582731611789,4.015
1582731611789,4.015
1582731633552,4.015
1582731633552,4.015
1582731633552,4.015
1582731666935,4.015
1582731668844,4.015
1582731686805,4.015
1582731686805,4.015
1582731703002,4.025
1582731703002,4.025
1582731703002,4.025
1582731703002,4.025
1582731748836,4.02
1582731755799,4.02
1582731755799,4.02
1582731781658,4.02
1582731789782,4.02
1582731802949,4.025
1582731803437,4.025
1582731803437,4.025
1582731803437,4.025
1582731803437,4.025
1582731803437,4.025
1582731803437,4.025
1582731803437,4.025
1582731803437,4.025
1582731803437,4.025
1582731803437,4.025
1582731803437,4.025
1582731803437,4.025
1582731803437,4.025
1582731803437,4.025
1582731803437,4.025
1582731803437,4.025
1582731803437,4.025
1582731803437,4.025
1582731803437,4.025
1582731803437,4.025
1582731803437,4.025
1582731803437,4.025
1582731803437,4.025
1582732053071,4.025
1582732061322,4.02
1582732061322,4.02
1582732061322,4.02
1582732061322,4.02
1582732061322,4.02
1582732061322,4.02
1582732061322,4.02
1582732061322,4.02
1582732061322,4.02
1582732061322,4.02
1582732061322,4.02
1582732170441,4.02
1582732170441,4.02
1582732170441,4.02
1582732170441,4.02
1582732211039,4.02
1582732225769,4.025
1582732225769,4.025
1582732225769,4.025
1582732225769,4.025
1582732225769,4.025
1582732225769,4.025
1582732225769,4.025
1582732303844,4.025
1582732303844,4.025
1582732303844,4.025
1582732303844,4.025
1582732303844,4.025
1582732303844,4.025
1582732303844,4.025
1582732376737,4.025
1582732376737,4.025
1582732376737,4.025
1582732398627,4.02
1582732409003,4.025
1582732409003,4.025
1582732434328,4.025
1582732441503,4.025
1582732450842,4.02
1582732450842,4.02
1582732474037,4.02
1582732474037,4.02
1582732474037,4.02
1582732507713,4.02
1582732507713,4.02
1582732507713,4.02
1582732539003,4.025
1582732539003,4.025
1582732539003,4.025
1582732571529,4.025
1582732571529,4.025
1582732571529,4.025
1582732604055,4.025
1582732604055,4.025
1582732604055,4.025
1582732636563,4.025
1582732636563,4.025
1582732657709,4.015
1582732668022,4.015
1582732677423,4.015
1582732677423,4.015
1582732677423,4.015
1582732677423,4.015
1582732677423,4.015
1582732677423,4.015
1582732677423,4.015
1582732677423,4.015
1582732677423,4.015
1582732677423,4.015
1582732677423,4.015
1582732677423,4.015
1582732677423,4.015
1582732677423,4.015
1582732677423,4.015
1582732677423,4.015
1582732846994,4.015
1582732846994,4.015
1582732864980,4.015
1582732871337,4.01
1582732871337,4.01
1582732871337,4.01
1582732871337,4.01
1582732871337,4.01
1582732871337,4.01
1582732871337,4.01
1582732871337,4.01
1582732871337,4.01
1582732871337,4.01
1582732871337,4.01
1582732871337,4.01
1582732871337,4.01
1582732871337,4.01
1582733022733,4.01
1582733028309,4.01
1582733028309,4.01
1582733048826,4.015
1582733048826,4.015
1582733048826,4.015
1582733048826,4.015
1582733048826,4.015
1582733104441,4.015
1582733113342,4.015
1582733119634,4.015
1582733119634,4.015
1582733119634,4.015
1582733150990,4.015
1582733150990,4.015
1582733150990,4.015
1582733182346,4.015
1582733182346,4.015
1582733182346,4.015
1582733213708,4.015
1582733213708,4.015
1582733238775,4.01
1582733249022,4.01
1582733249022,4.01
1582733249022,4.01
1582733276440,4.015
1582733288948,4.01
1582733303270,4.01
1582733307796,4.015
1582733307796,4.015
1582733307796,4.015
1582733339155,4.015
1582733353301,4.005
1582733353301,4.005
1582733353301,4.005
1582733353301,4.005
1582733353301,4.005
1582733353301,4.005
1582733353301,4.005
1582733353301,4.005
1582733353301,4.005
1582733353301,4.005
1582733353301,4.005
1582733353301,4.005
1582733353301,4.005
1582733353301,4.005
1582733353301,4.005
1582733353301,4.005
1582733353301,4.005
1582733353301,4.005
1582733353301,4.005
1582733353301,4.005
1582733567236,4
1582733570383,3.995
1582733587689,3.99
1582733596705,4
1582733605993,3.995
1582733613906,3.995
1582733627639,3.995
1582733627639,3.995
1582733627639,3.995
1582733654661,3.995
1582733665742,3.995
1582733665742,3.995
1582733686043,3.995
1582733686043,3.995
1582733686043,3.995
1582733718188,3.995
1582733718188,3.995
1582733718188,3.995
1582733718188,3.995
1582733762191,4
1582733762191,4
1582733762191,4
1582733762191,4
1582733762191,4
1582733762191,4
1582733762191,4
1582733762191,4
1582733762191,4
1582733762191,4
1582733762191,4
1582733762191,4
1582733762191,4
1582733762191,4
1582733907166,4.01
1582733907166,4.01
1582733907166,4.01
1582733907166,4.01
1582733907166,4.01
1582733907166,4.01
1582733907166,4.01
1582733907166,4.01
1582733907166,4.01
1582733997196,4.01
1582733997196,4.01
1582733997196,4.01
1582734027494,4.01
1582734044943,4.01
1582734047907,4.015
1582734047907,4.015
1582734047907,4.015
1582734047907,4.015
1582734047907,4.015
1582734047907,4.015
1582734047907,4.015
1582734047907,4.015
1582734047907,4.015
1582734047907,4.015
1582734047907,4.015
1582734047907,4.015
1582734047907,4.015
1582734047907,4.015
1582734047907,4.015
1582734047907,4.015
1582734047907,4.015
1582734047907,4.015
1582734047907,4.015
1582734047907,4.015
1582734047907,4.015
1582734047907,4.015
1582734281731,4.02
1582734281731,4.02
1582734281731,4.02
1582734281731,4.02
1582734281731,4.02
1582734281731,4.02
1582734281731,4.02
1582734281731,4.02
1582734281731,4.02
1582734281731,4.02
1582734281731,4.02
1582734281731,4.02
1582734403705,4.02
1582734403705,4.02
1582734424675,4.02
1582734442132,4.02
1582734447511,4.02
1582734447511,4.02
1582734447511,4.02
1582734482453,4.02
1582734482453,4.02
1582734507236,4.02
1582734507236,4.02
1582734523442,4.02
1582734523442,4.02
1582734523442,4.02
1582734523442,4.02
1582734523442,4.02
1582734523442,4.02
1582734596818,4.02
1582734596818,4.02
1582734620640,4.01
1582734621759,4.005
1582734621759,4.005
1582734621759,4.005
1582734621759,4.005
1582734621759,4.005
1582734678887,4.01
1582734678887,4.01
1582734678887,4.01
1582734678887,4.01
1582734678887,4.01
1582734678887,4.01
1582734678887,4.01
1582734678887,4.01
1582734678887,4.01
1582734678887,4.01
1582734678887,4.01
1582734678887,4.01
1582734807765,4.005
1582734807765,4.005
1582734807765,4.005
1582734807765,4.005
1582734807765,4.005
1582734860337,4.005
1582734860337,4.005
1582734860337,4.005
1582734860337,4.005
1582734902612,4.01
1582734902612,4.01
1582734923133,4.01
1582734929286,4.01
1582734929286,4.01
1582734929286,4.01
1582734929286,4.01
1582734929286,4.01
1582734929286,4.01
1582734929286,4.01
1582734929286,4.01
1582734929286,4.01
1582734929286,4.01
1582734929286,4.01
1582734929286,4.01
1582734929286,4.01
1582734929286,4.01
1582734929286,4.01
1582734929286,4.01
1582734929286,4.01
1582734929286,4.01
1582734929286,4.01
1582734929286,4.01
1582734929286,4.01
1582735149394,4.01
1582735149394,4.01
1582735149394,4.01
1582735149394,4.01
1582735149394,4.01
1582735149394,4.01
1582735149394,4.01
1582735149394,4.01
1582735149394,4.01
1582735149394,4.01
1582735149394,4.01
1582735149394,4.01
1582735277880,4.005
1582735277880,4.005
1582735277880,4.005
1582735277880,4.005
1582735318084,4.005
1582735318084,4.005
1582735318084,4.005
1582735318084,4.005
1582735318084,4.005
1582735364278,4.005
1582735364278,4.005
1582735364278,4.005
1582735404743,4
1582735410532,4.005
1582735410532,4.005
1582735433067,4
1582735433067,4
1582735455954,4.005
1582735455954,4.005
1582735455954,4.005
1582735455954,4.005
1582735496779,4.005
1582735502140,4.005
1582735502140,4.005
1582735527636,4.005
1582735527636,4.005
1582735550624,4.005
1582735553366,4.005
1582735571037,4.005
1582735571037,4.005
1582735571037,4.005
1582735599240,3.995
1582735599240,3.995
1582735620672,3.995
1582735632460,3.995
1582735645603,3.995
1582735645603,3.995
1582735645603,3.995
1582735645603,3.995
1582735680589,3.995
1582735680589,3.995
1582735707219,3.995
1582735707219,3.995
1582735707219,3.995
1582735707219,3.995
1582735707219,3.995
1582735707219,3.995
1582735707219,3.995
1582735707219,3.995
1582735707219,3.995
1582735707219,3.995
1582735804924,3.99
1582735804924,3.99
1582735804924,3.99
1582735804924,3.99
1582735804924,3.99
1582735862661,3.985
1582735862661,3.985
1582735878787,3.985
1582735893289,3.985
1582735893289,3.985
1582735910681,3.985
1582735910681,3.985
1582735933751,3.98
1582735947735,3.985
1582735947735,3.985
1582735947735,3.985
1582735947735,3.985
1582735947735,3.985
1582735999214,3.985
1582735999214,3.985
1582735999214,3.985
1582735999214,3.985
1582735999214,3.985
1582736050719,3.985
1582736050719,3.985
1582736071449,3.98
1582736071449,3.98
1582736071449,3.98
1582736102904,3.975
1582736113008,3.975
1582736113008,3.975
1582736113008,3.975
1582736113008,3.975
1582736156887,3.975
1582736156887,3.975
1582736156887,3.975
1582736156887,3.975
1582736196923,3.975
1582736196923,3.975
1582736213243,3.985
1582736213243,3.985
1582736213243,3.985
1582736213243,3.985
1582736213243,3.985
1582736213243,3.985
1582736213243,3.985
1582736213243,3.985
1582736213243,3.985
1582736213243,3.985
1582736213243,3.985
1582736213243,3.985
1582736213243,3.985
1582736213243,3.985
1582736213243,3.985
1582736213243,3.985
1582736213243,3.985
1582736213243,3.985
1582736213243,3.985
1582736213243,3.985
1582736213243,3.985
1582736213243,3.985
1582736213243,3.985
1582736213243,3.985
1582736470243,3.98
1582736475053,3.98
1582736490819,3.975
1582736490819,3.975
1582736490819,3.975
1582736525837,3.975
1582736525837,3.975
1582736525837,3.975
1582736525837,3.975
1582736525837,3.975
1582736525837,3.975
1582736525837,3.975
1582736525837,3.975
1582736525837,3.975
1582736525837,3.975
1582736525837,3.975
1582736525837,3.975
1582736525837,3.975
1582736525837,3.975
1582736525837,3.975
1582736525837,3.975
1582736525837,3.975
1582736525837,3.975
1582736714133,3.975
1582736714133,3.975
1582736726307,3.975
1582736738345,3.97
1582736738345,3.97
1582736738345,3.97
1582736738345,3.97
1582736738345,3.97
1582736789124,3.975
1582736803096,3.97
1582736803096,3.97
1582736830105,3.965
1582736830105,3.965
1582736845072,3.965
1582736857068,3.965
1582736857068,3.965
1582736857068,3.965
1582736892775,3.96
1582736899093,3.955
1582736899093,3.955
1582736914645,3.955
1582736914645,3.955
1582736914645,3.955
1582736914645,3.955
1582736961961,3.965
1582736961961,3.965
1582736982199,3.965
1582736982199,3.965
1582736982199,3.965
1582737009990,3.965
1582737009990,3.965
1582737009990,3.965
1582737009990,3.965
1582737009990,3.965
1582737009990,3.965
1582737009990,3.965
1582737009990,3.965
1582737009990,3.965
1582737009990,3.965
1582737009990,3.965
1582737009990,3.965
1582737009990,3.965
1582737009990,3.965
1582737009990,3.965
1582737009990,3.965
1582737009990,3.965
1582737009990,3.965
1582737009990,3.965
1582737009990,3.965
1582737009990,3.965
1582737009990,3.965
1582737009990,3.965
1582737009990,3.965
1582737009990,3.965
1582737009990,3.965
1582737009990,3.965
1582737009990,3.965
1582737009990,3.965
1582737314889,3.965
1582737314889,3.965
1582737314889,3.965
1582737314889,3.965
1582737314889,3.965
1582737314889,3.965
1582737375813,3.955
1582737375813,3.955
1582737402835,3.955
1582737402835,3.955
1582737402835,3.955
1582737402835,3.955
1582737402835,3.955
1582737402835,3.955
1582737402835,3.955
1582737402835,3.955
1582737402835,3.955
1582737402835,3.955
1582737501842,3.955
1582737501842,3.955
1582737501842,3.955
1582737501842,3.955
1582737552357,3.96
1582737554955,3.965
1582737554955,3.965
1582737554955,3.965
1582737554955,3.965
1582737554955,3.965
1582737554955,3.965
1582737620011,3.965
1582737620011,3.965
1582737620011,3.965
1582737652844,3.975
1582737652844,3.975
1582737652844,3.975
1582737652844,3.975
1582737652844,3.975
1582737652844,3.975
1582737719583,3.975
1582737719583,3.975
1582737719583,3.975
1582737719583,3.975
1582737719583,3.975
1582737719583,3.975
1582737719583,3.975
1582737788821,3.975
1582737788821,3.975
1582737788821,3.975
1582737788821,3.975
1582737788821,3.975
1582737788821,3.975
1582737788821,3.975
1582737788821,3.975
1582737788821,3.975
1582737788821,3.975
1582737788821,3.975
1582737788821,3.975
1582737788821,3.975
1582737788821,3.975
1582737788821,3.975
1582737788821,3.975
1582737788821,3.975
1582737788821,3.975
1582737788821,3.975
1582737788821,3.975
1582737788821,3.975
1582737788821,3.975
1582737788821,3.975
1582737788821,3.975
1582737788821,3.975
1582738050222,3.97
1582738050222,3.97
1582738050222,3.97
1582738050222,3.97
1582738050222,3.97
1582738100886,3.965
1582738100886,3.965
1582738100886,3.965
1582738100886,3.965
1582738100886,3.965
1582738100886,3.965
1582738100886,3.965
1582738181271,3.97
1582738191409,3.975
1582738191409,3.975
1582738191409,3.975
1582738191409,3.975
1582738191409,3.975
1582738191409,3.975
1582738191409,3.975
1582738191409,3.975
1582738267141,3.98
1582738267141,3.98
1582738267141,3.98
1582738267141,3.98
1582738267141,3.98
1582738267141,3.98
1582738267141,3.98
1582738267141,3.98
1582738267141,3.98
1582738267141,3.98
1582738267141,3.98
1582738267141,3.98
1582738267141,3.98
1582738267141,3.98
1582738267141,3.98
1582738267141,3.98
1582738267141,3.98
1582738267141,3.98
1582738267141,3.98
1582738267141,3.98
1582738267141,3.98
1582738267141,3.98
1582738267141,3.98
1582738267141,3.98
1582738267141,3.98
1582738267141,3.98
1582738267141,3.98
1582738267141,3.98
1582738267141,3.98
1582738574727,3.985
1582738581041,3.98
1582738581041,3.98
1582738581041,3.98
1582738613225,3.985
1582738613225,3.985
1582738613225,3.985
1582738613225,3.985
1582738613225,3.985
1582738613225,3.985
1582738682879,3.985
1582738682879,3.985
1582738682879,3.985
1582738682879,3.985
1582738682879,3.985
1582738682879,3.985
1582738682879,3.985
1582738752461,3.985
1582738752461,3.985
1582738752461,3.985
1582738752461,3.985
1582738752461,3.985
1582738752461,3.985
1582738752461,3.985
1582738822301,3.985
1582738822301,3.985
1582738822301,3.985
1582738822301,3.985
1582738822301,3.985
1582738822301,3.985
1582738822301,3.985
1582738893069,3.985
1582738893069,3.985
1582738921120,3.985
1582738921120,3.985
1582738944217,3.985
1582738944217,3.985
1582738944217,3.985
1582738944217,3.985
1582738944217,3.985
1582738944217,3.985
1582738944217,3.985
1582738944217,3.985
1582738944217,3.985
1582738944217,3.985
1582738944217,3.985
1582738944217,3.985
1582738944217,3.985
1582738944217,3.985
1582738944217,3.985
1582739096851,3.975
1582739103767,3.975
1582739103767,3.975
1582739103767,3.975
1582739103767,3.975
1582739103767,3.975
1582739103767,3.975
1582739103767,3.975
1582739103767,3.975
1582739103767,3.975
1582739103767,3.975
1582739210158,3.985
1582739210158,3.985
1582739210158,3.985
1582739210158,3.985
1582739210158,3.985
1582739210158,3.985
1582739210158,3.985
1582739210158,3.985
1582739289465,3.985
1582739289465,3.985
1582739289465,3.985
1582739289465,3.985
1582739289465,3.985
1582739289465,3.985
1582739289465,3.985
1582739289465,3.985
1582739289465,3.985
1582739289465,3.985
1582739289465,3.985
1582739289465,3.985
1582739289465,3.985
1582739289465,3.985
1582739437255,3.985
1582739449521,3.99
1582739449521,3.99
1582739474629,3.99
1582739474629,3.99
1582739474629,3.99
1582739474629,3.99
1582739474629,3.99
1582739474629,3.99
1582739474629,3.99
1582739474629,3.99
1582739474629,3.99
1582739474629,3.99
1582739575485,3.985
1582739590420,3.98
1582739597195,3.985
1582739597195,3.985
1582739597195,3.985
1582739597195,3.985
1582739597195,3.985
1582739597195,3.985
1582739597195,3.985
1582739667977,3.985
1582739667977,3.985
1582739667977,3.985
1582739667977,3.985
1582739667977,3.985
1582739667977,3.985
1582739737390,3.985
1582739737390,3.985
1582739737390,3.985
1582739737390,3.985
1582739737390,3.985
1582739737390,3.985
1582739737390,3.985
1582739806895,3.985
1582739806895,3.985
1582739806895,3.985
1582739806895,3.985
1582739806895,3.985
1582739806895,3.985
1582739806895,3.985
1582739876409,3.985
1582739876409,3.985
1582739876409,3.985
1582739876409,3.985
1582739923793,3.985
1582739923793,3.985
1582739923793,3.985
1582739923793,3.985
1582739923793,3.985
1582739923793,3.985
1582739923793,3.985
1582739923793,3.985
1582739923793,3.985
1582739923793,3.985
1582739923793,3.985
1582739923793,3.985
1582739923793,3.985
1582739923793,3.985
1582739923793,3.985
1582739923793,3.985
1582739923793,3.985
1582739923793,3.985
1582739923793,3.985
1582739923793,3.985
1582739923793,3.985
1582739923793,3.985
1582739923793,3.985
1582739923793,3.985
1582739923793,3.985
1582739923793,3.985
1582739923793,3.985
1582739923793,3.985
1582739923793,3.985
1582739923793,3.985
1582739923793,3.985
1582739923793,3.985
1582739923793,3.985
1582739923793,3.985
1582739923793,3.985
1582739923793,3.985
1582739923793,3.985
1582739923793,3.985
1582739923793,3.985
1582739923793,3.985
1582739923793,3.985
1582739923793,3.985
1582739923793,3.985
1582740377145,3.985
1582740377145,3.985
1582740377145,3.985
1582740377145,3.985
1582740377145,3.985
1582740424596,3.985
1582740424596,3.985
1582740424596,3.985
1582740424596,3.985
1582740424596,3.985
1582740424596,3.985
1582740492323,3.985
1582740492323,3.985
1582740492323,3.985
1582740492323,3.985
1582740532164,3.975
1582740532164,3.975
1582740532164,3.975
1582740560105,3.975
1582740560105,3.975
1582740560105,3.975
1582740560105,3.975
1582740560105,3.975
1582740560105,3.975
1582740627653,3.975
1582740627653,3.975
1582740627653,3.975
1582740627653,3.975
1582740627653,3.975
1582740627653,3.975
1582740695083,3.975
1582740695083,3.975
1582740695083,3.975
1582740695083,3.975
1582740695083,3.975
1582740695083,3.975
1582740695083,3.975
1582740762527,3.975
1582740762527,3.975
1582740762527,3.975
1582740762527,3.975
1582740762527,3.975
1582740762527,3.975
1582740829969,3.975
1582740829969,3.975
1582740829969,3.975
1582740829969,3.975
1582740829969,3.975
1582740829969,3.975
1582740897413,3.975
1582740897413,3.975
1582740897413,3.975
1582740897413,3.975
1582740937001,3.98
1582740937001,3.98
1582740937001,3.98
1582740937001,3.98
1582740937001,3.98
1582740937001,3.98
1582740937001,3.98
1582740937001,3.98
1582740937001,3.98
1582740937001,3.98
1582740937001,3.98
1582740937001,3.98
1582741057681,3.975
1582741057681,3.975
1582741057681,3.975
1582741092625,3.975
1582741092625,3.975
1582741092625,3.975
1582741092625,3.975
1582741092625,3.975
1582741148718,4.19
1582741159170,4.23
1582741168462,4.26
1582741179147,4.2
1582741190317,4.25
1582741196401,4.27
1582741208889,4.27
1582741221187,4.22
1582741231566,4.24
1582741242464,4.26
1582741252456,4.25
1582741255241,4.25
1582741272511,4.18
1582741277726,4.18
1582741294160,4.2
1582741303946,4.26
1582741314879,4.29
1582741324360,4.27
1582741335710,4.24
1582741344575,4.21
1582741344575,4.21
1582741359962,4.19
1582741359962,4.19
1582741384325,4.18
1582741396022,4.21
1582741401907,4.22
1582741401907,4.22
1582741428684,4.205
1582741441606,4.19
1582741449783,4.185
1582741461840,4.205
1582741468102,4.21
1582741483411,4.22
1582741493551,4.23
1582741503474,4.22
1582741503474,4.22
1582741503474,4.22
1582741503474,4.22
1582741503474,4.22
1582741553416,4.21
1582741566227,4.22
1582741566227,4.22
1582741585690,4.22
1582741597610,4.215
1582741604607,4.215
1582741617183,4.23
1582741626561,4.23
1582741626561,4.23
1582741650700,4.235
1582741654784,4.23
1582741671470,4.225
1582741672295,4.225
1582741689658,4.235
1582741703315,4.255
1582741714073,4.255
1582741720067,4.255
1582741731310,4.23
1582741744171,4.235
1582741755079,4.235
1582741764952,4.235
1582741776623,4.24
1582741785835,4.235
1582741797915,4.235
1582741806501,4.235
1582741818638,4.24
1582741818638,4.24
1582741818638,4.24
1582741844503,4.23
1582741859654,4.22
1582741866117,4.2
1582741866117,4.2
1582741866117,4.2
1582741866117,4.2
1582741913857,4.19
1582741913857,4.19
1582741913857,4.19
1582741913857,4.19
1582741913857,4.19
1582741966781,4.18
1582741976046,4.18
1582741987412,4.18
1582741987412,4.18
1582741987412,4.18
1582742018813,4.18
1582742018813,4.18
1582742018813,4.18
1582742018813,4.18
1582742057181,4.18
1582742057181,4.18
1582742057181,4.18
1582742089949,4.15
1582742098270,4.14
1582742098270,4.14
1582742114860,4.14
1582742130257,4.15
1582742130257,4.15
1582742130257,4.15
1582742162391,4.14
1582742162391,4.14
1582742162391,4.14
1582742193313,4.11
1582742193313,4.11
1582742193313,4.11
1582742225884,4.115
1582742230508,4.12
1582742230508,4.12
1582742249458,4.11
1582742249458,4.11
1582742277217,4.11
1582742287164,4.125
1582742287164,4.125
1582742304662,4.12
1582742304662,4.12
1582742304662,4.12
1582742304662,4.12
1582742348884,4.12
1582742356427,4.12
1582742363828,4.13
1582742363828,4.13
1582742385196,4.11
1582742385196,4.11
1582742385196,4.11
1582742385196,4.11
1582742433788,4.08
1582742433788,4.08
1582742433788,4.08
1582742467923,4.06
1582742471287,4.07
1582742471287,4.07
1582742471287,4.07
1582742471287,4.07
1582742512589,4.05
1582742529430,4.06
1582742533256,4.08
1582742533256,4.08
1582742551743,4.1
1582742551743,4.1
1582742580578,4.1
1582742580578,4.1
1582742580578,4.1
1582742614241,4.13
1582742614241,4.13
1582742634683,4.11
1582742634683,4.11
1582742646052,4.1
1582742646052,4.1
1582742674676,4.095
1582742674676,4.095
1582742674676,4.095
1582742704759,4.095
1582742704759,4.095
1582742722975,4.09
1582742722975,4.09
1582742722975,4.09
1582742722975,4.09
1582742771749,4.11
1582742771749,4.11
1582742791082,4.115
1582742800406,4.125
1582742805244,4.115
1582742805244,4.115
1582742827354,4.125
1582742836650,4.125
1582742836650,4.125
1582742836650,4.125
1582742874318,4.135
1582742874318,4.135
1582742874318,4.135
1582742897000,4.13
1582742897000,4.13
1582742897000,4.13
1582742897000,4.13
1582742945662,4.15
1582742945662,4.15
1582742970497,4.15
1582742980419,4.15
1582742986825,4.15
1582742997030,4.145
1582743010890,4.15
1582743013833,4.15
1582743027442,4.15
1582743027442,4.15
1582743027442,4.15
1582743027442,4.15
1582743069535,4.15
1582743080723,4.15
1582743088648,4.15
1582743097758,4.155
1582743108815,4.15
1582743120738,4.15
1582743133561,4.14
1582743133561,4.14
1582743159497,4.155
1582743161175,4.155
1582743181390,4.155
1582743182594,4.15
1582743196257,4.155
1582743207711,4.155
1582743207711,4.155
1582743207711,4.155
1582743244296,4.16
1582743244296,4.16
1582743265079,4.165
1582743265079,4.165
1582743265079,4.165
1582743289170,4.155
1582743299003,4.155
1582743299003,4.155
1582743299003,4.155
1582743337243,4.155
1582743337243,4.155
1582743337243,4.155
1582743370976,4.16
1582743370976,4.16
1582743383339,4.155
1582743383339,4.155
1582743407642,4.155
1582743420728,4.155
1582743432869,4.155
1582743437204,4.155
1582743452157,4.16
1582743464178,4.155
1582743464178,4.155
1582743484780,4.155
1582743494819,4.155
1582743498590,4.155
1582743498590,4.155
1582743524887,4.15
1582743533928,4.155
1582743533928,4.155
1582743533928,4.155
1582743566860,4.155
1582743566860,4.155
1582743591414,4.155
1582743591414,4.155
1582743610641,4.16
1582743610641,4.16
1582743610641,4.16
1582743610641,4.16
1582743650282,4.155
1582743650282,4.155
1582743674506,4.155
1582743674506,4.155
1582743674506,4.155
1582743674506,4.155
1582743717068,4.16
1582743720308,4.165
1582743737460,4.185
1582743737460,4.185
1582743737460,4.185
1582743771088,4.195
1582743774317,4.19
1582743774317,4.19
1582743774317,4.19
1582743804203,4.19
1582743804203,4.19
1582743804203,4.19
1582743804203,4.19
1582743804203,4.19
1582743804203,4.19
1582743804203,4.19
1582743804203,4.19
1582743898945,4.19
1582743898945,4.19
1582743912352,4.185
1582743912352,4.185
1582743912352,4.185
1582743912352,4.185
1582743912352,4.185
1582743912352,4.185
1582743912352,4.185
1582743912352,4.185
1582744003551,4.185
1582744003551,4.185
1582744003551,4.185
1582744003551,4.185
1582744003551,4.185
1582744003551,4.185
1582744003551,4.185
1582744077039,4.19
1582744077039,4.19
1582744077039,4.19
1582744077039,4.19
1582744077039,4.19
1582744129454,4.19
1582744129454,4.19
1582744129454,4.19
1582744129454,4.19
1582744129454,4.19
1582744129454,4.19
1582744129454,4.19
1582744129454,4.19
1582744129454,4.19
1582744223195,4.185
1582744234658,4.185
1582744244794,4.185
1582744254715,4.185
1582744266113,4.185
1582744275875,4.185
1582744279794,4.185
1582744297416,4.185
1582744306148,4.185
1582744317279,4.195
1582744322024,4.195
1582744322024,4.195
1582744346322,4.195
1582744350248,4.195
1582744350248,4.195
1582744375381,4.19
1582744375381,4.19
1582744375381,4.19
1582744375381,4.19
1582744375381,4.19
1582744431282,4.195
1582744431282,4.195
1582744431282,4.195
1582744431282,4.195
1582744431282,4.195
1582744431282,4.195
1582744495696,4.2
1582744506223,4.2
1582744510509,4.2
1582744510509,4.2
1582744510509,4.2
1582744510509,4.2
1582744510509,4.2
1582744510509,4.2
1582744573415,4.195
1582744573415,4.195
1582744573415,4.195
1582744573415,4.195
1582744620675,4.195
1582744620675,4.195
1582744620675,4.195
1582744620675,4.195
1582744662759,4.205
1582744662759,4.205
1582744685503,4.2
1582744685503,4.2
1582744685503,4.2
1582744685503,4.2
1582744685503,4.2
1582744685503,4.2
1582744748924,4.205
1582744754010,4.205
1582744771394,4.205
1582744779512,4.205
1582744789234,4.205
1582744796898,4.2
1582744796898,4.2
1582744796898,4.2
1582744796898,4.2
1582744796898,4.2
1582744796898,4.2
1582744796898,4.2
1582744796898,4.2
1582744796898,4.2
1582744796898,4.2
1582744796898,4.2
1582744796898,4.2
1582744796898,4.2
1582744796898,4.2
1582744796898,4.2
1582744796898,4.2
1582744796898,4.2
1582744980370,4.215
1582744985119,4.205
1582744985119,4.205
1582744985119,4.205
1582744985119,4.205
1582745028717,4.205
1582745028717,4.205
1582745028717,4.205
1582745028717,4.205
1582745028717,4.205
1582745028717,4.205
1582745028717,4.205
1582745028717,4.205
1582745115022,4.205
1582745121260,4.21
1582745121260,4.21
1582745121260,4.21
1582745121260,4.21
1582745121260,4.21
1582745178288,4.215
1582745178288,4.215
1582745178288,4.215
1582745178288,4.215
1582745178288,4.215
1582745178288,4.215
1582745178288,4.215
1582745178288,4.215
1582745178288,4.215
1582745178288,4.215
1582745178288,4.215
1582745178288,4.215
1582745178288,4.215
1582745178288,4.215
1582745319475,4.21
1582745319475,4.21
1582745319475,4.21
1582745319475,4.21
1582745319475,4.21
1582745319475,4.21
1582745386055,4.215
1582745386055,4.215
1582745386055,4.215
1582745386055,4.215
1582745386055,4.215
1582745386055,4.215
1582745386055,4.215
1582745461037,4.205
1582745467712,4.205
1582745475877,4.205
1582745489812,4.2
1582745503066,4.21
1582745505706,4.215
1582745505706,4.215
1582745505706,4.215
1582745505706,4.215
1582745505706,4.215
1582745505706,4.215
1582745505706,4.215
1582745585427,4.23
1582745585427,4.23
1582745585427,4.23
1582745585427,4.23
1582745626593,4.225
1582745634284,4.23
1582745634284,4.23
1582745649621,4.235
1582745667646,4.24
1582745667646,4.24
1582745688860,4.245
1582745688860,4.245
1582745688860,4.245
1582745688860,4.245
1582745688860,4.245
1582745688860,4.245
1582745688860,4.245
1582745688860,4.245
1582745688860,4.245
1582745688860,4.245
1582745794914,4.25
1582745796824,4.25
1582745796824,4.25
1582745817063,4.25
1582745817063,4.25
1582745817063,4.25
1582745856759,4.25
1582745856759,4.25
1582745873389,4.255
1582745880148,4.255
1582745898990,4.255
1582745898990,4.255
1582745898990,4.255
1582745922061,4.245
1582745936996,4.245
1582745945011,4.245
1582745945011,4.245
1582745945011,4.245
1582745945011,4.245
1582745988903,4.245
1582745988903,4.245
1582746012052,4.245
1582746020665,4.245
1582746030359,4.245
1582746030359,4.245
1582746056735,4.245
1582746063565,4.245
1582746063565,4.245
1582746063565,4.245
1582746063565,4.245
1582746107983,4.245
1582746115861,4.245
1582746115861,4.245
1582746135657,4.245
1582746141917,4.245
1582746141917,4.245
1582746171640,4.245
1582746181545,4.245
1582746192554,4.245
1582746203497,4.245
1582746211631,4.245
1582746223430,4.245
1582746231689,4.245
1582746241717,4.235
1582746256188,4.23
1582746266790,4.235
1582746276817,4.245
1582746286846,4.245
1582746296875,4.245
1582746306902,4.235
1582746316932,4.245
1582746316932,4.245
1582746316932,4.245
1582746349565,4.245
1582746358876,4.245
1582746371138,4.205
1582746381679,4.195
1582746387600,4.195
1582746398136,4.21
1582746412778,4.215
1582746414935,4.21
1582746431762,4.18
1582746434717,4.205
1582746449032,4.2
1582746463325,4.2
1582746468149,4.215
1582746468149,4.215
1582746491209,4.185
1582746498386,4.185
1582746516685,4.19
1582746524978,4.195
1582746524978,4.195
1582746524978,4.195
1582746524978,4.195
1582746524978,4.195
1582746524978,4.195
1582746524978,4.195
1582746524978,4.195
1582746524978,4.195
1582746524978,4.195
1582746629280,4.19
1582746629280,4.19
1582746629280,4.19
1582746662463,4.185
1582746662463,4.185
1582746680899,4.185
1582746686538,4.185
1582746703354,4.185
1582746713328,4.18
1582746726808,4.195
1582746726808,4.195
1582746747665,4.195
1582746747665,4.195
1582746747665,4.195
1582746747665,4.195
1582746788167,4.2
1582746788167,4.2
1582746788167,4.2
1582746788167,4.2
1582746822590,4.21
1582746837752,4.22
1582746837752,4.22
1582746837752,4.22
1582746866358,4.23
1582746866358,4.23
1582746866358,4.23
1582746866358,4.23
1582746907160,4.24
1582746923776,4.245
1582746923776,4.245
1582746939045,4.24
1582746949434,4.235
1582746966391,4.22
1582746975965,4.18
1582746987671,4.17
1582746993355,4.195
1582747006315,4.185
1582747019756,4.17
1582747026754,4.21
1582747032620,4.19
1582747051495,4.21
1582747060802,4.19
1582747071938,4.19
1582747082725,4.185
1582747086309,4.18
1582747098741,4.185
1582747108436,4.18
1582747124728,4.175
1582747126766,4.17
1582747142437,4.165
1582747154855,4.175
1582747166580,4.18
1582747166580,4.18
1582747187170,4.2
1582747192131,4.195
1582747207134,4.185
1582747207134,4.185
1582747207134,4.185
1582747236803,4.21
1582747236803,4.21
1582747260668,4.205
1582747269241,4.21
1582747269241,4.21
1582747269241,4.21
1582747269241,4.21
1582747307844,4.2
1582747307844,4.2
1582747307844,4.2
1582747307844,4.2
1582747351698,4.205
1582747351698,4.205
1582747351698,4.205
1582747351698,4.205
1582747351698,4.205
1582747351698,4.205
1582747351698,4.205
1582747351698,4.205
1582747351698,4.205
1582747447655,4.21
1582747457656,4.21
1582747457656,4.21
1582747457656,4.21
1582747485604,4.21
1582747485604,4.21
1582747485604,4.21
1582747523627,4.205
1582747528471,4.19
1582747544982,4.19
1582747544982,4.19
1582747544982,4.19
1582747572687,4.17
1582747583669,4.175
1582747594446,4.16
1582747606599,4.14
1582747614751,4.135
1582747627142,4.17
1582747635539,4.16
1582747640857,4.155
1582747640857,4.155
1582747640857,4.155
1582747640857,4.155
1582747640857,4.155
1582747640857,4.155
1582747640857,4.155
1582747640857,4.155
1582747640857,4.155
1582747640857,4.155
1582747751136,4.14
1582747751136,4.14
1582747751136,4.14
1582747751136,4.14
1582747793573,4.16
1582747806100,4.16
1582747806100,4.16
1582747806100,4.16
1582747806100,4.16
1582747806100,4.16
1582747850875,4.165
1582747850875,4.165
1582747850875,4.165
1582747850875,4.165
1582747893789,4.165
1582747893789,4.165
1582747893789,4.165
1582747929676,4.17
1582747929676,4.17
1582747929676,4.17
1582747929676,4.17
1582747929676,4.17
1582747929676,4.17
1582747929676,4.17
1582748001562,4.17
1582748001562,4.17
1582748001562,4.17
1582748001562,4.17
1582748001562,4.17
1582748001562,4.17
1582748001562,4.17
1582748001562,4.17
1582748001562,4.17
1582748001562,4.17
1582748001562,4.17
1582748001562,4.17
1582748001562,4.17
1582748137527,4.155
1582748146309,4.15
1582748160976,4.15
1582748160976,4.15
1582748177925,4.15
1582748193387,4.15
1582748197689,4.15
1582748217494,4.15
1582748228302,4.15
1582748228449,4.15
1582748240498,4.15
1582748256765,4.15
1582748269238,4.15
1582748280148,4.155
1582748282588,4.16
1582748282588,4.16
1582748282588,4.16
1582748320874,4.18
1582748329405,4.175
1582748329405,4.175
1582748329405,4.175
1582748329405,4.175
1582748329405,4.175
1582748329405,4.175
1582748329405,4.175
1582748329405,4.175
1582748410819,4.175
1582748410819,4.175
1582748410819,4.175
1582748410819,4.175
1582748449935,4.17
1582748449935,4.17
1582748474580,4.165
1582748474580,4.165
1582748474580,4.165
1582748474580,4.165
1582748474580,4.165
1582748474580,4.165
1582748474580,4.165
1582748474580,4.165
1582748474580,4.165
1582748566910,4.165
1582748566910,4.165
1582748590566,4.165
1582748600996,4.165
1582748600996,4.165
1582748600996,4.165
1582748600996,4.165
1582748600996,4.165
1582748600996,4.165
1582748600996,4.165
1582748674599,4.16
1582748688882,4.16
1582748694956,4.155
1582748709482,4.14
1582748720781,4.135
1582748728469,4.135
1582748734094,4.135
1582748752183,4.125
1582748760607,4.135
1582748760607,4.135
1582748780806,4.13
1582748791215,4.125
1582748801332,4.12
1582748810496,4.12
1582748810496,4.12
1582748810496,4.12
1582748845581,4.135
1582748856187,4.135
1582748869049,4.135
1582748869049,4.135
1582748869049,4.135
1582748869049,4.135
1582748869049,4.135
1582748869049,4.135
1582748929240,4.135
1582748938945,4.135
1582748944117,4.135
1582748954379,4.135
1582748954379,4.135
1582748954379,4.135
1582748990988,4.13
1582748997250,4.13
1582748997250,4.13
1582749026155,4.135
1582749027551,4.13
1582749027551,4.13
1582749027551,4.13
1582749027551,4.13
1582749027551,4.13
1582749027551,4.13
1582749092394,4.135
1582749092394,4.135
1582749111489,4.135
1582749111489,4.135
1582749132906,4.13
1582749132906,4.13
1582749155146,4.145
1582749170037,4.145
1582749181872,4.145
1582749193097,4.145
1582749197930,4.145
1582749208329,4.145
1582749219924,4.14
1582749230283,4.14
1582749230283,4.14
1582749252676,4.145
1582749252676,4.145
1582749252676,4.145
1582749252676,4.145
1582749289630,4.14
1582749289630,4.14
1582749289630,4.14
1582749289630,4.14
1582749289630,4.14
1582749349153,4.145
1582749359209,4.145
1582749368442,4.14
1582749368442,4.14
1582749383343,4.14
1582749401413,4.15
1582749410827,4.155
1582749410827,4.155
1582749410827,4.155
1582749433912,4.16
1582749451156,4.155
1582749451156,4.155
1582749451156,4.155
1582749451156,4.155
1582749493744,4.155
1582749493744,4.155
1582749517650,4.165
1582749517650,4.165
1582749532707,4.165
1582749532707,4.165
1582749532707,4.165
1582749532707,4.165
1582749578603,4.155
1582749590822,4.155
1582749590822,4.155
1582749590822,4.155
1582749590822,4.155
1582749590822,4.155
1582749590822,4.155
1582749654168,4.155
1582749654168,4.155
1582749674916,4.155
1582749678374,4.16
1582749678374,4.16
1582749678374,4.16
1582749707729,4.155
1582749721547,4.155
1582749721547,4.155
1582749721547,4.155
1582749755573,4.165
1582749769237,4.165
1582749769237,4.165
1582749769237,4.165
1582749797700,4.165
1582749797700,4.165
1582749797700,4.165
1582749797700,4.165
1582749797700,4.165
1582749797700,4.165
1582749797700,4.165
1582749797700,4.165
1582749875502,4.165
1582749889179,4.165
1582749904781,4.165
1582749908672,4.16
1582749926752,4.165
1582749926752,4.165
1582749944752,4.165
1582749956292,4.16
1582749967309,4.16
1582749967309,4.16
1582749982726,4.155
1582749982726,4.155
1582750010541,4.155
1582750010541,4.155
1582750010541,4.155
1582750010541,4.155
1582750010541,4.155
1582750010541,4.155
1582750010541,4.155
