1584970202948,66.01
1584970202948,66.01
1584970202948,66.01
1584970294001,66.52
1584970295345,66.53
1584970313090,67.15
1584970321918,67.025
1584970321918,67.025
1584970343090,67.145
1584970356171,67.055
1584970364809,67.3
1584970376965,67.3
1584970384100,67.3
1584970395482,67.08
1584970403091,67.27
1584970403091,67.27
1584970422928,67.515
1584970435064,67.73
1584970435064,67.73
1584970435064,67.73
1584970435064,67.73
1584970479756,67.78
1584970482326,67.785
1584970501432,67.835
1584970501432,67.835
1584970520108,67.67
1584970526590,67.61
1584970526590,67.61
1584970526590,67.61
1584970560254,67.44
1584970574005,67.24
1584970574005,67.24
1584970574005,67.24
1584970601542,67.45
1584970601542,67.45
1584970601542,67.45
1584970639058,67.67
1584970647520,67.585
1584970655106,67.32
1584970670209,67.31
1584970670209,67.31
1584970680905,67.15
1584970697402,66.9
1584970697402,66.9
1584970697402,66.9
1584970697402,66.9
1584970738115,66.65
1584970738115,66.65
1584970757959,66.31
1584970772740,66.47
1584970772740,66.47
1584970772740,66.47
1584970801821,66.55
1584970814594,66.64
1584970814594,66.64
1584970814594,66.64
1584970814594,66.64
1584970814594,66.64
1584970814594,66.64
1584970814594,66.64
1584970814594,66.64
1584970892055,66.21
1584970903894,65.56
1584970903894,65.56
1584970903894,65.56
1584970903894,65.56
1584970951556,65.7
1584970951556,65.7
1584970966561,65.25
1584970966561,65.25
1584970983465,65.645
1584970983465,65.645
1584970983465,65.645
1584970983465,65.645
1584970983465,65.645
1584970983465,65.645
1584971054808,66.05
1584971054808,66.05
1584971054808,66.05
1584971081362,66.08
1584971094097,65.795
1584971099067,65.57
1584971099067,65.57
1584971099067,65.57
1584971136756,65.475
1584971146305,65.26
1584971157877,65.32
1584971168137,65.405
1584971168137,65.405
1584971168137,65.405
1584971199163,65.26
1584971210518,65.2
1584971210518,65.2
1584971210518,65.2
1584971210518,65.2
1584971252359,64.94
1584971260266,64.98
1584971276088,65.27
1584971278518,65.32
1584971290077,65.43
1584971290077,65.43
1584971318302,65.77
1584971318302,65.77
1584971330456,65.74
1584971347069,65.9
1584971355552,65.85
1584971362890,65.8
1584971362890,65.8
1584971362890,65.8
1584971394327,65.98
1584971394327,65.98
1584971394327,65.98
1584971394327,65.98
1584971394327,65.98
1584971394327,65.98
1584971465279,65.85
1584971467731,65.905
1584971467731,65.905
1584971467731,65.905
1584971467731,65.905
1584971467731,65.905
1584971467731,65.905
1584971534648,66.69
1584971545864,66.58
1584971550610,66.615
1584971550610,66.615
1584971550610,66.615
1584971550610,66.615
1584971550610,66.615
1584971550610,66.615
1584971550610,66.615
1584971550610,66.615
1584971643410,67.28
1584971649775,67.22
1584971656969,66.94
1584971656969,66.94
1584971656969,66.94
1584971656969,66.94
1584971656969,66.94
1584971656969,66.94
1584971656969,66.94
1584971729738,67.36
1584971729738,67.36
1584971729738,67.36
1584971729738,67.36
1584971774843,67.91
1584971789562,67.89
1584971789562,67.89
1584971805548,67.64
1584971805548,67.64
1584971822253,67.65
1584971822253,67.65
1584971846182,67.68
1584971861390,67.64
1584971861390,67.64
1584971861390,67.64
1584971861390,67.64
1584971861390,67.64
1584971861390,67.64
1584971861390,67.64
1584971861390,67.64
1584971861390,67.64
1584971861390,67.64
1584971861390,67.64
1584971861390,67.64
1584971861390,67.64
1584971861390,67.64
1584972006942,67.42
1584972006942,67.42
1584972027788,67.25
1584972027788,67.25
1584972027788,67.25
1584972060392,67.05
1584972070321,67.14
1584972070321,67.14
1584972092299,67.085
1584972103170,67.02
1584972103170,67.02
1584972115565,67
1584972115565,67
1584972141361,66.825
1584972141361,66.825
1584972141361,66.825
1584972168128,66.82
1584972168128,66.82
1584972168128,66.82
1584972200150,67.04
1584972200150,67.04
1584972200150,67.04
1584972200150,67.04
1584972200150,67.04
1584972200150,67.04
1584972200150,67.04
1584972200150,67.04
1584972200150,67.04
1584972200150,67.04
1584972200150,67.04
1584972200150,67.04
1584972200150,67.04
1584972200150,67.04
1584972350367,66.89
1584972361200,66.87
1584972361200,66.87
1584972361200,66.87
1584972396188,66.87
1584972400417,66.845
1584972416079,66.83
1584972426492,66.82
1584972437814,66.72
1584972437814,66.72
1584972437814,66.72
1584972437814,66.72
1584972483125,66.74
1584972483125,66.74
1584972501353,66.61
1584972501353,66.61
1584972517105,66.64
1584972517105,66.64
1584972517105,66.64
1584972517105,66.64
1584972517105,66.64
1584972571520,66.67
1584972571520,66.67
1584972571520,66.67
1584972571520,66.67
1584972571520,66.67
1584972571520,66.67
1584972635698,66.6
1584972635698,66.6
1584972635698,66.6
1584972635698,66.6
1584972635698,66.6
1584972635698,66.6
1584972635698,66.6
1584972635698,66.6
1584972635698,66.6
1584972635698,66.6
1584972635698,66.6
1584972635698,66.6
1584972758637,66.93
1584972758637,66.93
1584972786609,67
1584972792187,66.89
1584972792187,66.89
1584972816113,66.765
1584972827161,66.74
1584972835424,66.745
1584972844064,66.7
1584972844064,66.7
1584972868685,66.65
1584972875919,66.62
1584972881899,66.64
1584972892487,66.65
1584972907922,66.89
1584972913541,66.815
1584972924128,66.825
1584972924128,66.825
1584972944081,66.84
1584972960312,66.96
1584972960312,66.96
1584972960312,66.96
1584972960312,66.96
1584972960312,66.96
1584972960312,66.96
1584972960312,66.96
1584972960312,66.96
1584972960312,66.96
1584973056025,66.94
1584973056025,66.94
1584973078185,66.835
1584973088676,66.9
1584973091472,66.85
1584973091472,66.85
1584973091472,66.85
1584973091472,66.85
1584973091472,66.85
1584973091472,66.85
1584973161915,66.32
1584973161915,66.32
1584973174382,66.26
1584973174382,66.26
1584973204852,66.29
1584973205423,66.29
1584973205423,66.29
1584973205423,66.29
1584973205423,66.29
1584973205423,66.29
1584973267947,66.16
1584973267947,66.16
1584973279837,66.08
1584973299372,65.94
1584973306327,66.01
1584973320068,66.005
1584973320846,66.1
1584973333437,66.28
1584973341482,66.28
1584973357670,66.14
1584973368220,66.09
1584973381033,66.07
1584973390593,66
1584973400850,66.05
1584973413101,66.24
1584973424630,66.38
1584973431589,66.3
1584973431589,66.3
1584973431589,66.3
1584973431589,66.3
1584973468331,66.46
1584973486545,66.7
1584973493772,66.6
1584973493772,66.6
1584973518996,66.67
1584973525082,66.84
1584973525082,66.84
1584973544404,66.72
1584973559809,66.89
1584973559809,66.89
1584973559809,66.89
1584973592693,66.8
1584973601548,66.68
1584973607434,66.68
1584973623424,66.5
1584973623424,66.5
1584973623424,66.5
1584973623424,66.5
1584973657132,66.62
1584973666462,66.63
1584973686481,66.84
1584973696048,66.86
1584973696048,66.86
1584973696048,66.86
1584973722019,66.84
1584973739124,66.73
1584973747340,66.84
1584973757533,66.72
1584973767417,66.82
1584973776679,66.86
1584973788319,66.89
1584973799836,66.745
1584973799836,66.745
1584973816378,66.54
1584973827910,66.4
1584973827910,66.4
1584973848442,66.5
1584973860861,66.51
1584973860861,66.51
1584973860861,66.51
1584973860861,66.51
1584973860861,66.51
1584973908054,66.575
1584973908054,66.575
1584973935071,66.88
1584973939356,66.83
1584973951156,66.975
1584973959753,67.04
1584973977923,66.91
1584973977923,66.91
1584973977923,66.91
1584974007046,66.77
1584974015976,66.71
1584974031507,66.71
1584974031507,66.71
1584974046054,66.66
1584974046054,66.66
1584974073339,66.82
1584974081824,66.775
1584974081824,66.775
1584974102130,66.795
1584974107761,66.68
1584974123943,66.74
1584974130314,66.83
1584974139450,66.955
1584974139450,66.955
1584974159402,67.035
1584974159402,67.035
1584974159402,67.035
1584974191612,67.065
1584974191612,67.065
1584974217746,67.01
1584974217746,67.01
1584974237957,66.925
1584974237957,66.925
1584974255663,66.895
1584974255663,66.895
1584974276296,66.68
1584974276296,66.68
1584974304419,66.85
1584974304419,66.85
1584974304419,66.85
1584974332379,66.97
1584974341282,67.03
1584974341282,67.03
1584974341282,67.03
1584974341282,67.03
1584974341282,67.03
1584974341282,67.03
1584974341282,67.03
1584974341282,67.03
1584974341282,67.03
1584974341282,67.03
1584974341282,67.03
1584974341282,67.03
1584974341282,67.03
1584974477331,66.86
1584974498186,66.93
1584974498186,66.93
1584974513517,66.9
1584974523803,67.16
1584974538960,67.2
1584974538960,67.2
1584974554284,67.16
1584974554284,67.16
1584974554284,67.16
1584974589732,67.25
1584974589732,67.25
1584974589732,67.25
1584974629126,67.295
1584974629126,67.295
1584974629126,67.295
1584974629126,67.295
1584974629126,67.295
1584974629126,67.295
1584974629126,67.295
1584974697499,67.24
1584974704628,67.02
1584974704628,67.02
1584974704628,67.02
1584974704628,67.02
1584974752342,66.8
1584974752342,66.8
1584974752342,66.8
1584974752342,66.8
1584974800056,66.705
1584974800056,66.705
1584974818272,66.73
1584974818272,66.73
1584974832311,66.8
1584974844075,66.67
1584974844075,66.67
1584974844075,66.67
1584974879009,66.64
1584974885814,66.74
1584974902364,66.74
1584974910950,66.65
1584974920311,66.64
1584974934544,66.64
1584974934544,66.64
1584974934544,66.64
1584974934544,66.64
1584974976090,66.5
1584974976090,66.5
1584974999169,66.71
1584975007522,66.74
1584975019364,66.8
1584975028312,66.68
1584975028312,66.68
1584975050191,66.76
1584975057697,66.76
1584975065777,66.83
1584975083130,66.82
1584975091979,66.72
1584975104367,66.695
1584975107072,66.66
1584975121226,66.59
1584975127498,66.575
1584975143462,66.77
1584975143462,66.77
1584975158783,66.64
1584975158783,66.64
1584975158783,66.64
1584975192095,66.545
1584975203044,66.58
1584975219606,66.74
1584975219606,66.74
1584975219606,66.74
1584975243462,66.54
1584975257137,66.62
1584975257137,66.62
1584975257137,66.62
1584975257137,66.62
1584975257137,66.62
1584975257137,66.62
1584975321628,66.37
1584975335645,66.2
1584975341003,66.4
1584975341003,66.4
1584975360364,66.37
1584975360364,66.37
1584975360364,66.37
1584975360364,66.37
1584975400817,66.18
1584975400817,66.18
1584975428942,65.98
1584975433882,66.05
1584975433882,66.05
1584975457064,66.02
1584975469905,65.92
1584975483249,65.785
1584975483249,65.785
1584975497203,65.87
1584975497203,65.87
1584975524646,65.89
1584975525541,65.88
1584975544903,65.95
1584975548569,65.8
1584975548569,65.8
1584975548569,65.8
1584975585098,65.78
1584975592900,65.86
1584975600818,65.78
1584975619134,65.84
1584975627799,65.84
1584975633818,65.82
1584975633818,65.82
1584975633818,65.82
1584975633818,65.82
1584975633818,65.82
1584975633818,65.82
1584975633818,65.82
1584975633818,65.82
1584975633818,65.82
1584975633818,65.82
1584975742394,65.455
1584975742394,65.455
1584975742394,65.455
1584975742394,65.455
1584975779002,65.48
1584975793110,65.47
1584975793110,65.47
1584975816792,65.43
1584975825251,65.75
1584975834565,65.72
1584975834565,65.72
1584975834565,65.72
1584975834565,65.72
1584975872084,65.84
1584975883095,65.84
1584975883095,65.84
1584975906132,65.82
1584975906132,65.82
1584975906132,65.82
1584975936930,65.7
1584975936930,65.7
1584975936930,65.7
1584975966833,65.9
1584975966833,65.9
1584975988122,65.94
1584975988122,65.94
1584975988122,65.94
1584975988122,65.94
1584975988122,65.94
1584975988122,65.94
1584976048763,65.93
1584976048763,65.93
1584976048763,65.93
1584976048763,65.93
1584976048763,65.93
1584976048763,65.93
1584976048763,65.93
1584976126892,65.84
1584976138970,65.8
1584976138970,65.8
1584976138970,65.8
1584976138970,65.8
1584976180886,65.83
1584976194095,65.96
1584976198446,65.85
1584976206914,65.94
1584976226032,66.09
1584976232301,66.26
1584976244986,66.18
1584976253773,66.2
1584976260373,66.165
1584976275936,66.08
1584976275936,66.08
1584976289481,66.02
1584976307043,65.85
1584976314658,65.82
1584976314658,65.82
1584976314658,65.82
1584976314658,65.82
1584976353359,66.22
1584976372618,66.33
1584976376662,66.46
1584976376662,66.46
1584976376662,66.46
1584976407701,66.29
1584976421112,66.24
1584976421112,66.24
1584976442673,66.33
1584976456239,66.36
1584976463443,66.46
1584976476235,66.8
1584976485208,66.84
1584976493939,66.83
1584976500286,66.64
1584976500286,66.64
1584976500286,66.64
1584976537765,66.61
1584976543537,66.51
1584976543537,66.51
1584976543537,66.51
1584976543537,66.51
1584976543537,66.51
1584976543537,66.51
1584976543537,66.51
1584976543537,66.51
1584976543537,66.51
1584976543537,66.51
1584976543537,66.51
1584976543537,66.51
1584976543537,66.51
1584976543537,66.51
1584976543537,66.51
1584976543537,66.51
1584976543537,66.51
1584976723092,66.12
1584976723092,66.12
1584976723092,66.12
1584976723092,66.12
1584976723092,66.12
1584976723092,66.12
1584976723092,66.12
1584976802928,66.17
1584976806269,66.13
1584976806269,66.13
1584976806269,66.13
1584976806269,66.13
1584976806269,66.13
1584976859700,66.245
1584976859700,66.245
1584976859700,66.245
1584976859700,66.245
1584976859700,66.245
1584976859700,66.245
1584976859700,66.245
1584976859700,66.245
1584976859700,66.245
1584976859700,66.245
1584976859700,66.245
1584976859700,66.245
1584976859700,66.245
1584976996453,66.12
1584977009003,65.99
1584977009003,65.99
1584977032628,66.075
1584977032628,66.075
1584977032628,66.075
1584977032628,66.075
1584977073810,65.78
1584977073810,65.78
1584977073810,65.78
1584977073810,65.78
1584977073810,65.78
1584977073810,65.78
1584977073810,65.78
1584977073810,65.78
1584977073810,65.78
1584977073810,65.78
1584977073810,65.78
1584977073810,65.78
1584977073810,65.78
1584977073810,65.78
1584977073810,65.78
1584977073810,65.78
1584977073810,65.78
1584977073810,65.78
1584977073810,65.78
1584977073810,65.78
1584977073810,65.78
1584977073810,65.78
1584977073810,65.78
1584977073810,65.78
1584977073810,65.78
1584977073810,65.78
1584977073810,65.78
1584977073810,65.78
1584977073810,65.78
1584977073810,65.78
1584977073810,65.78
1584977397756,65.1
1584977397756,65.1
1584977397756,65.1
1584977397756,65.1
1584977397756,65.1
1584977397756,65.1
1584977455883,65.08
1584977455883,65.08
1584977455883,65.08
1584977455883,65.08
1584977503404,65.11
1584977503404,65.11
1584977503404,65.11
1584977530076,65.1
1584977530076,65.1
1584977559395,65.09
1584977561499,64.99
1584977578620,65.1
1584977578620,65.1
1584977578620,65.1
1584977604515,64.93
1584977604515,64.93
1584977604515,64.93
1584977604515,64.93
1584977604515,64.93
1584977604515,64.93
1584977604515,64.93
1584977604515,64.93
1584977604515,64.93
1584977604515,64.93
1584977604515,64.93
1584977604515,64.93
1584977737472,65.01
1584977737472,65.01
1584977737472,65.01
1584977768023,64.91
1584977768023,64.91
1584977768023,64.91
1584977768023,64.91
1584977768023,64.91
1584977815632,65.03
1584977815632,65.03
1584977815632,65.03
1584977815632,65.03
1584977815632,65.03
1584977815632,65.03
1584977815632,65.03
1584977815632,65.03
1584977815632,65.03
1584977914411,65.065
1584977914411,65.065
1584977914411,65.065
1584977914411,65.065
1584977948111,65.12
1584977948111,65.12
1584977948111,65.12
1584977948111,65.12
1584977948111,65.12
1584978003313,64.87
1584978003313,64.87
1584978003313,64.87
1584978003313,64.87
1584978003313,64.87
1584978003313,64.87
1584978070092,64.875
1584978070092,64.875
1584978070092,64.875
1584978100523,64.8
1584978100523,64.8
1584978122315,64.695
1584978130579,64.73
1584978130579,64.73
1584978130579,64.73
1584978130579,64.73
1584978178641,64.73
1584978178641,64.73
1584978178641,64.73
1584978178641,64.73
1584978178641,64.73
1584978178641,64.73
1584978178641,64.73
1584978178641,64.73
1584978262153,64.55
1584978262153,64.55
1584978262153,64.55
1584978262153,64.55
1584978262153,64.55
1584978262153,64.55
1584978318833,64.64
1584978327188,64.595
1584978327188,64.595
1584978327188,64.595
1584978327188,64.595
1584978373080,64.535
1584978373080,64.535
1584978397577,64.53
1584978397577,64.53
1584978397577,64.53
1584978397577,64.53
1584978397577,64.53
1584978397577,64.53
1584978397577,64.53
1584978397577,64.53
1584978482411,64.865
1584978482411,64.865
1584978500578,64.64
1584978500578,64.64
1584978500578,64.64
1584978530620,64.69
1584978543624,64.695
1584978543624,64.695
1584978567676,64.58
1584978572010,64.595
1584978572010,64.595
1584978598466,64.54
1584978598466,64.54
1584978598466,64.54
1584978627786,64.59
1584978627786,64.59
1584978627786,64.59
1584978627786,64.59
1584978627786,64.59
1584978627786,64.59
1584978627786,64.59
1584978627786,64.59
1584978627786,64.59
1584978627786,64.59
1584978627786,64.59
1584978627786,64.59
1584978755839,64.96
1584978755839,64.96
1584978755839,64.96
1584978755839,64.96
1584978755839,64.96
1584978755839,64.96
1584978755839,64.96
1584978755839,64.96
1584978755839,64.96
1584978755839,64.96
1584978857583,65.11
1584978869388,64.995
1584978869388,64.995
1584978869388,64.995
1584978869388,64.995
1584978869388,64.995
1584978869388,64.995
1584978869388,64.995
1584978869388,64.995
1584978869388,64.995
1584978965668,64.97
1584978968957,64.93
1584978968957,64.93
1584978968957,64.93
1584978968957,64.93
1584979018225,64.85
1584979024822,65
1584979036869,64.93
1584979042704,64.93
1584979052224,64.83
1584979069582,64.82
1584979069582,64.82
1584979069582,64.82
1584979069582,64.82
1584979069582,64.82
1584979069582,64.82
1584979069582,64.82
1584979069582,64.82
1584979069582,64.82
1584979069582,64.82
1584979069582,64.82
1584979069582,64.82
1584979069582,64.82
1584979205471,65.01
1584979205471,65.01
1584979205471,65.01
1584979205471,65.01
1584979205471,65.01
1584979205471,65.01
1584979205471,65.01
1584979283358,65.185
1584979283358,65.185
1584979283358,65.185
1584979283358,65.185
1584979283358,65.185
1584979283358,65.185
1584979283358,65.185
1584979356867,65.27
1584979356867,65.27
1584979356867,65.27
1584979384693,65.47
1584979384693,65.47
1584979384693,65.47
1584979384693,65.47
1584979384693,65.47
1584979440980,65.69
1584979440980,65.69
1584979456151,65.39
1584979456151,65.39
1584979456151,65.39
1584979456151,65.39
1584979501068,65.07
1584979501068,65.07
1584979501068,65.07
1584979501068,65.07
1584979501068,65.07
1584979501068,65.07
1584979501068,65.07
1584979501068,65.07
1584979501068,65.07
1584979501068,65.07
1584979501068,65.07
1584979501068,65.07
1584979501068,65.07
1584979501068,65.07
1584979501068,65.07
1584979501068,65.07
1584979501068,65.07
1584979501068,65.07
1584979501068,65.07
1584979501068,65.07
1584979501068,65.07
1584979501068,65.07
1584979501068,65.07
1584979741481,65.24
1584979741481,65.24
1584979741481,65.24
1584979775743,65.05
1584979775743,65.05
1584979792658,64.91
1584979792658,64.91
1584979819038,64.75
1584979819038,64.75
1584979819038,64.75
1584979819038,64.75
1584979861059,65.08
1584979861059,65.08
1584979861059,65.08
1584979861059,65.08
1584979861059,65.08
1584979907567,65.14
1584979922015,64.98
1584979933481,65.035
1584979933481,65.035
1584979953928,64.885
1584979964896,64.87
1584979964896,64.87
1584979982561,64.93
1584979982561,64.93
1584980007094,64.84
1584980007094,64.84
1584980007094,64.84
1584980007094,64.84
1584980007094,64.84
1584980007094,64.84
1584980007094,64.84
1584980007094,64.84
1584980007094,64.84
1584980007094,64.84
1584980114887,64.895
1584980123914,64.875
1584980123914,64.875
1584980141932,64.87
1584980141932,64.87
1584980141932,64.87
1584980141932,64.87
1584980141932,64.87
1584980141932,64.87
1584980141932,64.87
1584980141932,64.87
1584980141932,64.87
1584980141932,64.87
1584980141932,64.87
1584980141932,64.87
1584980273131,64.87
1584980273131,64.87
1584980273131,64.87
1584980273131,64.87
1584980273131,64.87
1584980273131,64.87
1584980273131,64.87
1584980345284,65.34
1584980345284,65.34
1584980364529,65.35
1584980378939,65.39
1584980390326,65.25
1584980397563,65.18
1584980397563,65.18
1584980397563,65.18
1584980397563,65.18
1584980397563,65.18
1584980397563,65.18
1584980397563,65.18
1584980475429,65.24
1584980475429,65.24
1584980494260,65.195
1584980494260,65.195
1584980494260,65.195
1584980494260,65.195
1584980494260,65.195
1584980494260,65.195
1584980494260,65.195
1584980569530,65.255
1584980569530,65.255
1584980569530,65.255
1584980569530,65.255
1584980569530,65.255
1584980569530,65.255
1584980569530,65.255
1584980639938,65.21
1584980639938,65.21
1584980639938,65.21
1584980639938,65.21
1584980639938,65.21
1584980701547,65.19
1584980701547,65.19
1584980701547,65.19
1584980730150,65.05
1584980730150,65.05
1584980730150,65.05
1584980730150,65.05
1584980730150,65.05
1584980730150,65.05
1584980730150,65.05
1584980730150,65.05
1584980730150,65.05
1584980730150,65.05
1584980730150,65.05
1584980730150,65.05
1584980730150,65.05
1584980730150,65.05
1584980730150,65.05
1584980730150,65.05
1584980730150,65.05
1584980909218,64.79
1584980909218,64.79
1584980930583,64.79
1584980930583,64.79
1584980930583,64.79
1584980962722,64.63
1584980962722,64.63
1584980962722,64.63
1584980962722,64.63
1584980962722,64.63
1584981015258,64.85
1584981015258,64.85
1584981031762,64.71
1584981031762,64.71
1584981031762,64.71
1584981031762,64.71
1584981031762,64.71
1584981031762,64.71
1584981031762,64.71
1584981031762,64.71
1584981116571,64.63
1584981116571,64.63
1584981116571,64.63
1584981151875,64.78
1584981151875,64.78
1584981151875,64.78
1584981151875,64.78
1584981151875,64.78
1584981151875,64.78
1584981151875,64.78
1584981151875,64.78
1584981151875,64.78
1584981151875,64.78
1584981151875,64.78
1584981269102,64.88
1584981269102,64.88
1584981269102,64.88
1584981269102,64.88
1584981269102,64.88
1584981269102,64.88
1584981269102,64.88
1584981269102,64.88
1584981269102,64.88
1584981269102,64.88
1584981269102,64.88
1584981269102,64.88
1584981269102,64.88
1584981269102,64.88
1584981269102,64.88
1584981269102,64.88
1584981269102,64.88
1584981269102,64.88
1584981269102,64.88
1584981269102,64.88
1584981269102,64.88
1584981484162,65.01
1584981484162,65.01
1584981510007,64.96
1584981519497,65.08
1584981519497,65.08
1584981537152,65.125
1584981542653,65.075
1584981560141,65.11
1584981570717,65.09
1584981581048,65
1584981585725,65.05
1584981585725,65.05
1584981585725,65.05
1584981585725,65.05
1584981585725,65.05
1584981646445,65
1584981652926,65
1584981652926,65
1584981652926,65
1584981687226,65.145
1584981687226,65.145
1584981704726,65.14
1584981718748,65.115
1584981729163,65.09
1584981729163,65.09
1584981729163,65.09
1584981729163,65.09
1584981729163,65.09
1584981729163,65.09
1584981729163,65.09
1584981729163,65.09
1584981729163,65.09
1584981729163,65.09
1584981729163,65.09
1584981729163,65.09
1584981729163,65.09
1584981729163,65.09
1584981729163,65.09
1584981729163,65.09
1584981897573,65.45
1584981897573,65.45
1584981897573,65.45
1584981897573,65.45
1584981897573,65.45
1584981897573,65.45
1584981897573,65.45
1584981967456,65.48
1584981967456,65.48
1584981992556,65.5
1584981992556,65.5
1584981992556,65.5
1584982015602,65.6
1584982015602,65.6
1584982015602,65.6
1584982015602,65.6
1584982015602,65.6
1584982015602,65.6
1584982015602,65.6
1584982015602,65.6
1584982015602,65.6
1584982109717,65.79
1584982120601,65.79
1584982120601,65.79
1584982120601,65.79
1584982158507,65.825
1584982170494,65.96
1584982179906,65.885
1584982179906,65.885
1584982202950,65.885
1584982212752,65.61
1584982220560,65.58
1584982230424,65.77
1584982230424,65.77
1584982249346,65.66
1584982257984,65.715
1584982267957,65.855
1584982279639,65.76
1584982279639,65.76
1584982307016,65.705
1584982316693,65.765
1584982327226,65.78
1584982327226,65.78
1584982341295,65.67
1584982352021,65.595
1584982352021,65.595
1584982352021,65.595
1584982352021,65.595
1584982352021,65.595
1584982352021,65.595
1584982352021,65.595
1584982352021,65.595
1584982439485,65.39
1584982439485,65.39
1584982439485,65.39
1584982439485,65.39
1584982439485,65.39
1584982495243,65.61
1584982502685,65.58
1584982516139,65.65
1584982524219,65.655
1584982537104,65.63
1584982537104,65.63
1584982537104,65.63
1584982567552,65.615
1584982567552,65.615
1584982567552,65.615
1584982567552,65.615
1584982567552,65.615
1584982567552,65.615
1584982567552,65.615
1584982567552,65.615
1584982652805,65.81
1584982652805,65.81
1584982652805,65.81
1584982652805,65.81
1584982652805,65.81
1584982652805,65.81
1584982652805,65.81
1584982652805,65.81
1584982652805,65.81
1584982739835,65.55
1584982739835,65.55
1584982739835,65.55
1584982776410,65.55
1584982776410,65.55
1584982776410,65.55
1584982810641,65.55
1584982810641,65.55
1584982810641,65.55
1584982836267,65.525
1584982846243,65.46
1584982846243,65.46
1584982871979,65.45
1584982871979,65.45
1584982871979,65.45
1584982871979,65.45
1584982909412,65.395
1584982909412,65.395
1584982932579,65.415
1584982932579,65.415
1584982932579,65.415
1584982932579,65.415
1584982932579,65.415
1584982932579,65.415
1584982999430,65.42
1584983001683,65.43
1584983020861,65.38
1584983020861,65.38
1584983020861,65.38
1584983020861,65.38
1584983020861,65.38
1584983020861,65.38
1584983020861,65.38
1584983085826,65.17
1584983085826,65.17
1584983085826,65.17
1584983120264,65.18
1584983120264,65.18
1584983120264,65.18
1584983120264,65.18
1584983120264,65.18
1584983120264,65.18
1584983120264,65.18
1584983120264,65.18
1584983120264,65.18
1584983215068,65.37
1584983215068,65.37
1584983215068,65.37
1584983215068,65.37
1584983215068,65.37
1584983215068,65.37
1584983215068,65.37
1584983215068,65.37
1584983215068,65.37
1584983215068,65.37
1584983215068,65.37
1584983215068,65.37
1584983215068,65.37
1584983215068,65.37
1584983215068,65.37
1584983215068,65.37
1584983215068,65.37
1584983215068,65.37
1584983215068,65.37
1584983215068,65.37
1584983423393,66
1584983423393,66
1584983423393,66
1584983423393,66
1584983423393,66
1584983423393,66
1584983423393,66
1584983423393,66
1584983423393,66
1584983423393,66
1584983533018,66.25
1584983535525,66.25
1584983550710,66.43
1584983550710,66.43
1584983550710,66.43
1584983550710,66.43
1584983550710,66.43
1584983550710,66.43
1584983550710,66.43
1584983550710,66.43
1584983550710,66.43
1584983550710,66.43
1584983550710,66.43
1584983550710,66.43
1584983679043,66.61
1584983679043,66.61
1584983679043,66.61
1584983679043,66.61
1584983716843,66.42
1584983716843,66.42
1584983716843,66.42
1584983716843,66.42
1584983716843,66.42
1584983716843,66.42
1584983716843,66.42
1584983716843,66.42
1584983804619,66.39
1584983804619,66.39
1584983804619,66.39
1584983804619,66.39
1584983804619,66.39
1584983804619,66.39
1584983804619,66.39
1584983804619,66.39
1584983886646,66.46
1584983894264,66.615
1584983910550,66.645
1584983910550,66.645
1584983910550,66.645
1584983910550,66.645
1584983947636,66.735
1584983947636,66.735
1584983947636,66.735
1584983947636,66.735
1584983947636,66.735
1584983947636,66.735
1584983947636,66.735
1584983947636,66.735
1584983947636,66.735
1584983947636,66.735
1584983947636,66.735
1584983947636,66.735
1584983947636,66.735
1584983947636,66.735
1584983947636,66.735
1584983947636,66.735
1584983947636,66.735
1584983947636,66.735
1584983947636,66.735
1584983947636,66.735
1584983947636,66.735
1584983947636,66.735
1584983947636,66.735
1584983947636,66.735
1584983947636,66.735
1584983947636,66.735
1584983947636,66.735
1584983947636,66.735
1584983947636,66.735
1584983947636,66.735
1584983947636,66.735
1584983947636,66.735
1584983947636,66.735
1584983947636,66.735
1584983947636,66.735
1584983947636,66.735
1584983947636,66.735
1584983947636,66.735
1584983947636,66.735
1584984363747,66.455
1584984374215,66.48
1584984374215,66.48
1584984374215,66.48
1584984374215,66.48
1584984374215,66.48
1584984374215,66.48
1584984374215,66.48
1584984374215,66.48
1584984374215,66.48
1584984374215,66.48
1584984374215,66.48
1584984374215,66.48
1584984374215,66.48
1584984374215,66.48
1584984374215,66.48
1584984374215,66.48
1584984374215,66.48
1584984374215,66.48
1584984374215,66.48
1584984374215,66.48
1584984374215,66.48
1584984374215,66.48
1584984374215,66.48
1584984374215,66.48
1584984374215,66.48
1584984374215,66.48
1584984374215,66.48
1584984652525,65.41
1584984652525,65.41
1584984652525,65.41
1584984652525,65.41
1584984652525,65.41
1584984652525,65.41
1584984715190,65.19
1584984715190,65.19
1584984715190,65.19
1584984751279,65.225
1584984751279,65.225
1584984751279,65.225
1584984751279,65.225
1584984751279,65.225
1584984751279,65.225
1584984814613,65.33
1584984814613,65.33
1584984814613,65.33
1584984845370,65.35
1584984845370,65.35
1584984845370,65.35
1584984845370,65.35
1584984845370,65.35
1584984845370,65.35
1584984845370,65.35
1584984845370,65.35
1584984845370,65.35
1584984944441,65.6
1584984948678,65.59
1584984948678,65.59
1584984975456,65.49
1584984975456,65.49
1584984995018,65.36
1584984995018,65.36
1584984995018,65.36
1584985022294,65.31
1584985022294,65.31
1584985022294,65.31
1584985022294,65.31
1584985070582,65.235
1584985070582,65.235
1584985070582,65.235
1584985070582,65.235
1584985070582,65.235
1584985070582,65.235
1584985125318,65.07
1584985125318,65.07
1584985145675,65.15
1584985163415,65.08
1584985175597,65.075
1584985175597,65.075
1584985175597,65.075
1584985175597,65.075
1584985212168,65.22
1584985212168,65.22
1584985212168,65.22
1584985212168,65.22
1584985212168,65.22
1584985212168,65.22
1584985212168,65.22
1584985286231,65.2
1584985297216,65.285
1584985297216,65.285
1584985297216,65.285
1584985297216,65.285
1584985342792,65.575
1584985342792,65.575
1584985342792,65.575
1584985342792,65.575
1584985342792,65.575
1584985342792,65.575
1584985403322,65.38
1584985403322,65.38
1584985403322,65.38
1584985403322,65.38
1584985403322,65.38
1584985449646,64.96
1584985449646,64.96
1584985479981,65.065
1584985485457,65.12
1584985500394,65.11
1584985502345,65.15
1584985516821,65.21
1584985516821,65.21
1584985516821,65.21
1584985516821,65.21
1584985516821,65.21
1584985565412,65.17
1584985565412,65.17
1584985565412,65.17
1584985597370,65.08
1584985597370,65.08
1584985597370,65.08
1584985597370,65.08
1584985597370,65.08
1584985597370,65.08
1584985597370,65.08
1584985597370,65.08
1584985597370,65.08
1584985597370,65.08
1584985597370,65.08
1584985597370,65.08
1584985597370,65.08
1584985597370,65.08
1584985597370,65.08
1584985597370,65.08
1584985597370,65.08
1584985597370,65.08
1584985597370,65.08
1584985597370,65.08
1584985597370,65.08
1584985597370,65.08
1584985597370,65.08
1584985597370,65.08
1584985853761,65.95
1584985853761,65.95
1584985853761,65.95
1584985853761,65.95
1584985853761,65.95
1584985904956,66.15
1584985904956,66.15
1584985904956,66.15
1584985904956,66.15
1584985904956,66.15
1584985904956,66.15
1584985904956,66.15
1584985977280,65.96
1584985977280,65.96
1584985977280,65.96
1584985977280,65.96
1584986024048,65.89
1584986032019,65.845
1584986032019,65.845
1584986032019,65.845
1584986060966,65.82
1584986060966,65.82
1584986060966,65.82
1584986060966,65.82
1584986060966,65.82
1584986060966,65.82
1584986060966,65.82
1584986060966,65.82
1584986060966,65.82
1584986060966,65.82
1584986060966,65.82
1584986186603,65.415
1584986199522,65.29
1584986209407,65.38
1584986214063,65.3
1584986214063,65.3
1584986214063,65.3
1584986214063,65.3
1584986258132,65
1584986271626,65.075
1584986282402,64.955
1584986291909,64.825
1584986291909,64.825
1584986311732,64.91
1584986311732,64.91
1584986327252,64.88
1584986344271,64.93
1584986353225,64.815
1584986353225,64.815
1584986353225,64.815
1584986353225,64.815
1584986353225,64.815
1584986353225,64.815
1584986353225,64.815
1584986353225,64.815
1584986353225,64.815
1584986353225,64.815
1584986463100,64.66
1584986463100,64.66
1584986476783,64.72
1584986476783,64.72
1584986476783,64.72
1584986476783,64.72
1584986523864,64.72
1584986523864,64.72
1584986523864,64.72
1584986558733,64.39
1584986567058,64.47
1584986567058,64.47
1584986567058,64.47
1584986567058,64.47
1584986603526,64.435
1584986615456,64.42
1584986627045,64.36
1584986627045,64.36
1584986645496,64.28
1584986665177,64.355
1584986673344,64.355
1584986673344,64.355
1584986673344,64.355
1584986673344,64.355
1584986712464,64.3
1584986712464,64.3
1584986712464,64.3
1584986712464,64.3
1584986712464,64.3
1584986712464,64.3
1584986712464,64.3
1584986712464,64.3
1584986712464,64.3
1584986712464,64.3
1584986712464,64.3
1584986712464,64.3
1584986712464,64.3
1584986712464,64.3
1584986712464,64.3
1584986712464,64.3
1584986712464,64.3
1584986712464,64.3
1584986712464,64.3
1584986712464,64.3
1584986712464,64.3
1584986712464,64.3
1584986712464,64.3
1584986712464,64.3
1584986712464,64.3
1584986712464,64.3
1584986712464,64.3
1584986712464,64.3
1584986712464,64.3
1584986712464,64.3
1584987026608,64.2
1584987026608,64.2
1584987026608,64.2
1584987026608,64.2
1584987026608,64.2
1584987026608,64.2
1584987026608,64.2
1584987026608,64.2
1584987026608,64.2
1584987026608,64.2
1584987026608,64.2
1584987026608,64.2
1584987026608,64.2
1584987026608,64.2
1584987026608,64.2
1584987026608,64.2
1584987026608,64.2
1584987214443,64.49
1584987214443,64.49
1584987214443,64.49
1584987214443,64.49
1584987214443,64.49
1584987268533,64.7
1584987268533,64.7
1584987283387,64.5
1584987283387,64.5
1584987283387,64.5
1584987283387,64.5
1584987283387,64.5
1584987283387,64.5
1584987283387,64.5
1584987283387,64.5
1584987283387,64.5
1584987283387,64.5
1584987283387,64.5
1584987283387,64.5
1584987420984,64.6
1584987422683,64.65
1584987422683,64.65
1584987422683,64.65
1584987422683,64.65
1584987422683,64.65
1584987422683,64.65
1584987422683,64.65
1584987422683,64.65
1584987422683,64.65
1584987422683,64.65
1584987422683,64.65
1584987541830,64.585
1584987541830,64.585
1584987541830,64.585
1584987541830,64.585
1584987581112,64.43
1584987581112,64.43
1584987581112,64.43
1584987620206,64.45
1584987620206,64.45
1584987635623,64.36
1584987635623,64.36
1584987659859,64.21
1584987659859,64.21
1584987659859,64.21
1584987699214,64.3
1584987699214,64.3
1584987699214,64.3
1584987699214,64.3
1584987699214,64.3
1584987699214,64.3
1584987699214,64.3
1584987699214,64.3
1584987699214,64.3
1584987699214,64.3
1584987699214,64.3
1584987807069,64.41
1584987807069,64.41
1584987833300,64.655
1584987833300,64.655
1584987833300,64.655
1584987833300,64.655
1584987833300,64.655
1584987886689,64.525
1584987886689,64.525
1584987886689,64.525
1584987886689,64.525
1584987886689,64.525
1584987886689,64.525
1584987886689,64.525
1584987886689,64.525
1584987886689,64.525
1584987886689,64.525
1584987991009,64.54
1584987991009,64.54
1584988010014,64.7
1584988010014,64.7
1584988010014,64.7
1584988010014,64.7
1584988010014,64.7
1584988010014,64.7
1584988010014,64.7
1584988010014,64.7
1584988010014,64.7
1584988010014,64.7
1584988010014,64.7
1584988010014,64.7
1584988010014,64.7
1584988010014,64.7
1584988010014,64.7
1584988010014,64.7
1584988010014,64.7
1584988010014,64.7
1584988010014,64.7
1584988010014,64.7
1584988010014,64.7
1584988010014,64.7
1584988010014,64.7
1584988010014,64.7
1584988010014,64.7
1584988010014,64.7
1584988010014,64.7
1584988010014,64.7
1584988010014,64.7
1584988010014,64.7
1584988010014,64.7
1584988010014,64.7
1584988010014,64.7
1584988010014,64.7
1584988376296,64.76
1584988376296,64.76
1584988376296,64.76
1584988376296,64.76
1584988376296,64.76
1584988376296,64.76
1584988376296,64.76
1584988376296,64.76
1584988376296,64.76
1584988376296,64.76
1584988480226,64.73
1584988480226,64.73
1584988480226,64.73
1584988480226,64.73
1584988480226,64.73
1584988480226,64.73
1584988480226,64.73
1584988480226,64.73
1584988480226,64.73
1584988480226,64.73
1584988480226,64.73
1584988598892,64.73
1584988610075,64.52
1584988610075,64.52
1584988628865,64.44
1584988628865,64.44
1584988628865,64.44
1584988628865,64.44
1584988628865,64.44
1584988679625,64.42
1584988693485,64.545
1584988700968,64.62
1584988700968,64.62
1584988700968,64.62
1584988700968,64.62
1584988700968,64.62
1584988700968,64.62
1584988700968,64.62
1584988700968,64.62
1584988700968,64.62
1584988700968,64.62
1584988805466,64.5
1584988805466,64.5
1584988830080,64.77
1584988830080,64.77
1584988830080,64.77
1584988830080,64.77
1584988830080,64.77
1584988830080,64.77
1584988830080,64.77
1584988830080,64.77
1584988830080,64.77
1584988830080,64.77
1584988933302,64.63
1584988933302,64.63
1584988933302,64.63
1584988933302,64.63
1584988933302,64.63
1584988933302,64.63
1584988933302,64.63
1584989011105,64.665
1584989011105,64.665
1584989011105,64.665
1584989011105,64.665
1584989011105,64.665
1584989011105,64.665
1584989011105,64.665
1584989079240,64.56
1584989079240,64.56
1584989079240,64.56
1584989079240,64.56
1584989127243,64.495
1584989127243,64.495
1584989127243,64.495
1584989127243,64.495
1584989127243,64.495
1584989174460,64.27
1584989190173,64.23
1584989192594,64.275
1584989192594,64.275
1584989192594,64.275
1584989192594,64.275
1584989243009,64
1584989246189,64.01
1584989246189,64.01
1584989246189,64.01
1584989281262,63.99
1584989281262,63.99
1584989305569,63.905
1584989305569,63.905
1584989305569,63.905
1584989335185,64.09
1584989347977,64.32
1584989347977,64.32
1584989347977,64.32
1584989347977,64.32
1584989347977,64.32
1584989347977,64.32
1584989347977,64.32
1584989347977,64.32
1584989347977,64.32
1584989347977,64.32
1584989347977,64.32
1584989347977,64.32
1584989347977,64.32
1584989347977,64.32
1584989347977,64.32
1584989347977,64.32
1584989347977,64.32
1584989347977,64.32
1584989347977,64.32
1584989347977,64.32
1584989347977,64.32
1584989347977,64.32
1584989347977,64.32
1584989588948,64.17
1584989588948,64.17
1584989588948,64.17
1584989588948,64.17
1584989588948,64.17
1584989588948,64.17
1584989588948,64.17
1584989588948,64.17
1584989588948,64.17
1584989689452,64.18
1584989701402,64.23
1584989701402,64.23
1584989701402,64.23
1584989701402,64.23
1584989701402,64.23
1584989701402,64.23
1584989701402,64.23
1584989701402,64.23
1584989781955,64.47
1584989781955,64.47
1584989781955,64.47
1584989811657,64.09
1584989827182,63.96
1584989827182,63.96
1584989827182,63.96
1584989827182,63.96
1584989861210,63.955
1584989881247,63.81
1584989881247,63.81
1584989893784,63.99
1584989893784,63.99
1584989921252,63.88
1584989921252,63.88
1584989921252,63.88
1584989921252,63.88
1584989921252,63.88
1584989921252,63.88
1584989921252,63.88
1584989921252,63.88
