1582727461613,524.24
1582727461613,524.24
1582727475188,523.37
1582727487754,524.185
1582727487754,524.185
1582727511897,523.65
1582727516969,523.645
1582727516969,523.645
1582727516969,523.645
1582727554367,524.03
1582727554367,524.03
1582727572155,523.18
1582727584128,523.46
1582727584128,523.46
1582727584128,523.46
1582727615039,522.77
1582727615039,522.77
1582727615039,522.77
1582727615039,522.77
1582727615039,522.77
1582727615039,522.77
1582727615039,522.77
1582727615039,522.77
1582727699621,521.185
1582727699621,521.185
1582727699621,521.185
1582727699621,521.185
1582727699621,521.185
1582727749848,522.45
1582727756854,523.44
1582727770918,523.22
1582727785922,523.92
1582727785922,523.92
1582727785922,523.92
1582727785922,523.92
1582727785922,523.92
1582727833119,524.095
1582727833119,524.095
1582727833119,524.095
1582727833119,524.095
1582727872634,525.325
1582727885334,525.575
1582727885334,525.575
1582727885334,525.575
1582727885334,525.575
1582727927081,526
1582727927081,526
1582727945708,526.665
1582727945708,526.665
1582727945708,526.665
1582727945708,526.665
1582727945708,526.665
1582727945708,526.665
1582728015575,525.325
1582728015575,525.325
1582728034350,525.93
1582728034350,525.93
1582728034350,525.93
1582728034350,525.93
1582728078951,525.665
1582728078951,525.665
1582728078951,525.665
1582728102737,525.47
1582728102737,525.47
1582728130183,525.66
1582728141293,525.68
1582728141293,525.68
1582728155356,526.76
1582728155356,526.76
1582728155356,526.76
1582728155356,526.76
1582728155356,526.76
1582728155356,526.76
1582728155356,526.76
1582728229650,526.49
1582728242700,526.35
1582728242700,526.35
1582728242700,526.35
1582728242700,526.35
1582728284002,525.26
1582728284002,525.26
1582728284002,525.26
1582728315241,524.685
1582728315241,524.685
1582728331162,524.55
1582728331162,524.55
1582728331162,524.55
1582728369832,524.4
1582728376730,524.795
1582728376730,524.795
1582728376730,524.795
1582728376730,524.795
1582728376730,524.795
1582728376730,524.795
1582728376730,524.795
1582728445316,524.125
1582728462167,524.37
1582728462167,524.37
1582728476968,524.37
1582728491668,524.39
1582728491668,524.39
1582728508221,524.4
1582728508221,524.4
1582728534410,524.445
1582728546905,523.515
1582728546905,523.515
1582728546905,523.515
1582728546905,523.515
1582728585219,523.525
1582728598077,524.02
1582728598077,524.02
1582728598077,524.02
1582728598077,524.02
1582728598077,524.02
1582728598077,524.02
1582728598077,524.02
1582728598077,524.02
1582728598077,524.02
1582728598077,524.02
1582728698581,523.385
1582728698581,523.385
1582728698581,523.385
1582728698581,523.385
1582728698581,523.385
1582728698581,523.385
1582728698581,523.385
1582728698581,523.385
1582728698581,523.385
1582728698581,523.385
1582728698581,523.385
1582728698581,523.385
1582728698581,523.385
1582728698581,523.385
1582728698581,523.385
1582728698581,523.385
1582728698581,523.385
1582728698581,523.385
1582728698581,523.385
1582728698581,523.385
1582728698581,523.385
1582728698581,523.385
1582728698581,523.385
1582728937677,522.92
1582728948680,522.24
1582728948680,522.24
1582728948680,522.24
1582728984497,522.15
1582728996923,522.04
1582728996923,522.04
1582728996923,522.04
1582728996923,522.04
1582728996923,522.04
1582728996923,522.04
1582728996923,522.04
1582728996923,522.04
1582728996923,522.04
1582729084802,521.21
1582729100722,521.155
1582729100722,521.155
1582729100722,521.155
1582729100722,521.155
1582729100722,521.155
1582729100722,521.155
1582729155789,522
1582729167603,521.86
1582729167603,521.86
1582729167603,521.86
1582729167603,521.86
1582729167603,521.86
1582729167603,521.86
1582729167603,521.86
1582729167603,521.86
1582729167603,521.86
1582729167603,521.86
1582729167603,521.86
1582729167603,521.86
1582729167603,521.86
1582729167603,521.86
1582729167603,521.86
1582729167603,521.86
1582729167603,521.86
1582729343856,521.655
1582729343856,521.655
1582729343856,521.655
1582729343856,521.655
1582729343856,521.655
1582729343856,521.655
1582729412956,522.1
1582729412956,522.1
1582729412956,522.1
1582729440561,522
1582729457258,521.825
1582729457258,521.825
1582729471522,521.82
1582729481651,522.08
1582729481651,522.08
1582729481651,522.08
1582729481651,522.08
1582729481651,522.08
1582729481651,522.08
1582729481651,522.08
1582729481651,522.08
1582729570851,521.855
1582729578046,521.55
1582729590739,521.37
1582729590739,521.37
1582729590739,521.37
1582729590739,521.37
1582729590739,521.37
1582729590739,521.37
1582729590739,521.37
1582729590739,521.37
1582729590739,521.37
1582729590739,521.37
1582729590739,521.37
1582729590739,521.37
1582729590739,521.37
1582729590739,521.37
1582729732019,520.7
1582729732019,520.7
1582729754635,521.2
1582729754635,521.2
1582729773382,521.325
1582729773382,521.325
1582729773382,521.325
1582729773382,521.325
1582729773382,521.325
1582729773382,521.325
1582729843771,520.565
1582729843771,520.565
1582729843771,520.565
1582729843771,520.565
1582729843771,520.565
1582729843771,520.565
1582729843771,520.565
1582729843771,520.565
1582729843771,520.565
1582729843771,520.565
1582729843771,520.565
1582729843771,520.565
1582729843771,520.565
1582729843771,520.565
1582729843771,520.565
1582729843771,520.565
1582730006980,520.33
1582730012747,520.74
1582730012747,520.74
1582730036076,520.45
1582730042674,520.76
1582730059549,521.13
1582730059549,521.13
1582730059549,521.13
1582730092379,522.27
1582730092379,522.27
1582730092379,522.27
1582730092379,522.27
1582730092379,522.27
1582730137480,522.135
1582730137480,522.135
1582730137480,522.135
1582730177287,522.45
1582730177287,522.45
1582730177287,522.45
1582730177287,522.45
1582730177287,522.45
1582730177287,522.45
1582730177287,522.45
1582730177287,522.45
1582730177287,522.45
1582730177287,522.45
1582730177287,522.45
1582730177287,522.45
1582730300619,522.54
1582730300619,522.54
1582730300619,522.54
1582730300619,522.54
1582730300619,522.54
1582730300619,522.54
1582730300619,522.54
1582730300619,522.54
1582730300619,522.54
1582730300619,522.54
1582730300619,522.54
1582730300619,522.54
1582730300619,522.54
1582730300619,522.54
1582730300619,522.54
1582730300619,522.54
1582730300619,522.54
1582730300619,522.54
1582730300619,522.54
1582730300619,522.54
1582730300619,522.54
1582730300619,522.54
1582730300619,522.54
1582730300619,522.54
1582730300619,522.54
1582730300619,522.54
1582730300619,522.54
1582730300619,522.54
1582730300619,522.54
1582730600315,523.07
1582730600315,523.07
1582730600315,523.07
1582730600315,523.07
1582730600315,523.07
1582730600315,523.07
1582730600315,523.07
1582730600315,523.07
1582730600315,523.07
1582730600315,523.07
1582730600315,523.07
1582730600315,523.07
1582730600315,523.07
1582730600315,523.07
1582730600315,523.07
1582730758938,524.43
1582730758938,524.43
1582730758938,524.43
1582730758938,524.43
1582730802749,525.355
1582730802749,525.355
1582730802749,525.355
1582730802749,525.355
1582730802749,525.355
1582730802749,525.355
1582730802749,525.355
1582730802749,525.355
1582730802749,525.355
1582730802749,525.355
1582730898013,525.35
1582730898013,525.35
1582730898013,525.35
1582730935206,525.475
1582730943090,525.61
1582730957497,525.63
1582730966479,525.145
1582730966479,525.145
1582730966479,525.145
1582730966479,525.145
1582730966479,525.145
1582731012952,524.625
1582731030198,524.515
1582731030198,524.515
1582731030198,524.515
1582731030198,524.515
1582731030198,524.515
1582731030198,524.515
1582731030198,524.515
1582731097481,524.78
1582731097481,524.78
1582731097481,524.78
1582731097481,524.78
1582731097481,524.78
1582731097481,524.78
1582731097481,524.78
1582731097481,524.78
1582731187446,524.955
1582731187446,524.955
1582731208011,525.275
1582731208011,525.275
1582731208011,525.275
1582731208011,525.275
1582731208011,525.275
1582731208011,525.275
1582731270763,525.205
1582731270763,525.205
1582731270763,525.205
1582731301555,525.41
1582731301555,525.41
1582731301555,525.41
1582731301555,525.41
1582731301555,525.41
1582731355658,525.63
1582731355658,525.63
1582731374138,525.88
1582731374138,525.88
1582731374138,525.88
1582731374138,525.88
1582731374138,525.88
1582731374138,525.88
1582731432845,525.24
1582731432845,525.24
1582731432845,525.24
1582731432845,525.24
1582731432845,525.24
1582731484674,524.89
1582731484674,524.89
1582731484674,524.89
1582731484674,524.89
1582731484674,524.89
1582731484674,524.89
1582731484674,524.89
1582731484674,524.89
1582731484674,524.89
1582731484674,524.89
1582731484674,524.89
1582731484674,524.89
1582731484674,524.89
1582731484674,524.89
1582731636283,524.84
1582731636283,524.84
1582731636283,524.84
1582731636283,524.84
1582731636283,524.84
1582731636283,524.84
1582731636283,524.84
1582731711415,525.56
1582731713395,525.555
1582731724355,525.805
1582731739395,525.915
1582731748395,525.53
1582731748395,525.53
1582731748395,525.53
1582731780081,525.16
1582731780081,525.16
1582731780081,525.16
1582731816573,525.41
1582731816573,525.41
1582731816573,525.41
1582731839283,525.48
1582731849349,525.63
1582731849349,525.63
1582731849349,525.63
1582731849349,525.63
1582731849349,525.63
1582731904258,525.815
1582731919316,525.71
1582731919316,525.71
1582731939809,525.985
1582731939809,525.985
1582731939809,525.985
1582731939809,525.985
1582731980863,526.01
1582731980863,526.01
1582731980863,526.01
1582732014723,525.865
1582732014723,525.865
1582732014723,525.865
1582732038092,525.95
1582732049671,525.69
1582732049671,525.69
1582732077497,525.855
1582732077497,525.855
1582732095989,525.96
1582732107688,526.045
1582732107688,526.045
1582732107688,526.045
1582732107688,526.045
1582732107688,526.045
1582732152231,526.24
1582732152231,526.24
1582732152231,526.24
1582732152231,526.24
1582732152231,526.24
1582732204535,526.315
1582732204535,526.315
1582732204535,526.315
1582732204535,526.315
1582732251334,526.28
1582732263240,526.53
1582732263240,526.53
1582732263240,526.53
1582732288127,526.78
1582732288127,526.78
1582732288127,526.78
1582732288127,526.78
1582732288127,526.78
1582732288127,526.78
1582732357365,526.66
1582732357365,526.66
1582732371635,526.67
1582732389834,526.635
1582732389834,526.635
1582732407496,525.965
1582732416573,525.58
1582732425009,525.555
1582732425009,525.555
1582732443373,525.675
1582732443373,525.675
1582732443373,525.675
1582732443373,525.675
1582732443373,525.675
1582732443373,525.675
1582732507726,524.78
1582732517048,524.665
1582732517048,524.665
1582732544614,524.11
1582732544614,524.11
1582732544614,524.11
1582732574591,523.79
1582732574591,523.79
1582732574591,523.79
1582732574591,523.79
1582732574591,523.79
1582732574591,523.79
1582732574591,523.79
1582732574591,523.79
1582732660388,524.365
1582732660388,524.365
1582732660388,524.365
1582732660388,524.365
1582732660388,524.365
1582732660388,524.365
1582732660388,524.365
1582732660388,524.365
1582732660388,524.365
1582732660388,524.365
1582732660388,524.365
1582732770164,524.885
1582732770164,524.885
1582732798599,525.09
1582732798599,525.09
1582732798599,525.09
1582732798599,525.09
1582732798599,525.09
1582732843430,525.26
1582732859643,524.73
1582732859643,524.73
1582732859643,524.73
1582732859643,524.73
1582732859643,524.73
1582732859643,524.73
1582732859643,524.73
1582732933927,524.615
1582732933927,524.615
1582732933927,524.615
1582732933927,524.615
1582732933927,524.615
1582732933927,524.615
1582732933927,524.615
1582732933927,524.615
1582732933927,524.615
1582732933927,524.615
1582732933927,524.615
1582732933927,524.615
1582732933927,524.615
1582732933927,524.615
1582732933927,524.615
1582732933927,524.615
1582733097680,524.74
1582733108562,524.555
1582733108562,524.555
1582733108562,524.555
1582733108562,524.555
1582733108562,524.555
1582733108562,524.555
1582733108562,524.555
1582733108562,524.555
1582733108562,524.555
1582733108562,524.555
1582733108562,524.555
1582733227581,524.52
1582733227581,524.52
1582733227581,524.52
1582733227581,524.52
1582733227581,524.52
1582733227581,524.52
1582733227581,524.52
1582733227581,524.52
1582733227581,524.52
1582733227581,524.52
1582733227581,524.52
1582733227581,524.52
1582733227581,524.52
1582733366239,525.21
1582733366239,525.21
1582733381859,525.03
1582733395058,525.06
1582733395058,525.06
1582733395058,525.06
1582733395058,525.06
1582733395058,525.06
1582733395058,525.06
1582733395058,525.06
1582733395058,525.06
1582733395058,525.06
1582733481171,524.89
1582733481171,524.89
1582733481171,524.89
1582733515182,524.66
1582733515182,524.66
1582733515182,524.66
1582733515182,524.66
1582733515182,524.66
1582733570242,524.63
1582733570242,524.63
1582733570242,524.63
1582733605611,524.575
1582733617330,524.585
1582733617330,524.585
1582733617330,524.585
1582733617330,524.585
1582733617330,524.585
1582733617330,524.585
1582733617330,524.585
1582733617330,524.585
1582733700575,525.01
1582733700575,525.01
1582733700575,525.01
1582733700575,525.01
1582733739364,525.25
1582733739364,525.25
1582733757083,525.005
1582733757083,525.005
1582733757083,525.005
1582733757083,525.005
1582733757083,525.005
1582733757083,525.005
1582733757083,525.005
1582733757083,525.005
1582733757083,525.005
1582733848624,525.62
1582733848624,525.62
1582733848624,525.62
1582733848624,525.62
1582733848624,525.62
1582733848624,525.62
1582733848624,525.62
1582733848624,525.62
1582733848624,525.62
1582733848624,525.62
1582733848624,525.62
1582733966270,526.235
1582733981411,526.23
1582733981411,526.23
1582733981411,526.23
1582733981411,526.23
1582733981411,526.23
1582733981411,526.23
1582733981411,526.23
1582733981411,526.23
1582733981411,526.23
1582733981411,526.23
1582733981411,526.23
1582734097305,527.24
1582734097305,527.24
1582734113888,527.27
1582734127968,527.17
1582734139729,527.26
1582734139729,527.26
1582734139729,527.26
1582734139729,527.26
1582734139729,527.26
1582734139729,527.26
1582734139729,527.26
1582734139729,527.26
1582734220610,527.35
1582734220610,527.35
1582734240137,527.34
1582734255612,527.1
1582734255612,527.1
1582734266790,526.935
1582734266790,526.935
1582734266790,526.935
1582734266790,526.935
1582734266790,526.935
1582734266790,526.935
1582734266790,526.935
1582734343227,527.105
1582734358189,527.22
1582734358189,527.22
1582734358189,527.22
1582734358189,527.22
1582734399614,527.265
1582734399614,527.265
1582734415229,527.195
1582734415229,527.195
1582734415229,527.195
1582734415229,527.195
1582734463319,527.225
1582734463319,527.225
1582734483391,527.34
1582734483391,527.34
1582734506277,527.335
1582734506277,527.335
1582734506277,527.335
1582734506277,527.335
1582734506277,527.335
1582734567740,526.83
1582734579120,526.8
1582734581694,526.645
1582734598034,526.795
1582734598034,526.795
1582734598034,526.795
1582734630820,525.85
1582734630820,525.85
1582734630820,525.85
1582734630820,525.85
1582734672140,526.13
1582734672140,526.13
1582734689288,525.745
1582734689288,525.745
1582734714981,525.79
1582734714981,525.79
1582734732276,525.79
1582734732276,525.79
1582734732276,525.79
1582734763239,525.445
1582734763239,525.445
1582734763239,525.445
1582734763239,525.445
1582734763239,525.445
1582734763239,525.445
1582734763239,525.445
1582734840281,524.96
1582734840281,524.96
1582734840281,524.96
1582734840281,524.96
1582734840281,524.96
1582734898279,525.175
1582734900901,525.09
1582734900901,525.09
1582734900901,525.09
1582734900901,525.09
1582734900901,525.09
1582734900901,525.09
1582734900901,525.09
1582734981050,524.34
1582734981050,524.34
1582734981050,524.34
1582734981050,524.34
1582734981050,524.34
1582734981050,524.34
1582734981050,524.34
1582735046992,524.53
1582735046992,524.53
1582735046992,524.53
1582735081865,524.825
1582735081865,524.825
1582735101814,524.83
1582735113566,524.64
1582735119453,524.855
1582735119453,524.855
1582735119453,524.855
1582735119453,524.855
1582735119453,524.855
1582735119453,524.855
1582735119453,524.855
1582735119453,524.855
1582735119453,524.855
1582735214892,525.68
1582735214892,525.68
1582735214892,525.68
1582735214892,525.68
1582735214892,525.68
1582735214892,525.68
1582735276806,525.415
1582735276806,525.415
1582735276806,525.415
1582735276806,525.415
1582735276806,525.415
1582735276806,525.415
1582735276806,525.415
1582735276806,525.415
1582735276806,525.415
1582735276806,525.415
1582735389733,524.64
1582735389733,524.64
1582735389733,524.64
1582735389733,524.64
1582735389733,524.64
1582735389733,524.64
1582735389733,524.64
1582735389733,524.64
1582735389733,524.64
1582735389733,524.64
1582735389733,524.64
1582735389733,524.64
1582735389733,524.64
1582735389733,524.64
1582735389733,524.64
1582735545121,524.02
1582735545121,524.02
1582735560209,524.05
1582735560209,524.05
1582735560209,524.05
1582735560209,524.05
1582735560209,524.05
1582735560209,524.05
1582735620768,523.945
1582735620768,523.945
1582735620768,523.945
1582735620768,523.945
1582735620768,523.945
1582735681369,524.26
1582735681369,524.26
1582735681369,524.26
1582735681369,524.26
1582735681369,524.26
1582735681369,524.26
1582735681369,524.26
1582735681369,524.26
1582735681369,524.26
1582735681369,524.26
1582735681369,524.26
1582735681369,524.26
1582735681369,524.26
1582735681369,524.26
1582735681369,524.26
1582735831447,524.5
1582735831447,524.5
1582735831447,524.5
1582735831447,524.5
1582735831447,524.5
1582735831447,524.5
1582735831447,524.5
1582735831447,524.5
1582735831447,524.5
1582735922785,524.86
1582735922785,524.86
1582735922785,524.86
1582735922785,524.86
1582735922785,524.86
1582735922785,524.86
1582735922785,524.86
1582735922785,524.86
1582735922785,524.86
1582736018705,524.29
1582736018705,524.29
1582736018705,524.29
1582736018705,524.29
1582736018705,524.29
1582736018705,524.29
1582736018705,524.29
1582736018705,524.29
1582736018705,524.29
1582736018705,524.29
1582736018705,524.29
1582736136706,523.64
1582736136706,523.64
1582736136706,523.64
1582736136706,523.64
1582736136706,523.64
1582736136706,523.64
1582736136706,523.64
1582736136706,523.64
1582736136706,523.64
1582736136706,523.64
1582736136706,523.64
1582736136706,523.64
1582736136706,523.64
1582736136706,523.64
1582736136706,523.64
1582736289786,524.16
1582736289786,524.16
1582736289786,524.16
1582736289786,524.16
1582736289786,524.16
1582736350309,524.07
1582736351763,523.97
1582736367390,523.885
1582736367390,523.885
1582736367390,523.885
1582736367390,523.885
1582736410115,523.44
1582736410115,523.44
1582736410115,523.44
1582736438507,523.445
1582736438507,523.445
1582736463132,523.39
1582736463132,523.39
1582736463132,523.39
1582736463132,523.39
1582736506945,522.14
1582736509877,521.75
1582736525285,521.72
1582736525285,521.72
1582736525285,521.72
1582736558627,521.82
1582736567924,521.805
1582736567924,521.805
1582736567924,521.805
1582736567924,521.805
1582736610950,521.515
1582736610950,521.515
1582736610950,521.515
1582736610950,521.515
1582736610950,521.515
1582736610950,521.515
1582736610950,521.515
1582736610950,521.515
1582736694349,521.405
1582736699105,521.28
1582736699105,521.28
1582736722895,521.11
1582736735754,521.06
1582736735754,521.06
1582736735754,521.06
1582736763534,520.735
1582736780698,520.28
1582736790080,520.26
1582736790080,520.26
1582736790080,520.26
1582736819902,520.23
1582736824549,520.39
1582736824549,520.39
1582736851941,520.255
1582736851941,520.255
1582736851941,520.255
1582736851941,520.255
1582736851941,520.255
1582736851941,520.255
1582736851941,520.255
1582736851941,520.255
1582736929221,519.51
1582736947545,519.59
1582736947545,519.59
1582736947545,519.59
1582736947545,519.59
1582736947545,519.59
1582736947545,519.59
1582737007820,519.745
1582737007820,519.745
1582737007820,519.745
1582737007820,519.745
1582737007820,519.745
1582737007820,519.745
1582737070256,519.435
1582737070256,519.435
1582737070256,519.435
1582737070256,519.435
1582737070256,519.435
1582737123809,519.89
1582737123809,519.89
1582737123809,519.89
1582737123809,519.89
1582737123809,519.89
1582737123809,519.89
1582737123809,519.89
1582737123809,519.89
1582737123809,519.89
1582737123809,519.89
1582737221001,520.275
1582737240417,519.88
1582737242419,519.865
1582737242419,519.865
1582737242419,519.865
1582737242419,519.865
1582737242419,519.865
1582737242419,519.865
1582737242419,519.865
1582737242419,519.865
1582737242419,519.865
1582737242419,519.865
1582737242419,519.865
1582737242419,519.865
1582737366279,519.5
1582737366279,519.5
1582737366279,519.5
1582737366279,519.5
1582737366279,519.5
1582737366279,519.5
1582737366279,519.5
1582737366279,519.5
1582737366279,519.5
1582737366279,519.5
1582737366279,519.5
1582737366279,519.5
1582737366279,519.5
1582737511641,518.99
1582737511641,518.99
1582737531801,519.01
1582737539879,519.185
1582737539879,519.185
1582737539879,519.185
1582737539879,519.185
1582737579178,519.84
1582737579178,519.84
1582737579178,519.84
1582737579178,519.84
1582737579178,519.84
1582737579178,519.84
1582737579178,519.84
1582737579178,519.84
1582737579178,519.84
1582737579178,519.84
1582737579178,519.84
1582737579178,519.84
1582737579178,519.84
1582737579178,519.84
1582737579178,519.84
1582737579178,519.84
1582737579178,519.84
1582737579178,519.84
1582737579178,519.84
1582737579178,519.84
1582737579178,519.84
1582737579178,519.84
1582737579178,519.84
1582737821631,520.64
1582738133623,521.195
1582738145546,521.14
1582738150303,521.285
1582738166676,521.33
1582738176690,521.315
1582738186276,521.285
1582738188233,521.285
1582738188233,521.285
1582738212785,522.14
1582738212785,522.14
1582738212785,522.14
1582738248336,522.725
1582738248336,522.725
1582738248336,522.725
1582738277960,522.885
1582738291841,522.89
1582738291841,522.89
1582738291841,522.89
1582738291841,522.89
1582738291841,522.89
1582738291841,522.89
1582738291841,522.89
1582738291841,522.89
1582738291841,522.89
1582738291841,522.89
1582738291841,522.89
1582738291841,522.89
1582738291841,522.89
1582738423784,523.225
1582738423784,523.225
1582738439760,523.05
1582738439760,523.05
1582738439760,523.05
1582738439760,523.05
1582738439760,523.05
1582738439760,523.05
1582738439760,523.05
1582738439760,523.05
1582738439760,523.05
1582738439760,523.05
1582738439760,523.05
1582738439760,523.05
1582738439760,523.05
1582738439760,523.05
1582738439760,523.05
1582738439760,523.05
1582738439760,523.05
1582738616271,522.82
1582738616271,522.82
1582738616271,522.82
1582738616271,522.82
1582738659277,522.69
1582738672544,522.86
1582738672544,522.86
1582738672544,522.86
1582738672544,522.86
1582738672544,522.86
1582738672544,522.86
1582738672544,522.86
1582738745479,522.555
1582738745479,522.555
1582738745479,522.555
1582738776073,521.66
1582738783574,521.53
1582738803630,521.08
1582738803630,521.08
1582738814866,520.68
1582738829870,520.42
1582738842373,520.13
1582738842373,520.13
1582738842373,520.13
1582738842373,520.13
1582738842373,520.13
1582738842373,520.13
1582738842373,520.13
1582738842373,520.13
1582738842373,520.13
1582738842373,520.13
1582738842373,520.13
1582738842373,520.13
1582738842373,520.13
1582738842373,520.13
1582738842373,520.13
1582738842373,520.13
1582739009327,521.005
1582739009327,521.005
1582739009327,521.005
1582739009327,521.005
1582739009327,521.005
1582739009327,521.005
1582739009327,521.005
1582739009327,521.005
1582739009327,521.005
1582739104044,520.575
1582739104044,520.575
1582739104044,520.575
1582739104044,520.575
1582739104044,520.575
1582739104044,520.575
1582739104044,520.575
1582739104044,520.575
1582739104044,520.575
1582739104044,520.575
1582739104044,520.575
1582739104044,520.575
1582739104044,520.575
1582739104044,520.575
1582739104044,520.575
1582739104044,520.575
1582739104044,520.575
1582739104044,520.575
1582739104044,520.575
1582739104044,520.575
1582739307316,521.79
1582739307316,521.79
1582739307316,521.79
1582739307316,521.79
1582739307316,521.79
1582739307316,521.79
1582739307316,521.79
1582739307316,521.79
1582739307316,521.79
1582739307316,521.79
1582739307316,521.79
1582739307316,521.79
1582739307316,521.79
1582739449052,522.08
1582739449052,522.08
1582739449052,522.08
1582739449052,522.08
1582739449052,522.08
1582739449052,522.08
1582739514202,521.74
1582739514202,521.74
1582739514202,521.74
1582739514202,521.74
1582739514202,521.74
1582739514202,521.74
1582739571816,521.57
1582739571816,521.57
1582739571816,521.57
1582739571816,521.57
1582739612943,521.23
1582739612943,521.23
1582739612943,521.23
1582739612943,521.23
1582739612943,521.23
1582739612943,521.23
1582739612943,521.23
1582739612943,521.23
1582739612943,521.23
1582739612943,521.23
1582739612943,521.23
1582739612943,521.23
1582739743859,521.06
1582739743859,521.06
1582739743859,521.06
1582739743859,521.06
1582739743859,521.06
1582739743859,521.06
1582739743859,521.06
1582739817456,520.895
1582739826188,520.605
1582739838682,520.37
1582739846181,520.385
1582739856226,520.15
1582739870394,520.45
1582739877894,520.21
1582739885420,520.1
1582739900389,520.11
1582739911712,520.52
1582739911712,520.52
1582739911712,520.52
1582739911712,520.52
1582739911712,520.52
1582739911712,520.52
1582739911712,520.52
1582739980159,520.905
1582739993606,520.895
1582740000048,520.655
1582740000048,520.655
1582740000048,520.655
1582740000048,520.655
1582740000048,520.655
1582740000048,520.655
1582740000048,520.655
1582740079752,521.17
1582740079752,521.17
1582740079752,521.17
1582740079752,521.17
1582740079752,521.17
1582740133833,521.55
1582740133833,521.55
1582740133833,521.55
1582740155169,521.785
1582740155169,521.785
1582740155169,521.785
1582740155169,521.785
1582740155169,521.785
1582740155169,521.785
1582740155169,521.785
1582740155169,521.785
1582740248542,522.005
1582740255626,522.045
1582740255626,522.045
1582740277627,522.69
1582740282572,522.65
1582740297643,522.695
1582740297643,522.695
1582740316323,522.99
1582740330363,523.62
1582740336380,523.86
1582740336380,523.86
1582740360328,523.67
1582740360328,523.67
1582740360328,523.67
1582740360328,523.67
1582740360328,523.67
1582740360328,523.67
1582740360328,523.67
1582740437943,523.31
1582740437943,523.31
1582740437943,523.31
1582740464808,523.3
1582740464808,523.3
1582740488619,523.23
1582740488619,523.23
1582740507138,522.43
1582740507138,522.43
1582740533159,522.22
1582740543290,521.91
1582740543290,521.91
1582740543290,521.91
1582740543290,521.91
1582740543290,521.91
1582740543290,521.91
1582740543290,521.91
1582740543290,521.91
1582740543290,521.91
1582740543290,521.91
1582740543290,521.91
1582740543290,521.91
1582740543290,521.91
1582740543290,521.91
1582740543290,521.91
1582740543290,521.91
1582740543290,521.91
1582740543290,521.91
1582740543290,521.91
1582740543290,521.91
1582740543290,521.91
1582740543290,521.91
1582740543290,521.91
1582740543290,521.91
1582740543290,521.91
1582740543290,521.91
1582740543290,521.91
1582740543290,521.91
1582740543290,521.91
1582740543290,521.91
1582740543290,521.91
1582740543290,521.91
1582740543290,521.91
1582740543290,521.91
1582740543290,521.91
1582740543290,521.91
1582740543290,521.91
1582740543290,521.91
1582740543290,521.91
1582740543290,521.91
1582740543290,521.91
1582740543290,521.91
1582740543290,521.91
1582740543290,521.91
1582740543290,521.91
1582740543290,521.91
1582740543290,521.91
1582740543290,521.91
1582740543290,521.91
1582740543290,521.91
1582740543290,521.91
1582740543290,521.91
1582740543290,521.91
1582740543290,521.91
1582740543290,521.91
1582740543290,521.91
1582740543290,521.91
1582740543290,521.91
1582740543290,521.91
1582740543290,521.91
1582740543290,521.91
1582740543290,521.91
1582740543290,521.91
1582740543290,521.91
1582740543290,521.91
1582740543290,521.91
1582741235094,521.7
1582741235094,521.7
1582741235094,521.7
1582741235094,521.7
1582741235094,521.7
1582741235094,521.7
1582741235094,521.7
1582741235094,521.7
1582741235094,521.7
1582741235094,521.7
1582741235094,521.7
1582741235094,521.7
1582741235094,521.7
1582741235094,521.7
1582741235094,521.7
1582741235094,521.7
1582741235094,521.7
1582741235094,521.7
1582741235094,521.7
1582741235094,521.7
1582741235094,521.7
1582741448201,521.775
1582741448201,521.775
1582741448201,521.775
1582741448201,521.775
1582741448201,521.775
1582741448201,521.775
1582741448201,521.775
1582741448201,521.775
1582741448201,521.775
1582741448201,521.775
1582741448201,521.775
1582741448201,521.775
1582741448201,521.775
1582741448201,521.775
1582741596208,522.195
1582741596208,522.195
1582741596208,522.195
1582741625722,522.09
1582741636356,521.99
1582741636356,521.99
1582741664639,521.605
1582741673187,521.26
1582741677617,521.385
1582741691924,520.77
1582741704502,520.775
1582741704502,520.775
1582741727181,520.64
1582741735674,520.685
1582741747251,520.965
1582741747251,520.965
1582741763174,520.695
1582741776925,520.675
1582741788175,520.61
1582741799007,520.665
1582741799007,520.665
1582741812375,520.605
1582741812375,520.605
1582741812375,520.605
1582741812375,520.605
1582741812375,520.605
1582741812375,520.605
1582741812375,520.605
1582741812375,520.605
1582741812375,520.605
1582741911440,521
1582741911440,521
1582741911440,521
1582741911440,521
1582741911440,521
1582741963634,520.96
1582741963634,520.96
1582741963634,520.96
1582741963634,520.96
1582741963634,520.96
1582741963634,520.96
1582742025554,520.975
1582742025554,520.975
1582742025554,520.975
1582742025554,520.975
1582742025554,520.975
1582742025554,520.975
1582742025554,520.975
1582742097719,520.57
1582742097719,520.57
1582742097719,520.57
1582742097719,520.57
1582742097719,520.57
1582742157739,520.29
1582742157739,520.29
1582742157739,520.29
1582742157739,520.29
1582742157739,520.29
1582742157739,520.29
1582742157739,520.29
1582742157739,520.29
1582742157739,520.29
1582742157739,520.29
1582742157739,520.29
1582742272517,519.38
1582742273063,519.385
1582742273063,519.385
1582742273063,519.385
1582742273063,519.385
1582742273063,519.385
1582742273063,519.385
1582742273063,519.385
1582742273063,519.385
1582742273063,519.385
1582742376444,519.46
1582742376444,519.46
1582742376444,519.46
1582742402721,519.55
1582742418978,520.08
1582742418978,520.08
1582742418978,520.08
1582742418978,520.08
1582742459015,520.34
1582742459015,520.34
1582742476495,520.77
1582742488973,521.05
1582742502286,520.595
1582742502286,520.595
1582742502286,520.595
1582742502286,520.595
1582742502286,520.595
1582742502286,520.595
1582742502286,520.595
1582742502286,520.595
1582742502286,520.595
1582742502286,520.595
1582742502286,520.595
1582742502286,520.595
1582742502286,520.595
1582742633154,520.005
1582742642737,519.76
1582742657615,519.17
1582742657615,519.17
1582742657615,519.17
1582742657615,519.17
1582742657615,519.17
1582742657615,519.17
1582742657615,519.17
1582742657615,519.17
1582742657615,519.17
1582742657615,519.17
1582742657615,519.17
1582742657615,519.17
1582742657615,519.17
1582742657615,519.17
1582742801721,518.89
1582742817125,519.11
1582742817125,519.11
1582742832683,519
1582742832683,519
1582742832683,519
1582742861298,518.49
1582742861298,518.49
1582742888288,518.62
1582742897989,519.065
1582742907350,519.25
1582742908494,518.87
1582742924747,519.03
1582742937251,518.87
1582742937251,518.87
1582742937251,518.87
1582742937251,518.87
1582742937251,518.87
1582742937251,518.87
1582743005411,519.58
1582743017804,519.17
1582743017804,519.17
1582743017804,519.17
1582743048909,519.01
1582743048909,519.01
1582743048909,519.01
1582743048909,519.01
1582743048909,519.01
1582743048909,519.01
1582743048909,519.01
1582743048909,519.01
1582743048909,519.01
1582743048909,519.01
1582743154441,520.41
1582743154441,520.41
1582743174997,519.66
1582743174997,519.66
1582743192321,519.55
1582743192321,519.55
1582743192321,519.55
1582743192321,519.55
1582743234968,519.81
1582743234968,519.81
1582743234968,519.81
1582743234968,519.81
1582743234968,519.81
1582743234968,519.81
1582743297289,519.435
1582743308028,519.525
1582743320005,519.375
1582743328953,519.36
1582743328953,519.36
1582743346619,519.2
1582743346619,519.2
1582743346619,519.2
1582743383229,518.69
1582743394404,518.695
1582743394404,518.695
1582743394404,518.695
1582743427028,518.47
1582743435840,518.605
1582743442371,518.605
1582743442371,518.605
1582743469326,518.51
1582743476223,518.66
1582743486749,519.02
1582743498661,519.56
1582743511770,519.43
1582743521132,519.88
1582743527122,519.425
1582743527122,519.425
1582743544548,519.375
1582743557664,519.5
1582743571412,518.8
1582743579107,518.77
1582743587823,518.675
1582743587823,518.675
1582743616050,518.775
1582743626873,518.48
1582743635752,518.4
1582743645284,518.235
1582743659429,518.26
1582743668471,518.19
1582743679465,518.01
1582743679465,518.01
1582743679465,518.01
1582743679465,518.01
1582743719062,518.135
1582743719062,518.135
1582743740123,518.49
1582743750774,518.85
1582743762826,518.86
1582743762826,518.86
1582743786725,518.77
1582743794857,518.755
1582743794857,518.755
1582743794857,518.755
1582743794857,518.755
1582743794857,518.755
1582743846053,518.35
1582743846053,518.35
1582743868539,517.36
1582743873542,517.36
1582743886039,517.15
1582743896077,516.84
1582743896077,516.84
1582743896077,516.84
1582743896077,516.84
1582743896077,516.84
1582743896077,516.84
1582743896077,516.84
1582743896077,516.84
1582743896077,516.84
1582743992976,518.23
1582743992976,518.23
1582743992976,518.23
1582743992976,518.23
1582743992976,518.23
1582743992976,518.23
1582743992976,518.23
1582743992976,518.23
1582744077409,518.625
1582744077409,518.625
1582744077409,518.625
1582744105755,518.94
1582744105755,518.94
1582744105755,518.94
1582744105755,518.94
1582744105755,518.94
1582744154367,518.72
1582744154367,518.72
1582744154367,518.72
1582744154367,518.72
1582744154367,518.72
1582744154367,518.72
1582744154367,518.72
1582744154367,518.72
1582744154367,518.72
1582744254581,518.075
1582744254581,518.075
1582744254581,518.075
1582744254581,518.075
1582744254581,518.075
1582744254581,518.075
1582744254581,518.075
1582744254581,518.075
1582744254581,518.075
1582744254581,518.075
1582744254581,518.075
1582744254581,518.075
1582744254581,518.075
1582744254581,518.075
1582744254581,518.075
1582744254581,518.075
1582744254581,518.075
1582744254581,518.075
1582744254581,518.075
1582744254581,518.075
1582744254581,518.075
1582744254581,518.075
1582744254581,518.075
1582744493679,519.62
1582744493679,519.62
1582744509526,519.57
1582744523805,519.08
1582744536216,519
1582744539966,518.75
1582744539966,518.75
1582744590358,518.82
1582744590358,518.82
1582744590358,518.82
1582744616427,518.6
1582744634259,518.93
1582744634259,518.93
1582744634259,518.93
1582744634259,518.93
1582744634259,518.93
1582744634259,518.93
1582744634259,518.93
1582744634259,518.93
1582744634259,518.93
1582744634259,518.93
1582744634259,518.93
1582744747981,519.505
1582744747981,519.505
1582744747981,519.505
1582744747981,519.505
1582744747981,519.505
1582744747981,519.505
1582744747981,519.505
1582744747981,519.505
1582744747981,519.505
1582744747981,519.505
1582744747981,519.505
1582744747981,519.505
1582744747981,519.505
1582744747981,519.505
1582744747981,519.505
1582744747981,519.505
1582744747981,519.505
1582744747981,519.505
1582744747981,519.505
1582744747981,519.505
1582744747981,519.505
1582744747981,519.505
1582744747981,519.505
1582744747981,519.505
1582744747981,519.505
1582744747981,519.505
1582744747981,519.505
1582745031140,519.135
1582745031140,519.135
1582745031140,519.135
1582745031140,519.135
1582745031140,519.135
1582745031140,519.135
1582745031140,519.135
1582745101443,519.2
1582745101443,519.2
1582745101443,519.2
1582745101443,519.2
1582745101443,519.2
1582745101443,519.2
1582745101443,519.2
1582745178505,519.74
1582745193039,519.655
1582745193039,519.655
1582745193039,519.655
1582745219357,520.59
1582745234380,520.89
1582745244347,520.93
1582745252508,521.045
1582745264377,521.04
1582745275612,521.07
1582745275612,521.07
1582745275612,521.07
1582745275612,521.07
1582745275612,521.07
1582745275612,521.07
1582745275612,521.07
1582745275612,521.07
1582745275612,521.07
1582745275612,521.07
1582745376434,520.895
1582745386473,520.81
1582745386473,520.81
1582745386473,520.81
1582745386473,520.81
1582745386473,520.81
1582745386473,520.81
1582745386473,520.81
1582745463772,520.25
1582745466262,519.99
1582745466262,519.99
1582745466262,519.99
1582745503692,520.21
1582745503692,520.21
1582745503692,520.21
1582745530371,520.215
1582745530371,520.215
1582745530371,520.215
1582745530371,520.215
1582745581318,520.545
1582745581318,520.545
1582745581318,520.545
1582745581318,520.545
1582745581318,520.545
1582745581318,520.545
1582745581318,520.545
1582745581318,520.545
1582745581318,520.545
1582745581318,520.545
1582745581318,520.545
1582745581318,520.545
1582745581318,520.545
1582745581318,520.545
1582745581318,520.545
1582745581318,520.545
1582745742745,520.715
1582745742745,520.715
1582745742745,520.715
1582745742745,520.715
1582745786020,520.835
1582745786020,520.835
1582745786020,520.835
1582745822125,520.88
1582745822125,520.88
1582745841329,520.55
1582745841329,520.55
1582745841329,520.55
1582745869269,520.465
1582745869269,520.465
1582745869269,520.465
1582745869269,520.465
1582745913121,520.35
1582745913121,520.35
1582745913121,520.35
1582745913121,520.35
1582745913121,520.35
1582745913121,520.35
1582745913121,520.35
1582745913121,520.35
1582745913121,520.35
1582745913121,520.35
1582745913121,520.35
1582746023918,519.94
1582746023918,519.94
1582746023918,519.94
1582746060307,519.17
1582746070257,518.71
1582746080242,518.77
1582746080242,518.77
1582746080242,518.77
1582746105289,517.94
1582746105289,517.94
1582746127331,518.145
1582746140093,518.16
1582746150461,518.425
1582746150461,518.425
1582746176749,518.845
1582746178770,518.86
1582746178770,518.86
1582746208076,518.65
1582746208076,518.65
1582746208076,518.65
1582746208076,518.65
1582746208076,518.65
1582746493967,519.02
1582746493967,519.02
1582746493967,519.02
1582746493967,519.02
1582746493967,519.02
1582746493967,519.02
1582746622257,519.09
1582746622257,519.09
1582746642979,518.15
1582746650381,518.2
1582746650381,518.2
1582746650381,518.2
1582746650381,518.2
1582746650381,518.2
1582746650381,518.2
1582746708728,518.22
1582746727659,518.52
1582746727659,518.52
1582746727659,518.52
1582746727659,518.52
1582746727659,518.52
1582746727659,518.52
1582746727659,518.52
1582746727659,518.52
1582746727659,518.52
1582746727659,518.52
1582746727659,518.52
1582746727659,518.52
1582746843221,517.875
1582746843221,517.875
1582746843221,517.875
1582746843221,517.875
1582746843221,517.875
1582746903833,518.305
1582746903833,518.305
1582746903833,518.305
1582746903833,518.305
1582746903833,518.305
1582746903833,518.305
1582746958567,518.48
1582746958567,518.48
1582746958567,518.48
1582746993311,518.35
1582746993311,518.35
1582746993311,518.35
1582746993311,518.35
1582746993311,518.35
1582746993311,518.35
1582747058208,518.55
1582747070610,519.3
1582747070610,519.3
1582747070610,519.3
1582747070610,519.3
1582747070610,519.3
1582747070610,519.3
1582747070610,519.3
1582747070610,519.3
1582747070610,519.3
1582747070610,519.3
1582747171671,518.955
1582747171671,518.955
1582747171671,518.955
1582747171671,518.955
1582747171671,518.955
1582747228011,519.36
1582747228011,519.36
1582747228011,519.36
1582747228011,519.36
1582747228011,519.36
1582747228011,519.36
1582747228011,519.36
1582747228011,519.36
1582747228011,519.36
1582747321576,519.66
1582747321576,519.66
1582747343493,520.08
1582747353470,520.13
1582747353470,520.13
1582747368447,520.47
1582747368447,520.47
1582747368447,520.47
1582747399730,520.46
1582747417197,520.57
1582747424700,521.02
1582747424700,521.02
1582747448765,521.415
1582747448765,521.415
1582747448765,521.415
1582747448765,521.415
1582747448765,521.415
1582747448765,521.415
1582747448765,521.415
1582747448765,521.415
1582747448765,521.415
1582747448765,521.415
1582747448765,521.415
1582747448765,521.415
1582747448765,521.415
1582747448765,521.415
1582747448765,521.415
1582747448765,521.415
1582747610435,520.43
1582747610435,520.43
1582747610435,520.43
1582747610435,520.43
1582747610435,520.43
1582747610435,520.43
1582747610435,520.43
1582747689675,520.53
1582747689675,520.53
1582747689675,520.53
1582747689675,520.53
1582747689675,520.53
1582747689675,520.53
1582747689675,520.53
1582747689675,520.53
1582747689675,520.53
1582747689675,520.53
1582747689675,520.53
1582747689675,520.53
1582747689675,520.53
1582747689675,520.53
1582747689675,520.53
1582747844149,521.21
1582747844149,521.21
1582747861193,521.17
1582747861193,521.17
1582747861193,521.17
1582747861193,521.17
1582747861193,521.17
1582747861193,521.17
1582747861193,521.17
1582747861193,521.17
1582747861193,521.17
1582747861193,521.17
1582747861193,521.17
1582747861193,521.17
1582747861193,521.17
1582747861193,521.17
1582747861193,521.17
1582747861193,521.17
1582747861193,521.17
1582748045036,521.75
1582748045036,521.75
1582748045036,521.75
1582748045036,521.75
1582748045036,521.75
1582748045036,521.75
1582748045036,521.75
1582748045036,521.75
1582748045036,521.75
1582748139521,521.7
1582748139521,521.7
1582748139521,521.7
1582748139521,521.7
1582748179236,521.88
1582748189331,521.8
1582748189331,521.8
1582748189331,521.8
1582748189331,521.8
1582748189331,521.8
1582748189331,521.8
1582748189331,521.8
1582748189331,521.8
1582748189331,521.8
1582748189331,521.8
1582748189331,521.8
1582748189331,521.8
1582748189331,521.8
1582748189331,521.8
1582748189331,521.8
1582748348842,522.48
1582748356886,522.3
1582748356886,522.3
1582748356886,522.3
1582748356886,522.3
1582748356886,522.3
1582748356886,522.3
1582748424825,522.42
1582748435419,522.305
1582748438223,522.305
1582748458235,521.855
1582748465769,521.73
1582748473396,521.36
1582748485849,520.56
1582748485849,520.56
1582748508226,520.75
1582748520771,520.21
1582748531980,520.26
1582748531980,520.26
1582748531980,520.26
1582748531980,520.26
1582748531980,520.26
1582748585918,520.84
1582748585918,520.84
1582748585918,520.84
1582748585918,520.84
1582748585918,520.84
1582748637159,520.99
1582748648272,520.815
1582748648272,520.815
1582748668052,521.15
1582748668052,521.15
1582748668052,521.15
1582748700733,521.1
1582748700733,521.1
1582748721885,521.1
1582748721885,521.1
1582748721885,521.1
1582748746265,520.745
1582748746265,520.745
1582748746265,520.745
1582748746265,520.745
1582748746265,520.745
1582748746265,520.745
1582748809515,520.695
1582748809515,520.695
1582748809515,520.695
1582748809515,520.695
1582748809515,520.695
1582748809515,520.695
1582748809515,520.695
1582748809515,520.695
1582748809515,520.695
1582748913025,520.26
1582748913969,520.295
1582748913969,520.295
1582748913969,520.295
1582748913969,520.295
1582748960677,520.83
1582748960677,520.83
1582748960677,520.83
1582748990137,520.88
1582748990137,520.88
1582749010208,520.805
1582749024403,520.565
1582749024403,520.565
1582749024403,520.565
1582749024403,520.565
1582749024403,520.565
1582749024403,520.565
1582749024403,520.565
1582749024403,520.565
1582749024403,520.565
1582749024403,520.565
1582749126820,520.685
1582749142257,520.48
1582749142257,520.48
1582749142257,520.48
1582749142257,520.48
1582749142257,520.48
1582749194653,520.8
1582749208035,520.735
1582749208035,520.735
1582749223298,520.58
1582749223298,520.58
1582749223298,520.58
1582749223298,520.58
1582749223298,520.58
1582749223298,520.58
1582749223298,520.58
1582749223298,520.58
1582749223298,520.58
1582749223298,520.58
1582749223298,520.58
1582749223298,520.58
1582749223298,520.58
1582749223298,520.58
1582749223298,520.58
1582749379836,520.46
1582749379836,520.46
1582749379836,520.46
1582749410515,520.58
1582749410515,520.58
1582749410515,520.58
1582749444154,520.75
1582749444154,520.75
1582749444154,520.75
1582749444154,520.75
1582749444154,520.75
1582749444154,520.75
1582749444154,520.75
1582749444154,520.75
1582749444154,520.75
1582749444154,520.75
1582749444154,520.75
1582749444154,520.75
1582749444154,520.75
1582749444154,520.75
1582749593344,520.88
1582749602073,520.89
1582749602073,520.89
1582749627488,520.75
1582749627488,520.75
1582749650133,520.66
1582749659064,520.45
1582749665891,520.64
1582749671652,520.595
1582749684180,520.615
1582749702157,520.7
1582749702157,520.7
1582749716768,520.66
1582749716768,520.66
1582749716768,520.66
1582749716768,520.66
1582749716768,520.66
1582749769857,520.7
1582749769857,520.7
1582749789033,520.36
1582749789033,520.36
1582749789033,520.36
1582749789033,520.36
1582749832616,519.86
1582749832616,519.86
1582749857378,520.45
1582749857378,520.45
1582749881537,520.56
1582749881537,520.56
1582749881537,520.56
1582749881537,520.56
1582749881537,520.56
1582749881537,520.56
1582749938273,520.04
1582749938273,520.04
1582749938273,520.04
1582749938273,520.04
1582749982614,520.34
1582749995111,520.255
1582749995111,520.255
1582750015203,520.34
1582750015203,520.34
1582750015203,520.34
1582750044410,520.41
1582750044410,520.41
1582750044410,520.41
1582750079590,520.06
1582750079590,520.06
1582750079590,520.06
1582750079590,520.06
1582750118743,520.185
1582750118743,520.185
1582750118743,520.185
1582750118743,520.185
1582750165927,520.195
1582750165927,520.195
1582750186824,520.17
1582750186824,520.17
1582750206766,519.445
1582750206766,519.445
1582750206766,519.445
1582750233769,519.96
1582750251223,519.31
1582750251223,519.31
1582750263654,519.48
1582750263654,519.48
1582750289449,519.555
1582750296302,519.51
1582750310815,519.59
1582750310815,519.59
1582750335612,519.435
1582750335612,519.435
1582750356738,519.62
1582750361411,519.55
1582750371092,519.56
1582750385459,519.2
1582750392051,519.305
1582750392051,519.305
1582750418637,519.035
1582750418637,519.035
1582750418637,519.035
1582750450181,518.99
1582750462200,519.075
1582750473450,518.85
1582750473450,518.85
1582750486966,518.94
1582750502334,518.415
1582750514738,518.58
1582750514738,518.58
1582750526433,518.59
1582750547257,518.51
1582750548646,518.51
1582750565341,518.345
1582750571390,518.54
1582750584137,518.4
1582750594253,518.35
1582750603957,518.36
1582750612680,518.14
1582750630504,518.145
1582750630504,518.145
1582750644271,518.22
1582750644271,518.22
1582750668444,518.39
1582750679345,518.245
1582750693300,518.41
1582750693300,518.41
1582750693300,518.41
