1586784616921,2042
1586784616921,2042
1586784676365,2044.81
1586784676365,2044.81
1586784699628,2047
1586784699628,2047
1586784699628,2047
1586784699628,2047
1586784699628,2047
1586784751041,2048.43
1586784751041,2048.43
1586784751041,2048.43
1586784751041,2048.43
1586784792181,2047.93
1586784792181,2047.93
1586784817046,2050.8
1586784817046,2050.8
1586784817046,2050.8
1586784851638,2052.535
1586784861512,2052.06
1586784870794,2051.175
1586784870794,2051.175
1586784891439,2052.345
1586784903309,2052.755
1586784908323,2052.65
1586784917429,2057.99
1586784930716,2056.03
1586784930716,2056.03
1586784930716,2056.03
1586784930716,2056.03
1586784930716,2056.03
1586784980015,2058.95
1586784980015,2058.95
1586785001728,2056.805
1586785001728,2056.805
1586785001728,2056.805
1586785001728,2056.805
1586785001728,2056.805
1586785001728,2056.805
1586785068282,2065
1586785068282,2065
1586785068282,2065
1586785068282,2065
1586785068282,2065
1586785068282,2065
1586785068282,2065
1586785135765,2069.27
1586785135765,2069.27
1586785135765,2069.27
1586785174538,2071.575
1586785174538,2071.575
1586785190828,2072
1586785190828,2072
1586785190828,2072
1586785190828,2072
1586785190828,2072
1586785240478,2079.665
1586785240478,2079.665
1586785240478,2079.665
1586785240478,2079.665
1586785289170,2074.28
1586785291354,2075.17
1586785307307,2073.77
1586785307307,2073.77
1586785307307,2073.77
1586785340271,2071.38
1586785349687,2070.36
1586785349687,2070.36
1586785372177,2068.66
1586785372177,2068.66
1586785372177,2068.66
1586785400868,2068.12
1586785400868,2068.12
1586785400868,2068.12
1586785400868,2068.12
1586785400868,2068.12
1586785455628,2070.495
1586785455628,2070.495
1586785474947,2067.98
1586785474947,2067.98
1586785474947,2067.98
1586785474947,2067.98
1586785474947,2067.98
1586785525654,2066.18
1586785525654,2066.18
1586785552091,2065.47
1586785558796,2064.02
1586785558796,2064.02
1586785574055,2065.875
1586785574055,2065.875
1586785574055,2065.875
1586785574055,2065.875
1586785574055,2065.875
1586785628898,2069.66
1586785628898,2069.66
1586785628898,2069.66
1586785659198,2067.42
1586785659198,2067.42
1586785659198,2067.42
1586785659198,2067.42
1586785659198,2067.42
1586785659198,2067.42
1586785728104,2068.92
1586785728104,2068.92
1586785728104,2068.92
1586785728104,2068.92
1586785728104,2068.92
1586785728104,2068.92
1586785728104,2068.92
1586785728104,2068.92
1586785728104,2068.92
1586785728104,2068.92
1586785728104,2068.92
1586785728104,2068.92
1586785849950,2072.23
1586785849950,2072.23
1586785849950,2072.23
1586785849950,2072.23
1586785849950,2072.23
1586785903003,2073.965
1586785914972,2072.06
1586785920603,2073.89
1586785920603,2073.89
1586785920603,2073.89
1586785955361,2072.48
1586785955361,2072.48
1586785955361,2072.48
1586785955361,2072.48
1586785955361,2072.48
1586785955361,2072.48
1586785955361,2072.48
1586785955361,2072.48
1586785955361,2072.48
1586785955361,2072.48
1586785955361,2072.48
1586785955361,2072.48
1586786082433,2073.07
1586786082433,2073.07
1586786082433,2073.07
1586786108760,2074
1586786120120,2075.81
1586786120120,2075.81
1586786120120,2075.81
1586786120120,2075.81
1586786120120,2075.81
1586786120120,2075.81
1586786120120,2075.81
1586786120120,2075.81
1586786120120,2075.81
1586786216037,2079.015
1586786216037,2079.015
1586786244400,2080.46
1586786246480,2080.98
1586786256814,2081.97
1586786270261,2082.22
1586786270261,2082.22
1586786291145,2082.155
1586786297867,2080.88
1586786297867,2080.88
1586786322257,2079.99
1586786322257,2079.99
1586786344687,2078.08
1586786359332,2077.25
1586786367986,2076.65
1586786381617,2076.05
1586786391875,2076.36
1586786400897,2077.81
1586786413001,2079.18
1586786420937,2079.255
1586786431680,2079.3
1586786439833,2081.445
1586786454307,2082.255
1586786463547,2081.94
1586786468103,2080.905
1586786468103,2080.905
1586786490934,2080.6
1586786506864,2083.22
1586786513566,2085.38
1586786524646,2089
1586786537744,2092.285
1586786544321,2092.58
1586786553588,2092.44
1586786553588,2092.44
1586786579921,2092.85
1586786589037,2093.76
1586786601653,2094.075
1586786612111,2097.5
1586786612111,2097.5
1586786626320,2097.63
1586786639843,2098.6
1586786643740,2099.1
1586786662228,2098.175
1586786671861,2096.5
1586786671861,2096.5
1586786671861,2096.5
1586786671861,2096.5
1586786710051,2097.725
1586786710051,2097.725
1586786710051,2097.725
1586786710051,2097.725
1586786756962,2098.49
1586786756962,2098.49
1586786773727,2099.49
1586786780485,2100.015
1586786780485,2100.015
1586786780485,2100.015
1586786780485,2100.015
1586786826225,2096.09
1586786826225,2096.09
1586786826225,2096.09
1586786867669,2098.58
1586786871309,2098.03
1586786884736,2100.27
1586786884736,2100.27
1586786884736,2100.27
1586786914308,2104.37
1586786927532,2104.895
1586786927532,2104.895
1586786946063,2106.155
1586786946063,2106.155
1586786966984,2108
1586786981403,2108.485
1586786993612,2108.58
1586787002794,2107.745
1586787011785,2107.74
1586787023134,2107.29
1586787030429,2104.02
1586787030429,2104.02
1586787030429,2104.02
1586787062989,2104.58
1586787073909,2106.19
1586787084084,2106.97
1586787096678,2106.38
1586787096678,2106.38
1586787096678,2106.38
1586787096678,2106.38
1586787096678,2106.38
1586787150491,2107.21
1586787160269,2106.4
1586787163291,2106.16
1586787179864,2107.49
1586787179864,2107.49
1586787179864,2107.49
1586787206578,2108.43
1586787206578,2108.43
1586787206578,2108.43
1586787206578,2108.43
1586787206578,2108.43
1586787256922,2105.975
1586787272631,2107.9
1586787272631,2107.9
1586787272631,2107.9
1586787272631,2107.9
1586787308773,2106
1586787308773,2106
1586787308773,2106
1586787308773,2106
1586787353737,2103.97
1586787353737,2103.97
1586787353737,2103.97
1586787385309,2103.98
1586787398120,2105
1586787398120,2105
1586787398120,2105
1586787429798,2102.32
1586787429798,2102.32
1586787429798,2102.32
1586787455244,2101.01
1586787455244,2101.01
1586787455244,2101.01
1586787455244,2101.01
1586787502825,2101.45
1586787508363,2101.28
1586787522999,2102.85
1586787522999,2102.85
1586787539189,2102.7
1586787556976,2103.65
1586787564133,2103.72
1586787578341,2101.01
1586787578341,2101.01
1586787593032,2099.97
1586787593032,2099.97
1586787593032,2099.97
1586787593032,2099.97
1586787593032,2099.97
1586787643119,2100
1586787643119,2100
1586787643119,2100
1586787643119,2100
1586787690468,2099.025
1586787690468,2099.025
1586787705968,2100.97
1586787705968,2100.97
1586787705968,2100.97
1586787705968,2100.97
1586787705968,2100.97
1586787705968,2100.97
1586787705968,2100.97
1586787781329,2100.1
1586787781329,2100.1
1586787781329,2100.1
1586787781329,2100.1
1586787825589,2100.185
1586787825589,2100.185
1586787825589,2100.185
1586787853397,2101.75
1586787853397,2101.75
1586787853397,2101.75
1586787853397,2101.75
1586787853397,2101.75
1586787853397,2101.75
1586787853397,2101.75
1586787853397,2101.75
1586787936024,2099.28
1586787936024,2099.28
1586787936024,2099.28
1586787966538,2099.62
1586787966538,2099.62
1586787966538,2099.62
1586787966538,2099.62
1586787966538,2099.62
1586787966538,2099.62
1586787966538,2099.62
1586788038305,2098.595
1586788038305,2098.595
1586788038305,2098.595
1586788076640,2100.14
1586788089599,2099.73
1586788094049,2099.31
1586788103859,2100.97
1586788116190,2101
1586788116190,2101
1586788116190,2101
1586788152158,2100.595
1586788152158,2100.595
1586788170407,2102.11
1586788174040,2102.22
1586788174040,2102.22
1586788174040,2102.22
1586788210025,2099.81
1586788210025,2099.81
1586788210025,2099.81
1586788239112,2102.36
1586788252800,2103.135
1586788262935,2103.135
1586788277212,2103.135
1586788284088,2103.83
1586788284088,2103.83
1586788284088,2103.83
1586788284088,2103.83
1586788284088,2103.83
1586788338066,2106.53
1586788338066,2106.53
1586788361685,2105.505
1586788361685,2105.505
1586788361685,2105.505
1586788361685,2105.505
1586788403627,2107.885
1586788414690,2108.01
1586788414690,2108.01
1586788414690,2108.01
1586788414690,2108.01
1586788414690,2108.01
1586788414690,2108.01
1586788478849,2109.11
1586788486162,2110
1586788486162,2110
1586788507631,2112.29
1586788519735,2111.8
1586788519735,2111.8
1586788519735,2111.8
1586788519735,2111.8
1586788519735,2111.8
1586788519735,2111.8
1586788582489,2111.53
1586788589290,2110.01
1586788594843,2109.99
1586788611967,2110.68
1586788611967,2110.68
1586788625773,2110.585
1586788625773,2110.585
1586788625773,2110.585
1586788625773,2110.585
1586788674633,2107.74
1586788678053,2107.97
1586788691915,2108.445
1586788708272,2108.03
1586788708272,2108.03
1586788708272,2108.03
1586788708272,2108.03
1586788744658,2108.195
1586788744658,2108.195
1586788744658,2108.195
1586788744658,2108.195
1586788744658,2108.195
1586788744658,2108.195
1586788744658,2108.195
1586788744658,2108.195
1586788744658,2108.195
1586788744658,2108.195
1586788846074,2107.96
1586788846074,2107.96
1586788869425,2110.435
1586788882888,2110.92
1586788882888,2110.92
1586788897957,2112.38
1586788916012,2114.26
1586788916012,2114.26
1586788916012,2114.26
1586788916012,2114.26
1586788956266,2115.42
1586788956266,2115.42
1586788956266,2115.42
1586788979721,2113.74
1586788979721,2113.74
1586788979721,2113.74
1586788979721,2113.74
1586788979721,2113.74
1586789038416,2113.36
1586789038416,2113.36
1586789060261,2112.5
1586789071139,2112.405
1586789077637,2112.475
1586789077637,2112.475
1586789101000,2113.7
1586789106668,2115
1586789116150,2115.96
1586789116150,2115.96
1586789138188,2116.58
1586789155275,2118.095
1586789168007,2119.49
1586789176076,2118.63
1586789176076,2118.63
1586789194635,2120
1586789194635,2120
1586789219342,2120.065
1586789229515,2120
1586789230999,2120.005
1586789230999,2120.005
1586789260639,2120.17
1586789269527,2121.21
1586789277278,2121.3
1586789287932,2121.37
1586789296221,2121.07
1586789312445,2120.44
1586789312445,2120.44
1586789334037,2119.885
1586789340786,2119.535
1586789354937,2119.45
1586789360692,2119.175
1586789375857,2118.42
1586789383780,2117.625
1586789398291,2117.495
1586789408672,2117.6
1586789419552,2118.925
1586789419552,2118.925
1586789439834,2119.19
1586789439834,2119.19
1586789439834,2119.19
1586789470320,2118.325
1586789480204,2119.24
1586789489179,2119.06
1586789500108,2119.875
1586789504444,2119.96
1586789504444,2119.96
1586789504444,2119.96
1586789504444,2119.96
1586789504444,2119.96
1586789504444,2119.96
1586789574874,2118.74
1586789583105,2117.07
1586789583105,2117.07
1586789604030,2117.48
1586789604030,2117.48
1586789627410,2116.1
1586789636617,2114.755
1586789643334,2114.695
1586789652846,2113
1586789652846,2113
1586789652846,2113
1586789687147,2112.16
1586789694418,2112.345
1586789694418,2112.345
1586789694418,2112.345
1586789694418,2112.345
1586789745698,2114.46
1586789745698,2114.46
1586789759309,2113.935
1586789759309,2113.935
1586789759309,2113.935
1586789798204,2115.75
1586789809105,2114.02
1586789809105,2114.02
1586789809105,2114.02
1586789809105,2114.02
1586789845491,2113.825
1586789845491,2113.825
1586789867328,2113.325
1586789875587,2113.28
1586789892403,2113.54
1586789900234,2113.035
1586789900234,2113.035
1586789923385,2113.275
1586789932748,2113.54
1586789932748,2113.54
1586789945599,2113.96
1586789945599,2113.96
1586789945599,2113.96
1586789945599,2113.96
1586789945599,2113.96
1586790002141,2113.785
1586790002141,2113.785
1586790026594,2112.21
1586790026594,2112.21
1586790026594,2112.21
1586790026594,2112.21
1586790062073,2112.61
1586790062073,2112.61
1586790062073,2112.61
1586790062073,2112.61
1586790111800,2113.54
1586790111800,2113.54
1586790131328,2114.17
1586790131328,2114.17
1586790131328,2114.17
1586790161525,2114.12
1586790161525,2114.12
1586790161525,2114.12
1586790161525,2114.12
1586790209057,2114.05
1586790209057,2114.05
1586790209057,2114.05
1586790239651,2117.57
1586790246263,2117.51
1586790254815,2118.105
1586790254815,2118.105
1586790276189,2117.61
1586790291316,2118.24
1586790303070,2118.32
1586790308154,2118.32
1586790308154,2118.32
1586790308154,2118.32
1586790308154,2118.32
1586790346294,2116.37
1586790346294,2116.37
1586790375144,2116.83
1586790375144,2116.83
1586790375144,2116.83
1586790375144,2116.83
1586790415423,2116.42
1586790415423,2116.42
1586790429986,2116.835
1586790448338,2118.66
1586790448338,2118.66
1586790448338,2118.66
1586790448338,2118.66
1586790448338,2118.66
1586790448338,2118.66
1586790508370,2116.32
1586790508370,2116.32
1586790508370,2116.32
1586790538278,2116.39
1586790547565,2117.01
1586790547565,2117.01
1586790547565,2117.01
1586790581310,2115.115
1586790581310,2115.115
1586790581310,2115.115
1586790581310,2115.115
1586790581310,2115.115
1586790637330,2121.1
1586790637330,2121.1
1586790637330,2121.1
1586790637330,2121.1
1586790680299,2121.63
1586790680299,2121.63
1586790694359,2124.795
1586790708405,2123.5
1586790708405,2123.5
1586790708405,2123.5
1586790708405,2123.5
1586790708405,2123.5
1586790708405,2123.5
1586790708405,2123.5
1586790785092,2125.475
1586790785092,2125.475
1586790785092,2125.475
1586790785092,2125.475
1586790785092,2125.475
1586790836180,2123.98
1586790836180,2123.98
1586790836180,2123.98
1586790836180,2123.98
1586790836180,2123.98
1586790836180,2123.98
1586790836180,2123.98
1586790904773,2124.275
1586790904773,2124.275
1586790929021,2125.26
1586790936462,2127
1586790943133,2126.595
1586790962025,2128
1586790969178,2128.335
1586790977886,2128.01
1586790992866,2127
1586790992866,2127
1586791009840,2126.06
1586791016273,2126.855
1586791016273,2126.855
1586791042857,2128.405
1586791042857,2128.405
1586791065944,2128.915
1586791065944,2128.915
1586791085345,2128.24
1586791085345,2128.24
1586791108745,2128.49
1586791118031,2127.68
1586791125486,2127.085
1586791125486,2127.085
1586791149076,2127.97
1586791149076,2127.97
1586791149076,2127.97
1586791149076,2127.97
1586791149076,2127.97
1586791149076,2127.97
1586791149076,2127.97
1586791218339,2126.03
1586791218339,2126.03
1586791218339,2126.03
1586791218339,2126.03
1586791218339,2126.03
1586791218339,2126.03
1586791218339,2126.03
1586791218339,2126.03
1586791218339,2126.03
1586791218339,2126.03
1586791218339,2126.03
1586791218339,2126.03
1586791339906,2125.48
1586791339906,2125.48
1586791339906,2125.48
1586791339906,2125.48
1586791339906,2125.48
1586791339906,2125.48
1586791407832,2128
1586791407832,2128
1586791407832,2128
1586791407832,2128
1586791407832,2128
1586791454289,2128
1586791466818,2128.2
1586791466818,2128.2
1586791466818,2128.2
1586791466818,2128.2
1586791510887,2128.71
1586791510887,2128.71
1586791536167,2130.29
1586791538387,2129.83
1586791538387,2129.83
1586791538387,2129.83
1586791538387,2129.83
1586791538387,2129.83
1586791590712,2131.65
1586791590712,2131.65
1586791618640,2134.46
1586791618640,2134.46
1586791641025,2134.37
1586791641025,2134.37
1586791641025,2134.37
1586791641025,2134.37
1586791679792,2132
1586791679792,2132
1586791679792,2132
1586791708838,2134.15
1586791721435,2134.38
1586791721435,2134.38
1586791737252,2134.99
1586791737252,2134.99
1586791737252,2134.99
1586791737252,2134.99
1586791783350,2134.94
1586791783350,2134.94
1586791808311,2134
1586791812062,2134.28
1586791827760,2132.14
1586791827760,2132.14
1586791846014,2134.5
1586791846014,2134.5
1586791846014,2134.5
1586791872803,2134.475
1586791887599,2134.99
1586791901981,2135.08
1586791905253,2135.1
1586791905253,2135.1
1586791932360,2133.325
1586791936645,2133.15
1586791936645,2133.15
1586791936645,2133.15
1586791936645,2133.15
1586791936645,2133.15
1586791997806,2133.685
1586791997806,2133.685
1586791997806,2133.685
1586791997806,2133.685
1586792034466,2134.88
1586792043564,2134.375
1586792043564,2134.375
1586792043564,2134.375
1586792082273,2135.66
1586792093705,2135.66
1586792093705,2135.66
1586792093705,2135.66
1586792093705,2135.66
1586792093705,2135.66
1586792143446,2135.185
1586792143446,2135.185
1586792161237,2136
1586792161237,2136
1586792161237,2136
1586792190105,2138.4
1586792209314,2139.325
1586792211975,2138.93
1586792230284,2138.11
1586792231724,2138.01
1586792244885,2138.11
1586792256682,2138.09
1586792256682,2138.09
1586792275572,2138.99
1586792275572,2138.99
1586792275572,2138.99
1586792310752,2138.88
1586792310752,2138.88
1586792310752,2138.88
1586792310752,2138.88
1586792347277,2138.51
1586792360454,2139.345
1586792360454,2139.345
1586792360454,2139.345
1586792360454,2139.345
1586792360454,2139.345
1586792360454,2139.345
1586792429546,2136.845
1586792429546,2136.845
1586792429546,2136.845
1586792429546,2136.845
1586792429546,2136.845
1586792429546,2136.845
1586792429546,2136.845
1586792429546,2136.845
1586792429546,2136.845
1586792518243,2135.28
1586792518243,2135.28
1586792518243,2135.28
1586792518243,2135.28
1586792562539,2136.205
1586792562539,2136.205
1586792584003,2136.28
1586792584003,2136.28
1586792584003,2136.28
1586792584003,2136.28
1586792623802,2136.375
1586792636733,2136.245
1586792636733,2136.245
1586792636733,2136.245
1586792636733,2136.245
1586792681707,2134.76
1586792681707,2134.76
1586792681707,2134.76
1586792709474,2135.39
1586792709474,2135.39
1586792725731,2136.315
1586792725731,2136.315
1586792752698,2137.055
1586792752698,2137.055
1586792752698,2137.055
1586792752698,2137.055
1586792752698,2137.055
1586792752698,2137.055
1586792752698,2137.055
1586792752698,2137.055
1586792752698,2137.055
1586792752698,2137.055
1586792752698,2137.055
1586792867488,2138
1586792867488,2138
1586792867488,2138
1586792902139,2140
1586792911252,2139.74
1586792911252,2139.74
1586792911252,2139.74
1586792911252,2139.74
1586792949222,2141
1586792956080,2143.535
1586792974371,2144.06
1586792988008,2144.73
1586792993889,2144
1586793004098,2145.13
1586793011133,2145.22
1586793020181,2145.19
1586793039471,2145.05
1586793039471,2145.05
1586793057724,2145.23
1586793057724,2145.23
1586793057724,2145.23
1586793082436,2147.97
1586793094896,2147.265
1586793094896,2147.265
1586793116195,2147.2
1586793124598,2147.31
1586793143397,2148.32
1586793143397,2148.32
1586793143397,2148.32
1586793170575,2145.65
1586793170575,2145.65
1586793170575,2145.65
1586793208045,2142.5
1586793217779,2142.915
1586793219216,2142.63
1586793219216,2142.63
1586793243670,2142.885
1586793255319,2142.59
1586793255319,2142.59
1586793255319,2142.59
1586793255319,2142.59
1586793255319,2142.59
1586793255319,2142.59
1586793319041,2142.455
1586793319041,2142.455
1586793319041,2142.455
1586793319041,2142.455
1586793319041,2142.455
1586793319041,2142.455
1586793319041,2142.455
1586793319041,2142.455
1586793319041,2142.455
1586793319041,2142.455
1586793319041,2142.455
1586793434114,2138.825
1586793434114,2138.825
1586793434114,2138.825
1586793434114,2138.825
1586793434114,2138.825
1586793491365,2140.83
1586793494736,2140.75
1586793511731,2139.92
1586793511731,2139.92
1586793511731,2139.92
1586793511731,2139.92
1586793511731,2139.92
1586793511731,2139.92
1586793511731,2139.92
1586793582559,2136.9
1586793588055,2136.83
1586793588055,2136.83
1586793588055,2136.83
1586793588055,2136.83
1586793639317,2136.36
1586793639317,2136.36
1586793639317,2136.36
1586793668101,2138.15
1586793668101,2138.15
1586793690301,2138.97
1586793690301,2138.97
1586793712154,2138.97
1586793712154,2138.97
1586793712154,2138.97
1586793712154,2138.97
1586793712154,2138.97
1586793712154,2138.97
1586793712154,2138.97
1586793712154,2138.97
1586793789478,2141.99
1586793789478,2141.99
1586793789478,2141.99
1586793789478,2141.99
1586793833799,2146.94
1586793833799,2146.94
1586793833799,2146.94
1586793833799,2146.94
1586793833799,2146.94
1586793888950,2145.59
1586793897297,2146.255
1586793897297,2146.255
1586793924401,2145.705
1586793931917,2145.215
1586793942557,2146.85
1586793957052,2146.81
1586793957052,2146.81
1586793978969,2147.04
1586793991844,2147.38
1586793991844,2147.38
1586794012378,2147.515
1586794018801,2147.63
1586794018801,2147.63
1586794042039,2148
1586794042039,2148
1586794042039,2148
1586794074765,2146.45
1586794074765,2146.45
1586794074765,2146.45
1586794097816,2146.61
1586794112573,2146.87
1586794124191,2146.99
1586794134530,2148.58
1586794134530,2148.58
1586794134530,2148.58
1586794167486,2147.81
1586794167486,2147.81
1586794188221,2146.52
1586794188221,2146.52
1586794211896,2146.62
1586794221196,2147.28
1586794221196,2147.28
1586794221196,2147.28
1586794221196,2147.28
1586794261219,2144.7
1586794261219,2144.7
1586794285796,2146.89
1586794289233,2147.105
1586794289233,2147.105
1586794289233,2147.105
1586794289233,2147.105
1586794289233,2147.105
1586794289233,2147.105
1586794289233,2147.105
1586794289233,2147.105
1586794289233,2147.105
1586794289233,2147.105
1586794289233,2147.105
1586794410398,2146.385
1586794410398,2146.385
1586794410398,2146.385
1586794410398,2146.385
1586794410398,2146.385
1586794410398,2146.385
1586794410398,2146.385
1586794475728,2144.35
1586794475728,2144.35
1586794502477,2145.245
1586794517442,2145.725
1586794517442,2145.78
1586794517442,2145.78
1586794517442,2145.78
1586794517442,2145.78
1586794517442,2145.78
1586794517442,2145.78
1586794517442,2145.78
1586794517442,2145.78
1586794517442,2145.78
1586794620358,2144.185
1586794632487,2144.13
1586794642452,2144.35
1586794642452,2144.35
1586794664179,2143.81
1586794664861,2143.89
1586794678360,2144.26
1586794688033,2143.61
1586794688033,2143.61
1586794715685,2142.38
1586794715685,2142.38
1586794715685,2142.38
1586794715685,2142.38
1586794757671,2142.42
1586794757671,2142.42
1586794757671,2142.42
1586794757671,2142.42
1586794757671,2142.42
1586794757671,2142.42
1586794757671,2142.42
1586794757671,2142.42
1586794757671,2142.42
1586794757671,2142.42
1586794757671,2142.42
1586794757671,2142.42
1586794757671,2142.42
1586794757671,2142.42
1586794898912,2140.06
1586794898912,2140.06
1586794898912,2140.06
1586794898912,2140.06
1586794898912,2140.06
1586794898912,2140.06
1586794898912,2140.06
1586794898912,2140.06
1586794898912,2140.06
1586794992047,2141.355
1586795009654,2141.67
1586795013511,2142.29
1586795013511,2142.29
1586795013511,2142.29
1586795013511,2142.29
1586795013511,2142.29
1586795013511,2142.29
1586795013511,2142.29
1586795013511,2142.29
1586795013511,2142.29
1586795013511,2142.29
1586795013511,2142.29
1586795013511,2142.29
1586795013511,2142.29
1586795013511,2142.29
1586795013511,2142.29
1586795170452,2141.005
1586795170452,2141.005
1586795170452,2141.005
1586795170452,2141.005
1586795170452,2141.005
1586795221846,2140.595
1586795221846,2140.595
1586795221846,2140.595
1586795256736,2141
1586795256736,2141
1586795256736,2141
1586795256736,2141
1586795256736,2141
1586795256736,2141
1586795256736,2141
1586795332262,2137.32
1586795332262,2137.32
1586795332262,2137.32
1586795332262,2137.32
1586795332262,2137.32
1586795389286,2134.02
1586795389286,2134.02
1586795411851,2133.17
1586795414295,2132.33
1586795431091,2130.41
1586795431091,2130.41
1586795448913,2126.8
1586795460754,2127.63
1586795460754,2127.63
1586795486541,2127.245
1586795486541,2127.245
1586795486541,2127.245
1586795486541,2127.245
1586795486541,2127.245
1586795486541,2127.245
1586795486541,2127.245
1586795555947,2129.79
1586795555947,2129.79
1586795555947,2129.79
1586795555947,2129.79
1586795555947,2129.79
1586795555947,2129.79
1586795613458,2129.375
1586795613458,2129.375
1586795637057,2128.905
1586795637057,2128.905
1586795637057,2128.905
1586795671000,2131.42
1586795671000,2131.42
1586795692016,2130.5
1586795705783,2131.835
1586795713449,2132.04
1586795713449,2132.04
1586795729103,2131.89
1586795729103,2131.89
1586795753433,2131.55
1586795753433,2131.55
1586795753433,2131.55
1586795753433,2131.55
1586795753433,2131.55
1586795753433,2131.55
1586795753433,2131.55
1586795753433,2131.55
1586795753433,2131.55
1586795753433,2131.55
1586795862213,2129.3
1586795872693,2130.82
1586795877710,2132.8
1586795877710,2132.8
1586795899990,2133.36
1586795899990,2133.36
1586795920245,2132.58
1586795930382,2131.67
1586795930382,2131.67
1586795930382,2131.67
1586795930382,2131.67
1586795930382,2131.67
1586795930382,2131.67
1586795930382,2131.67
1586795930382,2131.67
1586796010489,2129.88
1586796010489,2129.88
1586796010489,2129.88
1586796010489,2129.88
1586796057741,2131.265
1586796057741,2131.265
1586796057741,2131.265
1586796057741,2131.265
1586796057741,2131.265
1586796057741,2131.265
1586796057741,2131.265
1586796057741,2131.265
1586796057741,2131.265
1586796057741,2131.265
1586796057741,2131.265
1586796057741,2131.265
1586796057741,2131.265
1586796057741,2131.265
1586796200064,2133.88
1586796214133,2134.525
1586796214133,2134.525
1586796214133,2134.525
1586796214133,2134.525
1586796214133,2134.525
1586796214133,2134.525
1586796214133,2134.525
1586796291356,2135.47
1586796291356,2135.47
1586796291356,2135.47
1586796291356,2135.47
1586796336401,2137.605
1586796336401,2137.605
1586796351570,2137.61
1586796351570,2137.61
1586796351570,2137.61
1586796351570,2137.61
1586796351570,2137.61
1586796351570,2137.61
1586796351570,2137.61
1586796427007,2137.13
1586796442074,2137.475
1586796442074,2137.475
1586796455209,2136.915
1586796455209,2136.915
1586796455209,2136.915
1586796455209,2136.915
1586796455209,2136.915
1586796509233,2134.07
1586796524830,2135.3
1586796524830,2135.3
1586796540236,2134.07
1586796554749,2135.095
1586796554749,2135.095
1586796554749,2135.095
1586796582900,2135.85
1586796582900,2135.85
1586796582900,2135.85
1586796618679,2134.01
1586796618679,2134.01
1586796633043,2133.48
1586796633043,2133.48
1586796633043,2133.48
1586796633043,2133.48
1586796680857,2132.57
1586796680857,2132.57
1586796680857,2132.57
1586796712408,2131.07
1586796712408,2131.07
1586796712408,2131.07
1586796712408,2131.07
1586796712408,2131.07
1586796712408,2131.07
1586796773703,2129.62
1586796778702,2129.63
1586796778702,2129.63
1586796778702,2129.63
1586796778702,2129.63
1586796778702,2129.63
1586796778702,2129.63
1586796778702,2129.63
1586796778702,2129.63
1586796778702,2129.63
1586796778702,2129.63
1586796778702,2129.63
1586796778702,2129.63
1586796778702,2129.63
1586796778702,2129.63
1586796778702,2129.63
1586796778702,2129.63
1586796778702,2129.63
1586796778702,2129.63
1586796778702,2129.63
1586796778702,2129.63
1586796778702,2129.63
1586796778702,2129.63
1586796778702,2129.63
1586797023860,2132.74
1586797023860,2132.74
1586797023860,2132.74
1586797023860,2132.74
1586797065097,2132.885
1586797065097,2132.885
1586797085372,2132.28
1586797085372,2132.28
1586797085372,2132.28
1586797085372,2132.28
1586797085372,2132.28
1586797140728,2133.49
1586797140728,2133.49
1586797140728,2133.49
1586797164534,2132.08
1586797176251,2131.08
1586797185458,2131.21
1586797185458,2131.21
1586797185458,2131.21
1586797185458,2131.21
1586797185458,2131.21
1586797185458,2131.21
1586797258807,2130.59
1586797258807,2130.59
1586797258807,2130.59
1586797258807,2130.59
1586797258807,2130.59
1586797258807,2130.59
1586797258807,2130.59
1586797258807,2130.59
1586797258807,2130.59
1586797258807,2130.59
1586797258807,2130.59
1586797258807,2130.59
1586797258807,2130.59
1586797258807,2130.59
1586797258807,2130.59
1586797258807,2130.59
1586797426186,2131.95
1586797426186,2131.95
1586797445730,2132.87
1586797459953,2132.57
1586797459953,2132.57
1586797459953,2132.57
1586797459953,2132.57
1586797502008,2134.49
1586797502008,2134.49
1586797502008,2134.49
1586797502008,2134.49
1586797502008,2134.49
1586797502008,2134.49
1586797567989,2136.13
1586797567989,2136.13
1586797593297,2136.33
1586797593297,2136.33
1586797593297,2136.33
1586797593297,2136.33
1586797593297,2136.33
1586797593297,2136.33
1586797657657,2137.85
1586797657657,2137.85
1586797657657,2137.85
1586797657657,2137.85
1586797657657,2137.85
1586797657657,2137.85
1586797657657,2137.85
1586797657657,2137.85
1586797657657,2137.85
1586797753502,2139.86
1586797753502,2139.86
1586797773562,2141.29
1586797773562,2141.29
1586797773562,2141.29
1586797773562,2141.29
1586797773562,2141.29
1586797773562,2141.29
1586797828483,2142
1586797828483,2142
1586797828483,2142
1586797828483,2142
1586797828483,2142
1586797828483,2142
1586797828483,2142
1586797909619,2137.18
1586797920391,2136.21
1586797927249,2135.4
1586797927249,2135.4
1586797927249,2135.4
1586797927249,2135.4
1586797927249,2135.4
1586797927249,2135.4
1586797927249,2135.4
1586797927249,2135.4
1586798010242,2132.635
1586798010242,2132.635
1586798010242,2132.635
1586798010242,2132.635
1586798010242,2132.635
1586798010242,2132.635
1586798010242,2132.635
1586798082913,2133.04
1586798082913,2133.04
1586798082913,2133.04
1586798082913,2133.04
1586798082913,2133.04
1586798133730,2134.09
1586798133730,2134.09
1586798133730,2134.09
1586798133730,2134.09
1586798133730,2134.09
1586798133730,2134.09
1586798133730,2134.09
1586798133730,2134.09
1586798133730,2134.09
1586798133730,2134.09
1586798133730,2134.09
1586798133730,2134.09
1586798133730,2134.09
1586798133730,2134.09
1586798133730,2134.09
1586798133730,2134.09
1586798133730,2134.09
1586798316493,2131.03
1586798316493,2131.03
1586798341058,2132.74
1586798341058,2132.74
1586798341058,2132.74
1586798341058,2132.74
1586798341058,2132.74
1586798341058,2132.74
1586798341058,2132.74
1586798408428,2134.68
1586798408428,2134.68
1586798408428,2134.68
1586798440894,2134.05
1586798440894,2134.05
1586798465994,2134.34
1586798465994,2134.34
1586798465994,2134.34
1586798465994,2134.34
1586798465994,2134.34
1586798465994,2134.34
1586798465994,2134.34
1586798535295,2134.06
1586798535295,2134.06
1586798535295,2134.06
1586798535295,2134.06
1586798580722,2133.995
1586798580722,2133.995
1586798580722,2133.995
1586798580722,2133.995
1586798580722,2133.995
1586798580722,2133.995
1586798580722,2133.995
1586798580722,2133.995
1586798580722,2133.995
1586798580722,2133.995
1586798580722,2133.995
1586798580722,2133.995
1586798580722,2133.995
1586798580722,2133.995
1586798580722,2133.995
1586798580722,2133.995
1586798580722,2133.995
1586798580722,2133.995
1586798580722,2133.995
1586798580722,2133.995
1586798580722,2133.995
1586798580722,2133.995
1586798580722,2133.995
1586798580722,2133.995
1586798580722,2133.995
1586798580722,2133.995
1586798580722,2133.995
1586798580722,2133.995
1586798580722,2133.995
1586798580722,2133.995
1586798580722,2133.995
1586798580722,2133.995
1586798580722,2133.995
1586798580722,2133.995
1586798580722,2133.995
1586798580722,2133.995
1586798580722,2133.995
1586798580722,2133.995
1586798580722,2133.995
1586798580722,2133.995
1586798580722,2133.995
1586798580722,2133.995
1586798580722,2133.995
1586798580722,2133.995
1586798580722,2133.995
1586798580722,2133.995
1586798580722,2133.995
1586798580722,2133.995
1586798580722,2133.995
1586798580722,2133.995
1586798580722,2133.995
1586798580722,2133.995
1586798580722,2133.995
1586798580722,2133.995
1586798580722,2133.995
1586798580722,2133.995
1586798580722,2133.995
1586798580722,2133.995
1586798580722,2133.995
1586799205978,2140.98
1586799205978,2140.98
1586799205978,2140.98
1586799205978,2140.98
1586799205978,2140.98
1586799205978,2140.98
1586799205978,2140.98
1586799205978,2140.98
1586799205978,2140.98
1586799205978,2140.98
1586799205978,2140.98
1586799205978,2140.98
1586799205978,2140.98
1586799205978,2140.98
1586799205978,2140.98
1586799205978,2140.98
1586799205978,2140.98
1586799205978,2140.98
1586799205978,2140.98
1586799205978,2140.98
1586799205978,2140.98
1586799205978,2140.98
1586799205978,2140.98
1586799205978,2140.98
1586799205978,2140.98
1586799462910,2143.34
1586799479400,2143.03
1586799479400,2143.03
1586799479400,2143.03
1586799508855,2144.79
1586799508855,2144.79
1586799508855,2144.79
1586799508855,2144.79
1586799508855,2144.79
1586799508855,2144.79
1586799508855,2144.79
1586799508855,2144.79
1586799508855,2144.79
1586799508855,2144.79
1586799508855,2144.79
1586799508855,2144.79
1586799508855,2144.79
1586799508855,2144.79
1586799508855,2144.79
1586799508855,2144.79
1586799508855,2144.79
1586799508855,2144.79
1586799508855,2144.79
1586799508855,2144.79
1586799721114,2143.6
1586799721114,2143.6
1586799738942,2142.26
1586799738942,2142.26
1586799738942,2142.26
1586799738942,2142.26
1586799738942,2142.26
1586799738942,2142.26
1586799738942,2142.26
1586799738942,2142.26
1586799738942,2142.26
1586799831618,2143.62
1586799831618,2143.62
1586799831618,2143.62
1586799859326,2143.15
1586799859326,2143.15
1586799886740,2142.63
1586799886740,2142.63
1586799886740,2142.63
1586799886740,2142.63
1586799886740,2142.63
1586799886740,2142.63
1586799886740,2142.63
1586799886740,2142.63
1586799886740,2142.63
1586799886740,2142.63
1586799988897,2143.055
1586799988897,2143.055
1586799988897,2143.055
1586799988897,2143.055
1586799988897,2143.055
1586799988897,2143.055
1586799988897,2143.055
1586799988897,2143.055
1586800072554,2143.54
1586800072554,2143.54
1586800072554,2143.54
1586800072554,2143.54
1586800072554,2143.54
1586800072554,2143.54
1586800072554,2143.54
1586800072554,2143.54
1586800072554,2143.54
1586800072554,2143.54
1586800072554,2143.54
1586800072554,2143.54
1586800072554,2143.54
1586800072554,2143.54
1586800072554,2143.54
1586800072554,2143.54
1586800241019,2146.9
1586800241019,2146.9
1586800241019,2146.9
1586800241019,2146.9
1586800241019,2146.9
1586800297061,2147.54
1586800297061,2147.54
1586800297061,2147.54
1586800297061,2147.54
1586800297061,2147.54
1586800297061,2147.54
1586800363104,2148.945
1586800363104,2148.945
1586800363104,2148.945
1586800363104,2148.945
1586800363104,2148.945
1586800363104,2148.945
1586800363104,2148.945
1586800363104,2148.945
1586800363104,2148.945
1586800363104,2148.945
1586800463864,2148.2
1586800463864,2148.2
1586800463864,2148.2
1586800463864,2148.2
1586800463864,2148.2
1586800463864,2148.2
1586800463864,2148.2
1586800463864,2148.2
1586800463864,2148.2
1586800557897,2151.08
1586800557897,2151.08
1586800557897,2151.08
1586800557897,2151.08
1586800557897,2151.08
1586800557897,2151.08
1586800557897,2151.08
1586800630820,2148.27
1586800630820,2148.27
1586800630820,2148.27
1586800630820,2148.27
1586800630820,2148.27
1586800630820,2148.27
1586800630820,2148.27
1586800630820,2148.27
1586800630820,2148.27
1586800730961,2150.23
1586800730961,2150.23
1586800730961,2150.23
1586800730961,2150.23
1586800730961,2150.23
1586800730961,2150.23
1586800730961,2150.23
1586800730961,2150.23
1586800730961,2150.23
1586800827075,2152.77
1586800827075,2152.77
1586800827075,2152.77
1586800827075,2152.77
1586800827075,2152.77
1586800827075,2152.77
1586800827075,2152.77
1586800901732,2150.61
1586800911858,2150.37
1586800920959,2151.75
1586800927523,2151.38
1586800944994,2151.92
1586800944994,2151.92
1586800966085,2151.9
1586800966085,2151.9
1586800966085,2151.9
1586800966085,2151.9
1586801004059,2152.51
1586801004059,2152.51
1586801004059,2152.51
1586801004059,2152.51
1586801004059,2152.51
1586801004059,2152.51
1586801004059,2152.51
1586801078227,2154.99
1586801078227,2154.99
1586801078227,2154.99
1586801078227,2154.99
1586801125295,2153.84
1586801125295,2153.84
1586801147189,2154.73
1586801147189,2154.73
1586801167993,2155.05
1586801179917,2155.495
1586801189432,2156.86
1586801199707,2156.51
1586801205892,2156.13
1586801205892,2156.13
1586801205892,2156.13
1586801205892,2156.13
1586801205892,2156.13
1586801205892,2156.13
1586801205892,2156.13
1586801205892,2156.13
1586801205892,2156.13
1586801205892,2156.13
1586801205892,2156.13
1586801205892,2156.13
1586801205892,2156.13
1586801205892,2156.13
1586801205892,2156.13
1586801205892,2156.13
1586801205892,2156.13
1586801386599,2152.02
1586801394421,2152.62
1586801394421,2152.62
1586801394421,2152.62
1586801394421,2152.62
1586801394421,2152.62
1586801452561,2149.56
1586801452561,2149.56
1586801452561,2149.56
1586801488785,2149.59
1586801488785,2149.59
1586801488785,2149.59
1586801488785,2149.59
1586801488785,2149.59
1586801488785,2149.59
1586801488785,2149.59
1586801488785,2149.59
1586801488785,2149.59
1586801488785,2149.59
1586801488785,2149.59
1586801606091,2148.96
1586801610444,2148.69
1586801622882,2148.03
1586801622882,2148.03
1586801622882,2148.03
1586801622882,2148.03
1586801622882,2148.03
1586801678045,2148.85
1586801678045,2148.85
1586801678045,2148.85
1586801678045,2148.85
1586801678045,2148.85
1586801678045,2148.85
1586801678045,2148.85
1586801678045,2148.85
1586801678045,2148.85
1586801678045,2148.85
1586801678045,2148.85
1586801678045,2148.85
1586801678045,2148.85
1586801814896,2150.355
1586801821516,2149.73
1586801821516,2149.73
1586801845884,2149.87
1586801845884,2149.87
1586801845884,2149.87
1586801845884,2149.87
1586801886342,2150.075
1586801886342,2150.075
1586801886342,2150.075
1586801886342,2150.075
1586801886342,2150.075
1586801886342,2150.075
1586801886342,2150.075
1586801886342,2150.075
1586801886342,2150.075
1586801987049,2151.505
1586801987049,2151.505
1586802011211,2149.78
1586802021268,2149.16
1586802021268,2149.16
1586802021268,2149.16
1586802021268,2149.16
1586802021268,2149.16
1586802021268,2149.16
1586802085726,2146.75
1586802085726,2146.75
1586802085726,2146.75
1586802085726,2146.75
1586802085726,2146.75
1586802085726,2146.75
1586802085726,2146.75
1586802085726,2146.75
1586802085726,2146.75
1586802085726,2146.75
1586802085726,2146.75
1586802085726,2146.75
1586802085726,2146.75
1586802085726,2146.75
1586802085726,2146.75
1586802085726,2146.75
1586802253884,2147.06
1586802260006,2147.05
1586802260006,2147.05
1586802260006,2147.05
1586802260006,2147.05
1586802260006,2147.05
1586802260006,2147.05
1586802260006,2147.05
1586802260006,2147.05
1586802260006,2147.05
1586802260006,2147.05
1586802260006,2147.05
1586802260006,2147.05
1586802260006,2147.05
1586802260006,2147.05
1586802260006,2147.05
1586802260006,2147.05
1586802260006,2147.05
1586802260006,2147.05
1586802260006,2147.05
1586802462326,2146.995
1586802462326,2146.995
1586802462326,2146.995
1586802462326,2146.995
1586802462326,2146.995
1586802462326,2146.995
1586802462326,2146.995
1586802462326,2146.995
1586802542212,2147.69
1586802542212,2147.69
1586802542212,2147.69
1586802542212,2147.69
1586802542212,2147.69
1586802542212,2147.69
1586802542212,2147.69
1586802618831,2148
1586802618831,2148
1586802618831,2148
1586802618831,2148
1586802664991,2150
1586802664991,2150
1586802664991,2150
1586802664991,2150
1586802664991,2150
1586802664991,2150
1586802664991,2150
1586802664991,2150
1586802664991,2150
1586802664991,2150
1586802664991,2150
1586802664991,2150
1586802664991,2150
1586802664991,2150
1586802664991,2150
1586802664991,2150
1586802664991,2150
1586802664991,2150
1586802858017,2151.76
1586802858017,2151.76
1586802858017,2151.76
1586802858017,2151.76
1586802858017,2151.76
1586802858017,2151.76
1586802858017,2151.76
1586802858017,2151.76
1586802858017,2151.76
1586802956733,2149.12
1586802956733,2149.12
1586802977736,2149.39
1586802977736,2149.39
1586802977736,2149.39
1586803005413,2148.85
1586803005413,2148.85
1586803005413,2148.85
1586803005413,2148.85
1586803005413,2148.85
1586803060251,2150.82
1586803060251,2150.82
1586803060251,2150.82
1586803091103,2151.39
1586803091103,2151.39
1586803091103,2151.39
1586803091103,2151.39
1586803091103,2151.39
1586803091103,2151.39
1586803091103,2151.39
1586803091103,2151.39
1586803091103,2151.39
1586803091103,2151.39
1586803091103,2151.39
1586803091103,2151.39
1586803091103,2151.39
1586803091103,2151.39
1586803091103,2151.39
1586803091103,2151.39
1586803091103,2151.39
1586803091103,2151.39
1586803283635,2147.92
1586803283635,2147.92
1586803304655,2148.055
1586803304655,2148.055
1586803304655,2148.055
1586803304655,2148.055
1586803348064,2149.01
1586803348064,2149.01
1586803348064,2149.01
1586803348064,2149.01
1586803348064,2149.01
1586803348064,2149.01
1586803411321,2149.8
1586803420330,2149.99
1586803420330,2149.99
1586803441980,2149.67
1586803449684,2148.985
1586803449684,2148.985
1586803449684,2148.985
1586803449684,2148.985
1586803449684,2148.985
1586803449684,2148.985
1586803449684,2148.985
1586803449684,2148.985
1586803542048,2150.48
1586803555266,2150.17
1586803564719,2150.085
1586803564719,2150.085
1586803564719,2150.085
1586803564719,2150.085
1586803564719,2150.085
1586803564719,2150.085
1586803564719,2150.085
1586803639013,2150.91
1586803639013,2150.91
1586803639013,2150.91
1586803671042,2152.08
1586803671042,2152.08
1586803671042,2152.08
1586803671042,2152.08
1586803715502,2154.07
1586803715502,2154.07
1586803735611,2153.48
1586803735611,2153.48
1586803749850,2152.58
1586803766389,2153.22
1586803780165,2152.06
1586803780165,2152.06
1586803780165,2152.06
1586803804292,2152.695
1586803804292,2152.695
1586803804292,2152.695
1586803835115,2153.38
1586803848192,2154.5
1586803859172,2154.67
1586803872869,2156.65
1586803885385,2157.23
1586803893565,2157.28
1586803903480,2157.78
1586803916635,2158.5
1586803920858,2158.74
1586803920858,2158.74
1586803920858,2158.74
1586803920858,2158.74
1586803920858,2158.74
1586803920858,2158.74
1586803920858,2158.74
1586804000308,2158.72
1586804010229,2158.42
1586804022384,2159.49
1586804022384,2159.49
1586804034097,2159.42
1586804046799,2159.1
1586804046799,2159.1
1586804046799,2159.1
1586804046799,2159.1
1586804046799,2159.1
1586804046799,2159.1
1586804114456,2158.85
1586804128178,2159.56
1586804130009,2159.53
1586804130009,2159.53
1586804157856,2161.35
1586804157856,2161.35
1586804157856,2161.35
1586804157856,2161.35
1586804198875,2160.76
1586804198875,2160.76
1586804217613,2161.85
1586804234695,2161.61
1586804241157,2161.955
1586804241157,2161.955
1586804256095,2162
1586804256095,2162
1586804256095,2162
1586804256095,2162
1586804305804,2163.19
1586804305804,2163.19
1586804305804,2163.19
1586804305804,2163.19
1586804305804,2163.19
1586804305804,2163.19
1586804305804,2163.19
1586804305804,2163.19
1586804305804,2163.19
