1586179862386,449.38
1586179869271,448.86
1586179869271,448.86
1586179869271,448.86
1586179869271,448.86
1586179869271,448.86
1586179869271,448.86
1586179869271,448.86
1586179936324,449.625
1586179936324,449.625
1586179936324,449.625
1586179936324,449.625
1586179936324,449.625
1586179936324,449.625
1586179999630,449.25
1586179999630,449.25
1586179999630,449.25
1586179999630,449.25
1586180044922,448.52
1586180044922,448.52
1586180044922,448.52
1586180044922,448.52
1586180044922,448.52
1586180044922,448.52
1586180044922,448.52
1586180044922,448.52
1586180125119,448.63
1586180125119,448.63
1586180125119,448.63
1586180159482,448.37
1586180159482,448.37
1586180159482,448.37
1586180159482,448.37
1586180205011,448.33
1586180205011,448.33
1586180224017,447.185
1586180224017,447.185
1586180224017,447.185
1586180224017,447.185
1586180224017,447.185
1586180224017,447.185
1586180224017,447.185
1586180224017,447.185
1586180224017,447.185
1586180224017,447.185
1586180224017,447.185
1586180224017,447.185
1586180351663,443.2
1586180351663,443.2
1586180351663,443.2
1586180351663,443.2
1586180389213,443.085
1586180389213,443.085
1586180389213,443.085
1586180389213,443.085
1586180389213,443.085
1586180389213,443.085
1586180389213,443.085
1586180389213,443.085
1586180389213,443.085
1586180389213,443.085
1586180389213,443.085
1586180389213,443.085
1586180389213,443.085
1586180389213,443.085
1586180389213,443.085
1586180389213,443.085
1586180389213,443.085
1586180389213,443.085
1586180583910,443.92
1586180583910,443.92
1586180583910,443.92
1586180583910,443.92
1586180583910,443.92
1586180583910,443.92
1586180583910,443.92
1586180583910,443.92
1586180583910,443.92
1586180583910,443.92
1586180583910,443.92
1586180583910,443.92
1586180583910,443.92
1586180583910,443.92
1586180723860,446.37
1586180723860,446.37
1586180723860,446.37
1586180723860,446.37
1586180723860,446.37
1586180723860,446.37
1586180792027,449.18
1586180792027,449.18
1586180792027,449.18
1586180792027,449.18
1586180830665,448.935
1586180843259,449.63
1586180851525,449.53
1586180860932,449.83
1586180860932,449.83
1586180860932,449.83
1586180860932,449.83
1586180860932,449.83
1586180860932,449.83
1586180860932,449.83
1586180860932,449.83
1586180860932,449.83
1586180860932,449.83
1586180860932,449.83
1586180860932,449.83
1586180860932,449.83
1586180860932,449.83
1586180860932,449.83
1586180860932,449.83
1586180860932,449.83
1586180860932,449.83
1586181052925,450.255
1586181052925,450.255
1586181052925,450.255
1586181052925,450.255
1586181052925,450.255
1586181052925,450.255
1586181052925,450.255
1586181052925,450.255
1586181052925,450.255
1586181052925,450.255
1586181052925,450.255
1586181052925,450.255
1586181052925,450.255
1586181052925,450.255
1586181052925,450.255
1586181052925,450.255
1586181052925,450.255
1586181052925,450.255
1586181052925,450.255
1586181052925,450.255
1586181052925,450.255
1586181052925,450.255
1586181052925,450.255
1586181052925,450.255
1586181052925,450.255
1586181052925,450.255
1586181323653,454.425
1586181323653,454.425
1586181323653,454.425
1586181323653,454.425
1586181323653,454.425
1586181323653,454.425
1586181323653,454.425
1586181323653,454.425
1586181323653,454.425
1586181323653,454.425
1586181323653,454.425
1586181323653,454.425
1586181323653,454.425
1586181323653,454.425
1586181323653,454.425
1586181478458,453.735
1586181495135,453.29
1586181495135,453.29
1586181495135,453.29
1586181495135,453.29
1586181495135,453.29
1586181546756,453.3
1586181546756,453.3
1586181546756,453.3
1586181546756,453.3
1586181546756,453.3
1586181546756,453.3
1586181606472,453.6
1586181606472,453.6
1586181606472,453.6
1586181606472,453.6
1586181606472,453.6
1586181606472,453.6
1586181606472,453.6
1586181606472,453.6
1586181606472,453.6
1586181606472,453.6
1586181606472,453.6
1586181606472,453.6
1586181606472,453.6
1586181606472,453.6
1586181606472,453.6
1586181764128,455.245
1586181764128,455.245
1586181781356,454.84
1586181781356,454.84
1586181781356,454.84
1586181781356,454.84
1586181781356,454.84
1586181781356,454.84
1586181781356,454.84
1586181781356,454.84
1586181781356,454.84
1586181781356,454.84
1586181781356,454.84
1586181781356,454.84
1586181781356,454.84
1586181781356,454.84
1586181781356,454.84
1586181781356,454.84
1586181781356,454.84
1586181781356,454.84
1586181781356,454.84
1586181781356,454.84
1586181781356,454.84
1586181781356,454.84
1586182019072,453.695
1586182019072,453.695
1586182019072,453.695
1586182019072,453.695
1586182019072,453.695
1586182019072,453.695
1586182019072,453.695
1586182019072,453.695
1586182019072,453.695
1586182019072,453.695
1586182019072,453.695
1586182019072,453.695
1586182019072,453.695
1586182019072,453.695
1586182019072,453.695
1586182019072,453.695
1586182019072,453.695
1586182019072,453.695
1586182019072,453.695
1586182019072,453.695
1586182019072,453.695
1586182019072,453.695
1586182019072,453.695
1586182019072,453.695
1586182019072,453.695
1586182019072,453.695
1586182019072,453.695
1586182019072,453.695
1586182019072,453.695
1586182019072,453.695
1586182334076,454.22
1586182342277,454.38
1586182342277,454.38
1586182342277,454.38
1586182342277,454.38
1586182342277,454.38
1586182342277,454.38
1586182342277,454.38
1586182342277,454.38
1586182342277,454.38
1586182342277,454.38
1586182342277,454.38
1586182342277,454.38
1586182342277,454.38
1586182342277,454.38
1586182486083,454.59
1586182486083,454.59
1586182486083,454.59
1586182486083,454.59
1586182486083,454.59
1586182486083,454.59
1586182486083,454.59
1586182486083,454.59
1586182486083,454.59
1586182486083,454.59
1586182486083,454.59
1586182486083,454.59
1586182616522,453.56
1586182616522,453.56
1586182616522,453.56
1586182616522,453.56
1586182616522,453.56
1586182616522,453.56
1586182616522,453.56
1586182616522,453.56
1586182701159,453.675
1586182701159,453.675
1586182701159,453.675
1586182701159,453.675
1586182701159,453.675
1586182701159,453.675
1586182701159,453.675
1586182701159,453.675
1586182701159,453.675
1586182701159,453.675
1586182701159,453.675
1586182816707,454.47
1586182816707,454.47
1586182816707,454.47
1586182816707,454.47
1586182816707,454.47
1586182816707,454.47
1586182816707,454.47
1586182816707,454.47
1586182816707,454.47
1586182816707,454.47
1586182816707,454.47
1586182816707,454.47
1586182936990,453.82
1586182936990,453.82
1586182936990,453.82
1586182936990,453.82
1586182936990,453.82
1586182936990,453.82
1586182936990,453.82
1586182936990,453.82
1586182936990,453.82
1586182936990,453.82
1586182936990,453.82
1586182936990,453.82
1586182936990,453.82
1586182936990,453.82
1586183089649,454.13
1586183089649,454.13
1586183089649,454.13
1586183089649,454.13
1586183124889,453.22
1586183124889,453.22
1586183124889,453.22
1586183124889,453.22
1586183169639,453.39
1586183169639,453.39
1586183169639,453.39
1586183169639,453.39
1586183215246,452.37
1586183215246,452.37
1586183215246,452.37
1586183215246,452.37
1586183215246,452.37
1586183264624,451.67
1586183264624,451.67
1586183264624,451.67
1586183264624,451.67
1586183264624,451.67
1586183264624,451.67
1586183264624,451.67
1586183339927,451.55
1586183351073,451.99
1586183351073,451.99
1586183351073,451.99
1586183351073,451.99
1586183351073,451.99
1586183351073,451.99
1586183351073,451.99
1586183426008,450.67
1586183426008,450.67
1586183426008,450.67
1586183426008,450.67
1586183426008,450.67
1586183426008,450.67
1586183426008,450.67
1586183426008,450.67
1586183426008,450.67
1586183426008,450.67
1586183526447,452.67
1586183526447,452.67
1586183526447,452.67
1586183562896,451.96
1586183562896,451.96
1586183562896,451.96
1586183562896,451.96
1586183562896,451.96
1586183562896,451.96
1586183562896,451.96
1586183562896,451.96
1586183641236,451.96
1586183641236,451.96
1586183641236,451.96
1586183641236,451.96
1586183641236,451.96
1586183701532,452.29
1586183701532,452.29
1586183719054,453.33
1586183719054,453.33
1586183719054,453.33
1586183719054,453.33
1586183757018,453.33
1586183766793,453.62
1586183766793,453.62
1586183766793,453.62
1586183766793,453.62
1586183766793,453.62
1586183766793,453.62
1586183766793,453.62
1586183766793,453.62
1586183766793,453.62
1586183766793,453.62
1586183766793,453.62
1586183766793,453.62
1586183766793,453.62
1586183766793,453.62
1586183766793,453.62
1586183766793,453.62
1586183766793,453.62
1586183766793,453.62
1586183959117,453.02
1586183959117,453.02
1586183976724,452.02
1586183976724,452.02
1586183976724,452.02
1586183976724,452.02
1586183976724,452.02
1586183976724,452.02
1586184040396,451.33
1586184040396,451.33
1586184040396,451.33
1586184040396,451.33
1586184040396,451.33
1586184040396,451.33
1586184040396,451.33
1586184040396,451.33
1586184040396,451.33
1586184040396,451.33
1586184040396,451.33
1586184040396,451.33
1586184162852,451.95
1586184162852,451.95
1586184189788,452.11
1586184189788,452.11
1586184189788,452.11
1586184189788,452.11
1586184189788,452.11
1586184189788,452.11
1586184252729,452.66
1586184252729,452.66
1586184252729,452.66
1586184285166,452.26
1586184285166,452.26
1586184285166,452.26
1586184285166,452.26
1586184285166,452.26
1586184285166,452.26
1586184348227,452.4
1586184348227,452.4
1586184348227,452.4
1586184348227,452.4
1586184384810,452.715
1586184384810,452.715
1586184384810,452.715
1586184384810,452.715
1586184384810,452.715
1586184442008,451.55
1586184442008,451.55
1586184442008,451.55
1586184442008,451.55
1586184442008,451.55
1586184442008,451.55
1586184442008,451.55
1586184442008,451.55
1586184442008,451.55
1586184540640,451.98
1586184540640,451.98
1586184540640,451.98
1586184540640,451.98
1586184540640,451.98
1586184540640,451.98
1586184540640,451.98
1586184540640,451.98
1586184540640,451.98
1586184633331,452.64
1586184637413,452.79
1586184656550,452.72
1586184656550,452.72
1586184656550,452.72
1586184684481,452.32
1586184684481,452.32
1586184684481,452.32
1586184684481,452.32
1586184684481,452.32
1586184684481,452.32
1586184684481,452.32
1586184684481,452.32
1586184684481,452.32
1586184684481,452.32
1586184684481,452.32
1586184684481,452.32
1586184808173,451.42
1586184808173,451.42
1586184808173,451.42
1586184808173,451.42
1586184808173,451.42
1586184808173,451.42
1586184808173,451.42
1586184808173,451.42
1586184808173,451.42
1586184902234,451.46
1586184902234,451.46
1586184902234,451.46
1586184902234,451.46
1586184902234,451.46
1586184902234,451.46
1586184902234,451.46
1586184902234,451.46
1586184902234,451.46
1586184902234,451.46
1586185002905,452.18
1586185002905,452.18
1586185002905,452.18
1586185002905,452.18
1586185002905,452.18
1586185061989,452.125
1586185061989,452.125
1586185081400,451.79
1586185081400,451.79
1586185081400,451.79
1586185081400,451.79
1586185081400,451.79
1586185132880,451.855
1586185132880,451.855
1586185132880,451.855
1586185132880,451.855
1586185180771,450.62
1586185180771,450.62
1586185180771,450.62
1586185180771,450.62
1586185180771,450.62
1586185180771,450.62
1586185180771,450.62
1586185180771,450.62
1586185261418,450.7
1586185261418,450.7
1586185282975,449.75
1586185282975,449.75
1586185282975,449.75
1586185282975,449.75
1586185324397,448.88
1586185324397,448.88
1586185324397,448.88
1586185324397,448.88
1586185324397,448.88
1586185324397,448.88
1586185324397,448.88
1586185397473,449.38
1586185397473,449.38
1586185415180,449.46
1586185415180,449.46
1586185415180,449.46
1586185415180,449.46
1586185415180,449.46
1586185415180,449.46
1586185415180,449.46
1586185415180,449.46
1586185499464,450.05
1586185499464,450.05
1586185499464,450.05
1586185499464,450.05
1586185499464,450.05
1586185499464,450.05
1586185499464,450.05
1586185499464,450.05
1586185499464,450.05
1586185499464,450.05
1586185499464,450.05
1586185499464,450.05
1586185499464,450.05
1586185499464,450.05
1586185499464,450.05
1586185658006,450.55
1586185665342,450.125
1586185665342,450.125
1586185665342,450.125
1586185665342,450.125
1586185665342,450.125
1586185665342,450.125
1586185665342,450.125
1586185665342,450.125
1586185758239,449.25
1586185758239,449.25
1586185758239,449.25
1586185788738,448.94
1586185798380,448.93
1586185798380,448.93
1586185798380,448.93
1586185798380,448.93
1586185798380,448.93
1586185798380,448.93
1586185798380,448.93
1586185798380,448.93
1586185798380,448.93
1586185798380,448.93
1586185798380,448.93
1586185798380,448.93
1586185925015,451.04
1586185925015,451.04
1586185925015,451.04
1586185925015,451.04
1586185925015,451.04
1586185925015,451.04
1586185925015,451.04
1586185925015,451.04
1586185925015,451.04
1586185925015,451.04
1586185925015,451.04
1586185925015,451.04
1586185925015,451.04
1586186063108,451.89
1586186063108,451.89
1586186063108,451.89
1586186063108,451.89
1586186063108,451.89
1586186063108,451.89
1586186063108,451.89
1586186129493,452.005
1586186129493,452.005
1586186129493,452.005
1586186129493,452.005
1586186129493,452.005
1586186129493,452.005
1586186129493,452.005
1586186129493,452.005
1586186129493,452.005
1586186129493,452.005
1586186235802,451.475
1586186235802,451.475
1586186235802,451.475
1586186235802,451.475
1586186235802,451.475
1586186286406,452.535
1586186286406,452.535
1586186286406,452.535
1586186286406,452.535
1586186286406,452.535
1586186286406,452.535
1586186346573,451.74
1586186346573,451.74
1586186346573,451.74
1586186346573,451.74
1586186346573,451.74
1586186346573,451.74
1586186346573,451.74
1586186346573,451.74
1586186346573,451.74
1586186346573,451.74
1586186346573,451.74
1586186346573,451.74
1586186346573,451.74
1586186346573,451.74
1586186346573,451.74
1586186346573,451.74
1586186346573,451.74
1586186346573,451.74
1586186346573,451.74
1586186346573,451.74
1586186346573,451.74
1586186346573,451.74
1586186346573,451.74
1586186346573,451.74
1586186346573,451.74
1586186346573,451.74
1586186346573,451.74
1586186346573,451.74
1586186346573,451.74
1586186346573,451.74
1586186346573,451.74
1586186346573,451.74
1586186346573,451.74
1586186346573,451.74
1586186346573,451.74
1586186346573,451.74
1586186346573,451.74
1586186346573,451.74
1586186346573,451.74
1586186346573,451.74
1586186346573,451.74
1586186346573,451.74
1586186346573,451.74
1586186346573,451.74
1586186346573,451.74
1586186346573,451.74
1586186346573,451.74
1586186346573,451.74
1586186346573,451.74
1586186346573,451.74
1586186346573,451.74
1586186346573,451.74
1586186346573,451.74
1586186346573,451.74
1586186346573,451.74
1586186346573,451.74
1586186346573,451.74
1586186346573,451.74
1586186346573,451.74
1586186346573,451.74
1586186346573,451.74
1586186346573,451.74
1586186346573,451.74
1586186346573,451.74
1586186346573,451.74
1586186346573,451.74
1586186346573,451.74
1586186346573,451.74
1586186346573,451.74
1586186346573,451.74
1586186346573,451.74
1586186346573,451.74
1586186346573,451.74
1586186346573,451.74
1586186346573,451.74
1586186346573,451.74
1586186346573,451.74
1586186346573,451.74
1586187165652,453.875
1586187165652,453.875
1586187165652,453.875
1586187165652,453.875
1586187165652,453.875
1586187165652,453.875
1586187165652,453.875
1586187165652,453.875
1586187254960,453.82
1586187254960,453.82
1586187254960,453.82
1586187254960,453.82
1586187254960,453.82
1586187254960,453.82
1586187254960,453.82
1586187254960,453.82
1586187254960,453.82
1586187254960,453.82
1586187254960,453.82
1586187254960,453.82
1586187254960,453.82
1586187254960,453.82
1586187254960,453.82
1586187409228,453.27
1586187409228,453.27
1586187409228,453.27
1586187409228,453.27
1586187409228,453.27
1586187409228,453.27
1586187409228,453.27
1586187409228,453.27
1586187409228,453.27
1586187409228,453.27
1586187409228,453.27
1586187409228,453.27
1586187409228,453.27
1586187409228,453.27
1586187409228,453.27
1586187409228,453.27
1586187409228,453.27
1586187409228,453.27
1586187409228,453.27
1586187409228,453.27
1586187409228,453.27
1586187630847,453.79
1586187630847,453.79
1586187630847,453.79
1586187630847,453.79
1586187630847,453.79
1586187630847,453.79
1586187630847,453.79
1586187630847,453.79
1586187630847,453.79
1586187630847,453.79
1586187630847,453.79
1586187630847,453.79
1586187630847,453.79
1586187630847,453.79
1586187630847,453.79
1586187630847,453.79
1586187630847,453.79
1586187630847,453.79
1586187815120,453.305
1586187815120,453.305
1586187815120,453.305
1586187815120,453.305
1586187815120,453.305
1586187815120,453.305
1586187815120,453.305
1586187815120,453.305
1586187815120,453.305
1586187815120,453.305
1586187815120,453.305
1586187815120,453.305
1586187815120,453.305
1586187815120,453.305
1586187815120,453.305
1586187815120,453.305
1586187815120,453.305
1586187815120,453.305
1586187815120,453.305
1586187815120,453.305
1586187815120,453.305
1586188036444,454.065
1586188036444,454.065
1586188036444,454.065
1586188036444,454.065
1586188036444,454.065
1586188036444,454.065
1586188036444,454.065
1586188036444,454.065
1586188036444,454.065
1586188036444,454.065
1586188036444,454.065
1586188036444,454.065
1586188036444,454.065
1586188036444,454.065
1586188036444,454.065
1586188036444,454.065
1586188036444,454.065
1586188036444,454.065
1586188036444,454.065
1586188036444,454.065
1586188251054,454.28
1586188251054,454.28
1586188251054,454.28
1586188251054,454.28
1586188251054,454.28
1586188251054,454.28
1586188251054,454.28
1586188251054,454.28
1586188251054,454.28
1586188251054,454.28
1586188251054,454.28
1586188251054,454.28
1586188251054,454.28
1586188251054,454.28
1586188251054,454.28
1586188251054,454.28
1586188251054,454.28
1586188251054,454.28
1586188251054,454.28
1586188251054,454.28
1586188467100,454.23
1586188468823,454.17
1586188487746,453.58
1586188487746,453.58
1586188487746,453.58
1586188487746,453.58
1586188487746,453.58
1586188487746,453.58
1586188487746,453.58
1586188487746,453.58
1586188567996,453.95
1586188567996,453.95
1586188567996,453.95
1586188597285,454.515
1586188597285,454.515
1586188597285,454.515
1586188597285,454.515
1586188597285,454.515
1586188597285,454.515
1586188597285,454.515
1586188597285,454.515
1586188597285,454.515
1586188597285,454.515
1586188707656,454.11
1586188708363,454.215
1586188708363,454.215
1586188708363,454.215
1586188708363,454.215
1586188756298,453.76
1586188756298,453.76
1586188756298,453.76
1586188756298,453.76
1586188756298,453.76
1586188756298,453.76
1586188756298,453.76
1586188756298,453.76
1586188756298,453.76
1586188756298,453.76
1586188756298,453.76
1586188874034,453.31
1586188874034,453.31
1586188874034,453.31
1586188874034,453.31
1586188874034,453.31
1586188874034,453.31
1586188874034,453.31
1586188874034,453.31
1586188874034,453.31
1586188874034,453.31
1586188874034,453.31
1586188874034,453.31
1586188874034,453.31
1586188874034,453.31
1586188874034,453.31
1586188874034,453.31
1586188874034,453.31
1586188874034,453.31
1586188874034,453.31
1586188874034,453.31
1586188874034,453.31
1586188874034,453.31
1586188874034,453.31
1586188874034,453.31
1586188874034,453.31
1586188874034,453.31
1586188874034,453.31
1586188874034,453.31
1586188874034,453.31
1586189179687,455.24
1586189188357,455.24
1586189188357,455.24
1586189188357,455.24
1586189188357,455.24
1586189188357,455.24
1586189188357,455.24
1586189188357,455.24
1586189188357,455.24
1586189188357,455.24
1586189188357,455.24
1586189188357,455.24
1586189188357,455.24
1586189317450,457.425
1586189317450,457.425
1586189317450,457.425
1586189317450,457.425
1586189317450,457.425
1586189317450,457.425
1586189317450,457.425
1586189317450,457.425
1586189317450,457.425
1586189317450,457.425
1586189317450,457.425
1586189317450,457.425
1586189317450,457.425
1586189317450,457.425
1586189317450,457.425
1586189317450,457.425
1586189317450,457.425
1586189317450,457.425
1586189507233,457.49
1586189507233,457.49
1586189507233,457.49
1586189541962,457.91
1586189541962,457.91
1586189541962,457.91
1586189541962,457.91
1586189541962,457.91
1586189541962,457.91
1586189541962,457.91
1586189541962,457.91
1586189541962,457.91
1586189541962,457.91
1586189644561,458.355
1586189644561,458.355
1586189644561,458.355
1586189644561,458.355
1586189644561,458.355
1586189644561,458.355
1586189711055,459.4
1586189711055,459.4
1586189711055,459.4
1586189711055,459.4
1586189711055,459.4
1586189711055,459.4
1586189711055,459.4
1586189711055,459.4
1586189711055,459.4
1586189711055,459.4
1586189711055,459.4
1586189711055,459.4
1586189832714,458.05
1586189832714,458.05
1586189832714,458.05
1586189866851,458.04
1586189866851,458.04
1586189866851,458.04
1586189866851,458.04
1586189866851,458.04
1586189866851,458.04
1586189866851,458.04
1586189866851,458.04
1586189866851,458.04
1586189866851,458.04
1586189968859,457.23
1586189968859,457.23
1586189968859,457.23
1586189968859,457.23
1586189968859,457.23
1586189968859,457.23
1586189968859,457.23
1586189968859,457.23
1586189968859,457.23
1586189968859,457.23
1586189968859,457.23
1586189968859,457.23
1586189968859,457.23
1586189968859,457.23
1586189968859,457.23
1586189968859,457.23
1586189968859,457.23
1586189968859,457.23
1586189968859,457.23
1586189968859,457.23
1586189968859,457.23
1586189968859,457.23
1586189968859,457.23
1586189968859,457.23
1586189968859,457.23
1586189968859,457.23
1586189968859,457.23
1586189968859,457.23
1586189968859,457.23
1586189968859,457.23
1586189968859,457.23
1586189968859,457.23
1586189968859,457.23
1586189968859,457.23
1586189968859,457.23
1586189968859,457.23
1586189968859,457.23
1586189968859,457.23
1586189968859,457.23
1586189968859,457.23
1586189968859,457.23
1586189968859,457.23
1586189968859,457.23
1586189968859,457.23
1586189968859,457.23
1586189968859,457.23
1586189968859,457.23
1586189968859,457.23
1586189968859,457.23
1586189968859,457.23
1586189968859,457.23
1586189968859,457.23
1586189968859,457.23
1586190524157,459.405
1586190524157,459.405
1586190524157,459.405
1586190524157,459.405
1586190524157,459.405
1586190524157,459.405
1586190524157,459.405
1586190524157,459.405
1586190524157,459.405
1586190524157,459.405
1586190635987,459.13
1586190635987,459.13
1586190635987,459.13
1586190635987,459.13
1586190635987,459.13
1586190635987,459.13
1586190635987,459.13
1586190635987,459.13
1586190635987,459.13
1586190635987,459.13
1586190732403,459.745
1586190732403,459.745
1586190732403,459.745
1586190732403,459.745
1586190732403,459.745
1586190732403,459.745
1586190732403,459.745
1586190732403,459.745
1586190732403,459.745
1586190732403,459.745
1586190732403,459.745
1586190851296,460.165
1586190856111,460.135
1586190856111,460.135
1586190856111,460.135
1586190856111,460.135
1586190901115,460.225
1586190901115,460.225
1586190901115,460.225
1586190901115,460.225
1586190901115,460.225
1586190901115,460.225
1586190901115,460.225
1586190901115,460.225
1586190901115,460.225
1586190901115,460.225
1586190901115,460.225
1586190901115,460.225
1586190901115,460.225
1586190901115,460.225
1586190901115,460.225
1586190901115,460.225
1586190901115,460.225
1586190901115,460.225
1586190901115,460.225
1586190901115,460.225
1586190901115,460.225
1586190901115,460.225
1586190901115,460.225
1586190901115,460.225
1586190901115,460.225
1586190901115,460.225
1586190901115,460.225
1586190901115,460.225
1586190901115,460.225
1586190901115,460.225
1586190901115,460.225
1586190901115,460.225
1586190901115,460.225
1586190901115,460.225
1586190901115,460.225
1586190901115,460.225
1586190901115,460.225
1586190901115,460.225
1586190901115,460.225
1586190901115,460.225
1586190901115,460.225
1586191336468,460.14
1586191336468,460.14
1586191336468,460.14
1586191336468,460.14
1586191336468,460.14
1586191336468,460.14
1586191336468,460.14
1586191336468,460.14
1586191417176,459.38
1586191417176,459.38
1586191417176,459.38
1586191452328,459.4
1586191452328,459.4
1586191452328,459.4
1586191452328,459.4
1586191452328,459.4
1586191452328,459.4
1586191452328,459.4
1586191452328,459.4
1586191535532,459.78
1586191535532,459.78
1586191535532,459.78
1586191535532,459.78
1586191535532,459.78
1586191535532,459.78
1586191535532,459.78
1586191535532,459.78
1586191620633,459.99
1586191620633,459.99
1586191620633,459.99
1586191620633,459.99
1586191620633,459.99
1586191620633,459.99
1586191620633,459.99
1586191620633,459.99
1586191620633,459.99
1586191620633,459.99
1586191620633,459.99
1586191620633,459.99
1586191620633,459.99
1586191620633,459.99
1586191620633,459.99
1586191620633,459.99
1586191620633,459.99
1586191620633,459.99
1586191815595,459.41
1586191815595,459.41
1586191815595,459.41
1586191815595,459.41
1586191815595,459.41
1586191815595,459.41
1586191815595,459.41
1586191815595,459.41
1586191815595,459.41
1586191815595,459.41
1586191815595,459.41
1586191815595,459.41
1586191815595,459.41
1586191815595,459.41
1586191964263,459.54
1586191964263,459.54
1586191964263,459.54
1586191964263,459.54
1586191964263,459.54
1586191964263,459.54
1586191964263,459.54
1586191964263,459.54
1586191964263,459.54
1586191964263,459.54
1586191964263,459.54
1586191964263,459.54
1586192084799,460.205
1586192084799,460.205
1586192084799,460.205
1586192084799,460.205
1586192084799,460.205
1586192084799,460.205
1586192084799,460.205
1586192084799,460.205
1586192084799,460.205
1586192084799,460.205
1586192084799,460.205
1586192084799,460.205
1586192084799,460.205
1586192225796,460.77
1586192238641,461.02
1586192238641,461.02
1586192238641,461.02
1586192262709,461.26
1586192262709,461.26
1586192262709,461.26
1586192294643,461.07
1586192294643,461.07
1586192294643,461.07
1586192329438,461.03
1586192329438,461.03
1586192329438,461.03
1586192329438,461.03
1586192329438,461.03
1586192329438,461.03
1586192397298,461.2
1586192397298,461.2
1586192397298,461.2
1586192397298,461.2
1586192397298,461.2
1586192397298,461.2
1586192397298,461.2
1586192397298,461.2
1586192485692,461.255
1586192485692,461.255
1586192505129,460.86
1586192505129,460.86
1586192505129,460.86
1586192537000,461.28
1586192537000,461.28
1586192537000,461.28
1586192537000,461.28
1586192580330,461.505
1586192580330,461.505
1586192580330,461.505
1586192580330,461.505
1586192580330,461.505
1586192580330,461.505
1586192580330,461.505
1586192653973,461.88
1586192653973,461.88
1586192653973,461.88
1586192653973,461.88
1586192689485,461.58
1586192689485,461.58
1586192689485,461.58
1586192689485,461.58
1586192689485,461.58
1586192689485,461.58
1586192689485,461.58
1586192689485,461.58
1586192773538,461.16
1586192773538,461.16
1586192773538,461.16
1586192773538,461.16
1586192773538,461.16
1586192773538,461.16
1586192773538,461.16
1586192773538,461.16
1586192773538,461.16
1586192773538,461.16
1586192773538,461.16
1586192773538,461.16
1586192773538,461.16
1586192773538,461.16
1586192773538,461.16
1586192773538,461.16
1586192773538,461.16
1586192773538,461.16
1586192773538,461.16
1586192773538,461.16
1586192773538,461.16
1586192773538,461.16
1586192773538,461.16
1586192773538,461.16
1586192773538,461.16
1586192773538,461.16
1586192773538,461.16
1586192773538,461.16
1586192773538,461.16
1586192773538,461.16
1586192773538,461.16
1586192773538,461.16
1586192773538,461.16
1586192773538,461.16
1586192773538,461.16
1586192773538,461.16
1586192773538,461.16
1586192773538,461.16
1586192773538,461.16
1586192773538,461.16
1586193198696,461.63
1586193198696,461.63
1586193198696,461.63
1586193198696,461.63
1586193241416,460.775
1586193241416,460.775
1586193241416,460.775
1586193241416,460.775
1586193241416,460.775
1586193241416,460.775
1586193241416,460.775
1586193241416,460.775
1586193241416,460.775
1586193241416,460.775
1586193241416,460.775
1586193241416,460.775
1586193241416,460.775
1586193241416,460.775
1586193241416,460.775
1586193241416,460.775
1586193241416,460.775
1586193241416,460.775
1586193241416,460.775
1586193444832,460.62
1586193444832,460.62
1586193444832,460.62
1586193472904,460.665
1586193472904,460.665
1586193472904,460.665
1586193472904,460.665
1586193472904,460.665
1586193472904,460.665
1586193472904,460.665
1586193472904,460.665
1586193472904,460.665
1586193472904,460.665
1586193583712,460.71
1586193583712,460.71
1586193583712,460.71
1586193583712,460.71
1586193583712,460.71
1586193583712,460.71
1586193583712,460.71
1586193583712,460.71
1586193583712,460.71
1586193583712,460.71
1586193583712,460.71
1586193583712,460.71
1586193583712,460.71
1586193583712,460.71
1586193583712,460.71
1586193583712,460.71
1586193583712,460.71
1586193583712,460.71
1586193583712,460.71
1586193583712,460.71
1586193583712,460.71
1586193583712,460.71
1586193583712,460.71
1586193583712,460.71
1586193583712,460.71
1586193583712,460.71
1586193583712,460.71
1586193583712,460.71
1586193880366,461.13
1586193880366,461.13
1586193880366,461.13
1586193880366,461.13
1586193880366,461.13
1586193880366,461.13
1586193880366,461.13
1586193880366,461.13
1586193880366,461.13
1586193880366,461.13
1586193880366,461.13
1586193880366,461.13
1586193880366,461.13
1586194013760,461.595
1586194013760,461.595
1586194013760,461.595
1586194013760,461.595
1586194054147,461.49
1586194054147,461.49
1586194054147,461.49
1586194054147,461.49
1586194054147,461.49
1586194054147,461.49
1586194054147,461.49
1586194137909,461.6
1586194145834,461.8
1586194145834,461.8
1586194161788,461.35
1586194161788,461.35
1586194186106,460.965
1586194186106,460.965
1586194186106,460.965
1586194186106,460.965
1586194186106,460.965
1586194243586,461.14
1586194243586,461.14
1586194243586,461.14
1586194243586,461.14
1586194243586,461.14
1586194294672,460.935
1586194305348,461.71
1586194305348,461.71
1586194305348,461.71
1586194305348,461.71
1586194305348,461.71
1586194305348,461.71
1586194305348,461.71
1586194305348,461.71
1586194305348,461.71
1586194305348,461.71
1586194305348,461.71
1586194305348,461.71
1586194428766,461.5
1586194428766,461.5
1586194428766,461.5
1586194428766,461.5
1586194428766,461.5
1586194428766,461.5
1586194428766,461.5
1586194428766,461.5
1586194428766,461.5
1586194428766,461.5
1586194428766,461.5
1586194428766,461.5
1586194428766,461.5
1586194428766,461.5
1586194577465,461.745
1586194585080,462.28
1586194585080,462.28
1586194585080,462.28
1586194585080,462.28
1586194585080,462.28
1586194585080,462.28
1586194585080,462.28
1586194585080,462.28
1586194585080,462.28
1586194585080,462.28
1586194585080,462.28
1586194585080,462.28
1586194585080,462.28
1586194585080,462.28
1586194585080,462.28
1586194748536,462.75
1586194748536,462.75
1586194748536,462.75
1586194748536,462.75
1586194786595,462.79
1586194786595,462.79
1586194786595,462.79
1586194786595,462.79
1586194786595,462.79
1586194786595,462.79
1586194786595,462.79
1586194786595,462.79
1586194786595,462.79
1586194786595,462.79
1586194786595,462.79
1586194905282,462.62
1586194917857,462.6
1586194917857,462.6
1586194917857,462.6
1586194917857,462.6
1586194917857,462.6
1586194917857,462.6
1586194917857,462.6
1586194917857,462.6
1586194917857,462.6
1586194917857,462.6
1586194917857,462.6
1586194917857,462.6
1586194917857,462.6
1586194917857,462.6
1586194917857,462.6
1586194917857,462.6
1586194917857,462.6
1586194917857,462.6
1586194917857,462.6
1586194917857,462.6
1586194917857,462.6
1586195144427,462.24
1586195144427,462.24
1586195144427,462.24
1586195144427,462.24
1586195144427,462.24
1586195144427,462.24
1586195144427,462.24
1586195144427,462.24
1586195144427,462.24
1586195144427,462.24
1586195144427,462.24
1586195144427,462.24
1586195144427,462.24
1586195144427,462.24
1586195144427,462.24
1586195144427,462.24
1586195144427,462.24
1586195326781,462.31
1586195326781,462.31
1586195326781,462.31
1586195326781,462.31
1586195326781,462.31
1586195326781,462.31
1586195326781,462.31
1586195326781,462.31
1586195326781,462.31
1586195326781,462.31
1586195326781,462.31
1586195326781,462.31
1586195326781,462.31
1586195326781,462.31
1586195326781,462.31
1586195326781,462.31
1586195326781,462.31
1586195326781,462.31
1586195326781,462.31
1586195326781,462.31
1586195326781,462.31
1586195326781,462.31
1586195326781,462.31
1586195326781,462.31
1586195326781,462.31
1586195326781,462.31
1586195326781,462.31
1586195326781,462.31
1586195326781,462.31
1586195326781,462.31
1586195326781,462.31
1586195326781,462.31
1586195657121,462.73
1586195657121,462.73
1586195657121,462.73
1586195657121,462.73
1586195657121,462.73
1586195657121,462.73
1586195657121,462.73
1586195738147,462.775
1586195738147,462.775
1586195738147,462.775
1586195738147,462.775
1586195738147,462.775
1586195738147,462.775
1586195738147,462.775
1586195738147,462.775
1586195817700,463.265
1586195817700,463.265
1586195817700,463.265
1586195817700,463.265
1586195817700,463.265
1586195817700,463.265
1586195817700,463.265
1586195817700,463.265
1586195897612,463.41
1586195917729,463.645
1586195917729,463.645
1586195933941,463.4
1586195933941,463.4
1586195933941,463.4
1586195933941,463.4
1586195933941,463.4
1586195933941,463.4
1586195933941,463.4
1586195933941,463.4
1586195933941,463.4
1586196031645,463.51
1586196031645,463.51
1586196031645,463.51
1586196031645,463.51
1586196031645,463.51
1586196031645,463.51
1586196031645,463.51
1586196031645,463.51
1586196031645,463.51
1586196031645,463.51
1586196031645,463.51
1586196146575,463.56
1586196146575,463.56
1586196146575,463.56
1586196146575,463.56
1586196146575,463.56
1586196146575,463.56
1586196210651,463.855
1586196210651,463.855
1586196227847,463.78
1586196227847,463.78
1586196247884,463.785
1586196264672,463.42
1586196264672,463.42
1586196287550,463.67
1586196287550,463.67
1586196287550,463.67
1586196287550,463.67
1586196287550,463.67
1586196338549,463.985
1586196338549,463.985
1586196338549,463.985
1586196338549,463.985
1586196380003,463.35
1586196380003,463.35
1586196380003,463.35
1586196407991,463.35
1586196407991,463.35
1586196407991,463.35
1586196407991,463.35
1586196407991,463.35
1586196407991,463.35
1586196407991,463.35
1586196479745,462.885
1586196479745,462.885
1586196479745,462.885
1586196517578,462.64
1586196517578,462.64
1586196517578,462.64
1586196517578,462.64
1586196517578,462.64
1586196517578,462.64
1586196517578,462.64
1586196517578,462.64
1586196517578,462.64
1586196517578,462.64
1586196517578,462.64
1586196517578,462.64
1586196517578,462.64
1586196517578,462.64
1586196517578,462.64
1586196517578,462.64
1586196517578,462.64
1586196517578,462.64
1586196705277,461.43
1586196705277,461.43
1586196724863,461.615
1586196730163,461.615
1586196730163,461.615
1586196754443,461.845
1586196754443,461.845
1586196754443,461.845
1586196754443,461.845
1586196754443,461.845
1586196809929,461.76
1586196809929,461.76
1586196809929,461.76
1586196809929,461.76
1586196809929,461.76
1586196809929,461.76
1586196809929,461.76
1586196809929,461.76
1586196809929,461.76
1586196809929,461.76
1586196809929,461.76
1586196809929,461.76
1586196940930,461.42
1586196940930,461.42
1586196940930,461.42
1586196965167,460.985
1586196965167,460.985
1586196965167,460.985
1586196965167,460.985
1586196965167,460.985
1586196965167,460.985
1586196965167,460.985
1586197037836,461.135
1586197037836,461.135
1586197037836,461.135
1586197037836,461.135
1586197037836,461.135
1586197037836,461.135
1586197037836,461.135
1586197037836,461.135
1586197133375,461.32
1586197138592,461.515
1586197138592,461.515
1586197138592,461.515
1586197138592,461.515
1586197138592,461.515
1586197138592,461.515
1586197138592,461.515
1586197138592,461.515
1586197138592,461.515
1586197138592,461.515
1586197138592,461.515
1586197138592,461.515
1586197267145,460.74
1586197267145,460.74
1586197267145,460.74
1586197267145,460.74
1586197267145,460.74
1586197267145,460.74
1586197267145,460.74
1586197267145,460.74
1586197348213,461.035
1586197348213,461.035
1586197348213,461.035
1586197348213,461.035
1586197348213,461.035
1586197348213,461.035
1586197348213,461.035
1586197427345,461.21
1586197427345,461.21
1586197427345,461.21
1586197427345,461.21
1586197427345,461.21
1586197427345,461.21
1586197427345,461.21
1586197427345,461.21
1586197427345,461.21
1586197427345,461.21
1586197427345,461.21
1586197427345,461.21
1586197427345,461.21
1586197427345,461.21
1586197427345,461.21
1586197427345,461.21
1586197600391,461.535
1586197600391,461.535
1586197600391,461.535
1586197600391,461.535
1586197600391,461.535
1586197600391,461.535
1586197600391,461.535
1586197600391,461.535
1586197683205,461.22
1586197692560,461.285
1586197692560,461.285
1586197692560,461.285
1586197692560,461.285
1586197692560,461.285
1586197692560,461.285
1586197692560,461.285
1586197692560,461.285
1586197692560,461.285
1586197692560,461.285
1586197692560,461.285
1586197692560,461.285
1586197816592,462.245
1586197816592,462.245
1586197844450,462.89
1586197844450,462.89
1586197844450,462.89
1586197844450,462.89
1586197844450,462.89
1586197844450,462.89
1586197844450,462.89
1586197844450,462.89
1586197844450,462.89
1586197937231,462.66
1586197941529,462.445
1586197941529,462.445
1586197941529,462.445
1586197941529,462.445
1586197941529,462.445
1586197941529,462.445
1586197941529,462.445
1586197941529,462.445
1586197941529,462.445
1586197941529,462.445
1586197941529,462.445
1586197941529,462.445
1586197941529,462.445
1586197941529,462.445
1586197941529,462.445
1586197941529,462.445
1586198117991,461.77
1586198117991,461.77
1586198133445,461.735
1586198133445,461.735
1586198133445,461.735
1586198133445,461.735
1586198133445,461.735
1586198133445,461.735
1586198133445,461.735
1586198133445,461.735
1586198133445,461.735
1586198133445,461.735
1586198133445,461.735
1586198133445,461.735
1586198133445,461.735
1586198133445,461.735
1586198133445,461.735
1586198133445,461.735
1586198133445,461.735
1586198133445,461.735
1586198133445,461.735
1586198133445,461.735
1586198133445,461.735
1586198366388,463.035
1586198366388,463.035
1586198366388,463.035
1586198366388,463.035
1586198366388,463.035
1586198418420,462.37
1586198418420,462.37
1586198418420,462.37
1586198418420,462.37
1586198418420,462.37
1586198418420,462.37
1586198418420,462.37
1586198485957,461.98
1586198485957,461.98
1586198485957,461.98
1586198485957,461.98
1586198485957,461.98
1586198485957,461.98
1586198485957,461.98
1586198485957,461.98
1586198485957,461.98
1586198485957,461.98
1586198598549,462.27
1586198598549,462.27
1586198598549,462.27
1586198598549,462.27
1586198598549,462.27
1586198646245,461.92
1586198646245,461.92
1586198646245,461.92
1586198646245,461.92
1586198646245,461.92
1586198646245,461.92
1586198715617,462
1586198715617,462
1586198715617,462
1586198715617,462
1586198715617,462
1586198715617,462
1586198715617,462
1586198715617,462
1586198715617,462
1586198813605,462.84
1586198817028,463.025
1586198817028,463.025
1586198817028,463.025
1586198817028,463.025
1586198817028,463.025
1586198817028,463.025
1586198817028,463.025
1586198817028,463.025
1586198817028,463.025
1586198817028,463.025
1586198919653,462.95
1586198919653,462.95
1586198919653,462.95
1586198919653,462.95
1586198919653,462.95
1586198919653,462.95
1586198919653,462.95
1586198919653,462.95
1586198919653,462.95
1586198919653,462.95
1586198919653,462.95
1586198919653,462.95
1586198919653,462.95
1586198919653,462.95
1586198919653,462.95
1586199086850,462.675
1586199086850,462.675
1586199086850,462.675
1586199086850,462.675
1586199086850,462.675
1586199137534,462.63
1586199137534,462.63
1586199157895,462.655
1586199157895,462.655
1586199157895,462.655
1586199157895,462.655
1586199157895,462.655
1586199157895,462.655
1586199157895,462.655
1586199157895,462.655
1586199157895,462.655
1586199157895,462.655
1586199157895,462.655
1586199157895,462.655
1586199157895,462.655
1586199295969,463.155
1586199295969,463.155
1586199295969,463.155
1586199295969,463.155
1586199295969,463.155
1586199295969,463.155
1586199295969,463.155
1586199295969,463.155
1586199295969,463.155
1586199295969,463.155
1586199295969,463.155
1586199295969,463.155
1586199295969,463.155
1586199295969,463.155
1586199295969,463.155
1586199295969,463.155
1586199295969,463.155
1586199471889,463.74
1586199471889,463.74
1586199471889,463.74
1586199508062,463.94
1586199508062,463.94
1586199525356,463.98
1586199525356,463.98
1586199525356,463.98
1586199556764,463.695
1586199556764,463.695
1586199556764,463.695
1586199594344,463.74
