1586352626709,458.715
1586352626709,458.715
1586352674830,455.17
1586352674830,455.17
1586352674830,455.17
1586352674830,455.17
1586352674830,455.17
1586352674830,455.17
1586352674830,455.17
1586352674830,455.17
1586352674830,455.17
1586352674830,455.17
1586352674830,455.17
1586352674830,455.17
1586352674830,455.17
1586352674830,455.17
1586352674830,455.17
1586352674830,455.17
1586352674830,455.17
1586352674830,455.17
1586352674830,455.17
1586352674830,455.17
1586352674830,455.17
1586352674830,455.17
1586352674830,455.17
1586352674830,455.17
1586352674830,455.17
1586352674830,455.17
1586352948359,455.52
1586352948359,455.52
1586352948359,455.52
1586352948359,455.52
1586352948359,455.52
1586352948359,455.52
1586352948359,455.52
1586352948359,455.52
1586352948359,455.52
1586352948359,455.52
1586352948359,455.52
1586352948359,455.52
1586352948359,455.52
1586352948359,455.52
1586352948359,455.52
1586352948359,455.52
1586352948359,455.52
1586352948359,455.52
1586352948359,455.52
1586352948359,455.52
1586352948359,455.52
1586352948359,455.52
1586352948359,455.52
1586352948359,455.52
1586352948359,455.52
1586352948359,455.52
1586352948359,455.52
1586353236865,455.25
1586353236865,455.25
1586353236865,455.25
1586353236865,455.25
1586353236865,455.25
1586353236865,455.25
1586353236865,455.25
1586353307348,455.33
1586353307348,455.33
1586353307348,455.33
1586353307348,455.33
1586353307348,455.33
1586353307348,455.33
1586353307348,455.33
1586353307348,455.33
1586353307348,455.33
1586353307348,455.33
1586353307348,455.33
1586353307348,455.33
1586353307348,455.33
1586353307348,455.33
1586353307348,455.33
1586353307348,455.33
1586353307348,455.33
1586353307348,455.33
1586353307348,455.33
1586353502404,455.96
1586353502404,455.96
1586353502404,455.96
1586353536817,455.04
1586353536817,455.04
1586353536817,455.04
1586353536817,455.04
1586353536817,455.04
1586353584886,454.27
1586353584886,454.27
1586353584886,454.27
1586353584886,454.27
1586353584886,454.27
1586353584886,454.27
1586353584886,454.27
1586353584886,454.27
1586353584886,454.27
1586353584886,454.27
1586353584886,454.27
1586353584886,454.27
1586353584886,454.27
1586353584886,454.27
1586353584886,454.27
1586353584886,454.27
1586353584886,454.27
1586353584886,454.27
1586353782423,454.915
1586353782423,454.915
1586353782423,454.915
1586353782423,454.915
1586353782423,454.915
1586353782423,454.915
1586353845446,454.79
1586353845446,454.79
1586353845446,454.79
1586353845446,454.79
1586353845446,454.79
1586353845446,454.79
1586353845446,454.79
1586353845446,454.79
1586353845446,454.79
1586353845446,454.79
1586353845446,454.79
1586353845446,454.79
1586353845446,454.79
1586353845446,454.79
1586353845446,454.79
1586353845446,454.79
1586353845446,454.79
1586353845446,454.79
1586353845446,454.79
1586353845446,454.79
1586353845446,454.79
1586353845446,454.79
1586353845446,454.79
1586353845446,454.79
1586353845446,454.79
1586353845446,454.79
1586353845446,454.79
1586353845446,454.79
1586353845446,454.79
1586353845446,454.79
1586353845446,454.79
1586353845446,454.79
1586353845446,454.79
1586353845446,454.79
1586353845446,454.79
1586353845446,454.79
1586353845446,454.79
1586353845446,454.79
1586353845446,454.79
1586353845446,454.79
1586354262423,453.075
1586354262423,453.075
1586354262423,453.075
1586354262423,453.075
1586354262423,453.075
1586354262423,453.075
1586354262423,453.075
1586354262423,453.075
1586354262423,453.075
1586354262423,453.075
1586354262423,453.075
1586354262423,453.075
1586354262423,453.075
1586354262423,453.075
1586354262423,453.075
1586354262423,453.075
1586354262423,453.075
1586354262423,453.075
1586354262423,453.075
1586354262423,453.075
1586354262423,453.075
1586354262423,453.075
1586354262423,453.075
1586354262423,453.075
1586354262423,453.075
1586354262423,453.075
1586354262423,453.075
1586354262423,453.075
1586354262423,453.075
1586354262423,453.075
1586354262423,453.075
1586354262423,453.075
1586354262423,453.075
1586354262423,453.075
1586354262423,453.075
1586354633651,453.59
1586354633651,453.59
1586354653271,453.275
1586354653271,453.275
1586354653271,453.275
1586354653271,453.275
1586354653271,453.275
1586354653271,453.275
1586354653271,453.275
1586354653271,453.275
1586354653271,453.275
1586354753082,452.01
1586354753082,452.01
1586354753082,452.01
1586354753082,452.01
1586354753082,452.01
1586354753082,452.01
1586354753082,452.01
1586354753082,452.01
1586354753082,452.01
1586354753082,452.01
1586354753082,452.01
1586354753082,452.01
1586354753082,452.01
1586354880328,451.44
1586354880328,451.44
1586354880328,451.44
1586354880328,451.44
1586354880328,451.44
1586354880328,451.44
1586354880328,451.44
1586354880328,451.44
1586354880328,451.44
1586354880328,451.44
1586354880328,451.44
1586354880328,451.44
1586354880328,451.44
1586354880328,451.44
1586354880328,451.44
1586354880328,451.44
1586354880328,451.44
1586354880328,451.44
1586354880328,451.44
1586354880328,451.44
1586354880328,451.44
1586354880328,451.44
1586354880328,451.44
1586354880328,451.44
1586354880328,451.44
1586354880328,451.44
1586354880328,451.44
1586354880328,451.44
1586354880328,451.44
1586354880328,451.44
1586354880328,451.44
1586354880328,451.44
1586354880328,451.44
1586354880328,451.44
1586354880328,451.44
1586354880328,451.44
1586354880328,451.44
1586354880328,451.44
1586354880328,451.44
1586354880328,451.44
1586354880328,451.44
1586354880328,451.44
1586354880328,451.44
1586354880328,451.44
1586354880328,451.44
1586354880328,451.44
1586355372446,454.455
1586355372446,454.455
1586355372446,454.455
1586355372446,454.455
1586355372446,454.455
1586355372446,454.455
1586355372446,454.455
1586355372446,454.455
1586355372446,454.455
1586355372446,454.455
1586355372446,454.455
1586355372446,454.455
1586355495140,453.76
1586355495140,453.76
1586355495140,453.76
1586355495140,453.76
1586355495140,453.76
1586355495140,453.76
1586355495140,453.76
1586355495140,453.76
1586355495140,453.76
1586355495140,453.76
1586355495140,453.76
1586355615020,453.27
1586355615020,453.27
1586355615020,453.27
1586355615020,453.27
1586355615020,453.27
1586355615020,453.27
1586355615020,453.27
1586355615020,453.27
1586355615020,453.27
1586355615020,453.27
1586355615020,453.27
1586355615020,453.27
1586355615020,453.27
1586355615020,453.27
1586355615020,453.27
1586355766719,454.265
1586355766719,454.265
1586355766719,454.265
1586355804086,453.66
1586355804086,453.66
1586355804086,453.66
1586355804086,453.66
1586355804086,453.66
1586355804086,453.66
1586355869077,453.15
1586355869077,453.15
1586355869077,453.15
1586355869077,453.15
1586355903004,452.86
1586355903004,452.86
1586355903004,452.86
1586355903004,452.86
1586355903004,452.86
1586355903004,452.86
1586355903004,452.86
1586355903004,452.86
1586355903004,452.86
1586355903004,452.86
1586355903004,452.86
1586355903004,452.86
1586355903004,452.86
1586355903004,452.86
1586355903004,452.86
1586355903004,452.86
1586355903004,452.86
1586355903004,452.86
1586355903004,452.86
1586355903004,452.86
1586356111274,454.19
1586356111274,454.19
1586356111274,454.19
1586356111274,454.19
1586356111274,454.19
1586356111274,454.19
1586356111274,454.19
1586356111274,454.19
1586356111274,454.19
1586356111274,454.19
1586356111274,454.19
1586356111274,454.19
1586356111274,454.19
1586356111274,454.19
1586356111274,454.19
1586356111274,454.19
1586356111274,454.19
1586356111274,454.19
1586356111274,454.19
1586356111274,454.19
1586356111274,454.19
1586356111274,454.19
1586356111274,454.19
1586356111274,454.19
1586356111274,454.19
1586356381715,454.455
1586356381715,454.455
1586356381715,454.455
1586356381715,454.455
1586356381715,454.455
1586356381715,454.455
1586356381715,454.455
1586356381715,454.455
1586356381715,454.455
1586356469412,453.52
1586356469412,453.52
1586356469412,453.52
1586356469412,453.52
1586356469412,453.52
1586356530945,452.83
1586356530945,452.83
1586356530945,452.83
1586356530945,452.83
1586356530945,452.83
1586356530945,452.83
1586356591923,452.825
1586356591923,452.825
1586356591923,452.825
1586356591923,452.825
1586356591923,452.825
1586356591923,452.825
1586356591923,452.825
1586356591923,452.825
1586356591923,452.825
1586356591923,452.825
1586356591923,452.825
1586356591923,452.825
1586356591923,452.825
1586356591923,452.825
1586356591923,452.825
1586356752170,453.835
1586356752170,453.835
1586356752170,453.835
1586356752170,453.835
1586356752170,453.835
1586356752170,453.835
1586356815148,453.12
1586356815148,453.12
1586356815148,453.12
1586356815148,453.12
1586356815148,453.12
1586356815148,453.12
1586356815148,453.12
1586356879742,453.335
1586356879742,453.335
1586356879742,453.335
1586356879742,453.335
1586356879742,453.335
1586356879742,453.335
1586356879742,453.335
1586356879742,453.335
1586356879742,453.335
1586356879742,453.335
1586356879742,453.335
1586356879742,453.335
1586356879742,453.335
1586356879742,453.335
1586356879742,453.335
1586356879742,453.335
1586356879742,453.335
1586356879742,453.335
1586356879742,453.335
1586356879742,453.335
1586356879742,453.335
1586356879742,453.335
1586356879742,453.335
1586356879742,453.335
1586356879742,453.335
1586356879742,453.335
1586357154770,453.835
1586357154770,453.835
1586357154770,453.835
1586357154770,453.835
1586357154770,453.835
1586357154770,453.835
1586357154770,453.835
1586357154770,453.835
1586357154770,453.835
1586357154770,453.835
1586357154770,453.835
1586357154770,453.835
1586357154770,453.835
1586357154770,453.835
1586357154770,453.835
1586357154770,453.835
1586357154770,453.835
1586357334079,452.835
1586357334079,452.835
1586357334079,452.835
1586357334079,452.835
1586357334079,452.835
1586357334079,452.835
1586357334079,452.835
1586357334079,452.835
1586357417937,454.25
1586357417937,454.25
1586357417937,454.25
1586357417937,454.25
1586357460045,454.375
1586357460045,454.375
1586357460045,454.375
1586357460045,454.375
1586357460045,454.375
1586357460045,454.375
1586357460045,454.375
1586357533195,455.07
1586357548033,455.07
1586357548033,455.07
1586357548033,455.07
1586357548033,455.07
1586357548033,455.07
1586357548033,455.07
1586357548033,455.07
1586357616450,455.065
1586357616450,455.065
1586357616450,455.065
1586357616450,455.065
1586357616450,455.065
1586357616450,455.065
1586357616450,455.065
1586357616450,455.065
1586357616450,455.065
1586357616450,455.065
1586357616450,455.065
1586357616450,455.065
1586357616450,455.065
1586357616450,455.065
1586357616450,455.065
1586357616450,455.065
1586357616450,455.065
1586357616450,455.065
1586357616450,455.065
1586357616450,455.065
1586357616450,455.065
1586357616450,455.065
1586357856424,455.31
1586357856424,455.31
1586357856424,455.31
1586357856424,455.31
1586357856424,455.31
1586357856424,455.31
1586357856424,455.31
1586357856424,455.31
1586357856424,455.31
1586357946012,456.15
1586357946012,456.15
1586357946012,456.15
1586357946012,456.15
1586357946012,456.15
1586357946012,456.15
1586357946012,456.15
1586357946012,456.15
1586357946012,456.15
1586357946012,456.15
1586357946012,456.15
1586357946012,456.15
1586357946012,456.15
1586357946012,456.15
1586357946012,456.15
1586357946012,456.15
1586357946012,456.15
1586357946012,456.15
1586357946012,456.15
1586358144208,457.815
1586358144208,457.815
1586358170280,458.23
1586358170280,458.23
1586358170280,458.23
1586358170280,458.23
1586358170280,458.23
1586358170280,458.23
1586358170280,458.23
1586358170280,458.23
1586358251005,456.235
1586358251005,456.235
1586358251005,456.235
1586358251005,456.235
1586358251005,456.235
1586358305236,455.93
1586358305236,455.93
1586358305236,455.93
1586358305236,455.93
1586358305236,455.93
1586358305236,455.93
1586358305236,455.93
1586358305236,455.93
1586358305236,455.93
1586358305236,455.93
1586358413093,455.85
1586358413093,455.85
1586358413093,455.85
1586358445171,456.37
1586358445171,456.37
1586358445171,456.37
1586358445171,456.37
1586358445171,456.37
1586358445171,456.37
1586358508500,456.58
1586358508500,456.58
1586358508500,456.58
1586358508500,456.58
1586358508500,456.58
1586358508500,456.58
1586358508500,456.58
1586358508500,456.58
1586358508500,456.58
1586358508500,456.58
1586358508500,456.58
1586358508500,456.58
1586358508500,456.58
1586358508500,456.58
1586358508500,456.58
1586358508500,456.58
1586358508500,456.58
1586358508500,456.58
1586358701807,457.415
1586358701807,457.415
1586358701807,457.415
1586358701807,457.415
1586358701807,457.415
1586358701807,457.415
1586358701807,457.415
1586358701807,457.415
1586358701807,457.415
1586358701807,457.415
1586358806891,458.51
1586358811433,458.525
1586358811433,458.525
1586358831147,458.78
1586358831147,458.78
1586358831147,458.78
1586358831147,458.78
1586358831147,458.78
1586358888005,459.085
1586358888005,459.085
1586358888005,459.085
1586358888005,459.085
1586358888005,459.085
1586358888005,459.085
1586358951792,458.17
1586358956208,458.17
1586358973375,458.61
1586358973375,458.61
1586358973375,458.61
1586358973375,458.61
1586358973375,458.61
1586359020834,459.12
1586359020834,459.12
1586359020834,459.12
1586359060799,459.065
1586359060799,459.065
1586359060799,459.065
1586359060799,459.065
1586359060799,459.065
1586359060799,459.065
1586359060799,459.065
1586359060799,459.065
1586359060799,459.065
1586359060799,459.065
1586359165770,458.97
1586359165770,458.97
1586359165770,458.97
1586359165770,458.97
1586359165770,458.97
1586359165770,458.97
1586359165770,458.97
1586359165770,458.97
1586359165770,458.97
1586359165770,458.97
1586359267363,459.91
1586359267363,459.91
1586359267363,459.91
1586359267363,459.91
1586359267363,459.91
1586359267363,459.91
1586359267363,459.91
1586359342504,459.05
1586359342504,459.05
1586359342504,459.05
1586359342504,459.05
1586359342504,459.05
1586359342504,459.05
1586359342504,459.05
1586359342504,459.05
1586359342504,459.05
1586359342504,459.05
1586359342504,459.05
1586359342504,459.05
1586359342504,459.05
1586359342504,459.05
1586359342504,459.05
1586359502424,458.525
1586359502424,458.525
1586359502424,458.525
1586359502424,458.525
1586359502424,458.525
1586359502424,458.525
1586359502424,458.525
1586359502424,458.525
1586359582008,459.195
1586359582008,459.195
1586359582008,459.195
1586359582008,459.195
1586359582008,459.195
1586359582008,459.195
1586359582008,459.195
1586359582008,459.195
1586359582008,459.195
1586359582008,459.195
1586359582008,459.195
1586359582008,459.195
1586359582008,459.195
1586359582008,459.195
1586359582008,459.195
1586359582008,459.195
1586359755068,459.96
1586359755068,459.96
1586359755068,459.96
1586359755068,459.96
1586359755068,459.96
1586359755068,459.96
1586359755068,459.96
1586359755068,459.96
1586359834183,460.21
1586359834183,460.21
1586359863214,459.785
1586359863214,459.785
1586359863214,459.785
1586359863214,459.785
1586359863214,459.785
1586359863214,459.785
1586359863214,459.785
1586359863214,459.785
1586359863214,459.785
1586359863214,459.785
1586359863214,459.785
1586359863214,459.785
1586359863214,459.785
1586359863214,459.785
1586359863214,459.785
1586360015755,460.06
1586360015755,460.06
1586360037013,460.06
1586360037013,460.06
1586360037013,460.06
1586360037013,460.06
1586360037013,460.06
1586360093197,460.37
1586360093197,460.37
1586360106845,459.96
1586360106845,459.96
1586360106845,459.96
1586360106845,459.96
1586360106845,459.96
1586360106845,459.96
1586360106845,459.96
1586360106845,459.96
1586360190407,460.9
1586360190407,460.9
1586360190407,460.9
1586360190407,460.9
1586360190407,460.9
1586360190407,460.9
1586360190407,460.9
1586360190407,460.9
1586360190407,460.9
1586360286243,461.005
1586360301716,460.35
1586360301716,460.35
1586360301716,460.35
1586360301716,460.35
1586360301716,460.35
1586360301716,460.35
1586360301716,460.35
1586360301716,460.35
1586360301716,460.35
1586360301716,460.35
1586360301716,460.35
1586360301716,460.35
1586360301716,460.35
1586360301716,460.35
1586360301716,460.35
1586360301716,460.35
1586360469007,460.865
1586360469007,460.865
1586360469007,460.865
1586360469007,460.865
1586360508740,460.53
1586360508740,460.53
1586360508740,460.53
1586360508740,460.53
1586360508740,460.53
1586360508740,460.53
1586360508740,460.53
1586360508740,460.53
1586360508740,460.53
1586360508740,460.53
1586360613641,460.185
1586360626009,459.97
1586360626009,459.97
1586360651051,459.705
1586360652821,459.335
1586360666625,459.425
1586360681070,459.57
1586360681070,459.57
1586360681070,459.57
1586360681070,459.57
1586360681070,459.57
1586360681070,459.57
1586360681070,459.57
1586360681070,459.57
1586360765525,459.145
1586360765525,459.145
1586360765525,459.145
1586360765525,459.145
1586360765525,459.145
1586360765525,459.145
1586360765525,459.145
1586360765525,459.145
1586360765525,459.145
1586360765525,459.145
1586360765525,459.145
1586360765525,459.145
1586360765525,459.145
1586360765525,459.145
1586360765525,459.145
1586360765525,459.145
1586360765525,459.145
1586360941960,458.17
1586360941960,458.17
1586360941960,458.17
1586360941960,458.17
1586360941960,458.17
1586360941960,458.17
1586360941960,458.17
1586360941960,458.17
1586360941960,458.17
1586360941960,458.17
1586360941960,458.17
1586360941960,458.17
1586361074541,458.45
1586361074541,458.45
1586361074541,458.45
1586361098211,458.275
1586361098211,458.275
1586361098211,458.275
1586361138226,458
1586361138226,458
1586361138226,458
1586361138226,458
1586361138226,458
1586361138226,458
1586361138226,458
1586361138226,458
1586361138226,458
1586361138226,458
1586361138226,458
1586361138226,458
1586361138226,458
1586361138226,458
1586361138226,458
1586361138226,458
1586361138226,458
1586361138226,458
1586361330113,457.23
1586361335219,456.71
1586361335219,456.71
1586361335219,456.71
1586361335219,456.71
1586361335219,456.71
1586361335219,456.71
1586361335219,456.71
1586361335219,456.71
1586361335219,456.71
1586361335219,456.71
1586361335219,456.71
1586361335219,456.71
1586361335219,456.71
1586361335219,456.71
1586361335219,456.71
1586361335219,456.71
1586361335219,456.71
1586361335219,456.71
1586361335219,456.71
1586361335219,456.71
1586361335219,456.71
1586361335219,456.71
1586361335219,456.71
1586361335219,456.71
1586361335219,456.71
1586361600635,456.63
1586361600635,456.63
1586361600635,456.63
1586361600635,456.63
1586361600635,456.63
1586361600635,456.63
1586361600635,456.63
1586361600635,456.63
1586361685875,456.65
1586361685875,456.65
1586361685875,456.65
1586361685875,456.65
1586361685875,456.65
1586361685875,456.65
1586361748439,457.11
1586361748439,457.11
1586361748439,457.11
1586361748439,457.11
1586361748439,457.11
1586361748439,457.11
1586361810775,456.945
1586361810775,456.945
1586361810775,456.945
1586361810775,456.945
1586361810775,456.945
1586361810775,456.945
1586361810775,456.945
1586361878418,457.23
1586361878418,457.23
1586361878418,457.23
1586361878418,457.23
1586361878418,457.23
1586361878418,457.23
1586361878418,457.23
1586361878418,457.23
1586361967872,457.53
1586361967872,457.53
1586361967872,457.53
1586361967872,457.53
1586361967872,457.53
1586361967872,457.53
1586361967872,457.53
1586361967872,457.53
1586361967872,457.53
1586361967872,457.53
1586362075362,458.205
1586362075362,458.205
1586362075362,458.205
1586362075362,458.205
1586362075362,458.205
1586362075362,458.205
1586362075362,458.205
1586362075362,458.205
1586362163000,458.48
1586362163000,458.48
1586362163000,458.48
1586362188492,458.45
1586362204269,458.505
1586362204269,458.505
1586362204269,458.505
1586362233775,457.885
1586362233775,457.885
1586362256828,457.6
1586362256828,457.6
1586362256828,457.6
1586362284452,457.715
1586362284452,457.715
1586362284452,457.715
1586362284452,457.715
1586362284452,457.715
1586362284452,457.715
1586362284452,457.715
1586362284452,457.715
1586362284452,457.715
1586362383152,457.73
1586362383152,457.73
1586362383152,457.73
1586362383152,457.73
1586362383152,457.73
1586362383152,457.73
1586362383152,457.73
1586362383152,457.73
1586362383152,457.73
1586362383152,457.73
1586362383152,457.73
1586362383152,457.73
1586362383152,457.73
1586362383152,457.73
1586362383152,457.73
1586362383152,457.73
1586362383152,457.73
1586362383152,457.73
1586362383152,457.73
1586362383152,457.73
1586362383152,457.73
1586362383152,457.73
1586362383152,457.73
1586362383152,457.73
1586362383152,457.73
1586362383152,457.73
1586362383152,457.73
1586362383152,457.73
1586362383152,457.73
1586362383152,457.73
1586362383152,457.73
1586362383152,457.73
1586362383152,457.73
1586362383152,457.73
1586362383152,457.73
1586362383152,457.73
1586362383152,457.73
1586362383152,457.73
1586362383152,457.73
1586362383152,457.73
1586362383152,457.73
1586362383152,457.73
1586362383152,457.73
1586362383152,457.73
1586362383152,457.73
1586362383152,457.73
1586362383152,457.73
1586362383152,457.73
1586362383152,457.73
1586362383152,457.73
1586362383152,457.73
1586362383152,457.73
1586362922675,459.175
1586362922675,459.175
1586362922675,459.175
1586362954945,459.89
1586362954945,459.89
1586362954945,459.89
1586362954945,459.89
1586362954945,459.89
1586362954945,459.89
1586362954945,459.89
1586362954945,459.89
1586362954945,459.89
1586362954945,459.89
1586363070347,459.585
1586363070347,459.585
1586363070347,459.585
1586363070347,459.585
1586363107731,459.59
1586363107731,459.59
1586363107731,459.59
1586363135188,459.6
1586363135188,459.6
1586363135188,459.6
1586363135188,459.6
1586363135188,459.6
1586363135188,459.6
1586363135188,459.6
1586363135188,459.6
1586363224053,458.755
1586363224053,458.755
1586363224053,458.755
1586363224053,458.755
1586363224053,458.755
1586363281304,458.8
1586363281304,458.8
1586363281304,458.8
1586363281304,458.8
1586363281304,458.8
1586363281304,458.8
1586363281304,458.8
1586363281304,458.8
1586363281304,458.8
1586363281304,458.8
1586363281304,458.8
1586363281304,458.8
1586363281304,458.8
1586363281304,458.8
1586363281304,458.8
1586363281304,458.8
1586363281304,458.8
1586363455583,458.495
1586363455583,458.495
1586363455583,458.495
1586363455583,458.495
1586363455583,458.495
1586363455583,458.495
1586363455583,458.495
1586363455583,458.495
1586363455583,458.495
1586363455583,458.495
1586363568617,458.745
1586363583933,458.745
1586363583933,458.745
1586363583933,458.745
1586363583933,458.745
1586363583933,458.745
1586363583933,458.745
1586363583933,458.745
1586363583933,458.745
1586363665807,458.805
1586363665807,458.805
1586363665807,458.805
1586363665807,458.805
1586363665807,458.805
1586363665807,458.805
1586363665807,458.805
1586363665807,458.805
1586363665807,458.805
1586363665807,458.805
1586363665807,458.805
1586363665807,458.805
1586363665807,458.805
1586363665807,458.805
1586363665807,458.805
1586363665807,458.805
1586363665807,458.805
1586363665807,458.805
1586363665807,458.805
1586363864432,459.36
1586363864432,459.36
1586363864432,459.36
1586363864432,459.36
1586363864432,459.36
1586363864432,459.36
1586363864432,459.36
1586363864432,459.36
1586363864432,459.36
1586363963782,460.295
1586363963782,460.295
1586363963782,460.295
1586363963782,460.295
1586363963782,460.295
1586363963782,460.295
1586363963782,460.295
1586364033807,460.525
1586364033807,460.525
1586364033807,460.525
1586364033807,460.525
1586364033807,460.525
1586364033807,460.525
1586364097442,461.23
1586364097442,461.23
1586364097442,461.23
1586364097442,461.23
1586364097442,461.23
1586364097442,461.23
1586364166415,460.545
1586364166415,460.545
1586364166415,460.545
1586364166415,460.545
1586364166415,460.545
1586364166415,460.545
1586364166415,460.545
1586364166415,460.545
1586364256763,460.98
1586364256763,460.98
1586364256763,460.98
1586364256763,460.98
1586364256763,460.98
1586364256763,460.98
1586364256763,460.98
1586364256763,460.98
1586364256763,460.98
1586364256763,460.98
1586364256763,460.98
1586364256763,460.98
1586364256763,460.98
1586364256763,460.98
1586364256763,460.98
1586364256763,460.98
1586364256763,460.98
1586364256763,460.98
1586364256763,460.98
1586364256763,460.98
1586364256763,460.98
1586364256763,460.98
1586364256763,460.98
1586364256763,460.98
1586364256763,460.98
1586364256763,460.98
1586364256763,460.98
1586364539000,462.45
1586364539000,462.45
1586364539000,462.45
1586364539000,462.45
1586364539000,462.45
1586364539000,462.45
1586364539000,462.45
1586364539000,462.45
1586364539000,462.45
1586364539000,462.45
1586364539000,462.45
1586364539000,462.45
1586364539000,462.45
1586364539000,462.45
1586364539000,462.45
1586364539000,462.45
1586364539000,462.45
1586364539000,462.45
1586364539000,462.45
1586364539000,462.45
1586364539000,462.45
1586364539000,462.45
1586364539000,462.45
1586364539000,462.45
1586364794914,460.555
1586364794914,460.555
1586364794914,460.555
1586364794914,460.555
1586364794914,460.555
1586364794914,460.555
1586364794914,460.555
1586364794914,460.555
1586364794914,460.555
1586364794914,460.555
1586364794914,460.555
1586364911318,461.31
1586364911318,461.31
1586364911318,461.31
1586364911318,461.31
1586364911318,461.31
1586364911318,461.31
1586364911318,461.31
1586364911318,461.31
1586364911318,461.31
1586364911318,461.31
1586365018232,460.95
1586365018232,460.95
1586365018232,460.95
1586365018232,460.95
1586365018232,460.95
1586365018232,460.95
1586365018232,460.95
1586365018232,460.95
1586365018232,460.95
1586365018232,460.95
1586365018232,460.95
1586365018232,460.95
1586365018232,460.95
1586365018232,460.95
1586365018232,460.95
1586365018232,460.95
1586365018232,460.95
1586365018232,460.95
1586365018232,460.95
1586365018232,460.95
1586365018232,460.95
1586365018232,460.95
1586365254982,460.51
1586365254982,460.51
1586365254982,460.51
1586365254982,460.51
1586365294607,460.36
1586365294607,460.36
1586365294607,460.36
1586365294607,460.36
1586365294607,460.36
1586365294607,460.36
1586365294607,460.36
1586365294607,460.36
1586365294607,460.36
1586365390055,460.195
1586365390055,460.195
1586365390055,460.195
1586365390055,460.195
1586365390055,460.195
1586365390055,460.195
1586365461558,460.03
1586365461558,460.03
1586365461558,460.03
1586365461558,460.03
1586365461558,460.03
1586365509307,459.96
1586365509307,459.96
1586365509307,459.96
1586365509307,459.96
1586365509307,459.96
1586365509307,459.96
1586365509307,459.96
1586365509307,459.96
1586365509307,459.96
1586365509307,459.96
1586365509307,459.96
1586365509307,459.96
1586365509307,459.96
1586365509307,459.96
1586365509307,459.96
1586365509307,459.96
1586365509307,459.96
1586365509307,459.96
1586365509307,459.96
1586365509307,459.96
1586365509307,459.96
1586365509307,459.96
1586365509307,459.96
1586365509307,459.96
1586365509307,459.96
1586365509307,459.96
1586365509307,459.96
1586365509307,459.96
1586365509307,459.96
1586365509307,459.96
1586365509307,459.96
1586365509307,459.96
1586365509307,459.96
1586365509307,459.96
1586365509307,459.96
1586365883873,459.285
1586365883873,459.285
1586365883873,459.285
1586365883873,459.285
1586365883873,459.285
1586365883873,459.285
1586365883873,459.285
1586365883873,459.285
1586365883873,459.285
1586365883873,459.285
1586365883873,459.285
1586365883873,459.285
1586365883873,459.285
1586365883873,459.285
1586365883873,459.285
1586365883873,459.285
1586365883873,459.285
1586365883873,459.285
1586365883873,459.285
1586365883873,459.285
1586365883873,459.285
1586365883873,459.285
1586366120547,459.79
1586366120547,459.79
1586366138590,459.78
1586366138590,459.78
1586366138590,459.78
1586366138590,459.78
1586366138590,459.78
1586366197774,460.32
1586366202256,460.32
1586366202256,460.32
1586366202256,460.32
1586366202256,460.32
1586366248767,460.5
1586366248767,460.5
1586366248767,460.5
1586366248767,460.5
1586366248767,460.5
1586366248767,460.5
1586366248767,460.5
1586366321610,460.12
1586366321610,460.12
1586366321610,460.12
1586366321610,460.12
1586366321610,460.12
1586366321610,460.12
1586366321610,460.12
1586366321610,460.12
1586366321610,460.12
1586366321610,460.12
1586366321610,460.12
1586366321610,460.12
1586366321610,460.12
1586366321610,460.12
1586366466901,460.385
1586366466901,460.385
1586366466901,460.385
1586366466901,460.385
1586366466901,460.385
1586366466901,460.385
1586366466901,460.385
1586366466901,460.385
1586366466901,460.385
1586366466901,460.385
1586366466901,460.385
1586366466901,460.385
1586366466901,460.385
1586366466901,460.385
1586366466901,460.385
1586366466901,460.385
1586366466901,460.385
1586366466901,460.385
1586366466901,460.385
1586366466901,460.385
1586366466901,460.385
1586366466901,460.385
1586366466901,460.385
1586366466901,460.385
1586366466901,460.385
1586366466901,460.385
1586366466901,460.385
1586366466901,460.385
1586366466901,460.385
1586366466901,460.385
1586366466901,460.385
1586366466901,460.385
1586366466901,460.385
1586366821245,460.685
1586366821245,460.685
1586366821245,460.685
1586366821245,460.685
1586366821245,460.685
1586366821245,460.685
1586366885870,460.46
1586366885870,460.46
1586366885870,460.46
1586366885870,460.46
1586366885870,460.46
1586366885870,460.46
1586366885870,460.46
1586366885870,460.46
1586366885870,460.46
1586366885870,460.46
1586366885870,460.46
1586366885870,460.46
1586367017353,460.125
1586367017353,460.125
1586367017353,460.125
1586367045876,460.06
1586367045876,460.06
1586367045876,460.06
1586367045876,460.06
1586367045876,460.06
1586367045876,460.06
1586367045876,460.06
1586367045876,460.06
1586367045876,460.06
1586367045876,460.06
1586367045876,460.06
1586367045876,460.06
1586367045876,460.06
1586367045876,460.06
1586367045876,460.06
1586367045876,460.06
1586367045876,460.06
1586367045876,460.06
1586367045876,460.06
1586367045876,460.06
1586367045876,460.06
1586367045876,460.06
1586367045876,460.06
1586367045876,460.06
1586367045876,460.06
1586367045876,460.06
1586367045876,460.06
1586367346316,458.39
1586367346316,458.39
1586367346316,458.39
1586367346316,458.39
1586367346316,458.39
1586367346316,458.39
1586367346316,458.39
1586367346316,458.39
1586367346316,458.39
1586367346316,458.39
1586367346316,458.39
1586367346316,458.39
1586367346316,458.39
1586367346316,458.39
1586367346316,458.39
1586367346316,458.39
1586367346316,458.39
1586367346316,458.39
1586367346316,458.39
1586367346316,458.39
1586367346316,458.39
1586367346316,458.39
1586367346316,458.39
1586367346316,458.39
1586367346316,458.39
1586367612489,458.405
1586367612489,458.405
1586367612489,458.405
1586367612489,458.405
1586367612489,458.405
1586367658241,458.425
1586367658241,458.425
1586367658241,458.425
1586367658241,458.425
1586367658241,458.425
1586367658241,458.425
1586367658241,458.425
1586367658241,458.425
1586367658241,458.425
1586367658241,458.425
1586367658241,458.425
1586367658241,458.425
1586367789050,458.79
1586367789050,458.79
1586367789050,458.79
1586367821867,458.3
1586367821867,458.3
1586367821867,458.3
1586367821867,458.3
1586367821867,458.3
1586367821867,458.3
1586367821867,458.3
1586367821867,458.3
1586367821867,458.3
1586367821867,458.3
1586367821867,458.3
1586367821867,458.3
1586367821867,458.3
1586367821867,458.3
1586367821867,458.3
1586367821867,458.3
1586367821867,458.3
1586368004094,457.17
1586368004094,457.17
1586368004094,457.17
1586368004094,457.17
1586368004094,457.17
1586368004094,457.17
1586368004094,457.17
1586368004094,457.17
1586368004094,457.17
1586368004094,457.17
1586368004094,457.17
1586368004094,457.17
1586368125356,456.53
1586368125356,456.53
1586368125356,456.53
1586368125356,456.53
1586368125356,456.53
1586368125356,456.53
1586368125356,456.53
1586368125356,456.53
1586368125356,456.53
1586368125356,456.53
1586368125356,456.53
1586368125356,456.53
1586368125356,456.53
1586368125356,456.53
1586368277855,457.3
1586368277855,457.3
1586368277855,457.3
1586368310857,457.165
1586368310857,457.165
1586368310857,457.165
1586368310857,457.165
1586368310857,457.165
1586368310857,457.165
1586368377006,457.065
1586368377006,457.065
1586368377006,457.065
1586368377006,457.065
1586368377006,457.065
1586368377006,457.065
1586368377006,457.065
1586368377006,457.065
1586368377006,457.065
1586368377006,457.065
1586368377006,457.065
1586368498916,457.05
1586368498916,457.05
1586368498916,457.05
1586368498916,457.05
1586368498916,457.05
1586368550832,456.18
1586368550832,456.18
1586368575038,456.33
1586368575038,456.33
1586368575038,456.33
1586368575038,456.33
1586368575038,456.33
1586368624149,456.38
1586368624149,456.38
1586368644144,456.58
1586368644144,456.58
1586368644144,456.58
1586368644144,456.58
1586368644144,456.58
1586368644144,456.58
1586368644144,456.58
1586368644144,456.58
1586368644144,456.58
1586368737621,456.67
1586368737621,456.67
1586368737621,456.67
1586368737621,456.67
1586368737621,456.67
1586368737621,456.67
1586368737621,456.67
1586368737621,456.67
1586368737621,456.67
1586368737621,456.67
1586368737621,456.67
1586368858224,456.865
1586368858224,456.865
1586368858224,456.865
1586368858224,456.865
1586368858224,456.865
1586368909070,456.78
1586368920160,457.145
1586368932652,457.205
1586368932652,457.205
1586368932652,457.205
1586368932652,457.205
1586368932652,457.205
1586368932652,457.205
1586368932652,457.205
1586369008735,457.055
1586369008735,457.055
1586369008735,457.055
1586369008735,457.055
1586369008735,457.055
1586369008735,457.055
1586369008735,457.055
1586369008735,457.055
1586369096996,457.555
1586369105613,457.42
1586369105613,457.42
1586369105613,457.42
1586369105613,457.42
1586369105613,457.42
1586369105613,457.42
1586369171751,457.585
1586369171751,457.585
1586369194443,456.945
1586369196333,457.02
1586369196333,457.02
1586369196333,457.02
1586369196333,457.02
1586369242813,457.385
1586369242813,457.385
1586369242813,457.385
1586369242813,457.385
1586369242813,457.385
1586369242813,457.385
1586369242813,457.385
1586369242813,457.385
1586369242813,457.385
1586369242813,457.385
1586369242813,457.385
1586369242813,457.385
1586369242813,457.385
1586369378903,457.815
1586369378903,457.815
1586369378903,457.815
1586369378903,457.815
1586369378903,457.815
1586369432042,458.305
1586369432042,458.305
1586369432042,458.305
1586369432042,458.305
1586369432042,458.305
1586369432042,458.305
1586369432042,458.305
1586369432042,458.305
1586369432042,458.305
1586369432042,458.305
1586369535108,458.095
1586369535108,458.095
1586369535108,458.095
1586369535108,458.095
1586369535108,458.095
1586369586959,458.245
1586369586959,458.245
1586369586959,458.245
1586369586959,458.245
1586369586959,458.245
1586369586959,458.245
1586369586959,458.245
1586369586959,458.245
1586369586959,458.245
1586369691450,458.25
1586369691450,458.25
1586369705681,458.335
1586369705681,458.335
1586369705681,458.335
1586369749083,458.75
1586369749083,458.75
1586369749083,458.75
1586369749083,458.75
1586369749083,458.75
1586369749083,458.75
1586369749083,458.75
1586369749083,458.75
1586369749083,458.75
1586369749083,458.75
1586369749083,458.75
1586369749083,458.75
1586369749083,458.75
1586369749083,458.75
1586369749083,458.75
1586369749083,458.75
1586369749083,458.75
1586369749083,458.75
1586369749083,458.75
1586369952680,459.52
1586369952680,459.52
1586369968559,459.54
1586369968559,459.54
1586369988682,459.595
1586369988682,459.595
1586369988682,459.595
1586369988682,459.595
1586369988682,459.595
1586369988682,459.595
1586369988682,459.595
1586369988682,459.595
1586369988682,459.595
1586369988682,459.595
1586369988682,459.595
1586369988682,459.595
1586370118975,460.07
1586370118975,460.07
1586370118975,460.07
1586370118975,460.07
1586370118975,460.07
1586370118975,460.07
1586370118975,460.07
1586370118975,460.07
1586370118975,460.07
1586370118975,460.07
1586370118975,460.07
1586370244382,459.895
1586370244382,459.895
1586370244382,459.895
1586370244382,459.895
1586370244382,459.895
1586370244382,459.895
1586370244382,459.895
1586370324069,461.2
1586370324069,461.2
1586370324069,461.2
1586370324069,461.2
1586370324069,461.2
1586370324069,461.2
1586370324069,461.2
1586370324069,461.2
1586370324069,461.2
1586370324069,461.2
1586370430189,461.2
1586370430189,461.2
1586370430189,461.2
1586370430189,461.2
1586370430189,461.2
1586370430189,461.2
1586370430189,461.2
1586370430189,461.2
1586370509249,461.12
1586370509249,461.12
1586370531573,461.12
1586370531573,461.12
1586370531573,461.12
1586370531573,461.12
1586370531573,461.12
1586370531573,461.12
1586370531573,461.12
1586370531573,461.12
1586370620379,461.67
1586370620379,461.67
1586370620379,461.67
1586370620379,461.67
1586370620379,461.67
1586370620379,461.67
1586370620379,461.67
1586370620379,461.67
1586370620379,461.67
1586370620379,461.67
1586370620379,461.67
1586370620379,461.67
1586370742438,461.7
1586370742438,461.7
1586370771305,461.79
1586370771305,461.79
1586370771305,461.79
1586370798390,462.15
1586370798390,462.15
1586370798390,462.15
1586370835752,461.9
1586370835752,461.9
1586370835752,461.9
1586370835752,461.9
1586370835752,461.9
1586370835752,461.9
1586370835752,461.9
1586370835752,461.9
1586370921390,461.42
1586370921390,461.42
1586370921390,461.42
1586370921390,461.42
1586370921390,461.42
1586370921390,461.42
1586370921390,461.42
1586370921390,461.42
1586370921390,461.42
1586370921390,461.42
1586370921390,461.42
1586370921390,461.42
1586370921390,461.42
1586370921390,461.42
1586370921390,461.42
1586370921390,461.42
1586370921390,461.42
1586370921390,461.42
1586370921390,461.42
1586370921390,461.42
1586370921390,461.42
1586370921390,461.42
1586370921390,461.42
1586370921390,461.42
1586370921390,461.42
1586370921390,461.42
1586370921390,461.42
1586370921390,461.42
1586370921390,461.42
1586371226136,462.2
1586371226136,462.2
1586371226136,462.2
1586371226136,462.2
1586371226136,462.2
1586371226136,462.2
1586371226136,462.2
1586371226136,462.2
1586371226136,462.2
1586371226136,462.2
1586371331015,462.28
1586371340149,462.34
1586371340149,462.34
1586371340149,462.34
1586371340149,462.34
1586371340149,462.34
1586371340149,462.34
1586371340149,462.34
1586371340149,462.34
1586371340149,462.34
1586371340149,462.34
1586371340149,462.34
1586371459125,461.81
1586371459125,461.81
1586371459125,461.81
1586371459125,461.81
1586371459125,461.81
1586371459125,461.81
1586371459125,461.81
1586371459125,461.81
1586371459125,461.81
1586371459125,461.81
1586371459125,461.81
1586371459125,461.81
1586371459125,461.81
1586371459125,461.81
1586371459125,461.81
1586371459125,461.81
1586371459125,461.81
1586371459125,461.81
1586371459125,461.81
1586371459125,461.81
1586371459125,461.81
1586371459125,461.81
1586371459125,461.81
1586371459125,461.81
1586371459125,461.81
1586371459125,461.81
1586371459125,461.81
1586371459125,461.81
1586371459125,461.81
1586371459125,461.81
1586371459125,461.81
1586371459125,461.81
1586371459125,461.81
1586371459125,461.81
1586371459125,461.81
1586371459125,461.81
1586371459125,461.81
1586371459125,461.81
1586371459125,461.81
1586371459125,461.81
1586371459125,461.81
1586371459125,461.81
1586371459125,461.81
1586371459125,461.81
1586371459125,461.81
1586371937864,461.475
1586371937864,461.475
1586371937864,461.475
1586371937864,461.475
1586371937864,461.475
1586371937864,461.475
1586371937864,461.475
1586371937864,461.475
1586371937864,461.475
1586371937864,461.475
1586371937864,461.475
1586371937864,461.475
1586371937864,461.475
1586372074285,461.385
1586372074285,461.385
1586372074285,461.385
1586372074285,461.385
1586372074285,461.385
1586372074285,461.385
1586372074285,461.385
1586372156560,461.805
1586372156560,461.805
1586372175707,461.54
1586372175707,461.54
1586372175707,461.54
1586372175707,461.54
1586372175707,461.54
1586372175707,461.54
1586372175707,461.54
1586372175707,461.54
1586372175707,461.54
1586372175707,461.54
1586372175707,461.54
1586372175707,461.54
1586372175707,461.54
1586372175707,461.54
1586372175707,461.54
1586372175707,461.54
1586372175707,461.54
1586372175707,461.54
1586372175707,461.54
1586372175707,461.54
