1585661460001,24.96
1585661469012,24.945
1585661483008,24.93
1585661490315,24.915
1585661490315,24.915
1585661490315,24.915
1585661523193,24.97
1585661523193,24.97
1585661542155,24.97
1585661542155,24.97
1585661566039,24.95
1585661577482,24.97
1585661587618,24.9
1585661587618,24.9
1585661587618,24.9
1585661612735,24.89
1585661623274,24.89
1585661639649,24.855
1585661652220,24.885
1585661659692,24.92
1585661669872,24.915
1585661681815,24.93
1585661687911,24.9
1585661687911,24.9
1585661711542,24.88
1585661719600,24.86
1585661732354,24.805
1585661732354,24.805
1585661732354,24.805
1585661732354,24.805
1585661776479,24.82
1585661787270,24.81
1585661791540,24.82
1585661804250,24.84
1585661813150,24.81
1585661813150,24.81
1585661833297,24.765
1585661846242,24.73
1585661846242,24.73
1585661863595,24.67
1585661881137,24.65
1585661881137,24.65
1585661902144,24.62
1585661911499,24.64
1585661924082,24.63
1585661924082,24.63
1585661944716,24.64
1585661944716,24.64
1585661944716,24.64
1585661971382,24.71
1585661971382,24.71
1585661992891,24.675
1585661992891,24.675
1585661992891,24.675
1585662027070,24.68
1585662039245,24.7
1585662049452,24.69
1585662049452,24.69
1585662049452,24.69
1585662049452,24.69
1585662090622,24.77
1585662095281,24.745
1585662095281,24.745
1585662095281,24.745
1585662128144,24.87
1585662144160,24.86
1585662144160,24.86
1585662144160,24.86
1585662169155,24.85
1585662186251,24.91
1585662196669,24.87
1585662196669,24.87
1585662196669,24.87
1585662196669,24.87
1585662196669,24.87
1585662244861,24.865
1585662244861,24.865
1585662244861,24.865
1585662244861,24.865
1585662244861,24.865
1585662244861,24.865
1585662244861,24.865
1585662244861,24.865
1585662244861,24.865
1585662342307,24.82
1585662352570,24.84
1585662365174,24.82
1585662374131,24.79
1585662380390,24.8
1585662380390,24.8
1585662402852,24.84
1585662402852,24.84
1585662425231,24.815
1585662435231,24.84
1585662445079,24.86
1585662457484,24.87
1585662465552,24.85
1585662465552,24.85
1585662485394,24.83
1585662485394,24.83
1585662511041,24.86
1585662511041,24.86
1585662511041,24.86
1585662511041,24.86
1585662511041,24.86
1585662555427,24.78
1585662555427,24.78
1585662555427,24.78
1585662555427,24.78
1585662603703,24.835
1585662606197,24.84
1585662606197,24.84
1585662634003,24.82
1585662634003,24.82
1585662634003,24.82
1585662634003,24.82
1585662634003,24.82
1585662680498,24.815
1585662697921,24.845
1585662697921,24.845
1585662697921,24.845
1585662697921,24.845
1585662697921,24.845
1585662744115,24.825
1585662756180,24.83
1585662764362,24.84
1585662773751,24.8
1585662793471,24.77
1585662797494,24.75
1585662815195,24.77
1585662815863,24.76
1585662835790,24.82
1585662839065,24.84
1585662857103,24.845
1585662857103,24.845
1585662878751,24.825
1585662880001,24.835
1585662896068,24.82
1585662907293,24.86
1585662912478,24.86
1585662912478,24.86
1585662933614,24.81
1585662952089,24.84
1585662952089,24.84
1585662952089,24.84
1585662980688,24.825
1585662993703,24.835
1585662994948,24.835
1585662994948,24.835
1585663021675,24.865
1585663032815,24.875
1585663040987,24.865
1585663040987,24.865
1585663067208,24.9
1585663067208,24.9
1585663087934,24.89
1585663089456,24.885
1585663089456,24.885
1585663112321,24.87
1585663112321,24.87
1585663133905,24.89
1585663148394,24.92
1585663159425,24.895
1585663159425,24.895
1585663179185,24.88
1585663179185,24.88
1585663179185,24.88
1585663215931,24.91
1585663220987,24.92
1585663237921,24.97
1585663246405,25.04
1585663254045,25.04
1585663268981,25.04
1585663278578,25.04
1585663278578,25.04
1585663293035,25.035
1585663293035,25.035
1585663293035,25.035
1585663328822,25.06
1585663328822,25.06
1585663328822,25.06
1585663360212,25.08
1585663369081,25.06
1585663369081,25.06
1585663387297,25.015
1585663395286,25.01
1585663395286,25.01
1585663395286,25.01
1585663430651,25.06
1585663445260,25.08
1585663448160,25.09
1585663448160,25.09
1585663477826,25.115
1585663488048,25.065
1585663488048,25.065
1585663507066,25.085
1585663519948,25.065
1585663526994,25.09
1585663531480,25.07
1585663550257,25.08
1585663554299,25.11
1585663564829,25.11
1585663573326,25.11
1585663591968,25.15
1585663591968,25.15
1585663591968,25.15
1585663625587,25.17
1585663627593,25.19
1585663647721,25.22
1585663654226,25.215
1585663661954,25.21
1585663661954,25.21
1585663689378,25.24
1585663689378,25.24
1585663709557,25.26
1585663720248,25.21
1585663720248,25.21
1585663720248,25.21
1585663743946,25.23
1585663761721,25.215
1585663761721,25.215
1585663781507,25.18
1585663791842,25.175
1585663803171,25.2
1585663809868,25.185
1585663826937,25.195
1585663826937,25.195
1585663843011,25.22
1585663858766,25.215
1585663865350,25.2
1585663871777,25.21
1585663889374,25.23
1585663895782,25.245
1585663901687,25.255
1585663917500,25.27
1585663917500,25.27
1585663917500,25.27
1585663917500,25.27
1585663917500,25.27
1585663971162,25.31
1585663971162,25.31
1585663993197,25.34
1585663993197,25.34
1585663993197,25.34
1585664024471,25.305
1585664030142,25.34
1585664030142,25.34
1585664055087,25.325
1585664059966,25.34
1585664075325,25.36
1585664075325,25.36
1585664075325,25.36
1585664101670,25.355
1585664116668,25.345
1585664126392,25.335
1585664135440,25.295
1585664146097,25.335
1585664151927,25.31
1585664151927,25.31
1585664174466,25.33
1585664190254,25.305
1585664202495,25.31
1585664202495,25.31
1585664216642,25.33
1585664226844,25.355
1585664244064,25.33
1585664250574,25.35
1585664250574,25.35
1585664250574,25.35
1585664283256,25.32
1585664292701,25.355
1585664292701,25.355
1585664316684,25.345
1585664325808,25.36
1585664325808,25.36
1585664325808,25.36
1585664325808,25.36
1585664325808,25.36
1585664325808,25.36
1585664325808,25.36
1585664325808,25.36
1585664325808,25.36
1585664325808,25.36
1585664325808,25.36
1585664435101,25.39
1585664435101,25.39
1585664461150,25.395
1585664461150,25.395
1585664461150,25.395
1585664494875,25.36
1585664494875,25.36
1585664515529,25.35
1585664527107,25.335
1585664537993,25.35
1585664537993,25.35
1585664554881,25.345
1585664554881,25.345
1585664554881,25.345
1585664554881,25.345
1585664600572,25.285
1585664608660,25.295
1585664615505,25.31
1585664631297,25.315
1585664641154,25.315
1585664653076,25.315
1585664660529,25.325
1585664671647,25.35
1585664676647,25.345
1585664690787,25.36
1585664699780,25.35
1585664699780,25.35
1585664720339,25.31
1585664730381,25.275
1585664743874,25.245
1585664751527,25.25
1585664766886,25.285
1585664774471,25.26
1585664774471,25.26
1585664795220,25.265
1585664808764,25.255
1585664820987,25.295
1585664828853,25.305
1585664839942,25.315
1585664839942,25.315
1585664855300,25.34
1585664855300,25.34
1585664855300,25.34
1585664893313,25.33
1585664897662,25.34
1585664897662,25.34
1585664897662,25.34
1585664897662,25.34
1585664897662,25.34
1585664897662,25.34
1585664960331,25.37
1585664975181,25.365
1585664975181,25.365
1585664975181,25.365
1585664975181,25.365
1585664975181,25.365
1585665027412,25.4
1585665027412,25.4
1585665049027,25.405
1585665053992,25.4
1585665053992,25.4
1585665074610,25.4
1585665085720,25.375
1585665096400,25.385
1585665107305,25.385
1585665107305,25.385
1585665131663,25.4
1585665144509,25.415
1585665149470,25.405
1585665163063,25.405
1585665175143,25.425
1585665185762,25.43
1585665194709,25.415
1585665201153,25.405
1585665213744,25.405
1585665213744,25.405
1585665231018,25.41
1585665248701,25.4
1585665259478,25.38
1585665259478,25.38
1585665259478,25.38
1585665259478,25.38
1585665296833,25.4
1585665296833,25.4
1585665313285,25.375
1585665313285,25.375
1585665341759,25.38
1585665341759,25.38
1585665359997,25.405
1585665374277,25.425
1585665385066,25.425
1585665391679,25.425
1585665405731,25.425
1585665405731,25.425
1585665425027,25.45
1585665425027,25.45
1585665425027,25.45
1585665455652,25.455
1585665465718,25.44
1585665474979,25.435
1585665487213,25.425
1585665487213,25.425
1585665487213,25.425
1585665521482,25.405
1585665521482,25.405
1585665540235,25.42
1585665548674,25.41
1585665557140,25.43
1585665557140,25.43
1585665581990,25.42
1585665581990,25.42
1585665595262,25.4
1585665609930,25.415
1585665622016,25.4
1585665630902,25.38
1585665637771,25.385
1585665656860,25.405
1585665661767,25.395
1585665676763,25.4
1585665688192,25.405
1585665693960,25.405
1585665702054,25.405
1585665717019,25.375
1585665717019,25.375
1585665736874,25.33
1585665736874,25.33
1585665754959,25.315
1585665754959,25.315
1585665754959,25.315
1585665754959,25.315
1585665799033,25.36
1585665810716,25.37
1585665810716,25.37
1585665832282,25.36
1585665832282,25.36
1585665832282,25.36
1585665832282,25.36
1585665877243,25.375
1585665884928,25.335
1585665884928,25.335
1585665900975,25.33
1585665900975,25.33
1585665927581,25.305
1585665936544,25.295
1585665943075,25.295
1585665943075,25.295
1585665943075,25.295
1585665975150,25.26
1585665992994,25.23
1585666002673,25.215
1585666007114,25.24
1585666007114,25.24
1585666027934,25.27
1585666045032,25.245
1585666055791,25.25
1585666059401,25.25
1585666071240,25.23
1585666071240,25.23
1585666071240,25.23
1585666100500,25.235
1585666100500,25.235
1585666119314,25.24
1585666134270,25.21
1585666145350,25.26
1585666158796,25.24
1585666167297,25.27
1585666167297,25.27
1585666167297,25.27
1585666167297,25.27
1585666212246,25.22
1585666212246,25.22
1585666212246,25.22
1585666236387,25.22
1585666244421,25.23
1585666260303,25.27
1585666272937,25.265
1585666280220,25.26
1585666280220,25.26
1585666280220,25.26
1585666280220,25.26
1585666280220,25.26
1585666333332,25.31
1585666333332,25.31
1585666358910,25.3
1585666360368,25.3
1585666360368,25.3
1585666360368,25.3
1585666360368,25.3
1585666407891,25.29
1585666418818,25.27
1585666418818,25.27
1585666418818,25.27
1585666418818,25.27
1585666418818,25.27
1585666418818,25.27
1585666480793,25.28
1585666480793,25.28
1585666480793,25.28
1585666480793,25.28
1585666480793,25.28
1585666529252,25.3
1585666529252,25.3
1585666529252,25.3
1585666529252,25.3
1585666529252,25.3
1585666529252,25.3
1585666597143,25.33
1585666605270,25.31
1585666605270,25.31
1585666605270,25.31
1585666634682,25.305
1585666634682,25.305
1585666658824,25.3
1585666667817,25.3
1585666667817,25.3
1585666667817,25.3
1585666667817,25.3
1585666667817,25.3
1585666667817,25.3
1585666667817,25.3
1585666744601,25.29
1585666755528,25.305
1585666755528,25.305
1585666774366,25.28
1585666774366,25.28
1585666774366,25.28
1585666799630,25.275
1585666799630,25.275
1585666799630,25.275
1585666834529,25.24
1585666834529,25.24
1585666834529,25.24
1585666834529,25.24
1585666834529,25.24
1585666834529,25.24
1585666899507,25.18
1585666899507,25.18
1585666899507,25.18
1585666929822,25.165
1585666942552,25.185
1585666945663,25.185
1585666945663,25.185
1585666972028,25.2
1585666979020,25.18
1585666979020,25.18
1585666979020,25.18
1585667011257,25.175
1585667028095,25.13
1585667038522,25.105
1585667040490,25.11
1585667040490,25.11
1585667040490,25.11
1585667040490,25.11
1585667040490,25.11
1585667040490,25.11
1585667040490,25.11
1585667040490,25.11
1585667040490,25.11
1585667140611,25.2
1585667140611,25.2
1585667140611,25.2
1585667140611,25.2
1585667183157,25.26
1585667193072,25.28
1585667193072,25.28
1585667212300,25.31
1585667212300,25.31
1585667233231,25.3
1585667233231,25.3
1585667233231,25.3
1585667268165,25.33
1585667268165,25.33
1585667288827,25.33
1585667288827,25.33
1585667288827,25.33
1585667288827,25.33
1585667325579,25.335
1585667325579,25.335
1585667346158,25.35
1585667346158,25.35
1585667373355,25.335
1585667373355,25.335
1585667373355,25.335
1585667373355,25.335
1585667373355,25.335
1585667373355,25.335
1585667373355,25.335
1585667445610,25.38
1585667445610,25.38
1585667445610,25.38
1585667477444,25.375
1585667484605,25.375
1585667484605,25.375
1585667484605,25.375
1585667484605,25.375
1585667484605,25.375
1585667534961,25.395
1585667534961,25.395
1585667560677,25.38
1585667560677,25.38
1585667560677,25.38
1585667560677,25.38
1585667560677,25.38
1585667560677,25.38
1585667560677,25.38
1585667630636,25.39
1585667630636,25.39
1585667630636,25.39
1585667665257,25.39
1585667671938,25.37
1585667687351,25.38
1585667694868,25.375
1585667694868,25.375
1585667694868,25.375
1585667694868,25.375
1585667694868,25.375
1585667694868,25.375
1585667694868,25.375
1585667694868,25.375
1585667780857,25.44
1585667789844,25.44
1585667789844,25.44
1585667789844,25.44
1585667824827,25.445
1585667824827,25.445
1585667840596,25.46
1585667857531,25.465
1585667865400,25.48
1585667876099,25.46
1585667885134,25.47
1585667885134,25.47
1585667900296,25.47
1585667915219,25.48
1585667915219,25.48
1585667915219,25.48
1585667948426,25.485
1585667962216,25.46
1585667962216,25.46
1585667962216,25.46
1585667990913,25.48
1585668002585,25.495
1585668004367,25.5
1585668017650,25.51
1585668017650,25.51
1585668038077,25.525
1585668054998,25.54
1585668054998,25.54
1585668054998,25.54
1585668054998,25.54
1585668054998,25.54
1585668110093,25.5
1585668110093,25.5
1585668126567,25.465
1585668140315,25.465
1585668140315,25.465
1585668155957,25.46
1585668155957,25.46
1585668155957,25.46
1585668155957,25.46
1585668155957,25.46
1585668217257,25.475
1585668222372,25.475
1585668222372,25.475
1585668243183,25.52
1585668249301,25.51
1585668249301,25.51
1585668277452,25.515
1585668277452,25.515
1585668299793,25.515
1585668310902,25.485
1585668310902,25.485
1585668326870,25.525
1585668341558,25.535
1585668343672,25.535
1585668343672,25.535
1585668373026,25.51
1585668379404,25.515
1585668379404,25.515
1585668379404,25.515
1585668409853,25.545
1585668409853,25.545
1585668409853,25.545
1585668409853,25.545
1585668409853,25.545
1585668464256,25.55
1585668464256,25.55
1585668464256,25.55
1585668492056,25.575
1585668492056,25.575
1585668521007,25.58
1585668528266,25.635
1585668528266,25.635
1585668546559,25.74
1585668546559,25.74
1585668546559,25.74
1585668546559,25.74
1585668592793,25.695
1585668600917,25.675
1585668600917,25.675
1585668616115,25.695
1585668616115,25.695
1585668645344,25.68
1585668652149,25.65
1585668652149,25.65
1585668669046,25.695
1585668669046,25.695
1585668693735,25.665
1585668701129,25.68
1585668701129,25.68
1585668701129,25.68
1585668701129,25.68
1585668701129,25.68
1585668758353,25.685
1585668758353,25.685
1585668758353,25.685
1585668792369,25.675
1585668802899,25.68
1585668811742,25.7
1585668817274,25.72
1585668832284,25.73
1585668841609,25.78
1585668855603,25.82
1585668866413,25.81
1585668866413,25.81
1585668881909,25.82
1585668897177,25.785
1585668901293,25.765
1585668901293,25.765
1585668901293,25.765
1585668901293,25.765
1585668901293,25.765
1585668951486,25.695
1585668951486,25.695
1585668951486,25.695
1585668991088,25.665
1585668991088,25.665
1585668991088,25.665
1585669023854,25.665
1585669023854,25.665
1585669036260,25.67
1585669036260,25.67
1585669036260,25.67
1585669036260,25.67
1585669085374,25.61
1585669096125,25.585
1585669107085,25.58
1585669107085,25.58
1585669129304,25.555
1585669139550,25.545
1585669144493,25.515
1585669154975,25.505
1585669154975,25.505
1585669154975,25.505
1585669154975,25.505
1585669154975,25.505
1585669209466,25.505
1585669219740,25.515
1585669232161,25.565
1585669232161,25.565
1585669232161,25.565
1585669263735,25.565
1585669267239,25.56
1585669267239,25.56
1585669289178,25.61
1585669289178,25.61
1585669289178,25.61
1585669289178,25.61
1585669289178,25.61
1585669289178,25.61
1585669289178,25.61
1585669289178,25.61
1585669289178,25.61
1585669387127,25.59
1585669387127,25.59
1585669411453,25.585
1585669419167,25.565
1585669419167,25.565
1585669419167,25.565
1585669419167,25.565
1585669419167,25.565
1585669419167,25.565
1585669419167,25.565
1585669419167,25.565
1585669503635,25.535
1585669503635,25.535
1585669503635,25.535
1585669503635,25.535
1585669503635,25.535
1585669558099,25.55
1585669558099,25.55
1585669558099,25.55
1585669558099,25.55
1585669558099,25.55
1585669558099,25.55
1585669620375,25.505
1585669631452,25.47
1585669637128,25.46
1585669637128,25.46
1585669637128,25.46
1585669674180,25.465
1585669685637,25.445
1585669688041,25.42
1585669688041,25.42
1585669715772,25.435
1585669715772,25.435
1585669731813,25.41
1585669731813,25.41
1585669731813,25.41
1585669731813,25.41
1585669731813,25.41
1585669784659,25.39
1585669784659,25.39
1585669784659,25.39
1585669784659,25.39
1585669821752,25.44
1585669821752,25.44
1585669821752,25.44
1585669821752,25.44
1585669821752,25.44
1585669821752,25.44
1585669821752,25.44
1585669821752,25.44
1585669821752,25.44
1585669821752,25.44
1585669821752,25.44
1585669821752,25.44
1585669821752,25.44
1585669821752,25.44
1585669821752,25.44
1585669821752,25.44
1585669821752,25.44
1585670011568,25.435
1585670016179,25.415
1585670016179,25.415
1585670036032,25.445
1585670036032,25.445
1585670036032,25.445
1585670074261,25.425
1585670074261,25.425
1585670074261,25.425
1585670074261,25.425
1585670074261,25.425
1585670117941,25.395
1585670117941,25.395
1585670117941,25.395
1585670117941,25.395
1585670117941,25.395
1585670117941,25.395
1585670117941,25.395
1585670117941,25.395
1585670117941,25.395
1585670221008,25.41
1585670221008,25.41
1585670239132,25.425
1585670247925,25.45
1585670247925,25.45
1585670247925,25.45
1585670247925,25.45
1585670247925,25.45
1585670247925,25.45
1585670247925,25.45
1585670247925,25.45
1585670247925,25.45
1585670247925,25.45
1585670247925,25.45
1585670247925,25.45
1585670372964,25.475
1585670372964,25.475
1585670372964,25.475
1585670406198,25.54
1585670406198,25.54
1585670406198,25.54
1585670406198,25.54
1585670406198,25.54
1585670406198,25.54
1585670406198,25.54
1585670406198,25.54
1585670406198,25.54
1585670406198,25.54
1585670507985,25.48
1585670507985,25.48
1585670507985,25.48
1585670507985,25.48
1585670507985,25.48
1585670570384,25.45
1585670570384,25.45
1585670570384,25.45
1585670570384,25.45
1585670604436,25.415
1585670604436,25.415
1585670604436,25.415
1585670604436,25.415
1585670604436,25.415
1585670604436,25.415
1585670604436,25.415
1585670604436,25.415
1585670604436,25.415
1585670604436,25.415
1585670604436,25.415
1585670604436,25.415
1585670604436,25.415
1585670604436,25.415
1585670604436,25.415
1585670766494,25.44
1585670774924,25.445
1585670787882,25.465
1585670802871,25.445
1585670813452,25.445
1585670821824,25.425
1585670832064,25.405
1585670841016,25.395
1585670851926,25.395
1585670864141,25.415
1585670864141,25.415
1585670864141,25.415
1585670864141,25.415
1585670864141,25.415
1585670864141,25.415
1585670923898,25.4
1585670939533,25.385
1585670947934,25.395
1585670947934,25.395
1585670947934,25.395
1585670979327,25.36
1585670983628,25.365
1585670997474,25.365
1585670997474,25.365
1585671014889,25.355
1585671014889,25.355
1585671014889,25.355
1585671014889,25.355
1585671014889,25.355
1585671074891,25.335
1585671074891,25.335
1585671074891,25.335
1585671098356,25.295
1585671117365,25.29
1585671117365,25.29
1585671117365,25.29
1585671117365,25.29
1585671156026,25.285
1585671156026,25.285
1585671173393,25.29
1585671187091,25.28
1585671201291,25.25
1585671203265,25.235
1585671218362,25.25
1585671218362,25.25
1585671218362,25.25
1585671218362,25.25
1585671218362,25.25
1585671218362,25.25
1585671218362,25.25
1585671218362,25.25
1585671297575,25.205
1585671297575,25.205
1585671297575,25.205
1585671297575,25.205
1585671297575,25.205
1585671297575,25.205
1585671297575,25.205
1585671297575,25.205
1585671297575,25.205
1585671401342,25.175
1585671401342,25.175
1585671401342,25.175
1585671401342,25.175
1585671401342,25.175
1585671401342,25.175
1585671455732,25.16
1585671455732,25.16
1585671455732,25.16
1585671455732,25.16
1585671505401,25.125
1585671505401,25.125
1585671524093,25.12
1585671524093,25.12
1585671524093,25.12
1585671547297,25.06
1585671547297,25.06
1585671547297,25.06
1585671586472,25.07
1585671586472,25.07
1585671586472,25.07
1585671614681,25.11
1585671614681,25.11
1585671634909,25.11
1585671634909,25.11
1585671634909,25.11
1585671634909,25.11
1585671680336,25.045
1585671680336,25.045
1585671703813,25.03
1585671713198,25.03
1585671713198,25.03
1585671713198,25.03
1585671742901,25.02
1585671742901,25.02
1585671742901,25.02
1585671742901,25.02
1585671742901,25.02
1585671797178,25.04
1585671797178,25.04
1585671797178,25.04
1585671797178,25.04
1585671838333,25.025
1585671838333,25.025
1585671838333,25.025
1585671838333,25.025
1585671876694,25.015
1585671892469,25.005
1585671896752,25.01
1585671911876,24.975
1585671924482,24.965
1585671930220,24.96
1585671930220,24.96
1585671930220,24.96
1585671930220,24.96
1585671976804,24.97
1585671986225,24.95
1585671986225,24.95
1585672004697,24.94
1585672017567,24.92
1585672017567,24.92
1585672017567,24.92
1585672043199,24.92
1585672043199,24.92
1585672043199,24.92
1585672043199,24.92
1585672087191,24.905
1585672095524,24.9
1585672109005,24.935
1585672109005,24.935
1585672109005,24.935
1585672144021,24.925
1585672147152,24.93
1585672147152,24.93
1585672171516,24.945
1585672171516,24.945
1585672171516,24.945
1585672199166,24.995
1585672214876,25
1585672214876,25
1585672233051,24.99
1585672250870,24.99
1585672250870,24.99
1585672271310,25.015
1585672271310,25.015
1585672290082,25.01
1585672302211,24.97
1585672302211,24.97
1585672302211,24.97
1585672327695,24.99
1585672341573,24.97
1585672356811,24.935
1585672356811,24.935
1585672377188,24.915
1585672387986,24.91
1585672391499,24.9
1585672409490,24.91
1585672409490,24.91
1585672409490,24.91
1585672409490,24.91
1585672409490,24.91
1585672409490,24.91
1585672409490,24.91
1585672409490,24.91
1585672409490,24.91
1585672500111,24.96
1585672500111,24.96
1585672520420,24.94
1585672520420,24.94
1585672520420,24.94
1585672556214,24.945
1585672564035,24.925
1585672570537,24.925
1585672570537,24.925
1585672595123,24.92
1585672595123,24.92
1585672595123,24.92
1585672595123,24.92
1585672595123,24.92
1585672651090,24.925
1585672655413,24.915
1585672655413,24.915
1585672655413,24.915
1585672655413,24.915
1585672655413,24.915
1585672713140,24.95
1585672720255,24.9
1585672724299,24.88
1585672724299,24.88
1585672749027,24.855
1585672767066,24.815
1585672773252,24.825
1585672773252,24.825
1585672773252,24.825
1585672773252,24.825
1585672773252,24.825
1585672773252,24.825
1585672773252,24.825
1585672849834,24.81
1585672849834,24.81
1585672870413,24.82
1585672870413,24.82
1585672870413,24.82
1585672899645,24.845
1585672899645,24.845
1585672917914,24.875
1585672936312,24.87
1585672936312,24.87
1585672959609,24.915
1585672969938,24.905
1585672978048,24.91
1585672990067,24.92
1585672990067,24.92
1585673008587,24.935
1585673013738,24.955
1585673028739,24.955
1585673028739,24.955
1585673028739,24.955
1585673059797,24.97
1585673059797,24.97
1585673059797,24.97
1585673091821,24.985
1585673104342,24.97
1585673104342,24.97
1585673104342,24.97
1585673135944,24.97
1585673135944,24.97
1585673135944,24.97
1585673135944,24.97
1585673177230,24.985
1585673190947,24.98
1585673200339,24.975
1585673211630,24.96
1585673213195,24.955
1585673223029,24.975
1585673223029,24.975
1585673223029,24.975
1585673223029,24.975
1585673223029,24.975
1585673223029,24.975
1585673223029,24.975
1585673223029,24.975
1585673223029,24.975
1585673223029,24.975
1585673332275,24.95
1585673332275,24.95
1585673357158,24.96
1585673357158,24.96
1585673374714,24.94
1585673390544,24.955
1585673392923,24.965
1585673392923,24.965
1585673392923,24.965
1585673424068,24.915
1585673438559,24.905
1585673438559,24.905
1585673461688,24.89
1585673461688,24.89
1585673485134,24.865
1585673492516,24.845
1585673492516,24.845
1585673510236,24.865
1585673510236,24.865
1585673540727,24.89
1585673548211,24.885
1585673548211,24.885
1585673548211,24.885
1585673548211,24.885
1585673593846,24.82
1585673600168,24.83
1585673614050,24.82
1585673622348,24.805
1585673630788,24.78
1585673639059,24.795
1585673655322,24.795
1585673656956,24.79
1585673674007,24.765
1585673686418,24.715
1585673695826,24.755
1585673707031,24.72
1585673707031,24.72
1585673730172,24.655
1585673736977,24.64
1585673745183,24.695
1585673758758,24.7
1585673758758,24.7
1585673778762,24.72
1585673778762,24.72
1585673778762,24.72
1585673778762,24.72
1585673778762,24.72
1585673778762,24.72
1585673844069,24.68
1585673855791,24.72
1585673855791,24.72
1585673855791,24.72
1585673878435,24.68
1585673878435,24.68
1585673878435,24.68
1585673878435,24.68
1585673878435,24.68
1585673945312,24.67
1585673945312,24.67
1585673945312,24.67
1585673966782,24.63
1585673966782,24.63
1585673966782,24.63
1585673966782,24.63
1585673966782,24.63
1585674027426,24.64
1585674027426,24.64
1585674045721,24.645
1585674045721,24.645
1585674067193,24.655
1585674074937,24.675
1585674074937,24.675
1585674093816,24.675
1585674108068,24.695
1585674123393,24.67
1585674128268,24.69
1585674145156,24.7
1585674145156,24.7
1585674158584,24.71
1585674158584,24.71
1585674158584,24.71
1585674158584,24.71
1585674158584,24.71
1585674212497,24.715
1585674231161,24.715
1585674235670,24.715
1585674235670,24.715
1585674260194,24.695
1585674268620,24.705
1585674268620,24.705
1585674268620,24.705
1585674302586,24.635
1585674302586,24.635
1585674302586,24.635
1585674327092,24.615
1585674327092,24.615
1585674349870,24.665
1585674362127,24.62
1585674377789,24.6
1585674377789,24.6
1585674377789,24.6
1585674403446,24.57
1585674403446,24.57
1585674403446,24.57
1585674437631,24.555
1585674437631,24.555
1585674437631,24.555
1585674437631,24.555
1585674437631,24.555
1585674437631,24.555
1585674437631,24.555
1585674437631,24.555
1585674437631,24.555
1585674437631,24.555
1585674437631,24.555
1585674437631,24.555
1585674437631,24.555
1585674572197,24.57
1585674572197,24.57
1585674595093,24.61
1585674595093,24.61
1585674595093,24.61
1585674595093,24.61
1585674595093,24.61
1585674595093,24.61
1585674655815,24.555
1585674655815,24.555
1585674655815,24.555
1585674655815,24.555
1585674703226,24.575
1585674703226,24.575
1585674703226,24.575
1585674703226,24.575
1585674703226,24.575
1585674703226,24.575
1585674703226,24.575
1585674703226,24.575
1585674703226,24.575
1585674703226,24.575
1585674807256,24.51
1585674807256,24.51
1585674807256,24.51
1585674807256,24.51
1585674807256,24.51
1585674807256,24.51
1585674866559,24.535
1585674879190,24.56
1585674879190,24.56
1585674879190,24.56
1585674879190,24.56
1585674879190,24.56
1585674879190,24.56
1585674879190,24.56
1585674879190,24.56
1585674879190,24.56
1585674879190,24.56
1585674879190,24.56
1585674879190,24.56
1585674879190,24.56
1585675013338,24.495
1585675030342,24.505
1585675030342,24.505
1585675030342,24.505
1585675030342,24.505
1585675069550,24.48
1585675079243,24.495
1585675092207,24.495
1585675092207,24.495
1585675092207,24.495
1585675125074,24.445
1585675125074,24.445
1585675146750,24.445
1585675157093,24.445
1585675160210,24.44
1585675160210,24.44
1585675160210,24.44
1585675193007,24.49
1585675193007,24.49
1585675193007,24.49
1585675227391,24.465
1585675227391,24.465
1585675245660,24.455
1585675245660,24.455
1585675245660,24.455
1585675245660,24.455
1585675245660,24.455
1585675245660,24.455
1585675309759,24.385
1585675309759,24.385
1585675309759,24.385
1585675309759,24.385
1585675309759,24.385
1585675309759,24.385
1585675309759,24.385
1585675309759,24.385
1585675309759,24.385
1585675309759,24.385
1585675309759,24.385
1585675309759,24.385
1585675309759,24.385
1585675309759,24.385
1585675309759,24.385
1585675309759,24.385
1585675309759,24.385
1585675485456,24.35
1585675498811,24.37
1585675498811,24.37
1585675498811,24.37
1585675536155,24.395
1585675536155,24.395
1585675536155,24.395
1585675536155,24.395
1585675536155,24.395
1585675536155,24.395
1585675536155,24.395
1585675536155,24.395
1585675620740,24.405
1585675625060,24.395
1585675625060,24.395
1585675625060,24.395
1585675655164,24.4
1585675675488,24.405
1585675686273,24.4
1585675692743,24.385
1585675698571,24.395
1585675698571,24.395
1585675698571,24.395
1585675698571,24.395
1585675698571,24.395
1585675698571,24.395
1585675698571,24.395
1585675698571,24.395
1585675788475,24.405
1585675793622,24.4
1585675793622,24.4
1585675793622,24.4
1585675826982,24.35
1585675835248,24.355
1585675835248,24.355
1585675835248,24.355
1585675835248,24.355
1585675835248,24.355
1585675835248,24.355
1585675835248,24.355
1585675909163,24.35
1585675909163,24.35
1585675937494,24.365
1585675941700,24.375
1585675941700,24.375
1585675941700,24.375
1585675941700,24.375
1585675941700,24.375
1585675941700,24.375
1585675941700,24.375
1585675941700,24.375
1585675941700,24.375
1585675941700,24.375
1585676052715,24.45
1585676052715,24.45
1585676052715,24.45
1585676052715,24.45
1585676052715,24.45
1585676052715,24.45
1585676052715,24.45
1585676052715,24.45
1585676052715,24.45
1585676052715,24.45
1585676052715,24.45
1585676052715,24.45
1585676052715,24.45
1585676052715,24.45
1585676201881,24.485
1585676207781,24.5
1585676207781,24.5
1585676227488,24.48
1585676227488,24.48
1585676227488,24.48
1585676227488,24.48
1585676275258,24.49
1585676275258,24.49
1585676294335,24.465
1585676309202,24.495
1585676309202,24.495
1585676326546,24.54
1585676326546,24.54
1585676326546,24.54
1585676359492,24.53
1585676359492,24.53
1585676359492,24.53
1585676359492,24.53
1585676395940,24.495
1585676395940,24.495
1585676422817,24.5
1585676422817,24.5
1585676422817,24.5
1585676422817,24.5
1585676463847,24.505
1585676473273,24.515
1585676473273,24.515
1585676473273,24.515
1585676501054,24.475
1585676501054,24.475
1585676528420,24.5
1585676528420,24.5
1585676543046,24.525
1585676557844,24.485
1585676557844,24.485
1585676557844,24.485
1585676591463,24.505
1585676596875,24.515
1585676596875,24.515
1585676621774,24.505
1585676621774,24.505
1585676637683,24.49
1585676637683,24.49
1585676665782,24.495
1585676665782,24.495
1585676665782,24.495
1585676665782,24.495
1585676700517,24.45
1585676700517,24.45
1585676700517,24.45
1585676740733,24.455
1585676740733,24.455
1585676740733,24.455
1585676740733,24.455
1585676740733,24.455
1585676740733,24.455
1585676796860,24.455
1585676796860,24.455
1585676816265,24.46
1585676816265,24.46
1585676838054,24.465
1585676838054,24.465
1585676838054,24.465
1585676838054,24.465
1585676882290,24.445
1585676882290,24.445
1585676882290,24.445
1585676882290,24.445
1585676882290,24.445
1585676882290,24.445
1585676882290,24.445
1585676882290,24.445
1585676882290,24.445
1585676882290,24.445
1585676988915,24.455
1585676988915,24.455
1585676988915,24.455
1585677020127,24.415
1585677020127,24.415
1585677045300,24.415
1585677045300,24.415
1585677045300,24.415
1585677073137,24.36
1585677073137,24.36
1585677073137,24.36
1585677073137,24.36
1585677073137,24.36
1585677073137,24.36
1585677073137,24.36
1585677073137,24.36
1585677073137,24.36
1585677073137,24.36
1585677183008,24.335
1585677183008,24.335
1585677204516,24.335
1585677218383,24.34
1585677226513,24.335
1585677226513,24.335
1585677226513,24.335
1585677253613,24.305
1585677253613,24.305
1585677253613,24.305
1585677253613,24.305
1585677253613,24.305
1585677253613,24.305
1585677253613,24.305
1585677332051,24.315
1585677332051,24.315
1585677345224,24.32
1585677355677,24.31
1585677355677,24.31
1585677355677,24.31
1585677392529,24.335
1585677399551,24.355
1585677417762,24.36
1585677428428,24.36
1585677428428,24.36
1585677428428,24.36
1585677459381,24.33
1585677471933,24.355
1585677471933,24.355
1585677487379,24.35
1585677487379,24.35
1585677487379,24.35
1585677487379,24.35
1585677527273,24.395
1585677544969,24.39
1585677544969,24.39
1585677567601,24.405
1585677567601,24.405
1585677567601,24.405
1585677567601,24.405
1585677605881,24.405
1585677605881,24.405
1585677605881,24.405
1585677640893,24.375
1585677648513,24.375
1585677654306,24.375
1585677663870,24.37
1585677663870,24.37
1585677692978,24.365
1585677692978,24.365
1585677713924,24.345
1585677713924,24.345
1585677713924,24.345
1585677741726,24.355
1585677749690,24.355
1585677766429,24.305
1585677766429,24.305
1585677785475,24.33
1585677785475,24.33
1585677785475,24.33
1585677785475,24.33
1585677831742,24.325
1585677837563,24.315
1585677837563,24.315
1585677837563,24.315
1585677873801,24.305
1585677873801,24.305
1585677873801,24.305
1585677899811,24.305
1585677899811,24.305
1585677899811,24.305
1585677937620,24.325
1585677947785,24.305
1585677947785,24.305
1585677947785,24.305
1585677947785,24.305
1585677985392,24.305
1585677985392,24.305
1585678010873,24.295
1585678014180,24.285
1585678014180,24.285
1585678040357,24.29
1585678040357,24.29
1585678054443,24.265
1585678066850,24.26
1585678066850,24.26
1585678089988,24.295
1585678089988,24.295
1585678089988,24.295
1585678121305,24.315
1585678121305,24.315
1585678145719,24.38
1585678158109,24.425
1585678159713,24.42
1585678159713,24.42
1585678183434,24.465
1585678183434,24.465
1585678183434,24.465
1585678216932,24.46
1585678225352,24.46
1585678242384,24.455
1585678242384,24.455
1585678242384,24.455
1585678271689,24.425
1585678284092,24.445
1585678290688,24.445
1585678303394,24.475
1585678311324,24.465
1585678316798,24.465
1585678316798,24.465
1585678340453,24.425
1585678357333,24.435
1585678357333,24.435
1585678357333,24.435
1585678388730,24.425
1585678388730,24.425
1585678410581,24.42
1585678421495,24.425
1585678425693,24.425
1585678425693,24.425
1585678448613,24.385
1585678448613,24.385
1585678469970,24.37
1585678469970,24.37
1585678488630,24.405
1585678488630,24.405
1585678508626,24.38
1585678508626,24.38
1585678508626,24.38
1585678508626,24.38
1585678508626,24.38
1585678563434,24.37
1585678577217,24.35
1585678577217,24.35
1585678577217,24.35
1585678577217,24.35
1585678616167,24.33
1585678627540,24.32
1585678638729,24.325
1585678649408,24.33
1585678654489,24.325
1585678654489,24.325
1585678680572,24.345
1585678680572,24.345
1585678701671,24.325
1585678712922,24.335
1585678712922,24.335
1585678735422,24.325
1585678744757,24.305
1585678744757,24.305
1585678766148,24.295
1585678766148,24.295
1585678778639,24.295
1585678778639,24.295
1585678778639,24.295
1585678778639,24.295
1585678778639,24.295
1585678778639,24.295
1585678778639,24.295
1585678778639,24.295
1585678870049,24.315
1585678870049,24.315
1585678891189,24.315
1585678899486,24.32
1585678908426,24.325
1585678920030,24.325
1585678920030,24.325
1585678920030,24.325
1585678957374,24.325
1585678963285,24.335
1585678975807,24.335
1585678985971,24.315
1585678985971,24.315
1585679007843,24.335
1585679018429,24.325
1585679018429,24.325
1585679041402,24.345
1585679054306,24.335
1585679065328,24.325
1585679073645,24.325
1585679081409,24.325
1585679081409,24.325
1585679100643,24.285
1585679100643,24.285
1585679122907,24.235
1585679133484,24.245
1585679149948,24.245
1585679152739,24.245
1585679152739,24.245
1585679152739,24.245
1585679185356,24.265
1585679196852,24.245
1585679213165,24.265
1585679213165,24.265
1585679227322,24.275
1585679243268,24.28
1585679253997,24.295
1585679266150,24.285
1585679276841,24.275
1585679276841,24.275
1585679276841,24.275
1585679304910,24.295
1585679304910,24.295
1585679321079,24.315
1585679321079,24.315
1585679321079,24.315
1585679321079,24.315
1585679321079,24.315
1585679321079,24.315
1585679321079,24.315
1585679321079,24.315
1585679321079,24.315
1585679321079,24.315
1585679429490,24.26
1585679429490,24.26
1585679429490,24.26
1585679465347,24.245
1585679473197,24.235
1585679482402,24.225
1585679482402,24.225
1585679507310,24.24
1585679518082,24.235
1585679518082,24.235
1585679518082,24.235
1585679518082,24.235
1585679518082,24.235
1585679568894,24.245
1585679581319,24.255
1585679591260,24.225
1585679591260,24.225
1585679613543,24.26
1585679613543,24.26
1585679613543,24.26
1585679613543,24.26
1585679652416,24.285
1585679652416,24.285
1585679652416,24.285
1585679652416,24.285
1585679652416,24.285
1585679652416,24.285
1585679652416,24.285
1585679722636,24.295
1585679722636,24.295
1585679750753,24.275
1585679750753,24.275
1585679770682,24.275
1585679770682,24.275
1585679793335,24.275
1585679803070,24.255
1585679803070,24.255
1585679824066,24.27
1585679824066,24.27
1585679824066,24.27
1585679824066,24.27
1585679824066,24.27
1585679824066,24.27
1585679883295,24.295
1585679892061,24.3
1585679906043,24.33
1585679916014,24.335
1585679924003,24.315
1585679924003,24.315
1585679924003,24.315
1585679959711,24.355
1585679968044,24.345
1585679968044,24.345
1585679968044,24.345
1585679968044,24.345
1585680010249,24.36
1585680010249,24.36
1585680028811,24.37
1585680028811,24.37
1585680028811,24.37
1585680061592,24.355
1585680061592,24.355
1585680061592,24.355
1585680096604,24.345
1585680109604,24.325
1585680119858,24.31
1585680119858,24.31
1585680119858,24.31
1585680119858,24.31
1585680119858,24.31
1585680119858,24.31
1585680174155,24.36
1585680174155,24.36
1585680200991,24.38
1585680213938,24.385
1585680223035,24.38
1585680234111,24.41
1585680234111,24.41
1585680234111,24.41
1585680234111,24.41
1585680271985,24.41
1585680271985,24.41
1585680271985,24.41
1585680271985,24.41
1585680271985,24.41
1585680330583,24.295
1585680330583,24.295
1585680330583,24.295
1585680330583,24.295
1585680330583,24.295
1585680330583,24.295
1585680392996,24.275
1585680402468,24.275
1585680402468,24.275
1585680402468,24.275
1585680402468,24.275
1585680450600,24.255
1585680450600,24.255
1585680470093,24.285
1585680470093,24.285
1585680470093,24.285
1585680470093,24.285
1585680470093,24.285
1585680470093,24.285
1585680470093,24.285
1585680540682,24.28
1585680540682,24.28
1585680540682,24.28
1585680540682,24.28
1585680587983,24.27
1585680587983,24.27
1585680600456,24.29
1585680600456,24.29
1585680600456,24.29
1585680600456,24.29
1585680600456,24.29
1585680600456,24.29
1585680600456,24.29
1585680600456,24.29
1585680600456,24.29
1585680600456,24.29
1585680600456,24.29
1585680600456,24.29
1585680600456,24.29
1585680600456,24.29
1585680757515,24.345
1585680766224,24.355
1585680766224,24.355
1585680766224,24.355
1585680792326,24.355
1585680792326,24.355
1585680820819,24.325
1585680828213,24.305
1585680840772,24.3
1585680846473,24.295
1585680846473,24.295
1585680869002,24.29
1585680880368,24.29
1585680880368,24.29
1585680903555,24.29
1585680910169,24.29
1585680921473,24.295
1585680921473,24.295
1585680921473,24.295
1585680921473,24.295
1585680965873,24.325
1585680965873,24.325
1585680987472,24.36
1585680987472,24.36
1585681006205,24.39
1585681006205,24.39
1585681006205,24.39
1585681036928,24.415
1585681036928,24.415
1585681036928,24.415
1585681036928,24.415
1585681036928,24.415
1585681036928,24.415
1585681036928,24.415
1585681036928,24.415
1585681116106,24.375
1585681116106,24.375
1585681144894,24.345
1585681144894,24.345
1585681165868,24.375
1585681165868,24.375
1585681165868,24.375
