1587475857099,21.45
1587475867045,21.46
1587475867045,21.46
1587475888678,21.43
1587475905190,21.395
1587475911336,21.395
1587475911336,21.395
1587475935047,21.44
1587475946321,21.425
1587475946321,21.425
1587475946321,21.425
1587475976949,21.415
1587475976949,21.415
1587475990787,21.39
1587475990787,21.39
1587476012637,21.38
1587476023053,21.48
1587476023053,21.48
1587476023053,21.48
1587476023053,21.48
1587476069272,21.42
1587476076727,21.425
1587476076727,21.425
1587476095958,21.405
1587476109837,21.36
1587476121319,21.355
1587476121319,21.355
1587476121319,21.355
1587476150973,21.29
1587476150973,21.29
1587476150973,21.29
1587476182551,21.38
1587476182551,21.38
1587476182551,21.38
1587476220081,21.455
1587476220081,21.455
1587476220081,21.455
1587476251972,21.495
1587476251972,21.495
1587476251972,21.495
1587476278339,21.46
1587476278339,21.46
1587476278339,21.46
1587476278339,21.46
1587476319002,21.41
1587476319002,21.41
1587476319002,21.41
1587476319002,21.41
1587476367669,21.405
1587476367669,21.405
1587476387440,21.385
1587476387440,21.385
1587476387440,21.385
1587476416260,21.445
1587476416260,21.445
1587476431915,21.48
1587476431915,21.48
1587476458340,21.515
1587476468442,21.48
1587476468442,21.48
1587476468442,21.48
1587476495900,21.44
1587476511563,21.44
1587476521196,21.495
1587476529034,21.485
1587476535473,21.505
1587476535473,21.505
1587476535473,21.505
1587476572593,21.565
1587476581680,21.565
1587476581680,21.565
1587476605034,21.59
1587476605034,21.59
1587476624014,21.59
1587476635608,21.57
1587476648921,21.54
1587476652735,21.55
1587476652735,21.55
1587476681062,21.6
1587476681062,21.6
1587476701475,21.605
1587476708539,21.585
1587476717567,21.57
1587476733239,21.58
1587476738998,21.575
1587476738998,21.575
1587476761457,21.645
1587476761457,21.645
1587476786500,21.665
1587476786500,21.665
1587476801671,21.685
1587476811059,21.67
1587476827672,21.66
1587476836011,21.635
1587476836011,21.635
1587476836011,21.635
1587476836011,21.635
1587476879858,21.65
1587476879858,21.65
1587476900053,21.7
1587476905039,21.695
1587476916822,21.715
1587476932430,21.705
1587476934229,21.705
1587476952132,21.675
1587476964652,21.695
1587476975199,21.685
1587476985649,21.705
1587476987669,21.715
1587476998547,21.705
1587477017265,21.725
1587477019018,21.715
1587477036031,21.715
1587477043004,21.72
1587477053769,21.705
1587477066377,21.725
1587477077986,21.765
1587477081141,21.745
1587477094002,21.75
1587477107486,21.755
1587477119372,21.765
1587477119372,21.765
1587477135462,21.73
1587477135462,21.73
1587477162459,21.75
1587477163850,21.75
1587477182362,21.795
1587477182362,21.795
1587477205305,21.84
1587477205305,21.84
1587477216483,21.845
1587477234225,21.86
1587477234225,21.86
1587477250309,21.84
1587477262192,21.825
1587477273546,21.805
1587477273546,21.805
1587477273546,21.805
1587477304383,21.755
1587477312092,21.745
1587477312092,21.745
1587477339329,21.785
1587477339329,21.785
1587477339329,21.785
1587477366213,21.865
1587477366213,21.865
1587477394107,21.865
1587477402245,21.91
1587477405769,21.915
1587477421922,21.935
1587477421922,21.935
1587477421922,21.935
1587477421922,21.935
1587477421922,21.935
1587477468917,21.9
1587477484887,21.855
1587477497630,21.83
1587477504677,21.84
1587477519747,21.825
1587477519747,21.825
1587477519747,21.825
1587477547017,21.82
1587477560780,21.795
1587477564156,21.795
1587477572633,21.78
1587477572633,21.78
1587477602740,21.845
1587477614577,21.835
1587477624064,21.815
1587477635800,21.795
1587477637026,21.79
1587477637026,21.79
1587477637026,21.79
1587477637026,21.79
1587477682176,21.735
1587477682176,21.735
1587477682176,21.735
1587477719757,21.725
1587477720069,21.725
1587477720069,21.725
1587477720069,21.725
1587477720069,21.725
1587477769610,21.73
1587477782701,21.745
1587477791167,21.745
1587477791167,21.745
1587477791167,21.745
1587477822591,21.795
1587477828309,21.785
1587477828309,21.785
1587477853515,21.765
1587477859050,21.775
1587477866267,21.79
1587477881273,21.785
1587477881273,21.785
1587477907720,21.775
1587477915749,21.745
1587477915749,21.745
1587477940273,21.72
1587477940273,21.72
1587477940273,21.72
1587477940273,21.72
1587477940273,21.72
1587477940273,21.72
1587477940273,21.72
1587477940273,21.72
1587477940273,21.72
1587477940273,21.72
1587477940273,21.72
1587478054989,21.685
1587478054989,21.685
1587478071175,21.62
1587478071175,21.62
1587478071175,21.62
1587478071175,21.62
1587478113720,21.605
1587478113720,21.605
1587478113720,21.605
1587478142416,21.655
1587478160759,21.645
1587478160759,21.645
1587478177638,21.665
1587478177638,21.665
1587478196125,21.655
1587478196125,21.655
1587478196125,21.655
1587478233201,21.675
1587478233201,21.675
1587478233201,21.675
1587478233201,21.675
1587478233201,21.675
1587478233201,21.675
1587478233201,21.675
1587478300582,21.63
1587478300582,21.63
1587478300582,21.63
1587478300582,21.63
1587478344271,21.66
1587478356700,21.67
1587478356700,21.67
1587478379753,21.665
1587478390100,21.655
1587478399861,21.63
1587478413284,21.645
1587478416418,21.635
1587478434185,21.605
1587478444331,21.615
1587478446101,21.615
1587478461826,21.605
1587478473669,21.605
1587478480882,21.615
1587478495750,21.605
1587478500866,21.605
1587478515200,21.575
1587478523865,21.585
1587478535732,21.605
1587478548253,21.585
1587478557473,21.585
1587478565239,21.595
1587478575459,21.605
1587478580929,21.605
1587478580929,21.605
1587478608465,21.62
1587478612305,21.615
1587478612305,21.615
1587478637836,21.63
1587478637836,21.63
1587478637836,21.63
1587478637836,21.63
1587478637836,21.63
1587478637836,21.63
1587478637836,21.63
1587478637836,21.63
1587478637836,21.63
1587478637836,21.63
1587478637836,21.63
1587478751088,21.71
1587478751088,21.71
1587478775821,21.695
1587478787984,21.73
1587478787984,21.73
1587478809015,21.735
1587478818008,21.725
1587478818008,21.725
1587478839330,21.805
1587478850679,21.81
1587478854355,21.805
1587478871237,21.82
1587478871237,21.82
1587478871237,21.82
1587478898394,21.87
1587478898394,21.87
1587478924480,21.84
1587478924480,21.84
1587478937251,21.785
1587478937251,21.785
1587478966882,21.875
1587478966882,21.875
1587478983453,21.895
1587478988958,21.88
1587478988958,21.88
1587478988958,21.88
1587479026293,21.89
1587479026293,21.89
1587479026293,21.89
1587479057293,21.95
1587479057293,21.95
1587479057293,21.95
1587479057293,21.95
1587479057293,21.95
1587479057293,21.95
1587479057293,21.95
1587479057293,21.95
1587479057293,21.95
1587479149191,22.05
1587479160165,22.06
1587479160165,22.06
1587479160165,22.06
1587479189905,21.99
1587479201649,21.965
1587479201649,21.965
1587479226254,21.95
1587479226254,21.95
1587479226254,21.95
1587479257001,21.965
1587479257001,21.965
1587479257001,21.965
1587479257001,21.965
1587479257001,21.965
1587479257001,21.965
1587479312806,22.05
1587479332008,22.13
1587479332008,22.13
1587479332008,22.13
1587479332008,22.13
1587479374189,22.11
1587479374189,22.11
1587479374189,22.11
1587479374189,22.11
1587479409648,22.105
1587479409648,22.105
1587479432549,22.12
1587479432549,22.12
1587479449179,22.1
1587479463761,22.14
1587479470683,22.11
1587479470683,22.11
1587479470683,22.11
1587479510356,22.07
1587479510356,22.07
1587479531261,22.07
1587479533603,22.08
1587479533603,22.08
1587479533603,22.08
1587479533603,22.08
1587479583100,22.14
1587479584281,22.135
1587479584281,22.135
1587479584281,22.135
1587479621091,22.14
1587479630020,22.11
1587479637064,22.11
1587479637064,22.11
1587479659637,22.11
1587479659637,22.11
1587479659637,22.11
1587479689303,22.1
1587479706122,22.095
1587479712413,22.07
1587479725484,22.06
1587479725484,22.06
1587479725484,22.06
1587479725484,22.06
1587479725484,22.06
1587479780864,22.065
1587479790776,22.05
1587479790776,22.05
1587479790776,22.05
1587479790776,22.05
1587479790776,22.05
1587479790776,22.05
1587479790776,22.05
1587479790776,22.05
1587479865576,22.06
1587479865576,22.06
1587479865576,22.06
1587479904667,22.03
1587479904667,22.03
1587479904667,22.03
1587479933222,22.09
1587479933222,22.09
1587479933222,22.09
1587479970775,22.16
1587479981064,22.155
1587479991823,22.145
1587480000747,22.12
1587480012469,22.115
1587480012469,22.115
1587480031303,22.08
1587480031303,22.08
1587480031303,22.08
1587480031303,22.08
1587480031303,22.08
1587480082015,22.135
1587480082015,22.135
1587480102405,22.14
1587480116681,22.125
1587480116681,22.125
1587480116681,22.125
1587480116681,22.125
1587480116681,22.125
1587480116681,22.125
1587480116681,22.125
1587480187645,22.02
1587480187645,22.02
1587480187645,22.02
1587480220391,22.02
1587480229080,21.995
1587480229080,21.995
1587480229080,21.995
1587480229080,21.995
1587480267228,22.005
1587480267228,22.005
1587480267228,22.005
1587480267228,22.005
1587480267228,22.005
1587480267228,22.005
1587480267228,22.005
1587480343703,22.1
1587480343703,22.1
1587480343703,22.1
1587480376766,22.035
1587480381076,22.035
1587480397356,22.025
1587480397356,22.025
1587480417330,22.035
1587480429767,22.035
1587480433402,22.035
1587480443416,22.01
1587480462902,21.995
1587480470114,21.985
1587480483730,21.965
1587480492528,21.965
1587480500421,21.965
1587480514788,21.975
1587480526041,21.985
1587480535713,21.985
1587480546661,21.985
1587480549565,21.985
1587480565807,21.955
1587480571682,21.955
1587480587272,21.945
1587480597789,21.965
1587480603926,21.975
1587480617573,21.995
1587480626520,21.98
1587480637730,21.965
1587480646711,21.975
1587480657528,21.975
1587480671620,22.025
1587480680378,22.05
1587480692631,22.06
1587480700874,22.115
1587480706884,22.11
1587480706884,22.11
1587480706884,22.11
1587480706884,22.11
1587480706884,22.11
1587480706884,22.11
1587480706884,22.11
1587480706884,22.11
1587480706884,22.11
1587480706884,22.11
1587480812991,22.115
1587480812991,22.115
1587480833811,22.11
1587480843853,22.1
1587480858868,22.1
1587480858868,22.1
1587480858868,22.1
1587480892216,22.06
1587480892216,22.06
1587480892216,22.06
1587480892216,22.06
1587480892216,22.06
1587480892216,22.06
1587480892216,22.06
1587480965651,22.085
1587480972133,22.09
1587480972133,22.09
1587480972133,22.09
1587480972133,22.09
1587480972133,22.09
1587480972133,22.09
1587480972133,22.09
1587481051303,22.05
1587481061038,22.085
1587481061038,22.085
1587481061038,22.085
1587481086726,22.105
1587481096873,22.145
1587481096873,22.145
1587481096873,22.145
1587481127349,22.165
1587481127349,22.165
1587481127349,22.165
1587481127349,22.165
1587481127349,22.165
1587481127349,22.165
1587481193349,22.13
1587481204190,22.11
1587481213815,22.1
1587481213815,22.1
1587481213815,22.1
1587481213815,22.1
1587481213815,22.1
1587481213815,22.1
1587481213815,22.1
1587481213815,22.1
1587481213815,22.1
1587481307970,22.09
1587481307970,22.09
1587481307970,22.09
1587481307970,22.09
1587481307970,22.09
1587481307970,22.09
1587481366576,22.04
1587481366576,22.04
1587481366576,22.04
1587481396928,22.055
1587481396928,22.055
1587481396928,22.055
1587481396928,22.055
1587481396928,22.055
1587481396928,22.055
1587481396928,22.055
1587481396928,22.055
1587481396928,22.055
1587481396928,22.055
1587481396928,22.055
1587481396928,22.055
1587481396928,22.055
1587481396928,22.055
1587481396928,22.055
1587481396928,22.055
1587481396928,22.055
1587481396928,22.055
1587481585392,22.075
1587481585392,22.075
1587481612031,22.025
1587481615501,22.02
1587481615501,22.02
1587481615501,22.02
1587481651645,22.045
1587481651645,22.045
1587481651645,22.045
1587481651645,22.045
1587481651645,22.045
1587481651645,22.045
1587481651645,22.045
1587481651645,22.045
1587481731090,22.04
1587481731090,22.04
1587481761177,22
1587481761177,22
1587481761177,22
1587481761177,22
1587481761177,22
1587481761177,22
1587481761177,22
1587481834368,21.99
1587481834368,21.99
1587481834368,21.99
1587481834368,21.99
1587481834368,21.99
1587481878362,21.96
1587481887489,21.96
1587481887489,21.96
1587481887489,21.96
1587481887489,21.96
1587481929496,21.99
1587481941701,21.98
1587481958361,21.985
1587481958361,21.985
1587481958361,21.985
1587481958361,21.985
1587481958361,21.985
1587482008349,21.97
1587482013641,21.99
1587482013641,21.99
1587482013641,21.99
1587482013641,21.99
1587482013641,21.99
1587482013641,21.99
1587482013641,21.99
1587482013641,21.99
1587482013641,21.99
1587482013641,21.99
1587482013641,21.99
1587482013641,21.99
1587482013641,21.99
1587482013641,21.99
1587482013641,21.99
1587482013641,21.99
1587482182888,21.96
1587482182888,21.96
1587482182888,21.96
1587482182888,21.96
1587482182888,21.96
1587482182888,21.96
1587482249267,21.965
1587482249267,21.965
1587482249267,21.965
1587482279909,21.94
1587482279909,21.94
1587482279909,21.94
1587482279909,21.94
1587482279909,21.94
1587482279909,21.94
1587482279909,21.94
1587482279909,21.94
1587482279909,21.94
1587482279909,21.94
1587482279909,21.94
1587482279909,21.94
1587482279909,21.94
1587482279909,21.94
1587482279909,21.94
1587482279909,21.94
1587482279909,21.94
1587482453540,21.98
1587482453540,21.98
1587482480949,21.985
1587482480949,21.985
1587482480949,21.985
1587482512765,21.995
1587482520217,21.97
1587482520217,21.97
1587482520217,21.97
1587482554283,21.955
1587482560644,21.945
1587482569566,21.93
1587482569566,21.93
1587482591050,21.97
1587482606640,21.955
1587482616239,21.965
1587482616239,21.965
1587482616239,21.965
1587482616239,21.965
1587482616239,21.965
1587482662701,21.94
1587482662701,21.94
1587482662701,21.94
1587482662701,21.94
1587482712345,21.905
1587482712345,21.905
1587482732877,21.89
1587482732877,21.89
1587482751377,21.88
1587482751377,21.88
1587482751377,21.88
1587482751377,21.88
1587482751377,21.88
1587482751377,21.88
1587482751377,21.88
1587482751377,21.88
1587482836109,21.875
1587482843935,21.865
1587482843935,21.865
1587482843935,21.865
1587482843935,21.865
1587482843935,21.865
1587482899725,21.85
1587482899725,21.85
1587482899725,21.85
1587482899725,21.85
1587482899725,21.85
1587482899725,21.85
1587482899725,21.85
1587482899725,21.85
1587482899725,21.85
1587482991537,21.825
1587482991537,21.825
1587483017355,21.87
1587483018146,21.875
1587483018146,21.875
1587483018146,21.875
1587483055419,21.905
1587483055419,21.905
1587483055419,21.905
1587483055419,21.905
1587483055419,21.905
1587483055419,21.905
1587483055419,21.905
1587483122457,21.89
1587483122457,21.89
1587483122457,21.89
1587483122457,21.89
1587483122457,21.89
1587483175857,21.855
1587483175857,21.855
1587483175857,21.855
1587483215241,21.85
1587483215241,21.85
1587483232382,21.83
1587483245068,21.79
1587483245068,21.79
1587483268629,21.825
1587483275115,21.83
1587483289744,21.825
1587483296566,21.83
1587483296566,21.83
1587483317084,21.815
1587483317084,21.815
1587483317084,21.815
1587483317084,21.815
1587483354481,21.775
1587483354481,21.775
1587483354481,21.775
1587483384991,21.82
1587483384991,21.82
1587483384991,21.82
1587483384991,21.82
1587483384991,21.82
1587483384991,21.82
1587483384991,21.82
1587483463981,21.775
1587483463981,21.775
1587483463981,21.775
1587483495576,21.785
1587483502810,21.805
1587483511233,21.785
1587483525770,21.785
1587483540097,21.805
1587483547446,21.805
1587483560028,21.805
1587483560028,21.805
1587483578265,21.845
1587483584936,21.85
1587483584936,21.85
1587483607258,21.895
1587483613708,21.86
1587483628054,21.84
1587483628054,21.84
1587483628054,21.84
1587483628054,21.84
1587483628054,21.84
1587483688264,21.86
1587483688264,21.86
1587483706135,21.86
1587483719707,21.9
1587483724202,21.88
1587483724202,21.88
1587483743040,21.86
1587483743040,21.86
1587483743040,21.86
1587483743040,21.86
1587483743040,21.86
1587483799981,21.83
1587483799981,21.83
1587483799981,21.83
1587483799981,21.83
1587483799981,21.83
1587483848598,21.835
1587483848598,21.835
1587483848598,21.835
1587483848598,21.835
1587483848598,21.835
1587483848598,21.835
1587483848598,21.835
1587483924265,21.795
1587483924265,21.795
1587483924265,21.795
1587483924265,21.795
1587483924265,21.795
1587483924265,21.795
1587483924265,21.795
1587483924265,21.795
1587484011063,21.83
1587484011063,21.83
1587484011063,21.83
1587484011063,21.83
1587484011063,21.83
1587484011063,21.83
1587484068182,21.82
1587484068182,21.82
1587484068182,21.82
1587484068182,21.82
1587484068182,21.82
1587484118909,21.825
1587484136932,21.825
1587484147918,21.825
1587484147918,21.825
1587484147918,21.825
1587484147918,21.825
1587484147918,21.825
1587484147918,21.825
1587484147918,21.825
1587484147918,21.825
1587484147918,21.825
1587484234266,21.77
1587484234266,21.77
1587484260027,21.785
1587484270475,21.785
1587484275593,21.78
1587484294902,21.785
1587484304838,21.795
1587484316103,21.775
1587484326763,21.775
1587484337953,21.765
1587484343315,21.755
1587484350074,21.755
1587484350074,21.755
1587484350074,21.755
1587484350074,21.755
1587484350074,21.755
1587484350074,21.755
1587484418917,21.81
1587484418917,21.81
1587484434159,21.81
1587484445397,21.815
1587484445397,21.815
1587484445397,21.815
1587484445397,21.815
1587484445397,21.815
1587484445397,21.815
1587484445397,21.815
1587484520746,21.81
1587484537059,21.835
1587484538950,21.825
1587484554236,21.8
1587484554236,21.8
1587484554236,21.8
1587484554236,21.8
1587484594850,21.815
1587484594850,21.815
1587484594850,21.815
1587484594850,21.815
1587484594850,21.815
1587484646432,21.8
1587484661876,21.795
1587484661876,21.795
1587484683336,21.825
1587484695138,21.83
1587484698685,21.84
1587484716328,21.835
1587484717678,21.825
1587484736184,21.84
1587484745343,21.82
1587484745343,21.82
1587484766406,21.82
1587484766406,21.82
1587484786480,21.83
1587484795015,21.83
1587484795015,21.83
1587484817951,21.835
1587484817951,21.835
1587484817951,21.835
1587484850398,21.83
1587484850398,21.83
1587484850398,21.83
1587484878608,21.835
1587484878608,21.835
1587484878608,21.835
1587484878608,21.835
1587484926247,21.86
1587484936574,21.84
1587484936574,21.84
1587484936574,21.84
1587484936574,21.84
1587484936574,21.84
1587484984937,21.83
1587484984937,21.83
1587484984937,21.83
1587484984937,21.83
1587485034939,21.81
1587485034939,21.81
1587485034939,21.81
1587485034939,21.81
1587485034939,21.81
1587485034939,21.81
1587485034939,21.81
1587485034939,21.81
1587485116599,21.86
1587485127407,21.86
1587485127407,21.86
1587485144605,21.87
1587485159380,21.885
1587485166017,21.89
1587485178414,21.905
1587485183853,21.9
1587485183853,21.9
1587485183853,21.9
1587485183853,21.9
1587485183853,21.9
1587485183853,21.9
1587485257610,21.865
1587485257610,21.865
1587485257610,21.865
1587485285949,21.87
1587485292059,21.865
1587485292059,21.865
1587485318080,21.885
1587485318080,21.885
1587485318080,21.885
1587485345050,21.875
1587485345050,21.875
1587485345050,21.875
1587485381910,21.895
1587485385639,21.895
1587485400280,21.915
1587485400280,21.915
1587485417846,21.915
1587485431975,21.935
1587485441849,21.955
1587485454038,21.95
1587485462829,21.98
1587485477949,22.005
1587485481928,22.01
1587485495322,21.995
1587485509453,21.97
1587485509453,21.97
1587485529466,21.97
1587485536488,21.98
1587485541951,21.96
1587485541951,21.96
1587485541951,21.96
1587485573624,21.93
1587485590440,21.915
1587485590440,21.915
1587485608733,21.905
1587485621497,21.915
1587485633336,21.915
1587485645449,21.915
1587485645449,21.915
1587485645449,21.915
1587485645449,21.915
1587485682012,21.905
1587485682012,21.905
1587485704063,21.895
1587485704063,21.895
1587485704063,21.895
1587485704063,21.895
1587485704063,21.895
1587485753569,21.89
1587485753569,21.89
1587485753569,21.89
1587485785500,21.865
1587485785500,21.865
1587485809249,21.87
1587485809249,21.87
1587485809249,21.87
1587485845091,21.895
1587485845091,21.895
1587485845091,21.895
1587485845091,21.895
1587485884015,21.88
1587485884015,21.88
1587485902188,21.885
1587485902188,21.885
1587485902188,21.885
1587485902188,21.885
1587485902188,21.885
1587485902188,21.885
1587485902188,21.885
1587485902188,21.885
1587485990055,21.88
1587485990055,21.88
1587485990055,21.88
1587485990055,21.88
1587485990055,21.88
1587485990055,21.88
1587485990055,21.88
1587485990055,21.88
1587486069566,21.88
1587486069566,21.88
1587486069566,21.88
1587486069566,21.88
1587486069566,21.88
1587486069566,21.88
1587486135831,21.865
1587486148248,21.88
1587486154700,21.89
1587486154700,21.89
1587486154700,21.89
1587486188491,21.89
1587486193644,21.89
1587486212481,21.89
1587486212481,21.89
1587486212481,21.89
1587486234387,21.905
1587486234387,21.905
1587486234387,21.905
1587486234387,21.905
1587486234387,21.905
1587486234387,21.905
1587486234387,21.905
1587486313897,21.915
1587486313897,21.915
1587486337948,21.92
1587486337948,21.92
1587486337948,21.92
1587486362484,21.935
1587486362484,21.935
1587486387937,21.95
1587486392712,21.955
1587486392712,21.955
1587486416085,21.945
1587486416085,21.945
1587486416085,21.945
1587486453843,21.895
1587486460957,21.885
1587486460957,21.885
1587486460957,21.885
1587486460957,21.885
1587486460957,21.885
1587486460957,21.885
1587486460957,21.885
1587486460957,21.885
1587486460957,21.885
1587486559481,21.92
1587486559481,21.92
1587486572219,21.89
1587486585304,21.88
1587486585304,21.88
1587486604711,21.89
1587486604711,21.89
1587486604711,21.89
1587486604711,21.89
1587486604711,21.89
1587486604711,21.89
1587486604711,21.89
1587486604711,21.89
1587486604711,21.89
1587486604711,21.89
1587486604711,21.89
1587486604711,21.89
1587486604711,21.89
1587486604711,21.89
1587486757232,21.825
1587486757232,21.825
1587486778400,21.845
1587486778400,21.845
1587486778400,21.845
1587486810643,21.82
1587486817729,21.82
1587486829880,21.815
1587486829880,21.815
1587486829880,21.815
1587486829880,21.815
1587486829880,21.815
1587486829880,21.815
1587486829880,21.815
1587486829880,21.815
1587486829880,21.815
1587486829880,21.815
1587486829880,21.815
1587486829880,21.815
1587486829880,21.815
1587486829880,21.815
1587486981649,21.84
1587486985901,21.84
1587486996451,21.835
1587486996451,21.835
1587486996451,21.835
1587486996451,21.835
1587486996451,21.835
1587486996451,21.835
1587486996451,21.835
1587486996451,21.835
1587486996451,21.835
1587486996451,21.835
1587486996451,21.835
1587486996451,21.835
1587486996451,21.835
1587486996451,21.835
1587486996451,21.835
1587486996451,21.835
1587486996451,21.835
1587486996451,21.835
1587486996451,21.835
1587486996451,21.835
1587486996451,21.835
1587486996451,21.835
1587486996451,21.835
1587486996451,21.835
1587486996451,21.835
1587486996451,21.835
1587486996451,21.835
1587486996451,21.835
1587486996451,21.835
1587486996451,21.835
1587486996451,21.835
1587487324548,21.84
1587487324548,21.84
1587487324548,21.84
1587487324548,21.84
1587487324548,21.84
1587487324548,21.84
1587487384693,21.82
1587487384693,21.82
1587487384693,21.82
1587487384693,21.82
1587487384693,21.82
1587487384693,21.82
1587487384693,21.82
1587487457629,21.81
1587487457629,21.81
1587487485855,21.79
1587487485855,21.79
1587487485855,21.79
1587487517303,21.84
1587487517303,21.84
1587487517303,21.84
1587487547055,21.84
1587487547055,21.84
1587487547055,21.84
1587487547055,21.84
1587487547055,21.84
1587487547055,21.84
1587487547055,21.84
1587487547055,21.84
1587487547055,21.84
1587487547055,21.84
1587487547055,21.84
1587487547055,21.84
1587487547055,21.84
1587487547055,21.84
1587487547055,21.84
1587487547055,21.84
1587487708083,21.79
1587487727609,21.795
1587487730701,21.795
1587487730701,21.795
1587487730701,21.795
1587487769355,21.865
1587487769355,21.865
1587487789769,21.825
1587487800607,21.845
1587487805575,21.855
1587487821205,21.85
1587487821205,21.85
1587487821205,21.85
1587487821205,21.85
1587487856931,21.905
1587487856931,21.905
1587487885095,21.88
1587487890000,21.88
1587487890000,21.88
1587487908650,21.895
1587487908650,21.895
1587487934535,21.93
1587487934535,21.93
1587487934535,21.93
1587487934535,21.93
1587487934535,21.93
1587487934535,21.93
1587487994312,21.885
1587487994312,21.885
1587488017499,21.885
1587488017499,21.885
1587488017499,21.885
1587488017499,21.885
1587488017499,21.885
1587488017499,21.885
1587488017499,21.885
1587488017499,21.885
1587488017499,21.885
1587488017499,21.885
1587488118591,21.895
1587488131544,21.885
1587488145607,21.865
1587488145607,21.865
1587488145607,21.865
1587488145607,21.865
1587488145607,21.865
1587488198068,21.845
1587488198068,21.845
1587488198068,21.845
1587488198068,21.845
1587488198068,21.845
1587488252721,21.845
1587488252721,21.845
1587488252721,21.845
1587488252721,21.845
1587488252721,21.845
1587488252721,21.845
1587488312818,21.86
1587488312818,21.86
1587488312818,21.86
1587488348878,21.855
1587488348878,21.855
1587488348878,21.855
1587488379067,21.865
1587488379067,21.865
1587488401781,21.855
1587488401781,21.855
1587488401781,21.855
1587488401781,21.855
1587488401781,21.855
1587488401781,21.855
1587488465606,21.905
1587488465606,21.905
1587488486991,21.885
1587488490412,21.885
1587488490412,21.885
1587488490412,21.885
1587488522496,21.855
1587488522496,21.855
1587488522496,21.855
1587488555426,21.865
1587488555426,21.865
1587488583375,21.865
1587488583375,21.865
1587488600479,21.87
1587488610258,21.855
1587488610258,21.855
1587488610258,21.855
1587488610258,21.855
1587488610258,21.855
1587488610258,21.855
1587488610258,21.855
1587488680255,21.875
1587488698986,21.865
1587488698986,21.865
1587488698986,21.865
1587488698986,21.865
1587488698986,21.865
1587488743442,21.85
1587488743442,21.85
1587488743442,21.85
1587488743442,21.85
1587488743442,21.85
1587488743442,21.85
1587488813749,21.855
1587488826290,21.835
1587488826290,21.835
1587488826290,21.835
1587488826290,21.835
1587488826290,21.835
1587488826290,21.835
1587488826290,21.835
1587488826290,21.835
1587488904023,21.835
1587488904023,21.835
1587488904023,21.835
1587488937789,21.81
1587488937789,21.81
1587488937789,21.81
1587488937789,21.81
1587488937789,21.81
1587488937789,21.81
1587488937789,21.81
1587488937789,21.81
1587488937789,21.81
1587488937789,21.81
1587488937789,21.81
1587488937789,21.81
1587488937789,21.81
1587488937789,21.81
1587488937789,21.81
1587488937789,21.81
1587488937789,21.81
1587488937789,21.81
1587488937789,21.81
1587488937789,21.81
1587488937789,21.81
1587488937789,21.81
1587488937789,21.81
1587488937789,21.81
1587488937789,21.81
1587489198177,21.795
1587489198177,21.795
1587489198177,21.795
1587489198177,21.795
1587489198177,21.795
1587489198177,21.795
1587489198177,21.795
1587489198177,21.795
1587489286548,21.785
1587489286548,21.785
1587489301625,21.785
1587489301625,21.785
1587489301625,21.785
1587489335493,21.765
1587489346765,21.765
1587489359682,21.755
1587489372998,21.745
1587489379126,21.745
1587489379126,21.745
1587489402659,21.715
1587489410680,21.715
1587489410680,21.715
1587489410680,21.715
1587489441296,21.725
1587489457124,21.725
1587489457124,21.725
1587489475927,21.715
1587489479711,21.72
1587489494585,21.725
1587489509873,21.735
1587489521152,21.755
1587489531309,21.765
1587489533243,21.765
1587489551448,21.745
1587489551448,21.745
1587489573164,21.745
1587489573164,21.745
1587489588023,21.74
1587489588023,21.74
1587489615900,21.745
1587489629062,21.745
1587489642137,21.755
1587489648980,21.76
1587489662632,21.765
1587489665162,21.765
1587489681117,21.76
1587489689456,21.755
1587489689456,21.755
1587489689456,21.755
1587489689456,21.755
1587489730021,21.77
1587489730021,21.77
1587489730021,21.77
1587489730021,21.77
1587489730021,21.77
1587489730021,21.77
1587489730021,21.77
1587489805209,21.735
1587489805209,21.735
1587489822993,21.725
1587489822993,21.725
1587489822993,21.725
1587489822993,21.725
1587489822993,21.725
1587489822993,21.725
1587489886720,21.715
1587489897030,21.71
1587489897030,21.71
1587489897030,21.71
1587489929297,21.73
1587489929297,21.73
1587489929297,21.73
1587489929297,21.73
1587489929297,21.73
1587489929297,21.73
1587489929297,21.73
1587489929297,21.73
1587489929297,21.73
1587489929297,21.73
1587489929297,21.73
1587489929297,21.73
1587489929297,21.73
1587489929297,21.73
1587490083441,21.72
1587490083441,21.72
1587490083441,21.72
1587490107863,21.71
1587490107863,21.71
1587490128226,21.71
1587490128226,21.71
1587490128226,21.71
1587490128226,21.71
1587490128226,21.71
1587490128226,21.71
1587490128226,21.71
1587490128226,21.71
1587490128226,21.71
1587490230294,21.715
1587490239469,21.725
1587490239469,21.725
1587490263002,21.73
1587490263990,21.735
1587490263990,21.735
1587490289464,21.735
1587490298855,21.735
1587490298855,21.735
1587490298855,21.735
1587490298855,21.735
1587490298855,21.735
1587490298855,21.735
1587490298855,21.735
1587490298855,21.735
1587490298855,21.735
1587490390364,21.72
1587490390364,21.72
1587490415932,21.725
1587490425482,21.725
1587490440957,21.72
1587490447978,21.715
1587490447978,21.715
1587490468076,21.725
1587490468076,21.725
1587490468076,21.725
1587490496047,21.735
1587490506833,21.735
1587490506833,21.735
1587490506833,21.735
1587490506833,21.735
1587490556047,21.715
1587490556047,21.715
1587490578474,21.715
1587490588397,21.725
1587490588397,21.725
1587490588397,21.725
1587490616047,21.715
1587490629705,21.715
1587490638827,21.715
1587490638827,21.715
1587490638827,21.715
1587490638827,21.715
1587490680053,21.715
1587490680053,21.715
1587490699082,21.71
1587490712151,21.71
1587490718018,21.71
1587490718018,21.71
1587490718018,21.71
1587490718018,21.71
1587490718018,21.71
1587490772199,21.715
1587490787063,21.725
1587490790570,21.725
1587490790570,21.725
1587490790570,21.725
1587490790570,21.725
1587490790570,21.725
1587490790570,21.725
1587490790570,21.725
1587490790570,21.725
1587490879653,21.675
1587490879653,21.675
1587490879653,21.675
1587490879653,21.675
1587490879653,21.675
1587490879653,21.675
1587490879653,21.675
1587490879653,21.675
1587490879653,21.675
1587490879653,21.675
1587490879653,21.675
1587490998272,21.66
1587490998272,21.66
1587490998272,21.66
1587490998272,21.66
1587491040230,21.645
1587491040230,21.645
1587491040230,21.645
1587491040230,21.645
1587491040230,21.645
1587491040230,21.645
1587491100227,21.675
1587491105133,21.68
1587491122233,21.64
1587491122233,21.64
1587491137080,21.635
1587491147258,21.62
1587491147258,21.62
1587491147258,21.62
1587491186520,21.615
1587491186520,21.615
1587491186520,21.615
1587491211654,21.625
1587491211654,21.625
1587491235339,21.64
1587491246844,21.645
1587491262382,21.645
1587491269842,21.64
1587491282527,21.645
1587491282527,21.645
1587491282527,21.645
1587491314159,21.615
1587491317248,21.615
1587491337369,21.605
1587491337369,21.605
1587491337369,21.605
1587491337369,21.605
1587491376096,21.575
1587491390058,21.565
1587491390058,21.565
1587491390058,21.565
1587491412665,21.55
1587491430943,21.55
1587491430943,21.55
1587491430943,21.55
1587491430943,21.55
1587491474097,21.565
1587491477643,21.585
1587491477643,21.585
1587491477643,21.585
1587491477643,21.585
1587491477643,21.585
1587491477643,21.585
1587491545837,21.58
1587491545837,21.58
1587491545837,21.58
1587491545837,21.58
1587491545837,21.58
1587491599685,21.62
1587491612529,21.625
1587491612529,21.625
1587491624719,21.64
1587491624719,21.64
1587491624719,21.64
1587491624719,21.64
1587491666409,21.64
1587491666409,21.64
1587491666409,21.64
1587491666409,21.64
1587491666409,21.64
1587491721788,21.645
1587491732966,21.65
1587491732966,21.65
1587491758015,21.65
1587491758015,21.65
1587491777023,21.655
1587491789610,21.655
1587491798067,21.65
1587491798067,21.65
1587491813202,21.64
1587491813202,21.64
1587491813202,21.64
1587491853314,21.64
1587491853314,21.64
1587491853314,21.64
1587491853314,21.64
1587491853314,21.64
1587491853314,21.64
1587491853314,21.64
1587491853314,21.64
1587491853314,21.64
1587491947530,21.615
1587491956533,21.655
1587491956533,21.655
1587491980718,21.65
1587491984096,21.64
1587491994049,21.655
1587492010318,21.645
1587492010318,21.645
1587492010318,21.645
1587492010318,21.645
1587492010318,21.645
1587492062078,21.62
1587492062078,21.62
1587492062078,21.62
1587492062078,21.62
1587492102717,21.625
1587492102717,21.625
1587492102717,21.625
1587492102717,21.625
1587492102717,21.625
1587492102717,21.625
1587492102717,21.625
1587492102717,21.625
1587492102717,21.625
1587492102717,21.625
1587492216094,21.64
1587492226864,21.64
1587492236715,21.65
1587492243794,21.655
1587492243794,21.655
1587492243794,21.655
1587492243794,21.655
1587492287786,21.675
1587492301686,21.665
1587492311244,21.65
1587492311244,21.65
1587492311244,21.65
1587492336017,21.665
1587492336017,21.665
1587492336017,21.665
1587492336017,21.665
1587492336017,21.665
1587492336017,21.665
1587492336017,21.665
1587492411053,21.715
1587492411053,21.715
1587492411053,21.715
1587492411053,21.715
1587492411053,21.715
1587492411053,21.715
1587492480279,21.72
1587492480279,21.72
1587492496011,21.715
1587492496011,21.715
1587492496011,21.715
1587492496011,21.715
1587492496011,21.715
1587492496011,21.715
1587492556785,21.665
1587492556785,21.665
1587492556785,21.665
1587492588062,21.665
1587492588062,21.665
1587492588062,21.665
1587492588062,21.665
1587492638649,21.685
1587492646538,21.655
1587492661447,21.665
1587492661447,21.665
1587492661447,21.665
1587492661447,21.665
1587492661447,21.665
1587492661447,21.665
1587492661447,21.665
1587492661447,21.665
1587492743164,21.67
1587492748333,21.69
1587492748333,21.69
1587492748333,21.69
1587492748333,21.69
1587492748333,21.69
1587492748333,21.69
1587492748333,21.69
1587492748333,21.69
1587492748333,21.69
1587492748333,21.69
1587492748333,21.69
1587492748333,21.69
1587492873683,21.68
1587492886634,21.675
1587492886634,21.675
1587492886634,21.675
1587492886634,21.675
1587492886634,21.675
1587492886634,21.675
1587492886634,21.675
1587492886634,21.675
1587492886634,21.675
1587492886634,21.675
1587492996021,21.67
1587492996021,21.67
1587492996021,21.67
1587492996021,21.67
1587492996021,21.67
1587492996021,21.67
1587492996021,21.67
1587492996021,21.67
1587492996021,21.67
1587492996021,21.67
1587492996021,21.67
1587492996021,21.67
1587493123755,21.67
1587493127536,21.675
1587493145046,21.67
1587493151005,21.68
1587493163460,21.675
1587493168666,21.675
1587493185441,21.675
1587493197540,21.675
1587493197540,21.675
1587493214579,21.675
1587493226052,21.675
1587493226052,21.675
1587493247560,21.675
1587493253865,21.675
1587493266309,21.685
1587493266309,21.685
1587493266309,21.685
1587493266309,21.685
1587493266309,21.685
1587493323684,21.665
1587493323684,21.665
1587493323684,21.665
1587493323684,21.665
1587493323684,21.665
1587493323684,21.665
1587493323684,21.665
1587493323684,21.665
1587493323684,21.665
1587493323684,21.665
1587493323684,21.665
1587493439281,21.73
1587493446016,21.735
1587493455573,21.745
1587493455573,21.745
1587493455573,21.745
1587493483932,21.77
1587493483932,21.77
1587493483932,21.77
1587493483932,21.77
1587493483932,21.77
1587493483932,21.77
1587493483932,21.77
1587493483932,21.77
1587493483932,21.77
1587493588023,21.765
1587493588023,21.765
1587493588023,21.765
1587493588023,21.765
1587493588023,21.765
1587493588023,21.765
1587493643710,21.78
1587493655323,21.765
1587493655323,21.765
1587493655323,21.765
1587493655323,21.765
1587493655323,21.765
1587493655323,21.765
1587493655323,21.765
1587493655323,21.765
1587493655323,21.765
1587493655323,21.765
1587493655323,21.765
1587493655323,21.765
1587493655323,21.765
1587493655323,21.765
1587493655323,21.765
1587493655323,21.765
1587493655323,21.765
1587493655323,21.765
1587493655323,21.765
1587493655323,21.765
1587493655323,21.765
1587493655323,21.765
1587493655323,21.765
1587493655323,21.765
1587493655323,21.765
1587493655323,21.765
1587493655323,21.765
1587493655323,21.765
1587493655323,21.765
1587493655323,21.765
1587493655323,21.765
1587493655323,21.765
1587493655323,21.765
1587493655323,21.765
1587493655323,21.765
1587493655323,21.765
1587493655323,21.765
1587493655323,21.765
1587493655323,21.765
1587494074149,21.725
1587494074149,21.725
1587494074149,21.725
1587494074149,21.725
1587494108717,21.73
1587494120955,21.74
1587494120955,21.74
1587494120955,21.74
1587494120955,21.74
1587494120955,21.74
1587494120955,21.74
1587494182986,21.745
1587494182986,21.745
1587494182986,21.745
1587494182986,21.745
1587494182986,21.745
1587494182986,21.745
1587494182986,21.745
1587494182986,21.745
1587494182986,21.745
1587494182986,21.745
1587494182986,21.745
1587494182986,21.745
1587494182986,21.745
1587494182986,21.745
1587494182986,21.745
1587494182986,21.745
1587494182986,21.745
1587494360659,21.745
1587494360659,21.745
1587494360659,21.745
1587494360659,21.745
1587494360659,21.745
1587494360659,21.745
1587494360659,21.745
1587494360659,21.745
1587494360659,21.745
1587494360659,21.745
1587494360659,21.745
1587494360659,21.745
1587494360659,21.745
1587494360659,21.745
1587494360659,21.745
1587494360659,21.745
1587494360659,21.745
1587494360659,21.745
1587494360659,21.745
1587494360659,21.745
1587494360659,21.745
1587494360659,21.745
1587494360659,21.745
1587494360659,21.745
1587494360659,21.745
1587494360659,21.745
1587494360659,21.745
1587494360659,21.745
1587494360659,21.745
1587494360659,21.745
1587494685566,21.685
1587494685566,21.685
1587494685566,21.685
1587494718736,21.68
1587494726794,21.68
1587494726794,21.68
1587494726794,21.68
1587494726794,21.68
1587494769199,21.685
1587494769199,21.685
1587494769199,21.685
1587494801172,21.71
1587494801172,21.71
1587494801172,21.71
1587494801172,21.71
1587494801172,21.71
1587494801172,21.71
1587494801172,21.71
1587494801172,21.71
1587494801172,21.71
1587494890719,21.74
1587494890719,21.74
1587494890719,21.74
1587494930518,21.78
1587494939985,21.78
1587494946141,21.78
1587494946141,21.78
1587494946141,21.78
1587494981333,21.775
1587494985330,21.76
1587494985330,21.76
1587494985330,21.76
1587495021122,21.725
1587495021122,21.725
1587495021122,21.725
1587495021122,21.725
1587495021122,21.725
1587495021122,21.725
1587495085729,21.745
1587495085729,21.745
1587495085729,21.745
1587495085729,21.745
1587495085729,21.745
1587495085729,21.745
1587495085729,21.745
1587495085729,21.745
1587495085729,21.745
1587495085729,21.745
1587495085729,21.745
1587495085729,21.745
1587495085729,21.745
1587495085729,21.745
1587495085729,21.745
1587495085729,21.745
1587495342188,21.77
1587495342188,21.77
1587495342188,21.77
1587495372116,21.77
1587495372116,21.77
1587495372116,21.77
1587495372116,21.77
1587495372116,21.77
1587495372116,21.77
1587495372116,21.77
1587495372116,21.77
1587495372116,21.77
1587495372116,21.77
1587495372116,21.77
1587495372116,21.77
1587495372116,21.77
1587495372116,21.77
1587495372116,21.77
1587495372116,21.77
1587495543216,21.765
1587495543216,21.765
1587495571460,21.765
1587495582788,21.755
1587495585410,21.745
