1587648654787,89.45
1587648668251,89.35
1587648668251,89.35
1587648690029,89.47
1587648690029,89.47
1587648708955,89.44
1587648723715,89.44
1587648723715,89.44
1587648745403,89.745
1587648752376,89.795
1587648767502,89.94
1587648779240,89.92
1587648783976,89.94
1587648798111,89.94
1587648811376,90.02
1587648821176,90.04
1587648826581,90
1587648839020,90.08
1587648852031,90.125
1587648852031,90.125
1587648874656,89.9
1587648881952,89.965
1587648881952,89.965
1587648905307,90.05
1587648911718,90.075
1587648922814,90.14
1587648933789,90.19
1587648933789,90.19
1587648952734,90.18
1587648952734,90.18
1587648952734,90.18
1587648986324,90.07
1587649000531,90.2
1587649008070,90.17
1587649008070,90.17
1587649027370,90.2
1587649040504,90.25
1587649047482,90.29
1587649064009,90.38
1587649069825,90.37
1587649069825,90.37
1587649090677,90.475
1587649090677,90.475
1587649115681,90.51
1587649115681,90.51
1587649132982,90.58
1587649141215,90.62
1587649141215,90.62
1587649163603,90.695
1587649177186,90.62
1587649177186,90.62
1587649177186,90.62
1587649177186,90.62
1587649177186,90.62
1587649226734,90.63
1587649226734,90.63
1587649226734,90.63
1587649257368,90.79
1587649257368,90.79
1587649278302,90.82
1587649278302,90.82
1587649300578,90.79
1587649300578,90.79
1587649300578,90.79
1587649328355,90.76
1587649341023,90.635
1587649358518,90.525
1587649366800,90.51
1587649366800,90.51
1587649390334,90.56
1587649390334,90.56
1587649402217,90.54
1587649413044,90.51
1587649413044,90.51
1587649413044,90.51
1587649451969,90.45
1587649464855,90.48
1587649467558,90.48
1587649481202,90.54
1587649487471,90.51
1587649502632,90.55
1587649515862,90.53
1587649515862,90.53
1587649529281,90.52
1587649547961,90.57
1587649559693,90.54
1587649571137,90.53
1587649571137,90.53
1587649588666,90.55
1587649595729,90.56
1587649611886,90.47
1587649623058,90.43
1587649625771,90.4
1587649640303,90.32
1587649653940,90.36
1587649653940,90.36
1587649653940,90.36
1587649690970,90.46
1587649702811,90.44
1587649713351,90.44
1587649713351,90.44
1587649713351,90.44
1587649740248,90.355
1587649746991,90.25
1587649746991,90.25
1587649746991,90.25
1587649746991,90.25
1587649790555,90.36
1587649799512,90.33
1587649809875,90.31
1587649822086,90.25
1587649822086,90.25
1587649849311,90.29
1587649849311,90.29
1587649862879,90.26
1587649862879,90.26
1587649890865,90.285
1587649902055,90.26
1587649902055,90.26
1587649902055,90.26
1587649930911,90.275
1587649941015,90.265
1587649943207,90.26
1587649964810,90.21
1587649964810,90.21
1587649985215,90.17
1587649989259,90.17
1587650005538,90.13
1587650015817,90.17
1587650015817,90.17
1587650015817,90.17
1587650041242,90.16
1587650057729,90.115
1587650066101,90.12
1587650080839,90.09
1587650080839,90.09
1587650080839,90.09
1587650108685,89.92
1587650108685,89.92
1587650130946,89.75
1587650144755,89.83
1587650144755,89.83
1587650164342,89.83
1587650173473,89.75
1587650173473,89.75
1587650200951,89.73
1587650203694,89.715
1587650221224,89.805
1587650224018,89.815
1587650224018,89.815
1587650224018,89.815
1587650265110,89.8
1587650267274,89.79
1587650286244,89.69
1587650289996,89.68
1587650289996,89.68
1587650317008,89.595
1587650317008,89.595
1587650342160,89.55
1587650346057,89.55
1587650361018,89.61
1587650361018,89.61
1587650361018,89.61
1587650390023,89.58
1587650407029,89.73
1587650407029,89.73
1587650427376,89.82
1587650427376,89.82
1587650445964,89.88
1587650445964,89.88
1587650445964,89.88
1587650445964,89.88
1587650489420,90.03
1587650500907,90.04
1587650512877,90.07
1587650512877,90.07
1587650512877,90.07
1587650512877,90.07
1587650512877,90.07
1587650512877,90.07
1587650512877,90.07
1587650512877,90.07
1587650588504,89.975
1587650606195,89.89
1587650619924,89.85
1587650619924,89.85
1587650619924,89.85
1587650619924,89.85
1587650657965,90.065
1587650672399,90.08
1587650684353,90.05
1587650684353,90.05
1587650698550,90.05
1587650709681,90.04
1587650709681,90.04
1587650709681,90.04
1587650740696,90.09
1587650757460,90.08
1587650757460,90.08
1587650757460,90.08
1587650783800,90.085
1587650799276,90.11
1587650807280,90.165
1587650807280,90.165
1587650824655,90.16
1587650841041,90.1
1587650849856,90.12
1587650866297,90.18
1587650869850,90.185
1587650884450,90.265
1587650895130,90.265
1587650909213,90.345
1587650909213,90.345
1587650909213,90.345
1587650909213,90.345
1587650943073,90.37
1587650943073,90.37
1587650943073,90.37
1587650982463,90.43
1587650982463,90.43
1587650982463,90.43
1587651008299,90.44
1587651023338,90.4
1587651032927,90.36
1587651044263,90.34
1587651044263,90.34
1587651062954,90.315
1587651062954,90.315
1587651062954,90.315
1587651097366,90.43
1587651097366,90.43
1587651097366,90.43
1587651127958,90.33
1587651142871,90.32
1587651151367,90.305
1587651162454,90.395
1587651172884,90.4
1587651172884,90.4
1587651193090,90.36
1587651193090,90.36
1587651193090,90.36
1587651193090,90.36
1587651229647,90.37
1587651247691,90.41
1587651247691,90.41
1587651269821,90.455
1587651281091,90.46
1587651291763,90.445
1587651302667,90.44
1587651306393,90.41
1587651306393,90.41
1587651306393,90.41
1587651306393,90.41
1587651306393,90.41
1587651306393,90.41
1587651306393,90.41
1587651306393,90.41
1587651392004,90.45
1587651392004,90.45
1587651392004,90.45
1587651422724,90.3
1587651422724,90.3
1587651422724,90.3
1587651457468,90.29
1587651467669,90.305
1587651481729,90.315
1587651489688,90.27
1587651489688,90.27
1587651509901,90.365
1587651509901,90.365
1587651509901,90.365
1587651509901,90.365
1587651554300,90.41
1587651561547,90.405
1587651573475,90.435
1587651582361,90.415
1587651582361,90.415
1587651582361,90.415
1587651616140,90.44
1587651627623,90.44
1587651637797,90.43
1587651644513,90.44
1587651652392,90.44
1587651652392,90.44
1587651676252,90.49
1587651688766,90.445
1587651701094,90.375
1587651702480,90.37
1587651702480,90.37
1587651727813,90.455
1587651736520,90.435
1587651748221,90.525
1587651758160,90.5
1587651758160,90.5
1587651784096,90.51
1587651793299,90.57
1587651803489,90.49
1587651816400,90.53
1587651816400,90.53
1587651830576,90.52
1587651850157,90.52
1587651854930,90.49
1587651870333,90.6
1587651882242,90.545
1587651882242,90.545
1587651900464,90.57
1587651910715,90.58
1587651922692,90.63
1587651934466,90.68
1587651934466,90.68
1587651934466,90.68
1587651963223,90.64
1587651970901,90.605
1587651970901,90.605
1587651989341,90.675
1587651989341,90.675
1587652016494,90.68
1587652016494,90.68
1587652032888,90.57
1587652032888,90.57
1587652054226,90.61
1587652054226,90.61
1587652054226,90.61
1587652089675,90.555
1587652097671,90.53
1587652103937,90.55
1587652103937,90.55
1587652103937,90.55
1587652142367,90.46
1587652152746,90.42
1587652161472,90.41
1587652161472,90.41
1587652175451,90.44
1587652194935,90.5
1587652194935,90.5
1587652194935,90.5
1587652225244,90.51
1587652225244,90.51
1587652225244,90.51
1587652257303,90.55
1587652268408,90.6
1587652268408,90.6
1587652268408,90.6
1587652268408,90.6
1587652306059,90.56
1587652306059,90.56
1587652332606,90.52
1587652332606,90.52
1587652351388,90.5
1587652351388,90.5
1587652375423,90.595
1587652378679,90.54
1587652378679,90.54
1587652378679,90.54
1587652378679,90.54
1587652425251,90.68
1587652442136,90.65
1587652442136,90.65
1587652461164,90.68
1587652461164,90.68
1587652461164,90.68
1587652488140,90.75
1587652494617,90.76
1587652515147,90.78
1587652515147,90.78
1587652515147,90.78
1587652515147,90.78
1587652515147,90.78
1587652515147,90.78
1587652568428,90.74
1587652568428,90.74
1587652568428,90.74
1587652568428,90.74
1587652568428,90.74
1587652624921,90.77
1587652636855,90.76
1587652636855,90.76
1587652658850,90.85
1587652658850,90.85
1587652658850,90.85
1587652695748,90.77
1587652705499,90.83
1587652714446,90.82
1587652714446,90.82
1587652714446,90.82
1587652749198,90.9
1587652756437,90.9
1587652756437,90.9
1587652777600,90.9
1587652790976,90.89
1587652790976,90.89
1587652790976,90.89
1587652790976,90.89
1587652790976,90.89
1587652790976,90.89
1587652790976,90.89
1587652790976,90.89
1587652790976,90.89
1587652790976,90.89
1587652790976,90.89
1587652905067,91
1587652917455,90.99
1587652918368,90.98
1587652918368,90.98
1587652918368,90.98
1587652918368,90.98
1587652968362,91.03
1587652968362,91.03
1587652968362,91.03
1587652968362,91.03
1587653008474,91.08
1587653008474,91.08
1587653008474,91.08
1587653008474,91.08
1587653052134,91.13
1587653062119,91.17
1587653075130,91.26
1587653081993,91.18
1587653090294,91.19
1587653090294,91.19
1587653090294,91.19
1587653119833,91.265
1587653132715,91.21
1587653132715,91.21
1587653152019,91.22
1587653152019,91.22
1587653152019,91.22
1587653187956,91.09
1587653199668,91.04
1587653199668,91.04
1587653223673,91.07
1587653223673,91.07
1587653244570,91.07
1587653244570,91.07
1587653263492,91.04
1587653263492,91.04
1587653263492,91.04
1587653263492,91.04
1587653263492,91.04
1587653316822,90.97
1587653316822,90.97
1587653336303,90.96
1587653343751,90.95
1587653343751,90.95
1587653343751,90.95
1587653343751,90.95
1587653392123,91.015
1587653398417,91.01
1587653410471,91.01
1587653423263,91.01
1587653437741,91.04
1587653437741,91.04
1587653456056,91
1587653465512,90.985
1587653475714,90.955
1587653480166,90.945
1587653496342,91.01
1587653496342,91.01
1587653496342,91.01
1587653533004,91.065
1587653533004,91.065
1587653553226,91.11
1587653556850,91.09
1587653556850,91.09
1587653556850,91.09
1587653589664,91.12
1587653589664,91.12
1587653615477,91.18
1587653615477,91.18
1587653615477,91.18
1587653615477,91.18
1587653615477,91.18
1587653615477,91.18
1587653677955,91.18
1587653677955,91.18
1587653699669,91.205
1587653707745,91.205
1587653716389,91.19
1587653731220,91.175
1587653744773,91.185
1587653747796,91.165
1587653747796,91.165
1587653747796,91.165
1587653786167,91.1
1587653791405,91.115
1587653791405,91.115
1587653791405,91.115
1587653791405,91.115
1587653838378,91.06
1587653842179,91.08
1587653857384,91.06
1587653861955,91.07
1587653877023,91.04
1587653882745,90.995
1587653882745,90.995
1587653913776,91.025
1587653920650,91.08
1587653932185,91.08
1587653942024,91.04
1587653942024,91.04
1587653964635,90.995
1587653973626,90.99
1587653981983,90.985
1587653997659,90.985
1587653997659,90.985
1587654014033,90.94
1587654025860,90.9
1587654025860,90.9
1587654043364,90.93
1587654056703,90.92
1587654066520,90.9
1587654066520,90.9
1587654066520,90.9
1587654066520,90.9
1587654066520,90.9
1587654066520,90.9
1587654130472,90.885
1587654138649,90.905
1587654152214,90.905
1587654152214,90.905
1587654152214,90.905
1587654184581,90.99
1587654191413,90.995
1587654200849,90.965
1587654200849,90.965
1587654224377,90.995
1587654234423,90.985
1587654248485,91.015
1587654253098,91.01
1587654264980,91.005
1587654278441,91.065
1587654292570,91.08
1587654301545,91.03
1587654305645,91.025
1587654323435,91.02
1587654323435,91.02
1587654346517,91.015
1587654356002,91.005
1587654360119,90.985
1587654368197,90.965
1587654368197,90.965
1587654400165,90.94
1587654404538,90.935
1587654421670,90.94
1587654422837,90.92
1587654437698,90.89
1587654449376,90.85
1587654449376,90.85
1587654449376,90.85
1587654449376,90.85
1587654491394,90.815
1587654491394,90.815
1587654515011,90.85
1587654524893,90.835
1587654535574,90.82
1587654547217,90.845
1587654554730,90.835
1587654569469,90.895
1587654572737,90.9
1587654583699,90.9
1587654593754,90.94
1587654604067,90.935
1587654617535,90.98
1587654632154,91.025
1587654641140,91.02
1587654651670,91.01
1587654651670,91.01
1587654671755,91.03
1587654671755,91.03
1587654688091,90.99
1587654703694,90.94
1587654713195,90.89
1587654713195,90.89
1587654713195,90.89
1587654713195,90.89
1587654713195,90.89
1587654766870,90.87
1587654766870,90.87
1587654766870,90.87
1587654796907,90.895
1587654805296,90.905
1587654805296,90.905
1587654805296,90.905
1587654840531,90.98
1587654851077,90.935
1587654862284,90.95
1587654862284,90.95
1587654884539,90.885
1587654895248,90.9
1587654895248,90.9
1587654895248,90.9
1587654895248,90.9
1587654895248,90.9
1587654895248,90.9
1587654895248,90.9
1587654895248,90.9
1587654895248,90.9
1587654895248,90.9
1587654895248,90.9
1587655012516,90.96
1587655012516,90.96
1587655012516,90.96
1587655012516,90.96
1587655012516,90.96
1587655012516,90.96
1587655072108,91
1587655072108,91
1587655095085,90.99
1587655100307,90.96
1587655100307,90.96
1587655128278,90.965
1587655139705,90.95
1587655139705,90.95
1587655139705,90.95
1587655168685,90.95
1587655168685,90.95
1587655184788,90.95
1587655204086,90.945
1587655211504,90.88
1587655222919,90.89
1587655234084,90.865
1587655243671,90.9
1587655247906,90.895
1587655267794,90.905
1587655276157,90.94
1587655280227,90.93
1587655293769,90.93
1587655308253,90.95
1587655308253,90.95
1587655323001,90.975
1587655323001,90.975
1587655352421,91.045
1587655361715,90.97
1587655369966,90.945
1587655381549,90.94
1587655393759,90.905
1587655393759,90.905
1587655412344,90.89
1587655424460,90.875
1587655424460,90.875
1587655446466,90.93
1587655446466,90.93
1587655446466,90.93
1587655477656,90.915
1587655485322,90.92
1587655485322,90.92
1587655503128,90.955
1587655503128,90.955
1587655503128,90.955
1587655536226,91.09
1587655552258,91.105
1587655552258,91.105
1587655567865,91.095
1587655578984,91.095
1587655578984,91.095
1587655598102,91.1
1587655617301,91.08
1587655617301,91.08
1587655641002,91.115
1587655649148,91.13
1587655649148,91.13
1587655672288,91.16
1587655677160,91.165
1587655677160,91.165
1587655700021,91.115
1587655713029,91.105
1587655713029,91.105
1587655729423,91.085
1587655736733,91.055
1587655751809,91.095
1587655751809,91.095
1587655769389,91.08
1587655785243,91.05
1587655792619,91.085
1587655803616,91.105
1587655820039,91.05
1587655820039,91.05
1587655820039,91.05
1587655847374,91.09
1587655863190,91.085
1587655867686,91.07
1587655867686,91.07
1587655887981,91.025
1587655887981,91.025
1587655887981,91.025
1587655918865,90.96
1587655929198,90.955
1587655948686,90.96
1587655955524,90.925
1587655962765,90.88
1587655974736,90.86
1587655974736,90.86
1587656000581,90.87
1587656010360,90.845
1587656022329,90.83
1587656030568,90.855
1587656040316,90.89
1587656053815,90.915
1587656057723,90.9
1587656074315,90.925
1587656084769,90.89
1587656088823,90.89
1587656088823,90.89
1587656112382,90.9
1587656130916,90.86
1587656140739,90.79
1587656149749,90.78
1587656162268,90.73
1587656162268,90.73
1587656177140,90.71
1587656192634,90.72
1587656196803,90.72
1587656214432,90.79
1587656224141,90.79
1587656234783,90.81
1587656249990,90.78
1587656251489,90.77
1587656265994,90.74
1587656265994,90.74
1587656265994,90.74
1587656296685,90.71
1587656306134,90.73
1587656306134,90.73
1587656325078,90.69
1587656339661,90.695
1587656347701,90.7
1587656355782,90.68
1587656370826,90.665
1587656370826,90.665
1587656370826,90.665
1587656405764,90.655
1587656411054,90.63
1587656424960,90.655
1587656434470,90.665
1587656434470,90.665
1587656456886,90.66
1587656464338,90.675
1587656474711,90.67
1587656486124,90.645
1587656500435,90.57
1587656510174,90.585
1587656511741,90.585
1587656511741,90.585
1587656533909,90.58
1587656549333,90.6
1587656559771,90.6
1587656566612,90.62
1587656566612,90.62
1587656566612,90.62
1587656604255,90.69
1587656610597,90.665
1587656624494,90.63
1587656631708,90.595
1587656637850,90.595
1587656637850,90.595
1587656637850,90.595
1587656637850,90.595
1587656637850,90.595
1587656701258,90.58
1587656710352,90.545
1587656717064,90.54
1587656730431,90.48
1587656739546,90.525
1587656751711,90.475
1587656751711,90.475
1587656764975,90.505
1587656764975,90.505
1587656764975,90.505
1587656804486,90.575
1587656809154,90.55
1587656825334,90.515
1587656837736,90.515
1587656843806,90.51
1587656861345,90.515
1587656871369,90.57
1587656881400,90.56
1587656892845,90.515
1587656894970,90.495
1587656894970,90.495
1587656924219,90.575
1587656933375,90.58
1587656945102,90.57
1587656947885,90.535
1587656955685,90.47
1587656955685,90.47
1587656988152,90.505
1587656997412,90.46
1587656997412,90.46
1587656997412,90.46
1587657028510,90.57
1587657041030,90.575
1587657052517,90.59
1587657063660,90.585
1587657063660,90.585
1587657063660,90.585
1587657093793,90.65
1587657103837,90.695
1587657110994,90.68
1587657125688,90.71
1587657135890,90.675
1587657135890,90.675
1587657156902,90.71
1587657156902,90.71
1587657156902,90.71
1587657179092,90.655
1587657190328,90.65
1587657205795,90.66
1587657205795,90.66
1587657205795,90.66
1587657205795,90.66
1587657205795,90.66
1587657205795,90.66
1587657273713,90.58
1587657280749,90.57
1587657280749,90.57
1587657301648,90.59
1587657308716,90.58
1587657308716,90.58
1587657308716,90.58
1587657308716,90.58
1587657308716,90.58
1587657369150,90.64
1587657369150,90.64
1587657369150,90.64
1587657396343,90.65
1587657396343,90.65
1587657396343,90.65
1587657426862,90.72
1587657442548,90.73
1587657442548,90.73
1587657442548,90.73
1587657442548,90.73
1587657442548,90.73
1587657442548,90.73
1587657442548,90.73
1587657442548,90.73
1587657442548,90.73
1587657532860,90.77
1587657532860,90.77
1587657532860,90.77
1587657532860,90.77
1587657579524,90.82
1587657579524,90.82
1587657603898,90.84
1587657603898,90.84
1587657603898,90.84
1587657603898,90.84
1587657603898,90.84
1587657603898,90.84
1587657603898,90.84
1587657678330,90.9
1587657678330,90.9
1587657678330,90.9
1587657678330,90.9
1587657678330,90.9
1587657729758,90.94
1587657729758,90.94
1587657729758,90.94
1587657729758,90.94
1587657729758,90.94
1587657786925,91.035
1587657786925,91.035
1587657786925,91.035
1587657786925,91.035
1587657786925,91.035
1587657786925,91.035
1587657786925,91.035
1587657855988,91.025
1587657855988,91.025
1587657855988,91.025
1587657894392,90.99
1587657905734,91
1587657914681,91.005
1587657921590,91.005
1587657937326,91.025
1587657937326,91.025
1587657956948,91.03
1587657956948,91.03
1587657956948,91.03
1587657981956,90.98
1587657981956,90.98
1587657981956,90.98
1587657981956,90.98
1587657981956,90.98
1587657981956,90.98
1587657981956,90.98
1587658057155,91.06
1587658057155,91.06
1587658057155,91.06
1587658057155,91.06
1587658099289,91.02
1587658115386,91.01
1587658126136,91.04
1587658126136,91.04
1587658126136,91.04
1587658155181,91.04
1587658155181,91.04
1587658155181,91.04
1587658155181,91.04
1587658155181,91.04
1587658212834,91.06
1587658212834,91.06
1587658234286,91.03
1587658243666,91.02
1587658243666,91.02
1587658260508,91.02
1587658260508,91.02
1587658277503,90.995
1587658277503,90.995
1587658277503,90.995
1587658321167,90.99
1587658321167,90.99
1587658342132,91.035
1587658342132,91.035
1587658342132,91.035
1587658342132,91.035
1587658342132,91.035
1587658342132,91.035
1587658342132,91.035
1587658342132,91.035
1587658342132,91.035
1587658342132,91.035
1587658342132,91.035
1587658342132,91.035
1587658458468,91.05
1587658474670,91.02
1587658474670,91.02
1587658474670,91.02
1587658474670,91.02
1587658474670,91.02
1587658474670,91.02
1587658474670,91.02
1587658474670,91.02
1587658557622,91.07
1587658557622,91.07
1587658582852,91.09
1587658582852,91.09
1587658582852,91.09
1587658582852,91.09
1587658582852,91.09
1587658640664,91.09
1587658654833,91.075
1587658654833,91.075
1587658672835,91.07
1587658676846,91.07
1587658676846,91.07
1587658676846,91.07
1587658676846,91.07
1587658729261,91.075
1587658729261,91.075
1587658750156,91
1587658751469,90.995
1587658751469,90.995
1587658751469,90.995
1587658751469,90.995
1587658751469,90.995
1587658804051,91.07
1587658820188,91.05
1587658832204,91.055
1587658832204,91.055
1587658832204,91.055
1587658832204,91.055
1587658876015,91.075
1587658888895,91.085
1587658899397,91.06
1587658902398,91.055
1587658913953,91.065
1587658913953,91.065
1587658941285,91.075
1587658941285,91.075
1587658960062,91.055
1587658960062,91.055
1587658960062,91.055
1587658960062,91.055
1587658994242,91.035
1587658994242,91.035
1587658994242,91.035
1587659035375,91.07
1587659035375,91.07
1587659035375,91.07
1587659035375,91.07
1587659076830,91.115
1587659076830,91.115
1587659095701,91.15
1587659095701,91.15
1587659095701,91.15
1587659095701,91.15
1587659095701,91.15
1587659095701,91.15
1587659159312,91.15
1587659170706,91.12
1587659170706,91.12
1587659170706,91.12
1587659170706,91.12
1587659170706,91.12
1587659226057,91.09
1587659226057,91.09
1587659226057,91.09
1587659258032,91.14
1587659260806,91.14
1587659276917,91.105
1587659276917,91.105
1587659276917,91.105
1587659276917,91.105
1587659313742,91.135
1587659313742,91.135
1587659341432,91.11
1587659341432,91.11
1587659357564,91.1
1587659357564,91.1
1587659357564,91.1
1587659395232,91.08
1587659395232,91.08
1587659410177,91.1
1587659410177,91.1
1587659410177,91.1
1587659410177,91.1
1587659410177,91.1
1587659410177,91.1
1587659482641,91.14
1587659482641,91.14
1587659504787,91.075
1587659504787,91.075
1587659504787,91.075
1587659504787,91.075
1587659504787,91.075
1587659504787,91.075
1587659562381,91.125
1587659562381,91.125
1587659589268,91.165
1587659596431,91.16
1587659607787,91.165
1587659615275,91.14
1587659615275,91.14
1587659634469,91.11
1587659634469,91.11
1587659634469,91.11
1587659634469,91.11
1587659684377,91.11
1587659684377,91.11
1587659684377,91.11
1587659684377,91.11
1587659726918,91.03
1587659734587,91.01
1587659734587,91.01
1587659758227,90.995
1587659758227,90.995
1587659758227,90.995
1587659758227,90.995
1587659758227,90.995
1587659810262,90.99
1587659810262,90.99
1587659823608,90.985
1587659823608,90.985
1587659823608,90.985
1587659823608,90.985
1587659823608,90.985
1587659881946,91.05
1587659881946,91.05
1587659881946,91.05
1587659881946,91.05
1587659881946,91.05
1587659881946,91.05
1587659948554,91.13
1587659956195,91.115
1587659970056,91.125
1587659970056,91.125
1587659970056,91.125
1587659998968,91.085
1587660004897,91.105
1587660021739,91.105
1587660021739,91.105
1587660021739,91.105
1587660021739,91.105
1587660021739,91.105
1587660021739,91.105
1587660021739,91.105
1587660099088,91.1
1587660099088,91.1
1587660099088,91.1
1587660128265,91.07
1587660128265,91.07
1587660141875,91.07
1587660141875,91.07
1587660141875,91.07
1587660177060,91.08
1587660177060,91.08
1587660204077,91.08
1587660204077,91.08
1587660204077,91.08
1587660204077,91.08
1587660245246,91.09
1587660245246,91.09
1587660245246,91.09
1587660273781,90.44
1587660286851,90.545
1587660296821,90.22
1587660300837,90.27
1587660319359,90.17
1587660332906,90
1587660346091,89.99
1587660349530,89.96
1587660349530,89.96
1587660349530,89.96
1587660384333,89.7
1587660384333,89.7
1587660412363,89.71
1587660419876,89.61
1587660419876,89.61
1587660435993,89.725
1587660452664,89.83
1587660452664,89.83
1587660477300,90.15
1587660484980,90.34
1587660495296,90.41
1587660503974,90.3
1587660512899,90.27
1587660512899,90.27
1587660537117,90.1
1587660537117,90.1
1587660537117,90.1
1587660569415,90.17
1587660580000,90.16
1587660580000,90.16
1587660601720,90.045
1587660613281,89.91
1587660622106,89.9
1587660622106,89.9
1587660646258,89.73
1587660646258,89.73
1587660664755,89.64
1587660664755,89.64
1587660664755,89.64
1587660701536,89.49
1587660701536,89.49
1587660701536,89.49
1587660730840,89.46
1587660730840,89.46
1587660753972,89.43
1587660766297,89.64
1587660766297,89.64
1587660787247,89.94
1587660794653,89.77
1587660803011,89.68
1587660803011,89.68
1587660803011,89.68
1587660803011,89.68
1587660803011,89.68
1587660858268,89.92
1587660858268,89.92
1587660858268,89.92
1587660858268,89.92
1587660858268,89.92
1587660858268,89.92
1587660858268,89.92
1587660858268,89.92
1587660948683,90.22
1587660958688,90.185
1587660970319,90.15
1587660970319,90.15
1587660988701,90.19
1587660988701,90.19
1587661006059,90.17
1587661019655,90.34
1587661019655,90.34
1587661019655,90.34
1587661019655,90.34
1587661019655,90.34
1587661073826,90.24
1587661073826,90.24
1587661073826,90.24
1587661073826,90.24
1587661114444,90.31
1587661114444,90.31
1587661139464,90.36
1587661150028,90.33
1587661150028,90.33
1587661150028,90.33
1587661150028,90.33
1587661150028,90.33
1587661150028,90.33
1587661212662,90.38
1587661220998,90.34
1587661220998,90.34
1587661220998,90.34
1587661220998,90.34
1587661220998,90.34
1587661280496,90.42
1587661280496,90.42
1587661280496,90.42
1587661280496,90.42
1587661280496,90.42
1587661280496,90.42
1587661280496,90.42
1587661280496,90.42
1587661280496,90.42
1587661280496,90.42
1587661280496,90.42
1587661280496,90.42
1587661280496,90.42
1587661280496,90.42
1587661280496,90.42
1587661443916,90.53
1587661443916,90.53
1587661455970,90.53
1587661471039,90.52
1587661471039,90.52
1587661471039,90.52
1587661471039,90.52
1587661471039,90.52
1587661471039,90.52
1587661471039,90.52
1587661547037,90.37
1587661547037,90.37
1587661547037,90.37
1587661577365,90.45
1587661577365,90.45
1587661601404,90.44
1587661601404,90.44
1587661601404,90.44
1587661630629,90.34
1587661630629,90.34
1587661630629,90.34
1587661630629,90.34
1587661630629,90.34
1587661630629,90.34
1587661630629,90.34
1587661710433,90.21
1587661710433,90.21
1587661710433,90.21
1587661710433,90.21
1587661710433,90.21
1587661761473,90.22
1587661761473,90.22
1587661785181,90.27
1587661785181,90.27
1587661785181,90.27
1587661785181,90.27
1587661785181,90.27
1587661785181,90.27
1587661843779,90.27
1587661843779,90.27
1587661843779,90.27
1587661843779,90.27
1587661843779,90.27
1587661843779,90.27
1587661910054,90.35
1587661910054,90.35
1587661910054,90.35
1587661910054,90.35
1587661910054,90.35
1587661963380,90.41
1587661963380,90.41
1587661963380,90.41
1587661963380,90.41
1587661963380,90.41
1587661963380,90.41
1587661963380,90.41
1587662042850,90.47
1587662042850,90.47
1587662042850,90.47
1587662042850,90.47
1587662042850,90.47
1587662042850,90.47
1587662108630,90.53
1587662108630,90.53
1587662108630,90.53
1587662108630,90.53
1587662151036,90.51
1587662151036,90.51
1587662151036,90.51
1587662179109,90.58
1587662179109,90.58
1587662201886,90.6
1587662208205,90.55
1587662208205,90.55
1587662208205,90.55
1587662208205,90.55
1587662208205,90.55
1587662261610,90.51
1587662261610,90.51
1587662284626,90.5
1587662284626,90.5
1587662284626,90.5
1587662320125,90.52
1587662320125,90.52
1587662320125,90.52
1587662320125,90.52
1587662361386,90.435
1587662361386,90.435
1587662379392,90.425
1587662379392,90.425
1587662379392,90.425
1587662379392,90.425
1587662379392,90.425
1587662437851,90.28
1587662440163,90.285
1587662440163,90.285
1587662440163,90.285
1587662479015,90.265
1587662479015,90.265
1587662479015,90.265
1587662479015,90.265
1587662520628,90.2
1587662520628,90.2
1587662520628,90.2
1587662553165,90.16
1587662562959,90.12
1587662562959,90.12
1587662581553,89.91
1587662581553,89.91
1587662581553,89.91
1587662581553,89.91
1587662632418,89.99
1587662632418,89.99
1587662655907,89.88
1587662655907,89.88
1587662680721,89.97
1587662687441,89.93
1587662687441,89.93
1587662703050,89.88
1587662703050,89.88
1587662703050,89.88
1587662703050,89.88
1587662703050,89.88
1587662703050,89.88
1587662771330,89.82
1587662771330,89.82
1587662771330,89.82
1587662801236,89.82
1587662801236,89.82
1587662801236,89.82
1587662832351,89.84
1587662832351,89.84
1587662854058,89.76
1587662854058,89.76
1587662873002,89.81
1587662873002,89.81
1587662899689,89.96
1587662899689,89.96
1587662899689,89.96
1587662931409,90
1587662931409,90
1587662948307,89.93
1587662948307,89.93
1587662967159,89.96
1587662967159,89.96
1587662967159,89.96
1587663002027,89.99
1587663002027,89.99
1587663002027,89.99
1587663002027,89.99
1587663002027,89.99
1587663002027,89.99
1587663002027,89.99
1587663078825,90.05
1587663078825,90.05
1587663078825,90.05
1587663078825,90.05
1587663124869,90.1
1587663124869,90.1
1587663148107,90.115
1587663148107,90.115
1587663148107,90.115
1587663174780,90.13
1587663189933,90.15
1587663189933,90.15
1587663189933,90.15
1587663189933,90.15
1587663189933,90.15
1587663189933,90.15
1587663252513,90.19
1587663262514,90.16
1587663262514,90.16
1587663287516,90.145
1587663287516,90.145
1587663287516,90.145
1587663287516,90.145
1587663320722,90.075
1587663320722,90.075
1587663348414,90.16
1587663357248,90.155
1587663357248,90.155
1587663386483,90.26
1587663386483,90.26
1587663397267,90.26
1587663397267,90.26
1587663426267,90.26
1587663426267,90.26
1587663426267,90.26
1587663458551,90.2
1587663458551,90.2
1587663458551,90.2
1587663486897,90.14
1587663486897,90.14
1587663503905,90.075
1587663503905,90.075
1587663503905,90.075
1587663503905,90.075
1587663551027,90.08
1587663551027,90.08
1587663577566,90.06
1587663577566,90.06
1587663577566,90.06
1587663611706,90.07
1587663619685,90.08
1587663626518,90.095
1587663626518,90.095
1587663654574,90.03
1587663654574,90.03
1587663654574,90.03
1587663688322,89.93
1587663688322,89.93
1587663688322,89.93
1587663688322,89.93
1587663688322,89.93
1587663688322,89.93
1587663753692,89.865
1587663753692,89.865
1587663753692,89.865
1587663753692,89.865
1587663753692,89.865
1587663753692,89.865
1587663753692,89.865
1587663753692,89.865
1587663753692,89.865
1587663753692,89.865
1587663753692,89.865
1587663753692,89.865
1587663753692,89.865
1587663753692,89.865
1587663753692,89.865
1587663908389,89.89
1587663908389,89.89
1587663933421,89.91
1587663933421,89.91
1587663955529,89.95
1587663955529,89.95
1587663955529,89.95
1587663987122,89.99
1587663987122,89.99
1587664011320,90.01
1587664011320,90.01
1587664011320,90.01
1587664011320,90.01
1587664011320,90.01
1587664063004,89.91
1587664063004,89.91
1587664077297,89.9
1587664077297,89.9
1587664102262,89.93
1587664102262,89.93
1587664102262,89.93
1587664102262,89.93
1587664102262,89.93
1587664102262,89.93
1587664102262,89.93
1587664102262,89.93
1587664102262,89.93
1587664203236,89.76
1587664203236,89.76
1587664203236,89.76
1587664203236,89.76
1587664203236,89.76
1587664203236,89.76
1587664263383,89.825
1587664263383,89.825
1587664284735,89.79
1587664296357,89.79
1587664296357,89.79
1587664296357,89.79
1587664296357,89.79
1587664296357,89.79
1587664296357,89.79
1587664296357,89.79
1587664369446,89.82
1587664369446,89.82
1587664369446,89.82
1587664404102,89.76
1587664408335,89.74
1587664408335,89.74
1587664433830,89.71
1587664433830,89.71
1587664433830,89.71
1587664433830,89.71
1587664481815,89.7
1587664481815,89.7
1587664496747,89.73
1587664496747,89.73
1587664496747,89.73
1587664496747,89.73
1587664496747,89.73
1587664496747,89.73
1587664496747,89.73
1587664575948,89.72
1587664583756,89.74
1587664583756,89.74
1587664605189,89.85
1587664618068,89.8
1587664618068,89.8
1587664618068,89.8
1587664618068,89.8
1587664618068,89.8
1587664674409,89.95
1587664674409,89.95
1587664674409,89.95
1587664674409,89.95
1587664674409,89.95
1587664728058,89.925
1587664728058,89.925
1587664728058,89.925
1587664765857,89.96
1587664774019,89.98
1587664774019,89.98
1587664774019,89.98
1587664800524,90.02
1587664800524,90.02
1587664823495,90.04
1587664823495,90.04
1587664823495,90.04
1587664823495,90.04
1587664872044,89.91
1587664872044,89.91
1587664872044,89.91
1587664872044,89.91
1587664872044,89.91
1587664872044,89.91
1587664930456,89.99
1587664930456,89.99
1587664956080,89.97
1587664956080,89.97
1587664956080,89.97
1587664956080,89.97
1587664956080,89.97
1587664956080,89.97
1587665020210,89.92
1587665020210,89.92
1587665020210,89.92
1587665020210,89.92
1587665020210,89.92
1587665020210,89.92
1587665020210,89.92
1587665020210,89.92
1587665115297,89.89
1587665120376,89.885
1587665120376,89.885
1587665144183,89.86
1587665144183,89.86
1587665144183,89.86
1587665144183,89.86
1587665144183,89.86
1587665196692,90.03
1587665196692,90.03
1587665196692,90.03
1587665196692,90.03
1587665196692,90.03
1587665196692,90.03
1587665196692,90.03
1587665196692,90.03
1587665196692,90.03
1587665196692,90.03
1587665196692,90.03
1587665196692,90.03
1587665196692,90.03
1587665196692,90.03
1587665196692,90.03
1587665196692,90.03
1587665368706,89.9
1587665368706,89.9
1587665368706,89.9
1587665368706,89.9
1587665368706,89.9
1587665368706,89.9
1587665368706,89.9
1587665368706,89.9
1587665368706,89.9
1587665368706,89.9
1587665477234,89.63
1587665477234,89.63
1587665477234,89.63
1587665477234,89.63
1587665477234,89.63
1587665477234,89.63
1587665477234,89.63
1587665477234,89.63
1587665560086,89.73
1587665560086,89.73
1587665560086,89.73
1587665591240,89.8
1587665591240,89.8
1587665612445,89.8
1587665612445,89.8
1587665612445,89.8
1587665612445,89.8
1587665612445,89.8
1587665612445,89.8
1587665612445,89.8
1587665612445,89.8
1587665612445,89.8
1587665612445,89.8
1587665722832,89.785
1587665734895,89.785
1587665745891,89.81
1587665745891,89.81
1587665745891,89.81
1587665745891,89.81
1587665745891,89.81
1587665745891,89.81
1587665745891,89.81
1587665827580,90.04
1587665827580,90.04
1587665851589,90.01
1587665862501,90.02
1587665862501,90.02
1587665883400,90.06
1587665883400,90.06
1587665883400,90.06
1587665883400,90.06
1587665919806,90.04
1587665919806,90.04
1587665949274,90.06
1587665949721,90.045
1587665949721,90.045
1587665949721,90.045
1587665989814,90
1587665989814,90
1587665989814,90
1587665989814,90
1587665989814,90
1587665989814,90
1587665989814,90
1587665989814,90
1587665989814,90
1587665989814,90
1587665989814,90
1587665989814,90
1587665989814,90
1587665989814,90
1587666141461,89.895
1587666141461,89.895
1587666163189,89.915
1587666163189,89.915
1587666163189,89.915
1587666163189,89.915
1587666204172,89.95
1587666204172,89.95
1587666204172,89.95
1587666239187,89.97
1587666239187,89.97
1587666239187,89.97
1587666239187,89.97
1587666239187,89.97
1587666239187,89.97
1587666306625,90.1
1587666306625,90.1
1587666306625,90.1
1587666306625,90.1
1587666306625,90.1
1587666306625,90.1
1587666373363,90.13
1587666373363,90.13
1587666373363,90.13
1587666402136,90.11
1587666402136,90.11
1587666402136,90.11
1587666402136,90.11
1587666402136,90.11
1587666402136,90.11
1587666402136,90.11
1587666402136,90.11
1587666402136,90.11
1587666402136,90.11
1587666402136,90.11
1587666402136,90.11
1587666402136,90.11
1587666402136,90.11
1587666402136,90.11
1587666402136,90.11
1587666402136,90.11
1587666402136,90.11
1587666402136,90.11
1587666402136,90.11
1587666402136,90.11
1587666402136,90.11
1587666402136,90.11
1587666402136,90.11
1587666657834,90.03
1587666670187,90.01
1587666670187,90.01
1587666670187,90.01
1587666670187,90.01
1587666670187,90.01
1587666670187,90.01
1587666670187,90.01
1587666670187,90.01
1587666747291,90.05
1587666760244,90.03
1587666760244,90.03
1587666760244,90.03
1587666760244,90.03
1587666760244,90.03
1587666760244,90.03
1587666760244,90.03
1587666760244,90.03
1587666760244,90.03
1587666760244,90.03
1587666760244,90.03
1587666883728,89.895
1587666883728,89.895
1587666883728,89.895
1587666916477,89.85
1587666916477,89.85
1587666916477,89.85
1587666916477,89.85
1587666916477,89.85
1587666916477,89.85
1587666916477,89.85
1587666984430,89.93
1587666984430,89.93
1587667007189,89.97
1587667007189,89.97
1587667007189,89.97
1587667007189,89.97
1587667007189,89.97
1587667007189,89.97
1587667007189,89.97
1587667007189,89.97
1587667007189,89.97
1587667007189,89.97
1587667007189,89.97
1587667007189,89.97
1587667134542,89.84
1587667134542,89.84
1587667134542,89.84
1587667134542,89.84
1587667134542,89.84
1587667134542,89.84
1587667134542,89.84
1587667213203,89.92
1587667213203,89.92
1587667213203,89.92
1587667213203,89.92
1587667249990,89.9
1587667268380,89.98
1587667275897,90.06
1587667282641,90.03
1587667282641,90.03
1587667282641,90.03
1587667282641,90.03
1587667282641,90.03
1587667338055,89.98
1587667338055,89.98
1587667338055,89.98
1587667338055,89.98
1587667338055,89.98
1587667338055,89.98
1587667338055,89.98
1587667338055,89.98
1587667423723,90.04
1587667423723,90.04
1587667441224,89.99
1587667454352,90.005
1587667454352,90.005
1587667482030,89.98
1587667482030,89.98
1587667482030,89.98
1587667482030,89.98
1587667482030,89.98
1587667528910,89.89
1587667528910,89.89
1587667528910,89.89
1587667528910,89.89
1587667578033,90
1587667578033,90
1587667578033,90
1587667578033,90
1587667620480,89.96
1587667620480,89.96
1587667620480,89.96
1587667655657,89.93
1587667655657,89.93
1587667655657,89.93
1587667655657,89.93
1587667655657,89.93
1587667655657,89.93
1587667655657,89.93
1587667655657,89.93
1587667655657,89.93
1587667655657,89.93
1587667655657,89.93
1587667655657,89.93
1587667655657,89.93
1587667793218,89.86
1587667793218,89.86
1587667793218,89.86
1587667793218,89.86
1587667832841,89.805
1587667832841,89.805
1587667832841,89.805
1587667868039,89.92
1587667869277,89.91
1587667869277,89.91
1587667869277,89.91
1587667869277,89.91
1587667919911,89.98
1587667929673,89.97
1587667929673,89.97
1587667929673,89.97
1587667929673,89.97
1587667975331,89.94
1587667975331,89.94
1587667975331,89.94
1587668006640,89.97
1587668006640,89.97
1587668024706,89.97
1587668024706,89.97
1587668024706,89.97
1587668024706,89.97
1587668064764,89.98
1587668079817,90
1587668087988,89.975
1587668103316,89.95
1587668113824,89.965
1587668113824,89.965
1587668113824,89.965
1587668140494,90.02
1587668157602,90.01
1587668157602,90.01
1587668157602,90.01
1587668189717,90.08
1587668205679,90.13
1587668205679,90.13
1587668222354,90.185
1587668222354,90.185
1587668222354,90.185
1587668222354,90.185
1587668222354,90.185
1587668276222,90.16
1587668276222,90.16
1587668298270,90.17
1587668311769,90.145
1587668311769,90.145
1587668311769,90.145
1587668311769,90.145
1587668357355,90.105
1587668363359,90.07
1587668363359,90.07
1587668363359,90.07
1587668390756,90.09
