1585747855298,376.88
1585747872026,376.6
1585747872026,376.6
1585747890872,375.28
1585747903920,376.35
1585747903920,376.35
1585747919865,379.6
1585747931800,379.58
1585747942083,378.43
1585747955183,378.915
1585747955183,378.915
1585747976789,379.18
1585747976789,379.18
1585747992785,378.16
1585748002810,377.85
1585748002810,377.85
1585748002810,377.85
1585748035591,376.08
1585748049182,377.27
1585748060956,377.66
1585748068526,377.17
1585748080787,375.87
1585748084787,376.25
1585748084787,376.25
1585748084787,376.25
1585748084787,376.25
1585748084787,376.25
1585748144587,377
1585748146390,377.01
1585748162187,377.48
1585748162187,377.48
1585748183753,377.62
1585748189391,377.53
1585748189391,377.53
1585748216406,378.45
1585748225444,378.62
1585748225444,378.62
1585748249067,378.22
1585748251419,378.13
1585748251419,378.13
1585748251419,378.13
1585748251419,378.13
1585748291935,375.38
1585748310347,374.02
1585748315250,373.985
1585748332397,373.83
1585748342304,373.63
1585748349831,374.86
1585748364116,374.98
1585748370826,374.995
1585748383276,374.76
1585748389587,373.89
1585748389587,373.89
1585748389587,373.89
1585748389587,373.89
1585748389587,373.89
1585748389587,373.89
1585748457270,374.25
1585748467597,374.305
1585748470014,374.4
1585748470014,374.4
1585748498750,374.65
1585748498750,374.65
1585748498750,374.65
1585748535608,373.47
1585748535608,373.47
1585748557204,373.35
1585748566726,372.85
1585748572601,372.86
1585748581596,373.13
1585748581596,373.13
1585748581596,373.13
1585748618873,373.68
1585748626628,373.93
1585748626628,373.93
1585748626628,373.93
1585748626628,373.93
1585748670587,374.165
1585748670587,374.165
1585748670587,374.165
1585748670587,374.165
1585748670587,374.165
1585748670587,374.165
1585748670587,374.165
1585748745471,369.98
1585748751249,370.82
1585748764130,370.485
1585748764130,370.485
1585748764130,370.485
1585748795199,369.52
1585748795199,369.52
1585748810049,369.28
1585748822854,369.825
1585748822854,369.825
1585748848790,370.44
1585748848790,370.44
1585748865605,370.375
1585748871480,370.7
1585748888872,370.26
1585748888872,370.26
1585748888872,370.26
1585748888872,370.26
1585748929971,370.79
1585748929971,370.79
1585748929971,370.79
1585748961945,369.65
1585748961945,369.65
1585748961945,369.65
1585748989852,370.68
1585748989852,370.68
1585749014741,370.84
1585749014741,370.84
1585749014741,370.84
1585749014741,370.84
1585749014741,370.84
1585749064848,371.47
1585749078902,371.265
1585749086534,371.81
1585749086534,371.81
1585749111900,371.44
1585749111900,371.44
1585749111900,371.44
1585749111900,371.44
1585749145136,370.675
1585749145136,370.675
1585749145136,370.675
1585749145136,370.675
1585749190368,370.685
1585749190368,370.685
1585749190368,370.685
1585749225799,371.045
1585749236532,371.85
1585749236532,371.85
1585749254427,371.8
1585749254427,371.8
1585749276091,371.71
1585749276091,371.71
1585749293728,370.895
1585749304428,369.96
1585749316017,369.77
1585749316017,369.77
1585749341216,370.33
1585749347231,370.13
1585749362157,370.29
1585749362157,370.29
1585749384345,370.795
1585749391708,370.705
1585749403698,370.67
1585749403698,370.67
1585749403698,370.67
1585749403698,370.67
1585749440948,370.6
1585749440948,370.6
1585749460657,370.76
1585749469990,371.425
1585749469990,371.425
1585749469990,371.425
1585749469990,371.425
1585749519381,370.83
1585749524459,370.795
1585749535681,370.695
1585749548081,370.595
1585749556287,370.59
1585749572494,370.83
1585749572494,370.83
1585749586351,371.13
1585749603848,371.08
1585749614428,370.71
1585749620114,371.51
1585749636253,371.39
1585749636253,371.39
1585749636253,371.39
1585749666141,372.09
1585749673004,372.09
1585749688089,371.355
1585749698537,371.1
1585749704768,371
1585749704768,371
1585749727817,371.39
1585749727817,371.39
1585749749866,371
1585749759246,371.13
1585749771187,371.48
1585749771187,371.48
1585749795255,372.72
1585749800106,372.39
1585749800106,372.39
1585749823349,372.395
1585749830302,372.665
1585749830302,372.665
1585749852424,371.75
1585749852424,371.75
1585749852424,371.75
1585749852424,371.75
1585749852424,371.75
1585749852424,371.75
1585749852424,371.75
1585749852424,371.75
1585749852424,371.75
1585749852424,371.75
1585749852424,371.75
1585749852424,371.75
1585749979953,369.77
1585749979953,369.77
1585749979953,369.77
1585749979953,369.77
1585749979953,369.77
1585749979953,369.77
1585749979953,369.77
1585749979953,369.77
1585749979953,369.77
1585749979953,369.77
1585749979953,369.77
1585749979953,369.77
1585749979953,369.77
1585749979953,369.77
1585749979953,369.77
1585750134654,370.81
1585750147973,370.695
1585750159259,370.17
1585750159259,370.17
1585750159259,370.17
1585750189260,369.85
1585750189260,369.85
1585750189260,369.85
1585750189260,369.85
1585750189260,369.85
1585750244591,370.41
1585750244591,370.41
1585750244591,370.41
1585750277770,370.625
1585750277770,370.625
1585750277770,370.625
1585750277770,370.625
1585750277770,370.625
1585750326854,370.17
1585750326854,370.17
1585750326854,370.17
1585750326854,370.17
1585750326854,370.17
1585750326854,370.17
1585750326854,370.17
1585750326854,370.17
1585750326854,370.17
1585750326854,370.17
1585750326854,370.17
1585750326854,370.17
1585750326854,370.17
1585750458747,370.07
1585750458747,370.07
1585750458747,370.07
1585750458747,370.07
1585750503278,369.91
1585750507802,369.99
1585750507802,369.99
1585750507802,369.99
1585750545340,369.63
1585750545340,369.63
1585750561291,370.41
1585750561291,370.41
1585750561291,370.41
1585750561291,370.41
1585750561291,370.41
1585750614800,370.22
1585750614800,370.22
1585750633224,370.64
1585750633224,370.64
1585750633224,370.64
1585750633224,370.64
1585750633224,370.64
1585750633224,370.64
1585750633224,370.64
1585750633224,370.64
1585750633224,370.64
1585750633224,370.64
1585750633224,370.64
1585750633224,370.64
1585750633224,370.64
1585750633224,370.64
1585750633224,370.64
1585750633224,370.64
1585750633224,370.64
1585750633224,370.64
1585750633224,370.64
1585750633224,370.64
1585750848986,370.1
1585750848986,370.1
1585750848986,370.1
1585750848986,370.1
1585750848986,370.1
1585750848986,370.1
1585750848986,370.1
1585750848986,370.1
1585750848986,370.1
1585750848986,370.1
1585750848986,370.1
1585750967766,370.165
1585750967766,370.165
1585750967766,370.165
1585750967766,370.165
1585750967766,370.165
1585750967766,370.165
1585750967766,370.165
1585750967766,370.165
1585751050898,369.86
1585751050898,369.86
1585751050898,369.86
1585751050898,369.86
1585751092100,369.11
1585751092100,369.11
1585751111537,369.1
1585751118574,369.155
1585751118574,369.155
1585751139530,368.74
1585751139530,368.74
1585751139530,368.74
1585751170588,369.16
1585751180737,369.24
1585751180737,369.24
1585751180737,369.24
1585751216648,368.78
1585751216648,368.78
1585751216648,368.78
1585751240626,368.81
1585751240626,368.81
1585751240626,368.81
1585751240626,368.81
1585751240626,368.81
1585751300069,368.84
1585751304329,369.05
1585751304329,369.05
1585751304329,369.05
1585751304329,369.05
1585751304329,369.05
1585751304329,369.05
1585751304329,369.05
1585751304329,369.05
1585751304329,369.05
1585751304329,369.05
1585751304329,369.05
1585751304329,369.05
1585751304329,369.05
1585751447359,368.91
1585751460006,369.175
1585751467913,369.28
1585751467913,369.28
1585751467913,369.28
1585751493800,369.985
1585751493800,369.985
1585751493800,369.985
1585751493800,369.985
1585751493800,369.985
1585751493800,369.985
1585751493800,369.985
1585751493800,369.985
1585751584169,371.17
1585751593064,371.93
1585751602781,371.53
1585751613612,371.5
1585751628196,371.03
1585751628196,371.03
1585751643408,370.73
1585751643408,370.73
1585751643408,370.73
1585751643408,370.73
1585751643408,370.73
1585751643408,370.73
1585751643408,370.73
1585751643408,370.73
1585751643408,370.73
1585751643408,370.73
1585751643408,370.73
1585751758339,370.93
1585751758339,370.93
1585751785685,371.69
1585751785685,371.69
1585751785685,371.69
1585751813430,371.2
1585751813430,371.2
1585751813430,371.2
1585751813430,371.2
1585751813430,371.2
1585751813430,371.2
1585751813430,371.2
1585751881396,371.39
1585751881396,371.39
1585751881396,371.39
1585751913451,371.1
1585751913451,371.1
1585751913451,371.1
1585751952773,371.22
1585751954227,371.13
1585751954227,371.13
1585751977896,371.515
1585751977896,371.515
1585751977896,371.515
1585752011656,371.185
1585752011656,371.185
1585752011656,371.185
1585752043485,370.82
1585752043485,370.82
1585752060912,370.645
1585752060912,370.645
1585752082770,370.615
1585752082770,370.615
1585752082770,370.615
1585752113579,370.65
1585752113579,370.65
1585752113579,370.65
1585752113579,370.65
1585752113579,370.65
1585752113579,370.65
1585752177265,370.915
1585752177265,370.915
1585752177265,370.915
1585752177265,370.915
1585752177265,370.915
1585752177265,370.915
1585752177265,370.915
1585752251369,370.15
1585752255962,370.01
1585752271868,369.54
1585752271868,369.54
1585752271868,369.54
1585752307542,369.61
1585752307542,369.61
1585752325357,369.825
1585752325357,369.825
1585752325357,369.825
1585752354996,370.85
1585752368518,370.28
1585752368518,370.28
1585752368518,370.28
1585752394149,370.47
1585752394149,370.47
1585752394149,370.47
1585752427142,370.23
1585752427142,370.23
1585752427142,370.23
1585752427142,370.23
1585752475662,370.26
1585752475662,370.26
1585752475662,370.26
1585752475662,370.26
1585752475662,370.26
1585752475662,370.26
1585752475662,370.26
1585752475662,370.26
1585752475662,370.26
1585752475662,370.26
1585752475662,370.26
1585752588687,370.58
1585752588687,370.58
1585752588687,370.58
1585752588687,370.58
1585752588687,370.58
1585752588687,370.58
1585752588687,370.58
1585752588687,370.58
1585752588687,370.58
1585752588687,370.58
1585752588687,370.58
1585752706599,370.745
1585752706599,370.745
1585752706599,370.745
1585752706599,370.745
1585752706599,370.745
1585752706599,370.745
1585752706599,370.745
1585752706599,370.745
1585752786185,371.08
1585752786185,371.08
1585752805440,371.23
1585752805440,371.23
1585752826084,370.71
1585752826084,370.71
1585752849397,371.02
1585752849397,371.02
1585752875472,370.49
1585752875472,370.49
1585752875472,370.49
1585752875472,370.49
1585752908640,370.01
1585752928290,370.01
1585752928290,370.01
1585752928290,370.01
1585752928290,370.01
1585752928290,370.01
1585752973599,369.385
1585752987697,369.79
1585752987697,369.79
1585753008952,369.47
1585753008952,369.47
1585753034509,369.94
1585753034509,369.94
1585753034509,369.94
1585753034509,369.94
1585753034509,369.94
1585753034509,369.94
1585753034509,369.94
1585753034509,369.94
1585753115517,370.5
1585753122654,370.21
1585753122654,370.21
1585753122654,370.21
1585753122654,370.21
1585753122654,370.21
1585753122654,370.21
1585753122654,370.21
1585753202036,370.98
1585753202036,370.98
1585753202036,370.98
1585753202036,370.98
1585753202036,370.98
1585753202036,370.98
1585753202036,370.98
1585753202036,370.98
1585753202036,370.98
1585753202036,370.98
1585753202036,370.98
1585753202036,370.98
1585753202036,370.98
1585753202036,370.98
1585753202036,370.98
1585753202036,370.98
1585753202036,370.98
1585753202036,370.98
1585753202036,370.98
1585753400309,370.55
1585753400309,370.55
1585753400309,370.55
1585753400309,370.55
1585753400309,370.55
1585753400309,370.55
1585753400309,370.55
1585753400309,370.55
1585753400309,370.55
1585753496229,371.48
1585753496229,371.48
1585753511029,371.19
1585753511029,371.19
1585753535806,371.24
1585753535806,371.24
1585753535806,371.24
1585753535806,371.24
1585753535806,371.24
1585753535806,371.24
1585753599644,371.44
1585753599644,371.44
1585753621336,371.81
1585753629686,371.76
1585753629686,371.76
1585753629686,371.76
1585753629686,371.76
1585753629686,371.76
1585753685971,372.38
1585753685971,372.38
1585753685971,372.38
1585753718101,372.26
1585753725587,371.77
1585753725587,371.77
1585753725587,371.77
1585753725587,371.77
1585753725587,371.77
1585753725587,371.77
1585753725587,371.77
1585753725587,371.77
1585753804968,371.57
1585753804968,371.57
1585753804968,371.57
1585753804968,371.57
1585753804968,371.57
1585753804968,371.57
1585753804968,371.57
1585753804968,371.57
1585753889914,371.54
1585753889914,371.54
1585753889914,371.54
1585753889914,371.54
1585753889914,371.54
1585753889914,371.54
1585753889914,371.54
1585753970254,371.41
1585753970254,371.41
1585753987003,371.56
1585753987003,371.56
1585753987003,371.56
1585753987003,371.56
1585754031570,371.39
1585754031570,371.39
1585754031570,371.39
1585754031570,371.39
1585754031570,371.39
1585754088053,371.68
1585754088053,371.68
1585754088053,371.68
1585754117996,371.44
1585754124732,371.33
1585754124732,371.33
1585754151111,371.075
1585754152765,371.075
1585754152765,371.075
1585754152765,371.075
1585754152765,371.075
1585754152765,371.075
1585754152765,371.075
1585754152765,371.075
1585754152765,371.075
1585754241830,371.17
1585754241830,371.17
1585754241830,371.17
1585754241830,371.17
1585754241830,371.17
1585754241830,371.17
1585754241830,371.17
1585754241830,371.17
1585754329146,371.355
1585754329146,371.355
1585754329146,371.355
1585754353338,370.83
1585754353338,370.83
1585754353338,370.83
1585754353338,370.83
1585754353338,370.83
1585754408424,371.055
1585754408424,371.055
1585754408424,371.055
1585754408424,371.055
1585754408424,371.055
1585754408424,371.055
1585754408424,371.055
1585754475527,371.255
1585754494362,371.28
1585754494362,371.28
1585754494362,371.28
1585754494362,371.28
1585754531396,370.93
1585754531396,370.93
1585754531396,370.93
1585754562766,371.59
1585754572219,371.58
1585754572219,371.58
1585754572219,371.58
1585754572219,371.58
1585754613489,371.49
1585754613489,371.49
1585754613489,371.49
1585754613489,371.49
1585754613489,371.49
1585754613489,371.49
1585754613489,371.49
1585754613489,371.49
1585754613489,371.49
1585754613489,371.49
1585754613489,371.49
1585754613489,371.49
1585754613489,371.49
1585754613489,371.49
1585754762878,371.17
1585754762878,371.17
1585754784791,370.61
1585754789268,370.49
1585754789268,370.49
1585754789268,370.49
1585754789268,370.49
1585754789268,370.49
1585754789268,370.49
1585754789268,370.49
1585754863313,370.45
1585754863313,370.45
1585754863313,370.45
1585754863313,370.45
1585754863313,370.45
1585754918593,370.32
1585754918593,370.32
1585754943674,370.085
1585754943674,370.085
1585754943674,370.085
1585754943674,370.085
1585754943674,370.085
1585754993883,369.9
1585754993883,369.9
1585754993883,369.9
1585754993883,369.9
1585754993883,369.9
1585754993883,369.9
1585754993883,369.9
1585754993883,369.9
1585754993883,369.9
1585755087451,369.37
1585755087451,369.37
1585755109008,369.855
1585755109008,369.855
1585755109008,369.855
1585755109008,369.855
1585755109008,369.855
1585755162970,370.36
1585755170551,370.275
1585755170551,370.275
1585755193657,370.035
1585755200420,369.87
1585755211335,369.745
1585755211335,369.745
1585755211335,369.745
1585755211335,369.745
1585755258331,368.825
1585755268666,368.89
1585755268666,368.89
1585755268666,368.89
1585755299613,368.75
1585755299613,368.75
1585755299613,368.75
1585755299613,368.75
1585755299613,368.75
1585755299613,368.75
1585755299613,368.75
1585755299613,368.75
1585755299613,368.75
1585755299613,368.75
1585755299613,368.75
1585755406753,369.545
1585755406753,369.545
1585755406753,369.545
1585755406753,369.545
1585755406753,369.545
1585755406753,369.545
1585755406753,369.545
1585755480126,369.33
1585755480126,369.33
1585755480126,369.33
1585755517015,369.65
1585755517015,369.65
1585755517015,369.65
1585755545091,369.38
1585755545091,369.38
1585755545091,369.38
1585755573384,368.6
1585755589859,368.31
1585755601699,368.04
1585755601699,368.04
1585755601699,368.04
1585755636505,367.81
1585755636505,367.81
1585755636505,367.81
1585755666813,367.67
1585755666813,367.67
1585755688006,367.51
1585755688006,367.51
1585755688006,367.51
1585755688006,367.51
1585755730681,367.26
1585755730681,367.26
1585755730681,367.26
1585755730681,367.26
1585755730681,367.26
1585755730681,367.26
1585755730681,367.26
1585755730681,367.26
1585755730681,367.26
1585755730681,367.26
1585755730681,367.26
1585755730681,367.26
1585755730681,367.26
1585755730681,367.26
1585755730681,367.26
1585755890085,367.91
1585755890085,367.91
1585755890085,367.91
1585755920635,368.155
1585755920635,368.155
1585755920635,368.155
1585755948460,368
1585755948460,368
1585755966017,367.54
1585755984114,367.16
1585755984114,367.16
1585755984114,367.16
1585755984114,367.16
1585755984114,367.16
1585755984114,367.16
1585755984114,367.16
1585755984114,367.16
1585755984114,367.16
1585755984114,367.16
1585755984114,367.16
1585755984114,367.16
1585756108381,367.555
1585756108381,367.555
1585756108381,367.555
1585756108381,367.555
1585756108381,367.555
1585756108381,367.555
1585756108381,367.555
1585756108381,367.555
1585756108381,367.555
1585756203813,367.85
1585756203813,367.85
1585756203813,367.85
1585756203813,367.85
1585756203813,367.85
1585756203813,367.85
1585756203813,367.85
1585756271749,367.73
1585756271749,367.73
1585756271749,367.73
1585756271749,367.73
1585756271749,367.73
1585756271749,367.73
1585756338910,367.99
1585756338910,367.99
1585756338910,367.99
1585756338910,367.99
1585756338910,367.99
1585756338910,367.99
1585756338910,367.99
1585756414478,368.67
1585756414478,368.67
1585756437892,368.67
1585756437892,368.67
1585756437892,368.67
1585756437892,368.67
1585756471405,368.875
1585756471405,368.875
1585756496647,368.65
1585756496647,368.65
1585756496647,368.65
1585756527432,369.08
1585756527432,369.08
1585756527432,369.08
1585756527432,369.08
1585756527432,369.08
1585756527432,369.08
1585756527432,369.08
1585756527432,369.08
1585756527432,369.08
1585756527432,369.08
1585756527432,369.08
1585756527432,369.08
1585756527432,369.08
1585756527432,369.08
1585756679684,369.065
1585756679684,369.065
1585756679684,369.065
1585756679684,369.065
1585756679684,369.065
1585756679684,369.065
1585756679684,369.065
1585756679684,369.065
1585756679684,369.065
1585756679684,369.065
1585756679684,369.065
1585756679684,369.065
1585756679684,369.065
1585756679684,369.065
1585756828817,368.165
1585756828817,368.165
1585756846929,368.335
1585756846929,368.335
1585756846929,368.335
1585756846929,368.335
1585756846929,368.335
1585756846929,368.335
1585756846929,368.335
1585756846929,368.335
1585756846929,368.335
1585756945555,368.27
1585756950168,368.38
1585756950168,368.38
1585756950168,368.38
1585756950168,368.38
1585756950168,368.38
1585756950168,368.38
1585757017400,368.27
1585757017400,368.27
1585757017400,368.27
1585757017400,368.27
1585757017400,368.27
1585757017400,368.27
1585757017400,368.27
1585757017400,368.27
1585757017400,368.27
1585757017400,368.27
1585757017400,368.27
1585757017400,368.27
1585757017400,368.27
1585757017400,368.27
1585757017400,368.27
1585757017400,368.27
1585757017400,368.27
1585757017400,368.27
1585757017400,368.27
1585757017400,368.27
1585757227066,367.85
1585757227066,367.85
1585757227066,367.85
1585757227066,367.85
1585757227066,367.85
1585757227066,367.85
1585757227066,367.85
1585757302321,367.89
1585757306238,368.01
1585757306238,368.01
1585757306238,368.01
1585757306238,368.01
1585757306238,368.01
1585757306238,368.01
1585757306238,368.01
1585757306238,368.01
1585757306238,368.01
1585757306238,368.01
1585757306238,368.01
1585757306238,368.01
1585757306238,368.01
1585757306238,368.01
1585757306238,368.01
1585757306238,368.01
1585757306238,368.01
1585757306238,368.01
1585757306238,368.01
1585757306238,368.01
1585757306238,368.01
1585757526921,368.62
1585757526921,368.62
1585757526921,368.62
1585757526921,368.62
1585757567698,367.995
1585757567698,367.995
1585757567698,367.995
1585757567698,367.995
1585757609699,368.06
1585757609699,368.06
1585757609699,368.06
1585757609699,368.06
1585757609699,368.06
1585757609699,368.06
1585757609699,368.06
1585757609699,368.06
1585757609699,368.06
1585757609699,368.06
1585757609699,368.06
1585757609699,368.06
1585757609699,368.06
1585757609699,368.06
1585757609699,368.06
1585757609699,368.06
1585757609699,368.06
1585757609699,368.06
1585757609699,368.06
1585757609699,368.06
1585757609699,368.06
1585757609699,368.06
1585757844878,368.63
1585757844878,368.63
1585757844878,368.63
1585757873864,368.06
1585757886843,367.69
1585757902142,367.825
1585757910136,367.945
1585757910136,367.945
1585757910136,367.945
1585757936822,367.89
1585757936822,367.89
1585757936822,367.89
1585757936822,367.89
1585757936822,367.89
1585757936822,367.89
1585757936822,367.89
1585757936822,367.89
1585757936822,367.89
1585757936822,367.89
1585757936822,367.89
1585757936822,367.89
1585757936822,367.89
1585757936822,367.89
1585757936822,367.89
1585757936822,367.89
1585757936822,367.89
1585757936822,367.89
1585757936822,367.89
1585757936822,367.89
1585757936822,367.89
1585757936822,367.89
1585757936822,367.89
1585757936822,367.89
1585757936822,367.89
1585757936822,367.89
1585757936822,367.89
1585757936822,367.89
1585758236167,368.485
1585758236167,368.485
1585758236167,368.485
1585758236167,368.485
1585758236167,368.485
1585758287711,368.585
1585758287711,368.585
1585758287711,368.585
1585758287711,368.585
1585758287711,368.585
1585758287711,368.585
1585758287711,368.585
1585758287711,368.585
1585758370699,368.62
1585758370699,368.62
1585758370699,368.62
1585758370699,368.62
1585758370699,368.62
1585758370699,368.62
1585758370699,368.62
1585758370699,368.62
1585758370699,368.62
1585758370699,368.62
1585758474761,367.51
1585758474761,367.51
1585758474761,367.51
1585758474761,367.51
1585758474761,367.51
1585758474761,367.51
1585758474761,367.51
1585758474761,367.51
1585758474761,367.51
1585758474761,367.51
1585758474761,367.51
1585758474761,367.51
1585758474761,367.51
1585758474761,367.51
1585758474761,367.51
1585758474761,367.51
1585758474761,367.51
1585758474761,367.51
1585758474761,367.51
1585758673346,367.33
1585758673346,367.33
1585758673346,367.33
1585758703623,367.48
1585758703623,367.48
1585758703623,367.48
1585758703623,367.48
1585758703623,367.48
1585758703623,367.48
1585758703623,367.48
1585758703623,367.48
1585758786273,367.2
1585758786273,367.2
1585758786273,367.2
1585758786273,367.2
1585758786273,367.2
1585758786273,367.2
1585758786273,367.2
1585758786273,367.2
1585758786273,367.2
1585758786273,367.2
1585758786273,367.2
1585758906085,367.34
1585758906085,367.34
1585758906085,367.34
1585758906085,367.34
1585758906085,367.34
1585758952998,367.16
1585758952998,367.16
1585758976608,366.99
1585758988383,367.01
1585758995620,366.71
1585759010709,367
1585759010709,367
1585759010709,367
1585759010709,367
1585759010709,367
1585759010709,367
1585759071000,366.45
1585759071000,366.45
1585759090106,366.315
1585759102804,366.06
1585759102804,366.06
1585759102804,366.06
1585759136739,365.255
1585759136739,365.255
1585759153203,364.995
1585759170145,364.36
1585759170145,364.36
1585759170145,364.36
1585759170145,364.36
1585759170145,364.36
1585759170145,364.36
1585759170145,364.36
1585759239613,364.22
1585759253223,364.11
1585759253223,364.11
1585759269372,364.01
1585759269372,364.01
1585759295899,364.095
1585759295899,364.095
1585759295899,364.095
1585759295899,364.095
1585759295899,364.095
1585759295899,364.095
1585759295899,364.095
1585759295899,364.095
1585759295899,364.095
1585759388575,361.98
1585759393527,361.75
1585759412385,361.99
1585759418794,361.64
1585759418794,361.64
1585759418794,361.64
1585759452749,361.52
1585759463184,361.76
1585759467165,361.73
1585759484198,362.39
1585759495166,362.37
1585759505403,362.16
1585759516910,362.405
1585759525862,362.43
1585759528301,362.59
1585759528301,362.59
1585759528301,362.59
1585759528301,362.59
1585759528301,362.59
1585759528301,362.59
1585759528301,362.59
1585759528301,362.59
1585759617035,362.64
1585759617035,362.64
1585759617035,362.64
1585759617035,362.64
1585759655451,362.41
1585759655451,362.41
1585759655451,362.41
1585759655451,362.41
1585759655451,362.41
1585759707646,363.12
1585759707646,363.12
1585759707646,363.12
1585759707646,363.12
1585759707646,363.12
1585759707646,363.12
1585759707646,363.12
1585759707646,363.12
1585759707646,363.12
1585759707646,363.12
1585759707646,363.12
1585759707646,363.12
1585759707646,363.12
1585759707646,363.12
1585759862006,363.19
1585759862006,363.19
1585759862006,363.19
1585759862006,363.19
1585759862006,363.19
1585759862006,363.19
1585759862006,363.19
1585759862006,363.19
1585759862006,363.19
1585759862006,363.19
1585759862006,363.19
1585759862006,363.19
1585759862006,363.19
1585759862006,363.19
1585759862006,363.19
1585759862006,363.19
1585760021892,363
1585760021892,363
1585760021892,363
1585760021892,363
1585760021892,363
1585760021892,363
1585760087486,364.21
1585760087486,364.21
1585760087486,364.21
1585760122817,364.3
1585760122817,364.3
1585760143030,364.09
1585760143030,364.09
1585760143030,364.09
1585760143030,364.09
1585760143030,364.09
1585760143030,364.09
1585760206832,364.19
1585760211632,364.17
1585760211632,364.17
1585760211632,364.17
1585760248978,363.9
1585760248978,363.9
1585760248978,363.9
1585760248978,363.9
1585760291005,363.49
1585760291005,363.49
1585760291005,363.49
1585760318550,363
1585760318550,363
1585760318550,363
1585760318550,363
1585760318550,363
1585760318550,363
1585760318550,363
1585760318550,363
1585760400457,363.52
1585760400457,363.52
1585760400457,363.52
1585760436681,363.305
1585760436681,363.305
1585760460238,363.11
1585760460238,363.11
1585760460238,363.11
1585760460238,363.11
1585760460238,363.11
1585760460238,363.11
1585760460238,363.11
1585760460238,363.11
1585760460238,363.11
1585760460238,363.11
1585760460238,363.11
1585760460238,363.11
1585760460238,363.11
1585760460238,363.11
1585760460238,363.11
1585760460238,363.11
1585760460238,363.11
1585760460238,363.11
1585760460238,363.11
1585760460238,363.11
1585760460238,363.11
1585760460238,363.11
1585760460238,363.11
1585760460238,363.11
1585760460238,363.11
1585760460238,363.11
1585760460238,363.11
1585760460238,363.11
1585760460238,363.11
1585760460238,363.11
1585760460238,363.11
1585760460238,363.11
1585760460238,363.11
1585760460238,363.11
1585760460238,363.11
1585760460238,363.11
1585760460238,363.11
1585760460238,363.11
1585760853252,363.85
1585760862153,363.905
1585760862153,363.905
1585760862153,363.905
1585760862153,363.905
1585760862153,363.905
1585760916558,363.95
1585760927755,363.98
1585760927755,363.98
1585760927755,363.98
1585760960386,363.825
1585760960386,363.825
1585760960386,363.825
1585760960386,363.825
1585760960386,363.825
1585761011246,363.695
1585761011246,363.695
1585761011246,363.695
1585761011246,363.695
1585761056773,363.05
1585761056773,363.05
1585761056773,363.05
1585761056773,363.05
1585761056773,363.05
1585761056773,363.05
1585761119002,363.38
1585761119002,363.38
1585761119002,363.38
1585761146728,363.98
1585761146728,363.98
1585761146728,363.98
1585761146728,363.98
1585761193789,363.21
1585761193789,363.21
1585761193789,363.21
1585761193789,363.21
1585761193789,363.21
1585761242002,363.195
1585761242002,363.195
1585761242002,363.195
1585761242002,363.195
1585761242002,363.195
1585761242002,363.195
1585761242002,363.195
1585761242002,363.195
1585761327211,362.02
1585761327211,362.02
1585761327211,362.02
1585761327211,362.02
1585761327211,362.02
1585761327211,362.02
1585761385834,362.65
1585761385834,362.65
1585761385834,362.65
1585761385834,362.65
1585761435495,363.075
1585761435495,363.075
1585761435495,363.075
1585761435495,363.075
1585761474565,363.115
1585761474565,363.115
1585761474565,363.115
1585761474565,363.115
1585761474565,363.115
1585761474565,363.115
1585761474565,363.115
1585761474565,363.115
1585761474565,363.115
1585761474565,363.115
1585761474565,363.115
1585761588321,362.98
1585761588321,362.98
1585761588321,362.98
1585761588321,362.98
1585761588321,362.98
1585761639725,363.44
1585761639725,363.44
1585761639725,363.44
1585761639725,363.44
1585761639725,363.44
1585761639725,363.44
1585761639725,363.44
1585761639725,363.44
1585761639725,363.44
1585761740256,363.435
1585761740256,363.435
1585761756519,363.68
1585761756519,363.68
1585761782810,363.71
1585761785877,363.67
1585761785877,363.67
1585761785877,363.67
1585761785877,363.67
1585761785877,363.67
1585761785877,363.67
1585761785877,363.67
1585761785877,363.67
1585761785877,363.67
1585761785877,363.67
1585761785877,363.67
1585761785877,363.67
1585761785877,363.67
1585761785877,363.67
1585761940762,364.485
1585761940762,364.485
1585761940762,364.485
1585761972168,364.34
1585761978904,364.31
1585761991938,364.13
1585761996334,363.985
1585761996334,363.985
1585761996334,363.985
1585762031418,363.1
1585762031418,363.1
1585762031418,363.1
1585762031418,363.1
1585762031418,363.1
1585762031418,363.1
1585762031418,363.1
1585762031418,363.1
1585762031418,363.1
1585762031418,363.1
1585762031418,363.1
1585762147379,364.12
1585762154375,364.49
1585762154375,364.49
1585762154375,364.49
1585762154375,364.49
1585762204650,364.79
1585762204650,364.79
1585762204650,364.79
1585762204650,364.79
1585762204650,364.79
1585762204650,364.79
1585762204650,364.79
1585762204650,364.79
1585762204650,364.79
1585762204650,364.79
1585762204650,364.79
1585762204650,364.79
1585762204650,364.79
1585762204650,364.79
1585762352490,364.03
1585762352490,364.03
1585762352490,364.03
1585762352490,364.03
1585762352490,364.03
1585762352490,364.03
1585762352490,364.03
1585762352490,364.03
1585762352490,364.03
1585762352490,364.03
1585762352490,364.03
1585762352490,364.03
1585762352490,364.03
1585762352490,364.03
1585762352490,364.03
1585762352490,364.03
1585762352490,364.03
1585762352490,364.03
1585762352490,364.03
1585762352490,364.03
1585762352490,364.03
1585762352490,364.03
1585762579025,365.03
1585762579025,365.03
1585762579025,365.03
1585762579025,365.03
1585762627316,365.115
1585762627316,365.115
1585762627316,365.115
1585762627316,365.115
1585762627316,365.115
1585762627316,365.115
1585762683545,365.355
1585762683545,365.355
1585762703078,365.36
1585762703078,365.36
1585762703078,365.36
1585762703078,365.36
1585762703078,365.36
1585762703078,365.36
1585762703078,365.36
1585762703078,365.36
1585762796835,365.81
1585762796835,365.81
1585762796835,365.81
1585762826633,365.725
1585762826633,365.725
1585762846163,365.72
1585762846163,365.72
1585762846163,365.72
1585762881285,366
1585762881285,366
1585762898098,365.785
1585762908318,365.795
1585762908318,365.795
1585762908318,365.795
1585762908318,365.795
1585762908318,365.795
1585762908318,365.795
1585762908318,365.795
1585762983462,366.045
1585762992179,366.235
1585762992179,366.235
1585763017775,366.48
1585763029192,366.61
1585763029192,366.61
1585763043424,366.46
1585763059522,366.8
1585763059522,366.8
1585763059522,366.8
1585763059522,366.8
1585763059522,366.8
1585763111814,366.04
1585763123275,365.82
1585763123275,365.82
1585763144840,365.69
1585763144840,365.69
1585763165150,364.93
1585763165150,364.93
1585763184901,365.08
1585763184901,365.08
1585763184901,365.08
1585763184901,365.08
1585763184901,365.08
1585763184901,365.08
1585763184901,365.08
1585763260052,364.41
1585763269260,364.42
1585763272625,364.76
1585763272625,364.76
1585763272625,364.76
1585763272625,364.76
1585763272625,364.76
1585763272625,364.76
1585763272625,364.76
1585763272625,364.76
1585763272625,364.76
1585763272625,364.76
1585763272625,364.76
1585763272625,364.76
1585763272625,364.76
1585763272625,364.76
1585763425897,365.01
1585763425897,365.01
1585763425897,365.01
1585763425897,365.01
1585763425897,365.01
1585763480002,365.545
1585763484829,365.68
1585763484829,365.68
1585763513741,365.615
1585763513741,365.615
1585763513741,365.615
1585763513741,365.615
1585763513741,365.615
1585763513741,365.615
1585763576413,365.55
1585763587053,365.29
1585763594184,365.41
1585763594184,365.41
1585763594184,365.41
1585763594184,365.41
1585763594184,365.41
1585763594184,365.41
1585763660261,365.295
1585763665432,365.3
1585763665432,365.3
1585763665432,365.3
1585763665432,365.3
1585763665432,365.3
1585763724810,365.74
1585763728685,365.735
1585763743585,365.84
1585763743585,365.84
1585763743585,365.84
1585763743585,365.84
1585763743585,365.84
1585763791686,365.63
1585763791686,365.63
1585763791686,365.63
1585763823194,366.05
1585763823194,366.05
1585763853430,366.29
1585763853430,366.29
1585763869958,366.55
1585763882890,366.43
1585763882890,366.43
1585763882890,366.43
1585763882890,366.43
1585763920611,366.89
1585763930699,367.19
1585763930699,367.19
1585763930699,367.19
1585763930699,367.19
1585763930699,367.19
1585763930699,367.19
1585763930699,367.19
1585763930699,367.19
1585763930699,367.19
1585763930699,367.19
1585763930699,367.19
1585764048065,366.91
1585764064895,366.42
1585764064895,366.42
1585764064895,366.42
1585764064895,366.42
1585764106980,365.99
1585764106980,365.99
1585764120701,366.06
1585764120701,366.06
1585764120701,366.06
1585764120701,366.06
1585764120701,366.06
1585764180703,366.58
1585764180703,366.58
1585764180703,366.58
1585764180703,366.58
1585764180703,366.58
1585764180703,366.58
1585764180703,366.58
1585764246445,366.74
1585764246445,366.74
1585764246445,366.74
1585764246445,366.74
1585764246445,366.74
1585764246445,366.74
1585764246445,366.74
1585764246445,366.74
1585764246445,366.74
1585764346673,366.8
1585764346673,366.8
1585764346673,366.8
1585764346673,366.8
1585764390179,366.97
1585764390179,366.97
1585764390179,366.97
1585764390179,366.97
1585764390179,366.97
1585764390179,366.97
1585764448405,366.835
1585764448405,366.835
1585764448405,366.835
1585764448405,366.835
1585764494076,366.62
1585764494076,366.62
1585764494076,366.62
1585764494076,366.62
1585764494076,366.62
1585764494076,366.62
1585764559753,366.4
1585764559753,366.4
1585764578858,366.32
1585764578858,366.32
1585764578858,366.32
1585764578858,366.32
1585764625079,366.55
1585764629498,366.585
1585764629498,366.585
1585764629498,366.585
1585764629498,366.585
1585764679318,366.395
1585764679318,366.395
1585764679318,366.395
1585764679318,366.395
1585764716050,366.385
1585764716050,366.385
1585764716050,366.385
1585764716050,366.385
1585764716050,366.385
1585764716050,366.385
1585764716050,366.385
1585764791566,366.065
1585764791566,366.065
1585764816633,365.96
1585764816633,365.96
1585764831736,365.92
1585764844199,365.69
1585764855094,366.08
1585764866436,366.1
1585764866436,366.1
1585764866436,366.1
1585764866436,366.1
1585764866436,366.1
1585764913030,366.03
1585764932114,366.455
1585764932114,366.455
1585764932114,366.455
1585764963959,366.53
1585764974557,366.595
1585764974557,366.595
1585764974557,366.595
1585764974557,366.595
1585765015055,365.955
1585765023086,365.93
1585765035273,365.77
1585765044668,366.08
1585765059551,365.865
1585765065707,365.85
1585765077724,365.645
1585765085936,365.73
1585765097708,365.89
1585765109457,365.94
1585765109457,365.94
1585765109457,365.94
1585765138832,365.775
1585765147271,365.87
1585765161097,365.765
1585765171854,365.795
1585765171854,365.795
1585765171854,365.795
1585765204635,365.77
1585765215446,365.84
1585765228063,366.145
1585765237852,366.11
1585765248355,365.86
1585765257346,365.885
1585765261863,365.92
1585765273814,365.94
1585765286372,365.925
1585765286372,365.925
1585765286372,365.925
1585765320705,366.37
1585765333219,366.255
1585765344540,366.365
1585765354231,366.1
1585765354231,366.1
1585765374828,365.8
1585765374828,365.8
1585765374828,365.8
1585765405542,365.66
1585765405542,365.66
1585765423557,365.785
1585765431016,365.86
1585765447172,365.695
1585765456898,365.695
1585765470806,365.465
1585765481485,365.37
1585765483552,365.285
1585765497754,365.21
1585765507185,365.45
1585765507185,365.45
1585765528469,365.425
1585765545266,365.495
1585765545266,365.495
1585765545266,365.495
1585765575445,365.43
1585765583849,365.445
1585765583849,365.445
1585765583849,365.445
1585765583849,365.445
1585765630294,365.345
1585765630294,365.345
1585765630294,365.345
1585765657838,365.07
1585765672733,364.91
1585765672733,364.91
1585765690918,364.87
1585765703885,365.18
1585765708098,365.26
1585765708098,365.26
1585765729092,364.89
1585765746428,364.505
1585765751314,364.54
1585765767536,364.66
1585765767536,364.66
1585765767536,364.66
1585765799018,364.59
1585765799018,364.59
1585765818020,364.265
1585765818020,364.265
1585765818020,364.265
1585765851057,363.78
1585765855387,363.78
1585765855387,363.78
1585765880883,364.005
1585765891416,363.745
1585765891416,363.745
1585765913830,363.775
1585765925165,363.965
1585765934953,364.09
1585765940757,364.1
1585765955961,364.47
1585765963979,364.53
1585765978983,364.455
1585765984049,364.445
1585765998964,364.615
1585766009494,364.89
1585766015271,364.71
1585766027423,364.72
1585766027423,364.72
1585766051652,364.825
1585766053924,364.825
1585766070945,364.61
1585766070945,364.61
1585766086076,364.555
1585766099372,364.645
1585766114733,364.62
1585766114733,364.62
1585766114733,364.62
1585766147526,364.27
1585766149190,364.27
1585766164542,364.13
1585766164542,364.13
1585766189313,364.335
1585766199731,364.685
1585766204993,364.715
1585766204993,364.715
1585766204993,364.715
1585766235526,364.68
1585766252560,364.87
1585766256377,365.14
1585766269506,365.3
1585766269506,365.3
1585766269506,365.3
1585766303780,364.92
1585766303780,364.92
1585766325851,365.28
1585766336232,365.65
1585766336232,365.65
1585766355529,365.61
1585766355529,365.61
1585766355529,365.61
1585766381796,365.86
1585766381796,365.86
1585766407419,365.54
1585766407419,365.54
1585766428810,365.33
1585766440076,365.3
1585766450289,365.145
1585766450289,365.145
1585766450289,365.145
1585766450289,365.145
1585766450289,365.145
1585766496422,364.945
1585766496422,364.945
1585766496422,364.945
1585766530247,365.23
1585766530247,365.23
1585766551895,364.9
1585766565477,364.34
1585766580297,364.495
1585766587554,364.58
1585766599692,364.715
1585766599692,364.715
1585766617453,364.73
1585766629844,365.005
1585766634504,364.885
1585766653025,364.62
1585766659284,364.89
1585766659284,364.89
1585766659284,364.89
1585766659284,364.89
1585766704154,364.6
1585766708417,364.64
1585766708417,364.64
1585766708417,364.64
1585766708417,364.64
1585766749153,365.02
1585766764551,364.63
1585766777955,364.66
1585766777955,364.66
1585766797160,364.93
1585766797160,364.93
1585766813483,365.215
1585766832373,364.94
1585766837450,364.735
1585766837450,364.735
1585766837450,364.735
1585766837450,364.735
1585766837450,364.735
1585766896080,365.02
1585766902644,365.54
1585766902644,365.54
1585766902644,365.54
1585766937271,365.73
1585766947835,365.96
1585766953564,365.915
1585766953564,365.915
1585766953564,365.915
1585766986072,365.485
1585766986072,365.485
1585767008030,365.37
1585767021524,365.365
1585767021524,365.365
1585767021524,365.365
1585767021524,365.365
1585767058825,365.06
1585767058825,365.06
1585767058825,365.06
1585767058825,365.06
1585767058825,365.06
1585767111164,364.86
1585767111164,364.86
1585767136138,364.95
1585767136138,364.95
1585767136138,364.95
1585767136138,364.95
1585767178533,364.57
1585767178533,364.57
1585767193890,364.345
1585767212567,364.11
1585767217983,364.445
1585767217983,364.445
1585767239857,364.44
1585767251572,364.285
1585767257526,364.37
1585767270193,364.61
1585767285339,364.45
1585767294257,364.32
1585767308991,364.55
1585767308991,364.55
1585767326314,364.31
1585767326314,364.31
1585767343873,364.14
1585767343873,364.14
1585767365624,363.835
1585767365624,363.835
1585767389752,363.72
1585767402258,363.71
1585767409309,363.875
1585767409309,363.875
1585767432627,364.02
1585767442832,363.72
1585767450397,363.63
1585767464598,362.87
1585767469076,362.81
1585767484209,362.65
1585767489920,362.655
1585767498895,363.015
1585767518419,363.015
1585767527530,363.185
1585767527530,363.185
1585767550054,362.92
1585767550054,362.92
1585767568055,363.02
1585767572774,362.865
1585767572774,362.865
