1586266257932,378.45
1586266269854,378.97
1586266269854,378.97
1586266294644,377.74
1586266300587,377.83
1586266300587,377.83
1586266300587,377.83
1586266300587,377.83
1586266339310,376.78
1586266353158,378.22
1586266353158,378.22
1586266353158,378.22
1586266353158,378.22
1586266403561,379.27
1586266416465,379.475
1586266419172,379.595
1586266419172,379.595
1586266419172,379.595
1586266454418,379.23
1586266465800,380.31
1586266465800,380.31
1586266489928,380.67
1586266497333,380.53
1586266512277,380.74
1586266523477,380
1586266523477,380
1586266523477,380
1586266523477,380
1586266523477,380
1586266523477,380
1586266585019,379.62
1586266599159,379.41
1586266609147,379.855
1586266612188,379.74
1586266622243,379.87
1586266622243,379.87
1586266643704,379.66
1586266643704,379.66
1586266643704,379.66
1586266643704,379.66
1586266643704,379.66
1586266643704,379.66
1586266643704,379.66
1586266643704,379.66
1586266643704,379.66
1586266737495,378.4
1586266760356,379.05
1586266760356,379.05
1586266779343,379
1586266794213,379.02
1586266794213,379.02
1586266813271,378.84
1586266823689,379.11
1586266823689,379.11
1586266842194,377.53
1586266842194,377.53
1586266842194,377.53
1586266872714,378.29
1586266872714,378.29
1586266872714,378.29
1586266872714,378.29
1586266921969,376.47
1586266931276,377.1
1586266931276,377.1
1586266945795,377.11
1586266945795,377.11
1586266945795,377.11
1586266984990,377.345
1586266984990,377.345
1586266984990,377.345
1586266984990,377.345
1586267025233,377.51
1586267025233,377.51
1586267046106,377.38
1586267046106,377.38
1586267046106,377.38
1586267072491,376.47
1586267091414,377
1586267091414,377
1586267091414,377
1586267091414,377
1586267091414,377
1586267136464,378.21
1586267136464,378.21
1586267136464,378.21
1586267177744,378.68
1586267177744,378.68
1586267177744,378.68
1586267177744,378.68
1586267224686,377.53
1586267224686,377.53
1586267224686,377.53
1586267224686,377.53
1586267224686,377.53
1586267224686,377.53
1586267224686,377.53
1586267298127,378.95
1586267308583,378.77
1586267308583,378.77
1586267333357,378.205
1586267343885,377.75
1586267343885,377.75
1586267343885,377.75
1586267343885,377.75
1586267343885,377.75
1586267343885,377.75
1586267343885,377.75
1586267343885,377.75
1586267430939,376.73
1586267430939,376.73
1586267430939,376.73
1586267430939,376.73
1586267430939,376.73
1586267430939,376.73
1586267430939,376.73
1586267430939,376.73
1586267430939,376.73
1586267430939,376.73
1586267430939,376.73
1586267430939,376.73
1586267430939,376.73
1586267430939,376.73
1586267430939,376.73
1586267430939,376.73
1586267430939,376.73
1586267430939,376.73
1586267430939,376.73
1586267430939,376.73
1586267430939,376.73
1586267430939,376.73
1586267657698,378.24
1586267657698,378.24
1586267657698,378.24
1586267657698,378.24
1586267657698,378.24
1586267713067,377.54
1586267730076,377.6
1586267732218,377.66
1586267732218,377.66
1586267760591,377.5
1586267771059,377.495
1586267781859,377.405
1586267786222,377.355
1586267786222,377.355
1586267812853,376.05
1586267820725,375.4
1586267829588,375.74
1586267829588,375.74
1586267829588,375.74
1586267829588,375.74
1586267829588,375.74
1586267829588,375.74
1586267829588,375.74
1586267829588,375.74
1586267829588,375.74
1586267829588,375.74
1586267829588,375.74
1586267829588,375.74
1586267829588,375.74
1586267829588,375.74
1586267829588,375.74
1586267829588,375.74
1586268010044,376.6
1586268010044,376.6
1586268025543,376
1586268025543,376
1586268025543,376
1586268058882,376.06
1586268058882,376.06
1586268058882,376.06
1586268092382,375.575
1586268092382,375.575
1586268092382,375.575
1586268092382,375.575
1586268135888,375.33
1586268144330,375.305
1586268158054,374.16
1586268172578,374.265
1586268174193,373.875
1586268187984,374.405
1586268202515,374.33
1586268202515,374.33
1586268218195,374.215
1586268218195,374.215
1586268250463,373.78
1586268250463,373.78
1586268250463,373.78
1586268283541,373.835
1586268283541,373.835
1586268283541,373.835
1586268283541,373.835
1586268283541,373.835
1586268283541,373.835
1586268350217,372.4
1586268350217,372.4
1586268350217,372.4
1586268350217,372.4
1586268350217,372.4
1586268350217,372.4
1586268350217,372.4
1586268350217,372.4
1586268350217,372.4
1586268350217,372.4
1586268350217,372.4
1586268461867,373.465
1586268461867,373.465
1586268491537,372.975
1586268499988,373.52
1586268511852,373.235
1586268523318,372.46
1586268523318,372.46
1586268544012,372.59
1586268546795,371.93
1586268546795,371.93
1586268576748,371.76
1586268576748,371.76
1586268576748,371.76
1586268576748,371.76
1586268610056,372.17
1586268610056,372.17
1586268639365,372.255
1586268639365,372.255
1586268639365,372.255
1586268672740,372.31
1586268682658,372.44
1586268682658,372.44
1586268682658,372.44
1586268708116,372.345
1586268722582,372.19
1586268732388,371.8
1586268749583,370.81
1586268749583,370.81
1586268764668,371.05
1586268775896,371.1
1586268789803,371.36
1586268789803,371.36
1586268812050,370.96
1586268812050,370.96
1586268838017,370.71
1586268838017,370.71
1586268838017,370.71
1586268838017,370.71
1586268871986,370.235
1586268871986,370.235
1586268871986,370.235
1586268871986,370.235
1586268871986,370.235
1586268931528,370.26
1586268931528,370.26
1586268954932,370.22
1586268954932,370.22
1586268954932,370.22
1586268954932,370.22
1586268954932,370.22
1586268954932,370.22
1586268954932,370.22
1586269024873,370.33
1586269038377,371.13
1586269038377,371.13
1586269061940,372.47
1586269061940,372.47
1586269080296,372.525
1586269080296,372.525
1586269080296,372.525
1586269110729,372.28
1586269110729,372.28
1586269110729,372.28
1586269149531,373.27
1586269149531,373.27
1586269149531,373.27
1586269149531,373.27
1586269149531,373.27
1586269200405,373.66
1586269200405,373.66
1586269200405,373.66
1586269200405,373.66
1586269242801,372.79
1586269242801,372.79
1586269242801,372.79
1586269242801,372.79
1586269242801,372.79
1586269242801,372.79
1586269242801,372.79
1586269318351,372.86
1586269323956,372.61
1586269323956,372.61
1586269323956,372.61
1586269323956,372.61
1586269323956,372.61
1586269323956,372.61
1586269323956,372.61
1586269405662,371.665
1586269405662,371.665
1586269405662,371.665
1586269405662,371.665
1586269405662,371.665
1586269405662,371.665
1586269467681,372.04
1586269467681,372.04
1586269467681,372.04
1586269467681,372.04
1586269518219,372.05
1586269530450,372.18
1586269536327,372.355
1586269536327,372.355
1586269536327,372.355
1586269536327,372.355
1586269536327,372.355
1586269536327,372.355
1586269536327,372.355
1586269609262,372.76
1586269628488,372.475
1586269641417,372.49
1586269641417,372.49
1586269641417,372.49
1586269641417,372.49
1586269684910,372.495
1586269684910,372.495
1586269684910,372.495
1586269684910,372.495
1586269684910,372.495
1586269684910,372.495
1586269747811,372.05
1586269759612,372.005
1586269759612,372.005
1586269759612,372.005
1586269759612,372.005
1586269800957,372.11
1586269802856,372.07
1586269802856,372.07
1586269802856,372.07
1586269838677,372.02
1586269845221,372.095
1586269845221,372.095
1586269845221,372.095
1586269882434,372.11
1586269882434,372.11
1586269882434,372.11
1586269882434,372.11
1586269928907,372.49
1586269928907,372.49
1586269928907,372.49
1586269956415,372.19
1586269963671,372.31
1586269963671,372.31
1586269993274,371.88
1586269993274,371.88
1586269993274,371.88
1586269993274,371.88
1586270035276,372.55
1586270035276,372.55
1586270035276,372.55
1586270056601,372.34
1586270056601,372.34
1586270056601,372.34
1586270056601,372.34
1586270103509,372.07
1586270103509,372.07
1586270103509,372.07
1586270103509,372.07
1586270103509,372.07
1586270161924,371.315
1586270161924,371.315
1586270161924,371.315
1586270161924,371.315
1586270196380,371.095
1586270196380,371.095
1586270224239,371.35
1586270234886,371.2
1586270245154,370.89
1586270252287,370.76
1586270264327,370.795
1586270264327,370.795
1586270280365,370.645
1586270293959,370.68
1586270306665,370.375
1586270306665,370.375
1586270323531,370.34
1586270323531,370.34
1586270349865,370.43
1586270349865,370.43
1586270365171,370.53
1586270380097,370.37
1586270380097,370.37
1586270380097,370.37
1586270405613,370.23
1586270405613,370.23
1586270405613,370.23
1586270405613,370.23
1586270405613,370.23
1586270405613,370.23
1586270405613,370.23
1586270405613,370.23
1586270405613,370.23
1586270502179,370
1586270502179,370
1586270528793,370.785
1586270528793,370.785
1586270528793,370.785
1586270528793,370.785
1586270528793,370.785
1586270528793,370.785
1586270528793,370.785
1586270528793,370.785
1586270528793,370.785
1586270528793,370.785
1586270528793,370.785
1586270528793,370.785
1586270528793,370.785
1586270665720,370.61
1586270665720,370.61
1586270665720,370.61
1586270690182,370.68
1586270690182,370.68
1586270690182,370.68
1586270690182,370.68
1586270690182,370.68
1586270690182,370.68
1586270690182,370.68
1586270690182,370.68
1586270690182,370.68
1586270690182,370.68
1586270690182,370.68
1586270690182,370.68
1586270690182,370.68
1586270690182,370.68
1586270690182,370.68
1586270690182,370.68
1586270690182,370.68
1586270690182,370.68
1586270690182,370.68
1586270690182,370.68
1586270690182,370.68
1586270690182,370.68
1586270690182,370.68
1586270690182,370.68
1586270690182,370.68
1586270690182,370.68
1586270690182,370.68
1586270690182,370.68
1586270690182,370.68
1586270690182,370.68
1586270690182,370.68
1586270690182,370.68
1586270690182,370.68
1586270690182,370.68
1586270690182,370.68
1586270690182,370.68
1586270690182,370.68
1586270690182,370.68
1586270690182,370.68
1586270690182,370.68
1586271108373,370.62
1586271108373,370.62
1586271130023,370.42
1586271130023,370.42
1586271130023,370.42
1586271130023,370.42
1586271130023,370.42
1586271130023,370.42
1586271195205,370.545
1586271195205,370.545
1586271195205,370.545
1586271195205,370.545
1586271236311,370.31
1586271243844,370.09
1586271243844,370.09
1586271243844,370.09
1586271243844,370.09
1586271243844,370.09
1586271243844,370.09
1586271243844,370.09
1586271243844,370.09
1586271334983,371.64
1586271334983,371.64
1586271334983,371.64
1586271334983,371.64
1586271375747,372.605
1586271375747,372.605
1586271375747,372.605
1586271375747,372.605
1586271375747,372.605
1586271375747,372.605
1586271443536,372.42
1586271446787,372.385
1586271446787,372.385
1586271446787,372.385
1586271446787,372.385
1586271496881,372.63
1586271500999,372.64
1586271500999,372.64
1586271500999,372.64
1586271500999,372.64
1586271500999,372.64
1586271500999,372.64
1586271500999,372.64
1586271500999,372.64
1586271500999,372.64
1586271599812,372.725
1586271599812,372.725
1586271599812,372.725
1586271599812,372.725
1586271599812,372.725
1586271599812,372.725
1586271599812,372.725
1586271599812,372.725
1586271682778,373.1
1586271682778,373.1
1586271682778,373.1
1586271682778,373.1
1586271719158,372.76
1586271719158,372.76
1586271719158,372.76
1586271719158,372.76
1586271719158,372.76
1586271719158,372.76
1586271719158,372.76
1586271719158,372.76
1586271719158,372.76
1586271822119,372.8
1586271822119,372.8
1586271822119,372.8
1586271822119,372.8
1586271822119,372.8
1586271870780,371.925
1586271870780,371.925
1586271888098,372.04
1586271888098,372.04
1586271913439,372.1
1586271913439,372.1
1586271913439,372.1
1586271913439,372.1
1586271958507,372
1586271958507,372
1586271958507,372
1586271958507,372
1586272001112,371.62
1586272001112,371.62
1586272001112,371.62
1586272001112,371.62
1586272001112,371.62
1586272001112,371.62
1586272001112,371.62
1586272076578,371.78
1586272079214,371.82
1586272095564,371.59
1586272095564,371.59
1586272112496,371.66
1586272112496,371.66
1586272112496,371.66
1586272112496,371.66
1586272112496,371.66
1586272112496,371.66
1586272174588,371.83
1586272174588,371.83
1586272174588,371.83
1586272174588,371.83
1586272174588,371.83
1586272174588,371.83
1586272174588,371.83
1586272174588,371.83
1586272174588,371.83
1586272273962,372.225
1586272278341,372.31
1586272290155,371.855
1586272290155,371.855
1586272311959,372.125
1586272325482,372.54
1586272325482,372.54
1586272325482,372.54
1586272325482,372.54
1586272325482,372.54
1586272325482,372.54
1586272325482,372.54
1586272393892,372.11
1586272393892,372.11
1586272393892,372.11
1586272393892,372.11
1586272393892,372.11
1586272450534,371.67
1586272450534,371.67
1586272467729,371.85
1586272467729,371.85
1586272467729,371.85
1586272467729,371.85
1586272467729,371.85
1586272467729,371.85
1586272540818,372.8
1586272540818,372.8
1586272540818,372.8
1586272540818,372.8
1586272540818,372.8
1586272540818,372.8
1586272540818,372.8
1586272605090,373.46
1586272605090,373.46
1586272605090,373.46
1586272605090,373.46
1586272605090,373.46
1586272605090,373.46
1586272605090,373.46
1586272605090,373.46
1586272605090,373.46
1586272605090,373.46
1586272605090,373.46
1586272726006,373.59
1586272726006,373.59
1586272726006,373.59
1586272726006,373.59
1586272726006,373.59
1586272726006,373.59
1586272726006,373.59
1586272804653,373.81
1586272813907,373.425
1586272813907,373.425
1586272813907,373.425
1586272844764,373.15
1586272844764,373.15
1586272844764,373.15
1586272872893,373.34
1586272872893,373.34
1586272872893,373.34
1586272872893,373.34
1586272872893,373.34
1586272872893,373.34
1586272872893,373.34
1586272949440,374.07
1586272949440,374.07
1586272949440,374.07
1586272949440,374.07
1586272949440,374.07
1586272949440,374.07
1586272949440,374.07
1586273026689,374.5
1586273026689,374.5
1586273026689,374.5
1586273026689,374.5
1586273026689,374.5
1586273026689,374.5
1586273026689,374.5
1586273026689,374.5
1586273026689,374.5
1586273026689,374.5
1586273026689,374.5
1586273026689,374.5
1586273026689,374.5
1586273156202,374.35
1586273156202,374.35
1586273156202,374.35
1586273156202,374.35
1586273156202,374.35
1586273156202,374.35
1586273156202,374.35
1586273156202,374.35
1586273156202,374.35
1586273156202,374.35
1586273156202,374.35
1586273156202,374.35
1586273156202,374.35
1586273156202,374.35
1586273156202,374.35
1586273156202,374.35
1586273156202,374.35
1586273156202,374.35
1586273156202,374.35
1586273362505,375.12
1586273371270,375.33
1586273371270,375.33
1586273386178,375.405
1586273386178,375.405
1586273386178,375.405
1586273386178,375.405
1586273435348,375.68
1586273435348,375.68
1586273435348,375.68
1586273435348,375.68
1586273435348,375.68
1586273435348,375.68
1586273435348,375.68
1586273505551,375.405
1586273505551,375.405
1586273505551,375.405
1586273505551,375.405
1586273505551,375.405
1586273505551,375.405
1586273505551,375.405
1586273505551,375.405
1586273505551,375.405
1586273505551,375.405
1586273505551,375.405
1586273505551,375.405
1586273505551,375.405
1586273505551,375.405
1586273505551,375.405
1586273505551,375.405
1586273505551,375.405
1586273505551,375.405
1586273505551,375.405
1586273505551,375.405
1586273505551,375.405
1586273505551,375.405
1586273505551,375.405
1586273505551,375.405
1586273505551,375.405
1586273505551,375.405
1586273785600,375.39
1586273793240,375.575
1586273806500,375.42
1586273816082,375.175
1586273826275,375.405
1586273826275,375.405
1586273826275,375.405
1586273826275,375.405
1586273862847,375.735
1586273862847,375.735
1586273891240,375.915
1586273891240,375.915
1586273891240,375.915
1586273891240,375.915
1586273891240,375.915
1586273940245,376.07
1586273950453,376.29
1586273950453,376.29
1586273950453,376.29
1586273981094,376.65
1586273981094,376.65
1586273981094,376.65
1586273981094,376.65
1586274020115,376.39
1586274020115,376.39
1586274020115,376.39
1586274062988,375.985
1586274062988,375.985
1586274062988,375.985
1586274062988,375.985
1586274095255,376.77
1586274095255,376.77
1586274095255,376.77
1586274126252,376.44
1586274126252,376.44
1586274156659,376.44
1586274156659,376.44
1586274156659,376.44
1586274187261,376.01
1586274187261,376.01
1586274187261,376.01
1586274187261,376.01
1586274187261,376.01
1586274187261,376.01
1586274187261,376.01
1586274187261,376.01
1586274187261,376.01
1586274187261,376.01
1586274187261,376.01
1586274187261,376.01
1586274187261,376.01
1586274187261,376.01
1586274187261,376.01
1586274187261,376.01
1586274187261,376.01
1586274187261,376.01
1586274187261,376.01
1586274387012,376.11
1586274387012,376.11
1586274387012,376.11
1586274387012,376.11
1586274387012,376.11
1586274387012,376.11
1586274387012,376.11
1586274387012,376.11
1586274387012,376.11
1586274387012,376.11
1586274387012,376.11
1586274387012,376.11
1586274387012,376.11
1586274387012,376.11
1586274387012,376.11
1586274387012,376.11
1586274387012,376.11
1586274387012,376.11
1586274387012,376.11
1586274387012,376.11
1586274592167,376.62
1586274592167,376.62
1586274592167,376.62
1586274592167,376.62
1586274592167,376.62
1586274592167,376.62
1586274592167,376.62
1586274592167,376.62
1586274592167,376.62
1586274692661,376.15
1586274695791,376.045
1586274695791,376.045
1586274695791,376.045
1586274695791,376.045
1586274695791,376.045
1586274695791,376.045
1586274695791,376.045
1586274695791,376.045
1586274695791,376.045
1586274695791,376.045
1586274695791,376.045
1586274695791,376.045
1586274695791,376.045
1586274695791,376.045
1586274695791,376.045
1586274695791,376.045
1586274695791,376.045
1586274695791,376.045
1586274695791,376.045
1586274904659,375.405
1586274904659,375.405
1586274904659,375.405
1586274904659,375.405
1586274904659,375.405
1586274904659,375.405
1586274904659,375.405
1586274904659,375.405
1586274904659,375.405
1586274904659,375.405
1586274904659,375.405
1586274904659,375.405
1586274904659,375.405
1586274904659,375.405
1586274904659,375.405
1586274904659,375.405
1586274904659,375.405
1586274904659,375.405
1586274904659,375.405
1586274904659,375.405
1586275114781,375.765
1586275114781,375.765
1586275114781,375.765
1586275114781,375.765
1586275156902,375.74
1586275163684,375.805
1586275163684,375.805
1586275163684,375.805
1586275163684,375.805
1586275163684,375.805
1586275163684,375.805
1586275163684,375.805
1586275163684,375.805
1586275163684,375.805
1586275163684,375.805
1586275163684,375.805
1586275163684,375.805
1586275297430,375.87
1586275297430,375.87
1586275297430,375.87
1586275297430,375.87
1586275297430,375.87
1586275297430,375.87
1586275297430,375.87
1586275297430,375.87
1586275297430,375.87
1586275297430,375.87
1586275297430,375.87
1586275297430,375.87
1586275297430,375.87
1586275297430,375.87
1586275443960,376.54
1586275443960,376.54
1586275443960,376.54
1586275443960,376.54
1586275443960,376.54
1586275443960,376.54
1586275443960,376.54
1586275443960,376.54
1586275443960,376.54
1586275443960,376.54
1586275443960,376.54
1586275443960,376.54
1586275443960,376.54
1586275443960,376.54
1586275443960,376.54
1586275443960,376.54
1586275443960,376.54
1586275443960,376.54
1586275443960,376.54
1586275443960,376.54
1586275443960,376.54
1586275443960,376.54
1586275443960,376.54
1586275443960,376.54
1586275443960,376.54
1586275443960,376.54
1586275443960,376.54
1586275443960,376.54
1586275443960,376.54
1586275443960,376.54
1586275443960,376.54
1586275443960,376.54
1586275443960,376.54
1586275443960,376.54
1586275797498,378.2
1586275797498,378.2
1586275797498,378.2
1586275797498,378.2
1586275797498,378.2
1586275797498,378.2
1586275797498,378.2
1586275797498,378.2
1586275797498,378.2
1586275797498,378.2
1586275797498,378.2
1586275797498,378.2
1586275797498,378.2
1586275797498,378.2
1586275797498,378.2
1586275797498,378.2
1586275797498,378.2
1586275797498,378.2
1586275797498,378.2
1586275797498,378.2
1586275797498,378.2
1586275797498,378.2
1586275797498,378.2
1586276036927,377.225
1586276036927,377.225
1586276036927,377.225
1586276036927,377.225
1586276036927,377.225
1586276036927,377.225
1586276036927,377.225
1586276036927,377.225
1586276036927,377.225
1586276036927,377.225
1586276036927,377.225
1586276036927,377.225
1586276036927,377.225
1586276036927,377.225
1586276036927,377.225
1586276036927,377.225
1586276036927,377.225
1586276036927,377.225
1586276036927,377.225
1586276036927,377.225
1586276036927,377.225
1586276036927,377.225
1586276036927,377.225
1586276036927,377.225
1586276036927,377.225
1586276036927,377.225
1586276036927,377.225
1586276036927,377.225
1586276036927,377.225
1586276036927,377.225
1586276036927,377.225
1586276036927,377.225
1586276036927,377.225
1586276036927,377.225
1586276036927,377.225
1586276036927,377.225
1586276036927,377.225
1586276036927,377.225
1586276036927,377.225
1586276036927,377.225
1586276036927,377.225
1586276036927,377.225
1586276036927,377.225
1586276036927,377.225
1586276036927,377.225
1586276036927,377.225
1586276036927,377.225
1586276036927,377.225
1586276036927,377.225
1586276036927,377.225
1586276036927,377.225
1586276036927,377.225
1586276036927,377.225
1586276036927,377.225
1586276607937,376.74
1586276607937,376.74
1586276607937,376.74
1586276607937,376.74
1586276607937,376.74
1586276662101,377.355
1586276669136,377.67
1586276681984,377.625
1586276681984,377.625
1586276681984,377.625
1586276719795,377.765
1586276719795,377.765
1586276735846,377.75
1586276735846,377.75
1586276760029,377.29
1586276760029,377.29
1586276760029,377.29
1586276760029,377.29
1586276796018,377.345
1586276796018,377.345
1586276818784,377.255
1586276818784,377.255
1586276840430,377.26
1586276840430,377.26
1586276868911,377.21
1586276868911,377.21
1586276880546,376.925
1586276880546,376.925
1586276908707,377.21
1586276915538,377.62
1586276925826,377.425
1586276925826,377.425
1586276925826,377.425
1586276925826,377.425
1586276925826,377.425
1586276925826,377.425
1586276925826,377.425
1586276925826,377.425
1586276925826,377.425
1586276925826,377.425
1586276925826,377.425
1586276925826,377.425
1586276925826,377.425
1586276925826,377.425
1586276925826,377.425
1586276925826,377.425
1586276925826,377.425
1586276925826,377.425
1586276925826,377.425
1586276925826,377.425
1586276925826,377.425
1586276925826,377.425
1586276925826,377.425
1586276925826,377.425
1586276925826,377.425
1586276925826,377.425
1586276925826,377.425
1586276925826,377.425
1586276925826,377.425
1586276925826,377.425
1586276925826,377.425
1586276925826,377.425
1586276925826,377.425
1586276925826,377.425
1586276925826,377.425
1586276925826,377.425
1586276925826,377.425
1586276925826,377.425
1586276925826,377.425
1586276925826,377.425
1586276925826,377.425
1586276925826,377.425
1586276925826,377.425
1586276925826,377.425
1586276925826,377.425
1586276925826,377.425
1586276925826,377.425
1586276925826,377.425
1586277440467,378
1586277440467,378
1586277440467,378
1586277440467,378
1586277440467,378
1586277440467,378
1586277440467,378
1586277440467,378
1586277440467,378
1586277440467,378
1586277440467,378
1586277440467,378
1586277440467,378
1586277440467,378
1586277440467,378
1586277440467,378
1586277440467,378
1586277440467,378
1586277440467,378
1586277440467,378
1586277440467,378
1586277440467,378
1586277440467,378
1586277440467,378
1586277440467,378
1586277440467,378
1586277440467,378
1586277440467,378
1586277440467,378
1586277440467,378
1586277440467,378
1586277440467,378
1586277440467,378
1586277440467,378
1586277440467,378
1586277440467,378
1586277440467,378
1586277440467,378
1586277440467,378
1586277440467,378
1586277440467,378
1586277440467,378
1586277440467,378
1586277440467,378
1586277440467,378
1586277440467,378
1586277440467,378
1586277440467,378
1586277440467,378
1586277440467,378
1586277440467,378
1586277440467,378
1586277440467,378
1586277440467,378
1586277440467,378
1586277440467,378
1586277440467,378
1586277440467,378
1586277440467,378
1586277440467,378
1586277440467,378
1586277440467,378
1586278107351,379.84
1586278107351,379.84
1586278107351,379.84
1586278107351,379.84
1586278144981,379.805
1586278144981,379.805
1586278144981,379.805
1586278144981,379.805
1586278144981,379.805
1586278144981,379.805
1586278144981,379.805
1586278144981,379.805
1586278226372,379.55
1586278226372,379.55
1586278226372,379.55
1586278226372,379.55
1586278226372,379.55
1586278288484,379.465
1586278288484,379.465
1586278288484,379.465
1586278288484,379.465
1586278288484,379.465
1586278288484,379.465
1586278288484,379.465
1586278288484,379.465
1586278288484,379.465
1586278288484,379.465
1586278288484,379.465
1586278288484,379.465
1586278288484,379.465
1586278288484,379.465
1586278288484,379.465
1586278288484,379.465
1586278288484,379.465
1586278288484,379.465
1586278288484,379.465
1586278288484,379.465
1586278288484,379.465
1586278288484,379.465
1586278288484,379.465
1586278524237,379.9
1586278524237,379.9
1586278524237,379.9
1586278524237,379.9
1586278524237,379.9
1586278586926,379.775
1586278586926,379.775
1586278586926,379.775
1586278586926,379.775
1586278625559,379.58
1586278636289,379.95
1586278636289,379.95
1586278636289,379.95
1586278636289,379.95
1586278636289,379.95
1586278636289,379.95
1586278636289,379.95
1586278636289,379.95
1586278636289,379.95
1586278636289,379.95
1586278636289,379.95
1586278746410,380.31
1586278746410,380.31
1586278746410,380.31
1586278746410,380.31
1586278746410,380.31
1586278746410,380.31
1586278746410,380.31
1586278746410,380.31
1586278746410,380.31
1586278850356,380.09
1586278858758,380.165
1586278858758,380.165
1586278858758,380.165
1586278858758,380.165
1586278858758,380.165
1586278858758,380.165
1586278929840,380.01
1586278929840,380.01
1586278929840,380.01
1586278929840,380.01
1586278929840,380.01
1586278929840,380.01
1586278929840,380.01
1586278929840,380.01
1586278929840,380.01
1586278929840,380.01
1586278929840,380.01
1586278929840,380.01
1586278929840,380.01
1586278929840,380.01
1586278929840,380.01
1586278929840,380.01
1586278929840,380.01
1586278929840,380.01
1586278929840,380.01
1586278929840,380.01
1586278929840,380.01
1586278929840,380.01
1586278929840,380.01
1586278929840,380.01
1586278929840,380.01
1586278929840,380.01
1586278929840,380.01
1586278929840,380.01
1586278929840,380.01
1586278929840,380.01
1586278929840,380.01
1586278929840,380.01
1586278929840,380.01
1586278929840,380.01
1586278929840,380.01
1586278929840,380.01
1586278929840,380.01
1586278929840,380.01
1586278929840,380.01
1586278929840,380.01
1586278929840,380.01
1586278929840,380.01
1586278929840,380.01
1586278929840,380.01
1586278929840,380.01
1586278929840,380.01
1586278929840,380.01
1586278929840,380.01
1586278929840,380.01
1586278929840,380.01
1586278929840,380.01
1586278929840,380.01
1586278929840,380.01
1586279497227,378.23
1586279497227,378.23
1586279497227,378.23
1586279497227,378.23
1586279497227,378.23
1586279497227,378.23
1586279497227,378.23
1586279497227,378.23
1586279497227,378.23
1586279497227,378.23
1586279497227,378.23
1586279497227,378.23
1586279497227,378.23
1586279497227,378.23
1586279497227,378.23
1586279497227,378.23
1586279497227,378.23
1586279497227,378.23
1586279497227,378.23
1586279497227,378.23
1586279497227,378.23
1586279497227,378.23
1586279497227,378.23
1586279497227,378.23
1586279497227,378.23
1586279497227,378.23
1586279497227,378.23
1586279497227,378.23
1586279790520,378.465
1586279790520,378.465
1586279790520,378.465
1586279790520,378.465
1586279790520,378.465
1586279790520,378.465
1586279854779,378.59
1586279854779,378.59
1586279854779,378.59
1586279854779,378.59
1586279854779,378.59
1586279854779,378.59
1586279854779,378.59
1586279854779,378.59
1586279854779,378.59
1586279854779,378.59
1586279854779,378.59
1586279854779,378.59
1586279854779,378.59
1586279854779,378.59
1586279854779,378.59
1586279854779,378.59
1586279854779,378.59
1586279854779,378.59
1586279854779,378.59
1586279854779,378.59
1586279854779,378.59
1586279854779,378.59
1586279854779,378.59
1586279854779,378.59
1586279854779,378.59
1586279854779,378.59
1586279854779,378.59
1586279854779,378.59
1586279854779,378.59
1586279854779,378.59
1586279854779,378.59
1586279854779,378.59
1586279854779,378.59
1586280211795,379.18
1586280211795,379.18
1586280211795,379.18
1586280211795,379.18
1586280211795,379.18
1586280211795,379.18
1586280211795,379.18
1586280211795,379.18
1586280211795,379.18
1586280211795,379.18
1586280211795,379.18
1586280211795,379.18
1586280211795,379.18
1586280211795,379.18
1586280211795,379.18
1586280211795,379.18
1586280211795,379.18
1586280211795,379.18
1586280211795,379.18
1586280211795,379.18
1586280211795,379.18
1586280211795,379.18
1586280448171,378.91
1586280448171,378.91
1586280448171,378.91
1586280448171,378.91
1586280484463,379.07
1586280499720,378.83
1586280499720,378.83
1586280499720,378.83
1586280499720,378.83
1586280499720,378.83
1586280499720,378.83
1586280499720,378.83
1586280499720,378.83
1586280587957,378.16
1586280590013,378.27
1586280605905,378.37
1586280605905,378.37
1586280605905,378.37
1586280642003,377.83
1586280642003,377.83
1586280642003,377.83
1586280642003,377.83
1586280682312,378.03
1586280682312,378.03
1586280682312,378.03
1586280682312,378.03
1586280682312,378.03
1586280682312,378.03
1586280682312,378.03
1586280759877,377.41
1586280759877,377.41
1586280759877,377.41
1586280791483,376.66
1586280791483,376.66
1586280791483,376.66
1586280791483,376.66
1586280791483,376.66
1586280791483,376.66
1586280856058,375.66
1586280856058,375.66
1586280856058,375.66
1586280856058,375.66
1586280856058,375.66
1586280907337,376.24
1586280907337,376.24
1586280927547,376.72
1586280935189,376.39
1586280935189,376.39
1586280935189,376.39
1586280935189,376.39
1586280984281,376.365
1586280984281,376.365
1586281008070,376
1586281008070,376
1586281008070,376
1586281008070,376
1586281008070,376
1586281058957,376
1586281058957,376
1586281077625,375.79
1586281077625,375.79
1586281077625,375.79
1586281107255,375.47
1586281107255,375.47
1586281107255,375.47
1586281107255,375.47
1586281107255,375.47
1586281107255,375.47
1586281107255,375.47
1586281186811,375.39
1586281186811,375.39
1586281201844,375.455
1586281201844,375.455
1586281201844,375.455
1586281201844,375.455
1586281201844,375.455
1586281201844,375.455
1586281201844,375.455
1586281275569,375.98
1586281288795,376.21
1586281288795,376.21
1586281288795,376.21
1586281288795,376.21
1586281288795,376.21
1586281288795,376.21
1586281288795,376.21
1586281288795,376.21
1586281288795,376.21
1586281288795,376.21
1586281288795,376.21
1586281288795,376.21
1586281288795,376.21
1586281288795,376.21
1586281288795,376.21
1586281453481,376.335
1586281453481,376.335
1586281478274,376.31
1586281478274,376.31
1586281478274,376.31
1586281478274,376.31
1586281478274,376.31
1586281478274,376.31
1586281478274,376.31
1586281478274,376.31
1586281478274,376.31
1586281478274,376.31
1586281478274,376.31
1586281478274,376.31
1586281478274,376.31
1586281478274,376.31
1586281478274,376.31
1586281478274,376.31
1586281478274,376.31
1586281478274,376.31
1586281478274,376.31
1586281478274,376.31
1586281478274,376.31
1586281478274,376.31
1586281478274,376.31
1586281478274,376.31
1586281478274,376.31
1586281478274,376.31
1586281478274,376.31
1586281478274,376.31
1586281779614,377.185
1586281779614,377.185
1586281779614,377.185
1586281779614,377.185
1586281779614,377.185
1586281779614,377.185
1586281779614,377.185
1586281779614,377.185
1586281779614,377.185
1586281779614,377.185
1586281779614,377.185
1586281779614,377.185
1586281779614,377.185
1586281779614,377.185
1586281779614,377.185
1586281779614,377.185
1586281779614,377.185
1586281779614,377.185
1586281779614,377.185
1586281978049,376.44
1586281978049,376.44
1586281978049,376.44
1586281978049,376.44
1586281978049,376.44
1586281978049,376.44
1586281978049,376.44
1586281978049,376.44
1586282070508,376.31
1586282070508,376.31
1586282070508,376.31
1586282070508,376.31
1586282070508,376.31
1586282070508,376.31
1586282070508,376.31
1586282137947,376.13
1586282153455,375.31
1586282153455,375.31
1586282153455,375.31
1586282153455,375.31
1586282153455,375.31
1586282210912,375.69
1586282210912,375.69
1586282210912,375.69
1586282210912,375.69
1586282210912,375.69
1586282210912,375.69
1586282210912,375.69
1586282210912,375.69
1586282295299,375.97
1586282295299,375.97
1586282295299,375.97
1586282295299,375.97
1586282295299,375.97
1586282295299,375.97
1586282295299,375.97
1586282295299,375.97
1586282295299,375.97
1586282295299,375.97
1586282295299,375.97
1586282295299,375.97
1586282295299,375.97
1586282295299,375.97
1586282295299,375.97
1586282295299,375.97
1586282295299,375.97
1586282295299,375.97
1586282295299,375.97
1586282295299,375.97
1586282295299,375.97
1586282295299,375.97
1586282295299,375.97
1586282295299,375.97
1586282295299,375.97
1586282295299,375.97
1586282295299,375.97
1586282295299,375.97
1586282295299,375.97
1586282295299,375.97
1586282295299,375.97
1586282295299,375.97
1586282295299,375.97
1586282654117,375.08
1586282654117,375.08
1586282654117,375.08
1586282654117,375.08
1586282654117,375.08
1586282654117,375.08
1586282654117,375.08
1586282654117,375.08
1586282654117,375.08
1586282654117,375.08
1586282763788,374.14
1586282763788,374.14
1586282763788,374.14
1586282763788,374.14
1586282763788,374.14
1586282763788,374.14
1586282763788,374.14
1586282763788,374.14
1586282763788,374.14
1586282858851,374.365
1586282858851,374.365
1586282858851,374.365
1586282858851,374.365
1586282908935,374.425
1586282908935,374.425
1586282908935,374.425
1586282908935,374.425
1586282908935,374.425
1586282908935,374.425
1586282908935,374.425
1586282908935,374.425
1586282990600,374.605
1586282990600,374.605
1586282990600,374.605
1586282990600,374.605
1586283036378,374.425
1586283036378,374.425
1586283057500,374.885
1586283057500,374.885
1586283057500,374.885
1586283057500,374.885
1586283057500,374.885
1586283057500,374.885
1586283057500,374.885
1586283134705,374.88
1586283134705,374.88
1586283134705,374.88
1586283134705,374.88
1586283134705,374.88
1586283184334,374.01
1586283184334,374.01
1586283184334,374.01
1586283184334,374.01
1586283184334,374.01
1586283240016,374.42
1586283240016,374.42
1586283240016,374.42
1586283240016,374.42
1586283240016,374.42
1586283240016,374.42
1586283240016,374.42
1586283240016,374.42
1586283240016,374.42
1586283240016,374.42
1586283240016,374.42
1586283240016,374.42
1586283240016,374.42
1586283240016,374.42
1586283240016,374.42
1586283240016,374.42
1586283240016,374.42
1586283240016,374.42
1586283240016,374.42
1586283240016,374.42
1586283240016,374.42
1586283240016,374.42
1586283479211,374.235
1586283479211,374.235
1586283502920,374.4
1586283502920,374.4
1586283502920,374.4
1586283532272,374.335
1586283549356,374.245
1586283549356,374.245
1586283549356,374.245
1586283549356,374.245
1586283549356,374.245
1586283549356,374.245
1586283549356,374.245
1586283549356,374.245
1586283549356,374.245
1586283549356,374.245
1586283549356,374.245
1586283549356,374.245
1586283549356,374.245
1586283549356,374.245
1586283549356,374.245
1586283549356,374.245
1586283549356,374.245
1586283549356,374.245
1586283549356,374.245
1586283549356,374.245
1586283549356,374.245
1586283549356,374.245
1586283549356,374.245
1586283549356,374.245
1586283549356,374.245
1586283549356,374.245
1586283549356,374.245
1586283549356,374.245
1586283549356,374.245
1586283862776,374.11
1586283875017,374.165
1586283877569,374.165
1586283877569,374.165
1586283877569,374.165
1586283877569,374.165
1586283877569,374.165
1586283877569,374.165
1586283877569,374.165
1586283958616,374.66
1586283958616,374.66
1586283958616,374.66
1586283958616,374.66
1586283958616,374.66
1586283958616,374.66
1586283958616,374.66
1586283958616,374.66
1586283958616,374.66
1586283958616,374.66
1586283958616,374.66
1586283958616,374.66
1586283958616,374.66
1586283958616,374.66
1586283958616,374.66
1586283958616,374.66
1586283958616,374.66
1586284148826,374.88
1586284148826,374.88
1586284148826,374.88
1586284148826,374.88
1586284192237,374.71
1586284192237,374.71
1586284192237,374.71
1586284192237,374.71
1586284192237,374.71
1586284192237,374.71
1586284192237,374.71
1586284192237,374.71
1586284192237,374.71
1586284192237,374.71
1586284192237,374.71
1586284305833,375.41
1586284305833,375.41
1586284305833,375.41
1586284305833,375.41
1586284305833,375.41
1586284305833,375.41
1586284305833,375.41
1586284305833,375.41
1586284305833,375.41
1586284408042,374.71
1586284408042,374.71
1586284408042,374.71
1586284408042,374.71
1586284408042,374.71
1586284408042,374.71
1586284476184,374.62
1586284476184,374.62
1586284493092,374.34
1586284508300,374.16
1586284508300,374.16
1586284508300,374.16
1586284508300,374.16
1586284508300,374.16
1586284508300,374.16
1586284508300,374.16
1586284508300,374.16
1586284508300,374.16
1586284508300,374.16
1586284508300,374.16
1586284508300,374.16
1586284508300,374.16
1586284508300,374.16
1586284508300,374.16
1586284508300,374.16
1586284508300,374.16
1586284508300,374.16
1586284508300,374.16
1586284508300,374.16
1586284508300,374.16
1586284508300,374.16
1586284508300,374.16
1586284508300,374.16
1586284508300,374.16
1586284508300,374.16
1586284508300,374.16
1586284508300,374.16
1586284508300,374.16
1586284508300,374.16
1586284508300,374.16
1586284508300,374.16
1586284508300,374.16
1586284869251,374.23
1586284879236,374.1
1586284893166,373.88
1586284893166,373.88
1586284893166,373.88
1586284920650,374.13
1586284920650,374.13
1586284920650,374.13
1586284953240,373.75
1586284953240,373.75
1586284974641,373.4
1586284994013,373.455
1586284994013,373.455
1586284994013,373.455
1586284994013,373.455
1586284994013,373.455
1586285043671,373.11
1586285043671,373.11
1586285043671,373.11
1586285043671,373.11
1586285043671,373.11
1586285043671,373.11
1586285043671,373.11
1586285043671,373.11
1586285043671,373.11
1586285145286,373.14
1586285145286,373.14
1586285145286,373.14
1586285145286,373.14
1586285145286,373.14
1586285145286,373.14
1586285145286,373.14
1586285145286,373.14
1586285145286,373.14
1586285145286,373.14
1586285145286,373.14
1586285256775,373.05
1586285256775,373.05
1586285256775,373.05
1586285256775,373.05
1586285256775,373.05
1586285256775,373.05
1586285256775,373.05
1586285256775,373.05
1586285256775,373.05
1586285256775,373.05
1586285256775,373.05
1586285256775,373.05
1586285256775,373.05
1586285256775,373.05
1586285412709,373.02
1586285412709,373.02
1586285412709,373.02
1586285412709,373.02
1586285412709,373.02
1586285412709,373.02
1586285412709,373.02
1586285412709,373.02
1586285502073,373.61
1586285502073,373.61
1586285502073,373.61
1586285502073,373.61
1586285502073,373.61
1586285502073,373.61
1586285502073,373.61
1586285502073,373.61
1586285502073,373.61
1586285502073,373.61
1586285610455,374.41
1586285610455,374.41
1586285635722,373.995
1586285635722,373.995
1586285635722,373.995
1586285635722,373.995
1586285635722,373.995
1586285693327,373.74
1586285693327,373.74
1586285693327,373.74
1586285693327,373.74
1586285730271,373.54
1586285730271,373.54
1586285730271,373.54
1586285730271,373.54
1586285775381,373.34
1586285775381,373.34
1586285775381,373.34
1586285811345,373.35
1586285811345,373.35
1586285811345,373.35
1586285811345,373.35
1586285811345,373.35
1586285811345,373.35
1586285811345,373.35
1586285811345,373.35
1586285811345,373.35
1586285907235,373.335
1586285907235,373.335
1586285907235,373.335
1586285907235,373.335
1586285907235,373.335
1586285955269,373.09
1586285966923,372.95
1586285966923,372.95
1586285966923,372.95
1586285966923,372.95
1586285966923,372.95
1586286027162,373.195
1586286027162,373.195
1586286049333,373.08
1586286049333,373.08
1586286049333,373.08
1586286049333,373.08
1586286049333,373.08
1586286049333,373.08
1586286049333,373.08
1586286123728,373.545
1586286123728,373.545
1586286123728,373.545
1586286123728,373.545
1586286123728,373.545
1586286123728,373.545
1586286123728,373.545
1586286123728,373.545
1586286123728,373.545
1586286123728,373.545
1586286123728,373.545
1586286123728,373.545
1586286123728,373.545
1586286123728,373.545
1586286123728,373.545
1586286123728,373.545
1586286123728,373.545
1586286123728,373.545
1586286123728,373.545
1586286123728,373.545
1586286123728,373.545
1586286365384,374.06
1586286365384,374.06
1586286365384,374.06
1586286365384,374.06
1586286365384,374.06
1586286365384,374.06
1586286457091,373.73
1586286457091,373.73
1586286457091,373.73
1586286457091,373.73
1586286457091,373.73
1586286457091,373.73
1586286457091,373.73
1586286457091,373.73
1586286457091,373.73
1586286457091,373.73
1586286457091,373.73
1586286457091,373.73
1586286457091,373.73
1586286457091,373.73
1586286457091,373.73
1586286457091,373.73
1586286457091,373.73
1586286654360,375.46
1586286654360,375.46
1586286667111,375.805
1586286667111,375.805
1586286667111,375.805
1586286667111,375.805
1586286757618,374.795
1586286757618,374.795
1586286774922,374.365
1586286774922,374.365
1586286774922,374.365
1586286774922,374.365
1586286774922,374.365
1586286774922,374.365
1586286774922,374.365
1586286774922,374.365
1586286774922,374.365
1586286774922,374.365
1586286774922,374.365
1586286774922,374.365
1586286923509,375.38
1586286923509,375.38
1586286923509,375.38
1586286923509,375.38
1586286923509,375.38
1586286983630,374.78
1586286983630,374.78
1586286983630,374.78
1586286983630,374.78
1586286983630,374.78
1586286983630,374.78
1586286983630,374.78
1586286983630,374.78
1586286983630,374.78
1586286983630,374.78
1586286983630,374.78
1586286983630,374.78
1586286983630,374.78
1586286983630,374.78
1586286983630,374.78
1586286983630,374.78
1586286983630,374.78
1586286983630,374.78
1586287198298,373.64
1586287198298,373.64
1586287198298,373.64
1586287198298,373.64
1586287198298,373.64
1586287198298,373.64
1586287198298,373.64
1586287198298,373.64
1586287198298,373.64
1586287198298,373.64
1586287198298,373.64
1586287198298,373.64
1586287198298,373.64
1586287198298,373.64
1586287198298,373.64
1586287198298,373.64
1586287198298,373.64
1586287198298,373.64
1586287198298,373.64
1586287198298,373.64
1586287424331,372.89
1586287424331,372.89
1586287424331,372.89
1586287424331,372.89
1586287424331,372.89
1586287424331,372.89
1586287424331,372.89
1586287424331,372.89
1586287424331,372.89
1586287424331,372.89
1586287424331,372.89
1586287424331,372.89
1586287424331,372.89
1586287424331,372.89
1586287580352,372.25
1586287580352,372.25
1586287596527,372.55
1586287596527,372.55
1586287596527,372.55
1586287596527,372.55
1586287596527,372.55
1586287596527,372.55
1586287596527,372.55
1586287596527,372.55
1586287596527,372.55
1586287596527,372.55
1586287706664,371.975
1586287706664,371.975
1586287706664,371.975
1586287744025,372.09
1586287744025,372.09
1586287766513,372.19
1586287766513,372.19
1586287766513,372.19
1586287766513,372.19
1586287766513,372.19
1586287766513,372.19
1586287766513,372.19
1586287766513,372.19
1586287766513,372.19
1586287766513,372.19
1586287766513,372.19
1586287766513,372.19
1586287896173,373.03
1586287896173,373.03
1586287896173,373.03
1586287923229,372.68
1586287923229,372.68
1586287923229,372.68
1586287923229,372.68
1586287923229,372.68
1586287923229,372.68
1586287923229,372.68
1586287923229,372.68
1586287923229,372.68
1586288019464,372.165
1586288019464,372.165
1586288019464,372.165
1586288058676,373.03
1586288058676,373.03
1586288058676,373.03
1586288058676,373.03
1586288058676,373.03
1586288116332,373.38
1586288120063,373.495
1586288120063,373.495
1586288147360,373.03
1586288147360,373.03
1586288147360,373.03
1586288147360,373.03
1586288147360,373.03
1586288147360,373.03
1586288147360,373.03
1586288147360,373.03
1586288147360,373.03
1586288147360,373.03
1586288147360,373.03
1586288273319,373.32
1586288280083,373.125
1586288280083,373.125
1586288299126,373.47
1586288314419,373.415
1586288325343,372.995
1586288334343,373.44
1586288334343,373.44
1586288353545,373.585
1586288370502,373.4
1586288379478,373.635
1586288389418,373.82
1586288401614,373.82
1586288401614,373.82
1586288424166,373.55
1586288424166,373.55
1586288424166,373.55
1586288424166,373.55
1586288459540,373.65
1586288476061,373.66
1586288482187,373.61
1586288482187,373.61
1586288482187,373.61
1586288518523,373.63
1586288518523,373.63
1586288518523,373.63
1586288518523,373.63
1586288518523,373.63
1586288518523,373.63
1586288581843,373.33
1586288581843,373.33
1586288581843,373.33
1586288581843,373.33
1586288581843,373.33
1586288581843,373.33
1586288650054,372.79
1586288650054,372.79
1586288650054,372.79
1586288650054,372.79
1586288650054,372.79
1586288704386,372.61
1586288718625,372.725
1586288718625,372.725
1586288741130,373.31
1586288746758,373.53
1586288746758,373.53
1586288770988,373.11
1586288770988,373.11
1586288798132,372.94
1586288798132,372.94
1586288817957,373.19
1586288817957,373.19
1586288817957,373.19
1586288845881,373.58
1586288865059,373.94
1586288865059,373.94
1586288882823,374.07
1586288890211,374.115
1586288905225,374.35
1586288905225,374.35
1586288905225,374.35
1586288905225,374.35
1586288952975,374.39
1586288952975,374.39
1586288952975,374.39
1586288993188,374.83
1586289002043,374.41
1586289006092,373.77
1586289026086,372.94
1586289027611,372.53
1586289047520,373.4
1586289057025,372.5
1586289057025,372.5
1586289057025,372.5
1586289077681,373.09
1586289077681,373.09
1586289077681,373.09
1586289077681,373.09
1586289128792,372.885
1586289128792,372.885
1586289128792,372.885
1586289128792,372.885
1586289128792,372.885
1586289180109,372.96
1586289194534,372.37
1586289208303,371.825
1586289208303,371.825
1586289208303,371.825
1586289238490,371.27
1586289249266,371.76
1586289249266,371.76
1586289249266,371.76
1586289274278,373.2
1586289290125,373.53
1586289290125,373.53
1586289309332,373.58
1586289316313,373.5
1586289332710,373.34
1586289343517,373.385
1586289352472,373.58
1586289352472,373.58
1586289352472,373.58
1586289352472,373.58
1586289392939,373.17
1586289392939,373.17
1586289420051,373.58
1586289432841,373.49
1586289432841,373.49
1586289456009,373.53
1586289456009,373.53
1586289456009,373.53
1586289484190,373.36
1586289484190,373.36
1586289508314,372.89
1586289508314,372.89
1586289528454,372.865
1586289534114,372.85
1586289551025,373.235
1586289563551,373.37
1586289580278,372.84
1586289587262,372.325
