1584540119295,320.71
1584540135665,320.595
1584540141985,320.29
1584540141985,320.29
1584540166037,319.66
1584540176229,320.54
1584540186282,320.78
1584540198750,321.43
1584540202205,321.29
1584540213973,320.495
1584540230909,322.28
1584540230909,322.28
1584540250585,322.92
1584540258947,323.44
1584540270628,323.38
1584540280967,323.38
1584540291847,323.38
1584540300890,323.09
1584540312654,322.73
1584540322071,322.8
1584540335738,323.055
1584540345742,322.74
1584540350258,322.53
1584540363147,322.81
1584540371844,322.57
1584540386044,322.54
1584540396230,322.695
1584540405780,323.175
1584540415190,322.67
1584540415190,322.67
1584540435136,323.785
1584540435136,323.785
1584540456196,324.31
1584540471697,324.235
1584540482024,323.71
1584540490283,324.4
1584540490283,324.4
1584540511412,323.655
1584540518098,323.255
1584540534121,322.51
1584540539758,321.855
1584540553576,321.48
1584540557728,321.13
1584540575236,320.87
1584540583849,321.17
1584540596747,321.53
1584540604009,321.625
1584540609271,321.405
1584540623731,321.425
1584540637216,321.26
1584540637216,321.26
1584540637216,321.26
1584540668848,321.04
1584540680389,320.825
1584540680389,320.825
1584540693288,321.46
1584540710767,321.39
1584540722066,320.975
1584540731634,320.24
1584540740275,320.53
1584540740275,320.53
1584540740275,320.53
1584540740275,320.53
1584540780008,322.28
1584540785443,322.19
1584540785443,322.19
1584540806387,323.01
1584540806387,323.01
1584540806387,323.01
1584540806387,323.01
1584540851033,323.115
1584540851033,323.115
1584540851033,323.115
1584540851033,323.115
1584540893129,323.99
1584540905341,323.77
1584540905341,323.77
1584540926374,324.02
1584540933610,323.91
1584540933610,323.91
1584540957375,324.875
1584540970305,326.01
1584540980880,326.86
1584540980880,326.86
1584541005356,328.24
1584541011505,328.32
1584541022956,328.91
1584541035318,328.44
1584541044740,328.13
1584541044740,328.13
1584541044740,328.13
1584541074449,326.24
1584541088076,326.235
1584541099149,326.145
1584541109021,326.69
1584541109021,326.69
1584541126314,326.17
1584541132380,326.22
1584541151177,326.355
1584541154907,326.155
1584541167049,326.51
1584541178523,326.35
1584541187051,326.305
1584541204364,326.18
1584541211191,326.69
1584541223244,326.95
1584541230342,326.655
1584541230342,326.655
1584541256232,326.31
1584541256232,326.31
1584541256232,326.31
1584541284915,325.5
1584541296213,324.63
1584541305011,324.07
1584541314526,323.81
1584541328201,324.29
1584541328201,324.29
1584541345124,325.42
1584541359932,326.105
1584541361712,326.205
1584541361712,326.205
1584541361712,326.205
1584541401831,326.35
1584541413573,325.875
1584541417261,325.81
1584541431383,325.745
1584541431383,325.745
1584541431383,325.745
1584541431383,325.745
1584541431383,325.745
1584541480099,327.54
1584541480099,327.54
1584541500696,327.895
1584541516395,329.15
1584541528684,330.28
1584541535364,329.82
1584541550510,330.085
1584541556908,329.685
1584541569933,329.925
1584541575691,329.81
1584541589112,331.49
1584541599241,330.855
1584541599241,330.855
1584541599241,330.855
1584541631757,330.47
1584541640236,329.975
1584541640236,329.975
1584541664990,330
1584541664990,330
1584541664990,330
1584541693191,328.52
1584541701837,329.34
1584541707531,329.02
1584541718302,328.51
1584541734325,328.31
1584541740716,328.33
1584541740716,328.33
1584541740716,328.33
1584541740716,328.33
1584541783367,328.89
1584541801236,329.43
1584541801236,329.43
1584541801236,329.43
1584541801236,329.43
1584541834000,328.285
1584541850297,327.76
1584541850297,327.76
1584541850297,327.76
1584541850297,327.76
1584541892072,329.04
1584541892072,329.04
1584541892072,329.04
1584541892072,329.04
1584541932842,327.235
1584541932842,327.235
1584541947977,326.33
1584541947977,326.33
1584541947977,326.33
1584541947977,326.33
1584541947977,326.33
1584541947977,326.33
1584542019834,325.995
1584542019834,325.995
1584542038481,326
1584542038481,326
1584542054366,326.21
1584542054366,326.21
1584542079533,326.99
1584542085719,326.76
1584542095496,326.605
1584542095496,326.605
1584542123846,326.11
1584542134470,325.71
1584542144746,325.86
1584542155073,325.66
1584542161552,325.04
1584542161552,325.04
1584542185237,326.02
1584542185237,326.02
1584542185237,326.02
1584542210670,325.79
1584542222581,325.2
1584542238416,324.88
1584542238416,324.88
1584542251762,324.77
1584542269368,325.3
1584542279979,324.755
1584542284736,325.135
1584542284736,325.135
1584542311889,325.83
1584542311889,325.83
1584542333579,325.57
1584542333579,325.57
1584542351131,326.23
1584542358633,326.475
1584542358633,326.475
1584542358633,326.475
1584542358633,326.475
1584542358633,326.475
1584542358633,326.475
1584542418116,327.65
1584542418116,327.65
1584542418116,327.65
1584542418116,327.65
1584542418116,327.65
1584542418116,327.65
1584542418116,327.65
1584542418116,327.65
1584542418116,327.65
1584542517800,328.685
1584542517800,328.685
1584542545614,329.01
1584542545614,329.01
1584542545614,329.01
1584542545614,329.01
1584542587085,329.42
1584542587085,329.42
1584542602111,329.85
1584542609143,329.9
1584542621505,330.025
1584542637326,331.29
1584542642341,331.18
1584542660218,330.33
1584542670011,330.185
1584542676183,330.34
1584542691089,330.99
1584542693905,330.55
1584542707132,330.73
1584542715886,330.28
1584542715886,330.28
1584542715886,330.28
1584542715886,330.28
1584542761152,329.06
1584542761152,329.06
1584542786051,329.41
1584542786051,329.41
1584542786051,329.41
1584542810553,328.52
1584542810553,328.52
1584542810553,328.52
1584542842189,328.985
1584542855674,328.31
1584542866657,326.57
1584542875475,326.68
1584542875475,326.68
1584542897745,327.02
1584542897745,327.02
1584542897745,327.02
1584542932455,328.315
1584542941117,328.99
1584542949056,328.8
1584542962833,329.43
1584542962833,329.43
1584542962833,329.43
1584542962833,329.43
1584542962833,329.43
1584542962833,329.43
1584542962833,329.43
1584542962833,329.43
1584543046427,329.44
1584543046427,329.44
1584543063491,329.99
1584543063491,329.99
1584543063491,329.99
1584543094920,329.04
1584543106132,328.81
1584543118965,328.11
1584543130927,328.22
1584543137194,328.36
1584543151484,327.72
1584543163124,327.29
1584543167445,327.335
1584543183678,327.22
1584543195028,327.63
1584543195028,327.63
1584543195028,327.63
1584543195028,327.63
1584543229960,328.36
1584543229960,328.36
1584543229960,328.36
1584543266475,326.62
1584543276551,326.72
1584543276551,326.72
1584543296227,326.75
1584543304359,326.25
1584543322318,326.08
1584543332007,325.815
1584543332007,325.815
1584543332007,325.815
1584543356153,326
1584543365041,325.73
1584543365041,325.73
1584543365041,325.73
1584543365041,325.73
1584543365041,325.73
1584543365041,325.73
1584543365041,325.73
1584543365041,325.73
1584543365041,325.73
1584543365041,325.73
1584543365041,325.73
1584543365041,325.73
1584543365041,325.73
1584543365041,325.73
1584543365041,325.73
1584543365041,325.73
1584543533496,327.68
1584543533496,327.68
1584543533496,327.68
1584543570258,328.71
1584543579558,328.77
1584543594946,328.89
1584543598158,328.47
1584543598158,328.47
1584543598158,328.47
1584543598158,328.47
1584543598158,328.47
1584543598158,328.47
1584543668890,329.13
1584543677270,328.865
1584543685596,328.78
1584543685596,328.78
1584543685596,328.78
1584543717848,328.62
1584543717848,328.62
1584543739291,327.82
1584543749754,327.36
1584543749754,327.36
1584543772226,327.935
1584543775635,328.005
1584543785380,327.545
1584543800446,326.87
1584543805540,326.87
1584543819609,326.32
1584543819609,326.32
1584543819609,326.32
1584543819609,326.32
1584543860079,325.725
1584543860079,325.725
1584543860079,325.725
1584543860079,325.725
1584543860079,325.725
1584543910517,324.475
1584543928951,324.36
1584543932541,324.145
1584543947070,324.62
1584543960248,325.28
1584543960248,325.28
1584543981984,324.72
1584543988443,325.125
1584543999077,325.06
1584544007538,324.85
1584544017694,324.775
1584544017694,324.775
1584544017694,324.775
1584544017694,324.775
1584544058560,325.04
1584544068683,325
1584544086652,324.875
1584544086652,324.875
1584544100831,324.42
1584544108405,324.955
1584544123747,324.23
1584544137861,324.49
1584544145433,324.41
1584544145433,324.41
1584544145433,324.41
1584544177073,324.795
1584544177073,324.795
1584544196618,324.39
1584544207826,324.46
1584544207826,324.46
1584544230300,323.89
1584544230300,323.89
1584544230300,323.89
1584544258666,323.755
1584544258666,323.755
1584544258666,323.755
1584544258666,323.755
1584544305212,323.26
1584544305212,323.26
1584544324995,323.51
1584544331222,323.31
1584544345050,323.21
1584544345050,323.21
1584544345050,323.21
1584544378872,323.27
1584544380832,323.445
1584544380832,323.445
1584544380832,323.445
1584544419839,322.34
1584544429754,322.38
1584544443181,321.67
1584544443181,321.67
1584544456994,321.55
1584544456994,321.55
1584544456994,321.55
1584544490710,322.18
1584544490710,322.18
1584544490710,322.18
1584544490710,322.18
1584544537597,321.39
1584544537597,321.39
1584544537597,321.39
1584544564662,321.81
1584544579298,321.76
1584544579298,321.76
1584544600636,321.075
1584544601580,321.105
1584544601580,321.105
1584544628810,321.115
1584544628810,321.115
1584544649489,321.09
1584544649489,321.09
1584544649489,321.09
1584544649489,321.09
1584544690671,320.71
1584544690671,320.71
1584544710325,320.48
1584544723889,321.565
1584544734985,321.43
1584544747346,321.52
1584544751777,321.68
1584544762577,321.695
1584544769525,321.715
1584544789411,321.185
1584544798087,321.72
1584544808015,322.06
1584544817562,322.21
1584544817562,322.21
1584544833359,323.49
1584544851406,324.99
1584544860214,325.21
1584544872044,325.18
1584544872044,325.18
1584544872044,325.18
1584544904042,326.21
1584544913241,326.605
1584544925276,326.345
1584544932088,326.385
1584544938828,325.59
1584544938828,325.59
1584544938828,325.59
1584544970329,324.95
1584544980470,324.84
1584544980470,324.84
1584545007944,325.56
1584545007944,325.56
1584545025081,325.45
1584545025081,325.45
1584545025081,325.45
1584545025081,325.45
1584545067454,325.69
1584545081811,325.38
1584545081811,325.38
1584545081811,325.38
1584545081811,325.38
1584545081811,325.38
1584545081811,325.38
1584545136283,325.075
1584545136283,325.075
1584545136283,325.075
1584545175649,324.93
1584545181208,324.83
1584545191538,324.99
1584545191538,324.99
1584545215071,324.275
1584545227934,323.785
1584545227934,323.785
1584545248211,323.925
1584545254387,323.76
1584545266501,323.36
1584545266501,323.36
1584545266501,323.36
1584545298518,323.66
1584545298518,323.66
1584545320287,323.51
1584545320287,323.51
1584545336314,323.245
1584545348773,323.64
1584545363848,323.27
1584545369560,324.71
1584545369560,324.71
1584545369560,324.71
1584545369560,324.71
1584545410286,325
1584545410286,325
1584545433301,325.26
1584545440173,325.19
1584545440173,325.19
1584545440173,325.19
1584545478282,325.04
1584545478282,325.04
1584545478282,325.04
1584545510453,323.345
1584545510453,323.345
1584545523091,322.92
1584545523091,322.92
1584545545525,322
1584545545525,322
1584545545525,322
1584545545525,322
1584545585018,321.99
1584545585018,321.99
1584545608507,321.94
1584545608507,321.94
1584545608507,321.94
1584545644463,322.565
1584545644463,322.565
1584545644463,322.565
1584545675621,322.26
1584545688125,323.23
1584545688125,323.23
1584545701253,322.57
1584545717055,322.77
1584545717055,322.77
1584545717055,322.77
1584545717055,322.77
1584545752484,323.13
1584545752484,323.13
1584545752484,323.13
1584545793306,322.19
1584545793306,322.19
1584545793306,322.19
1584545823326,322.21
1584545835337,321.97
1584545835337,321.97
1584545835337,321.97
1584545866394,322.69
1584545878529,323.17
1584545889102,323.155
1584545897230,323.15
1584545906428,323.005
1584545906428,323.005
1584545906428,323.005
1584545906428,323.005
1584545906428,323.005
1584545906428,323.005
1584545906428,323.005
1584545906428,323.005
1584545906428,323.005
1584545906428,323.005
1584545906428,323.005
1584545906428,323.005
1584546033238,321.2
1584546033238,321.2
1584546033238,321.2
1584546060791,320.65
1584546075940,320.89
1584546085498,321.12
1584546085498,321.12
1584546085498,321.12
1584546085498,321.12
1584546085498,321.12
1584546085498,321.12
1584546085498,321.12
1584546085498,321.12
1584546085498,321.12
1584546085498,321.12
1584546085498,321.12
1584546085498,321.12
1584546085498,321.12
1584546085498,321.12
1584546085498,321.12
1584546240036,321.21
1584546240036,321.21
1584546240036,321.21
1584546240036,321.21
1584546240036,321.21
1584546240036,321.21
1584546308246,319.575
1584546314808,319.565
1584546314808,319.565
1584546314808,319.565
1584546348542,320.53
1584546356039,321.35
1584546360896,321.01
1584546381878,320.705
1584546386732,320.665
1584546386732,320.665
1584546410548,320.9
1584546422239,321.135
1584546422239,321.135
1584546422239,321.135
1584546456444,321.055
1584546456444,321.055
1584546468605,321.13
1584546468605,321.13
1584546468605,321.13
1584546468605,321.13
1584546468605,321.13
1584546525669,322.51
1584546525669,322.51
1584546546342,322.605
1584546546342,322.605
1584546546342,322.605
1584546573509,323.065
1584546573509,323.065
1584546573509,323.065
1584546573509,323.065
1584546621607,324.23
1584546621607,324.23
1584546644305,325.05
1584546644305,325.05
1584546665184,325
1584546665184,325
1584546679222,324.39
1584546690052,324.63
1584546690052,324.63
1584546690052,324.63
1584546690052,324.63
1584546690052,324.63
1584546690052,324.63
1584546760487,325.11
1584546763702,324.79
1584546780169,325.24
1584546780169,325.24
1584546780169,325.24
1584546780169,325.24
1584546780169,325.24
1584546780169,325.24
1584546844342,325.06
1584546850619,325.11
1584546850619,325.11
1584546870951,325
1584546883383,325.405
1584546893651,325.53
1584546906223,325.98
1584546906223,325.98
1584546906223,325.98
1584546906223,325.98
1584546946250,326.35
1584546958844,326.46
1584546966870,326.655
1584546966870,326.655
1584546966870,326.655
1584546996519,325.885
1584546996519,325.885
1584547012917,325.9
1584547012917,325.9
1584547012917,325.9
1584547012917,325.9
1584547063720,325.775
1584547068424,325.755
1584547076927,325.51
1584547076927,325.51
1584547095564,325.13
1584547095564,325.13
1584547095564,325.13
1584547134333,326.8
1584547134333,326.8
1584547153020,326.9
1584547153020,326.9
1584547153020,326.9
1584547153020,326.9
1584547198177,325.73
1584547198177,325.73
1584547216724,325.005
1584547216724,325.005
1584547242222,325.375
1584547243319,325.39
1584547243319,325.39
1584547243319,325.39
1584547243319,325.39
1584547243319,325.39
1584547243319,325.39
1584547243319,325.39
1584547243319,325.39
1584547334060,323.19
1584547343187,323.13
1584547343187,323.13
1584547343187,323.13
1584547343187,323.13
1584547343187,323.13
1584547343187,323.13
1584547410460,324.015
1584547415666,324.18
1584547415666,324.18
1584547415666,324.18
1584547443135,323.745
1584547454718,324.08
1584547454718,324.08
1584547454718,324.08
1584547454718,324.08
1584547454718,324.08
1584547454718,324.08
1584547521520,322.99
1584547521520,322.99
1584547521520,322.99
1584547521520,322.99
1584547567438,323.03
1584547575239,323.25
1584547575239,323.25
1584547575239,323.25
1584547575239,323.25
1584547575239,323.25
1584547575239,323.25
1584547637934,324.725
1584547648842,324.82
1584547648842,324.82
1584547667282,324.59
1584547683337,324.44
1584547683337,324.44
1584547694952,324.82
1584547713392,324.86
1584547723574,324.25
1584547735581,323.83
1584547736414,323.965
1584547736414,323.965
1584547762453,323.925
1584547762453,323.925
1584547787860,323.255
1584547798237,323.57
1584547809465,322.62
1584547809465,322.62
1584547821680,323.08
1584547837945,323.18
1584547852315,323.315
1584547852315,323.315
1584547863638,323.86
1584547863638,323.86
1584547889771,323.36
1584547901107,323.52
1584547901107,323.52
1584547920392,323.21
1584547920392,323.21
1584547920392,323.21
1584547920392,323.21
1584547963359,321.76
1584547973238,322.31
1584547986268,322.52
1584547986268,322.52
1584548001561,323
1584548012764,323
1584548012764,323
1584548012764,323
1584548012764,323
1584548012764,323
1584548012764,323
1584548012764,323
1584548012764,323
1584548099924,320.47
1584548099924,320.47
1584548119204,319.77
1584548119204,319.77
1584548119204,319.77
1584548147816,319.44
1584548160577,320.07
1584548174244,319.81
1584548174244,319.81
1584548174244,319.81
1584548174244,319.81
1584548174244,319.81
1584548174244,319.81
1584548174244,319.81
1584548174244,319.81
1584548174244,319.81
1584548174244,319.81
1584548282300,319.01
1584548282300,319.01
1584548282300,319.01
1584548282300,319.01
1584548320643,320.475
1584548320643,320.475
1584548320643,320.475
1584548320643,320.475
1584548320643,320.475
1584548320643,320.475
1584548320643,320.475
1584548320643,320.475
1584548399913,319.42
1584548416352,319.65
1584548416352,319.65
1584548416352,319.65
1584548416352,319.65
1584548416352,319.65
1584548416352,319.65
1584548416352,319.65
1584548416352,319.65
1584548416352,319.65
1584548506337,321.08
1584548506337,321.08
1584548506337,321.08
1584548544300,321.28
1584548544300,321.28
1584548544300,321.28
1584548544300,321.28
1584548583109,323.055
1584548587447,322.26
1584548587447,322.26
1584548612173,322.38
1584548612173,322.38
1584548612173,322.38
1584548612173,322.38
1584548612173,322.38
1584548612173,322.38
1584548612173,322.38
1584548692262,322.09
1584548692262,322.09
1584548710199,321.45
1584548718117,321.205
1584548731710,320.21
1584548731710,320.21
1584548752213,320.21
1584548758474,321.45
1584548769867,321
1584548769867,321
1584548769867,321
1584548769867,321
1584548769867,321
1584548826819,321.16
1584548833695,320.64
1584548848559,320.745
1584548858209,320.695
1584548858209,320.695
1584548858209,320.695
1584548883781,320.65
1584548897820,320.745
1584548897820,320.745
1584548920502,320.445
1584548931789,320.08
1584548937258,320.31
1584548948382,321.35
1584548948382,321.35
1584548948382,321.35
1584548983944,321.81
1584548983944,321.81
1584548983944,321.81
1584549008563,322.075
1584549008563,322.075
1584549037751,321.99
1584549037751,321.99
1584549056096,320.68
1584549056096,320.68
1584549070922,320.62
1584549088242,320.76
1584549088242,320.76
1584549088242,320.76
1584549119030,321.53
1584549130849,321.18
1584549130849,321.18
1584549130849,321.18
1584549130849,321.18
1584549130849,321.18
1584549130849,321.18
1584549187742,321.35
1584549187742,321.35
1584549187742,321.35
1584549187742,321.35
1584549187742,321.35
1584549187742,321.35
1584549187742,321.35
1584549268141,320.6
1584549268141,320.6
1584549268141,320.6
1584549268141,320.6
1584549268141,320.6
1584549268141,320.6
1584549328427,319.44
1584549340055,319.68
1584549343321,319.435
1584549358407,319.21
1584549366161,319.01
1584549378414,319.26
1584549393478,319.57
1584549393478,319.57
1584549410248,319.51
1584549417974,319.455
1584549433509,319.89
1584549444562,320.06
1584549444562,320.06
1584549444562,320.06
1584549444562,320.06
1584549481946,319.32
1584549481946,319.32
1584549481946,319.32
1584549481946,319.32
1584549481946,319.32
1584549481946,319.32
1584549481946,319.32
1584549481946,319.32
1584549481946,319.32
1584549580539,320.43
1584549580539,320.43
1584549603744,320.755
1584549608405,320.205
1584549624325,320.62
1584549624325,320.62
1584549624325,320.62
1584549624325,320.62
1584549624325,320.62
1584549673806,319.82
1584549680800,319.975
1584549680800,319.975
1584549680800,319.975
1584549680800,319.975
1584549721188,319.9
1584549721188,319.9
1584549721188,319.9
1584549759878,320.71
1584549759878,320.71
1584549759878,320.71
1584549759878,320.71
1584549759878,320.71
1584549807012,320.23
1584549807012,320.23
1584549807012,320.23
1584549841027,320.685
1584549841027,320.685
1584549841027,320.685
1584549841027,320.685
1584549884662,321.355
1584549884662,321.355
1584549884662,321.355
1584549884662,321.355
1584549923412,322.09
1584549923412,322.09
1584549923412,322.09
1584549955325,321.61
1584549964160,321.765
1584549964160,321.765
1584549964160,321.765
1584549964160,321.765
1584549964160,321.765
1584550017731,320.42
1584550017731,320.42
1584550017731,320.42
1584550017731,320.42
1584550017731,320.42
1584550017731,320.42
1584550083579,320.005
1584550093543,320.23
1584550093543,320.23
1584550093543,320.23
1584550093543,320.23
1584550093543,320.23
1584550093543,320.23
1584550093543,320.23
1584550170087,319.555
1584550170087,319.555
1584550170087,319.555
1584550201545,319.88
1584550201835,319.84
1584550214835,319.625
1584550224400,319.91
1584550243625,319.68
1584550253000,319.37
1584550253000,319.37
1584550271798,319.38
1584550284416,319.32
1584550293199,319.655
1584550293199,319.655
1584550293199,319.655
1584550293199,319.655
1584550293199,319.655
1584550350295,319.01
1584550360110,319.29
1584550367358,319.4
1584550367358,319.4
1584550393011,318.705
1584550397331,318.345
1584550397331,318.345
1584550397331,318.345
1584550431631,317.685
1584550431631,317.685
1584550431631,317.685
1584550431631,317.685
1584550431631,317.685
1584550431631,317.685
1584550494816,317.23
1584550500234,317.41
1584550519682,317.05
1584550519682,317.05
1584550534706,316.84
1584550534706,316.84
1584550552140,316.79
1584550571824,316.315
1584550571824,316.315
1584550571824,316.315
1584550571824,316.315
1584550571824,316.315
1584550571824,316.315
1584550571824,316.315
1584550571824,316.315
1584550571824,316.315
1584550571824,316.315
1584550571824,316.315
1584550571824,316.315
1584550571824,316.315
1584550571824,316.315
1584550571824,316.315
1584550571824,316.315
1584550571824,316.315
1584550571824,316.315
1584550571824,316.315
1584550571824,316.315
1584550571824,316.315
1584550571824,316.315
1584550571824,316.315
1584550571824,316.315
1584550571824,316.315
1584550571824,316.315
1584550571824,316.315
1584550571824,316.315
1584550571824,316.315
1584550571824,316.315
1584550571824,316.315
1584550571824,316.315
1584550571824,316.315
1584550571824,316.315
1584550571824,316.315
1584550571824,316.315
1584550571824,316.315
1584550571824,316.315
1584550571824,316.315
1584550571824,316.315
1584550571824,316.315
1584550571824,316.315
1584550571824,316.315
1584550571824,316.315
1584550571824,316.315
1584550571824,316.315
1584550571824,316.315
1584550571824,316.315
1584550571824,316.315
1584550571824,316.315
1584550571824,316.315
1584550571824,316.315
1584550571824,316.315
1584550571824,316.315
1584550571824,316.315
1584550571824,316.315
1584550571824,316.315
1584550571824,316.315
1584550571824,316.315
1584550571824,316.315
1584550571824,316.315
1584550571824,316.315
1584550571824,316.315
1584550571824,316.315
1584550571824,316.315
1584550571824,316.315
1584550571824,316.315
1584550571824,316.315
1584550571824,316.315
1584550571824,316.315
1584550571824,316.315
1584550571824,316.315
1584550571824,316.315
1584550571824,316.315
1584550571824,316.315
1584550571824,316.315
1584550571824,316.315
1584550571824,316.315
1584550571824,316.315
1584550571824,316.315
1584550571824,316.315
1584550571824,316.315
1584550571824,316.315
1584550571824,316.315
1584550571824,316.315
1584550571824,316.315
1584550571824,316.315
1584551479887,316.03
1584551489791,316.295
1584551501256,316.345
1584551515444,315.73
1584551523216,315.77
1584551529928,315.52
1584551543477,315.99
1584551552054,315.34
1584551567746,315.18
1584551577999,315.145
1584551577999,315.145
1584551577999,315.145
1584551577999,315.145
1584551577999,315.145
1584551577999,315.145
1584551577999,315.145
1584551649175,314.44
1584551649175,314.44
1584551649175,314.44
1584551649175,314.44
1584551649175,314.44
1584551649175,314.44
1584551713929,313.93
1584551713929,313.93
1584551728907,314.04
1584551735238,314.08
1584551735238,314.08
1584551735238,314.08
1584551735238,314.08
1584551735238,314.08
1584551795181,311.14
1584551795181,311.14
1584551795181,311.14
1584551795181,311.14
1584551795181,311.14
1584551795181,311.14
1584551795181,311.14
1584551795181,311.14
1584551871940,309.53
1584551890643,309.13
1584551900578,309.18
1584551910582,309.13
1584551910582,309.13
1584551930170,309.28
1584551940158,308.8
1584551953229,308.79
1584551956490,308.57
1584551974706,307.59
1584551984467,306.41
1584551996720,307.53
1584552006617,308.01
1584552014480,307.785
1584552024609,307.1
1584552034117,307.55
1584552048583,308.535
1584552058545,308.585
1584552068997,308.87
1584552079928,309.755
1584552081210,309.755
1584552095031,309.78
1584552095031,309.78
1584552121949,310.565
1584552132432,310.18
1584552137491,310.445
1584552148934,310.94
1584552164264,310.88
1584552166895,310.85
1584552185285,310.99
1584552185285,310.99
1584552201466,310.05
1584552213992,310.09
1584552213992,310.09
1584552213992,310.09
1584552242934,310.52
1584552255560,311.2
1584552260987,311.235
1584552277310,311.34
1584552277310,311.34
1584552300076,311.605
1584552307462,312.185
1584552319583,312.56
1584552325126,312.35
1584552341362,311.57
1584552341362,311.57
1584552354908,311.6
1584552372863,311.6
1584552383952,311.76
1584552386554,311.88
1584552402943,312.18
1584552407043,312.185
1584552420590,312.395
1584552432019,312.73
1584552444494,312.85
1584552444494,312.85
1584552444494,312.85
1584552474121,311.66
1584552488505,311.61
1584552494765,311.565
1584552509120,310.8
1584552509120,310.8
1584552523782,310.645
1584552523782,310.645
1584552545769,310.845
1584552560144,310.695
1584552572333,310.255
1584552572333,310.255
1584552593345,310.26
1584552605201,310.31
1584552617288,310.3
1584552617288,310.3
1584552630980,309.425
1584552644826,309.28
1584552644826,309.28
1584552664976,308.6
1584552664976,308.6
1584552688748,307.305
1584552698766,307.295
1584552698766,307.295
1584552717644,306.545
1584552729576,307.13
1584552729576,307.13
1584552754890,307.315
1584552754890,307.315
1584552770127,306.39
1584552790304,306.64
1584552792280,306.985
1584552810132,307.41
1584552817037,307.315
1584552817037,307.315
1584552817037,307.315
1584552846130,306.45
1584552862114,305.72
1584552866356,306.18
1584552882113,307.18
1584552895713,307.24
1584552895713,307.24
1584552916444,307.84
1584552924978,307.71
1584552931515,308.055
1584552942990,308.525
1584552955759,308.71
1584552968262,308.125
1584552971379,307.75
1584552987983,307.605
1584552999423,308.13
1584553011501,308.385
1584553013271,308.615
1584553030292,308.005
1584553042479,308.71
1584553045092,309.27
1584553045092,309.27
1584553065297,309.39
1584553083156,309.53
1584553089944,310.205
1584553089944,310.205
1584553117197,310.955
1584553122909,311.37
1584553136001,311.355
1584553148735,311.23
1584553159437,311.71
1584553169553,311.355
1584553169553,311.355
1584553189972,311.835
1584553197210,311.77
1584553204795,311.29
1584553204795,311.29
1584553204795,311.29
1584553204795,311.29
1584553252770,311.92
1584553252770,311.92
1584553274756,312.465
1584553287447,312.65
1584553297901,312.075
1584553308036,312.08
1584553318304,312.1
1584553324791,312.515
1584553337602,312.555
1584553350113,312.76
1584553356173,313.37
1584553356173,313.37
1584553381480,314.54
1584553381480,314.54
1584553381480,314.54
1584553381480,314.54
1584553381480,314.54
1584553381480,314.54
1584553381480,314.54
1584553381480,314.54
1584553381480,314.54
1584553478075,312.785
1584553486732,313.06
1584553486732,313.06
1584553503939,312.565
1584553518096,311.565
1584553518096,311.565
1584553533823,311.09
1584553533823,311.09
1584553533823,311.09
1584553568856,310.885
1584553568856,310.885
1584553568856,310.885
1584553568856,310.885
1584553568856,310.885
1584553568856,310.885
1584553568856,310.885
1584553638929,311.02
1584553658068,311.97
1584553666044,312
1584553675933,312.215
1584553684489,311.895
1584553696250,311.875
1584553705667,311.64
1584553717089,311.74
1584553717089,311.74
1584553742158,311.02
1584553751061,311.005
1584553751061,311.005
1584553751061,311.005
1584553751061,311.005
1584553793905,310.915
1584553803303,311.015
1584553813254,310.895
1584553817456,310.74
1584553817456,310.74
1584553817456,310.74
1584553857068,310.48
1584553862501,310.36
1584553862501,310.36
1584553862501,310.36
1584553891762,309.505
1584553891762,309.505
1584553891762,309.505
1584553931852,308.55
1584553941128,309.115
1584553941128,309.115
1584553963823,309.08
1584553972424,309.135
1584553985064,309.01
1584553985064,309.01
1584553985064,309.01
1584553985064,309.01
1584554020094,308.31
1584554031456,308.52
1584554031456,308.52
1584554055723,309.145
1584554063704,309.135
1584554079320,309.125
1584554086054,308.14
1584554086054,308.14
1584554086054,308.14
1584554086054,308.14
1584554086054,308.14
1584554086054,308.14
1584554086054,308.14
1584554086054,308.14
1584554086054,308.14
1584554086054,308.14
1584554086054,308.14
1584554086054,308.14
1584554218024,307.99
1584554218024,307.99
1584554218024,307.99
1584554218024,307.99
1584554218024,307.99
1584554218024,307.99
1584554218024,307.99
1584554218024,307.99
1584554218024,307.99
1584554308445,307.34
1584554308445,307.34
1584554308445,307.34
1584554308445,307.34
1584554353407,308.525
1584554365163,308.88
1584554367523,308.33
1584554367523,308.33
1584554396758,309.23
1584554402434,309.48
1584554418754,309.465
1584554428818,309.285
1584554438229,309.035
1584554446843,308.925
1584554454030,308.345
1584554454030,308.345
1584554476259,308.185
1584554476259,308.185
1584554476259,308.185
1584554512898,308.5
1584554512898,308.5
1584554512898,308.5
1584554538009,309.47
1584554547936,309.24
1584554560604,309.695
1584554560604,309.695
1584554584957,310.71
1584554593945,310.55
1584554607360,310.13
1584554615349,310.18
1584554615349,310.18
1584554615349,310.18
1584554646949,310.56
1584554646949,310.56
1584554664527,310.78
1584554684123,311.41
1584554691011,311.45
1584554705323,311.46
1584554705323,311.46
1584554705323,311.46
1584554731084,312.17
1584554731084,312.17
1584554758490,312.9
1584554762912,313.49
1584554769870,313.365
1584554769870,313.365
1584554769870,313.365
1584554769870,313.365
1584554769870,313.365
1584554830932,315.29
1584554830932,315.29
1584554854097,315.135
1584554862375,314.46
1584554869817,314.64
1584554869817,314.64
1584554896015,314.78
1584554899818,314.5
1584554899818,314.5
1584554899818,314.5
1584554937998,314.96
1584554945717,315.265
1584554956157,315.37
1584554956157,315.37
1584554956157,315.37
1584554956157,315.37
1584554956157,315.37
1584554956157,315.37
1584554956157,315.37
1584554956157,315.37
1584554956157,315.37
1584555048431,312.85
1584555048431,312.85
1584555048431,312.85
1584555048431,312.85
1584555094877,312.38
1584555094877,312.38
1584555094877,312.38
1584555094877,312.38
1584555094877,312.38
1584555094877,312.38
1584555094877,312.38
1584555094877,312.38
1584555094877,312.38
1584555094877,312.38
1584555094877,312.38
1584555094877,312.38
1584555227932,311.5
1584555235628,310.65
1584555235628,310.65
1584555235628,310.65
1584555235628,310.65
1584555273397,310.05
1584555273397,310.05
1584555273397,310.05
1584555311862,310.03
1584555311862,310.03
1584555311862,310.03
1584555311862,310.03
1584555311862,310.03
1584555361932,309.34
1584555369816,309.13
1584555384567,309.37
1584555396167,309.79
1584555396167,309.79
1584555396167,309.79
1584555423969,309.02
1584555423969,309.02
1584555442569,308.53
1584555442569,308.53
1584555442569,308.53
1584555473020,308.57
1584555492616,307.905
1584555492616,307.905
1584555492616,307.905
1584555522572,305.8
1584555522572,305.8
1584555545425,304.61
1584555545425,304.61
1584555545425,304.61
1584555545425,304.61
1584555545425,304.61
1584555596462,305.79
1584555596462,305.79
1584555596462,305.79
1584555596462,305.79
1584555596462,305.79
1584555596462,305.79
1584555596462,305.79
1584555596462,305.79
1584555596462,305.79
1584555596462,305.79
1584555596462,305.79
1584555596462,305.79
1584555596462,305.79
1584555596462,305.79
1584555596462,305.79
1584555596462,305.79
1584555763948,305.81
1584555778550,303.42
1584555783170,303.37
1584555783170,303.37
1584555806591,304.75
1584555811608,305.725
1584555811608,305.725
1584555811608,305.725
1584555811608,305.725
1584555855576,306.25
1584555855576,306.25
1584555855576,306.25
1584555855576,306.25
1584555905310,306.51
1584555909255,306.35
1584555909255,306.35
1584555909255,306.35
1584555909255,306.35
1584555909255,306.35
1584555963775,307.04
1584555963775,307.04
1584555963775,307.04
1584555991322,306.44
1584556008710,305.58
1584556008710,305.58
1584556031483,305.925
1584556031483,305.925
1584556031483,305.925
1584556031483,305.925
1584556031483,305.925
1584556031483,305.925
1584556031483,305.925
1584556031483,305.925
1584556109413,306.39
1584556125808,306.23
1584556125808,306.23
1584556125808,306.23
1584556156952,306.825
1584556167208,306.05
1584556167208,306.05
1584556182460,306.45
1584556182460,306.45
1584556212262,306.75
1584556219214,306.35
1584556219214,306.35
1584556219214,306.35
1584556219214,306.35
1584556219214,306.35
1584556274755,306.63
1584556274755,306.63
1584556274755,306.63
1584556274755,306.63
1584556274755,306.63
1584556274755,306.63
1584556339391,304.32
1584556339391,304.32
1584556355702,303.96
1584556364167,304.505
1584556380933,304.93
1584556391371,305.62
1584556395271,305.5
1584556395271,305.5
1584556395271,305.5
1584556435183,307.17
1584556444778,307.23
1584556444778,307.23
1584556444778,307.23
1584556444778,307.23
1584556444778,307.23
1584556444778,307.23
1584556444778,307.23
1584556444778,307.23
1584556444778,307.23
1584556535305,306.65
1584556535305,306.65
1584556535305,306.65
1584556566660,307.42
1584556572600,307.22
1584556572600,307.22
1584556597798,306.425
1584556597798,306.425
1584556597798,306.425
1584556632101,307.18
1584556632101,307.18
1584556632101,307.18
1584556632101,307.18
1584556632101,307.18
1584556632101,307.18
1584556688469,306.53
1584556706567,307.06
1584556706567,307.06
1584556725846,307
1584556738936,307.125
1584556742051,307.06
1584556742051,307.06
1584556742051,307.06
1584556742051,307.06
1584556742051,307.06
1584556742051,307.06
1584556804342,307
1584556822273,307.01
1584556827280,307.01
1584556827280,307.01
1584556827280,307.01
1584556861468,306.79
1584556861468,306.79
1584556861468,306.79
1584556893374,305.755
1584556893374,305.755
1584556893374,305.755
1584556893374,305.755
1584556893374,305.755
1584556944803,306.72
1584556944803,306.72
1584556944803,306.72
1584556944803,306.72
1584556944803,306.72
1584556944803,306.72
1584556944803,306.72
1584556944803,306.72
1584556944803,306.72
1584556944803,306.72
1584557054963,303.725
1584557065006,304.03
1584557065006,304.03
1584557065006,304.03
1584557065006,304.03
1584557101098,305.94
1584557101098,305.94
1584557127682,306.895
1584557138178,307.13
1584557149430,307.065
1584557153578,307.19
1584557153578,307.19
1584557174884,307
1584557174884,307
1584557174884,307
1584557174884,307
1584557174884,307
1584557174884,307
1584557174884,307
1584557174884,307
1584557174884,307
1584557174884,307
1584557285080,306.685
1584557285080,306.685
1584557300156,306.46
1584557316294,306.44
1584557316294,306.44
1584557316294,306.44
1584557348687,306.27
1584557348687,306.27
1584557348687,306.27
1584557378680,306.38
1584557378680,306.38
1584557378680,306.38
1584557378680,306.38
1584557378680,306.38
1584557378680,306.38
1584557434791,307
1584557452398,307.595
1584557452398,307.595
1584557472673,307.495
1584557472673,307.495
1584557472673,307.495
1584557472673,307.495
1584557472673,307.495
1584557472673,307.495
1584557533446,308.22
1584557533446,308.22
1584557533446,308.22
1584557533446,308.22
1584557579621,308.28
1584557579621,308.28
1584557601285,308.86
1584557609210,308.795
1584557609210,308.795
1584557609210,308.795
1584557609210,308.795
1584557649569,310.29
1584557662040,310.55
1584557667543,311
1584557680642,312.41
1584557695304,312.73
1584557708078,312.33
1584557708078,312.33
1584557725549,311.53
1584557725549,311.53
1584557725549,311.53
1584557725549,311.53
1584557725549,311.53
1584557778943,313.49
1584557778943,313.49
1584557795597,313.4
1584557795597,313.4
1584557823364,313.83
1584557830124,313.5
1584557847917,313.93
1584557857027,313.69
1584557868782,313.31
1584557873149,313.87
1584557888876,314.365
1584557888876,314.365
1584557905373,314.825
1584557918527,315.565
1584557931381,315.98
1584557936568,315.97
1584557950814,315.22
1584557963524,315.24
1584557972611,315.165
1584557981107,314.675
1584557989151,315
1584557998551,315.215
1584558007011,315.615
1584558007011,315.615
1584558007011,315.615
1584558047093,316.4
1584558055316,316.62
1584558060521,316.73
1584558072366,316.34
1584558072366,316.34
1584558098466,314.515
1584558098466,314.515
1584558098466,314.515
1584558098466,314.515
1584558098466,314.515
1584558098466,314.515
1584558156678,315.005
1584558174727,314.67
1584558181375,314.28
1584558191517,313.825
1584558203959,313.4
1584558211176,313.72
1584558226708,313.51
1584558226708,313.51
1584558246558,314.32
1584558246558,314.32
1584558246558,314.32
1584558279988,314.525
1584558286707,314.72
1584558286707,314.72
1584558303078,314.69
1584558323293,315.385
1584558334031,315.16
1584558342770,315.085
1584558350199,315.2
1584558355439,314.72
1584558375252,315.08
1584558378930,315.08
1584558393052,315.06
1584558406976,314.99
1584558406976,314.99
1584558419559,315.18
1584558437754,316.47
1584558451055,317.72
1584558451055,317.72
1584558451055,317.72
1584558479449,317.175
1584558495577,316.645
1584558499946,316.22
1584558517803,315.64
1584558517803,315.64
1584558517803,315.64
1584558551437,314.725
1584558562281,314.35
1584558566743,314.75
1584558579287,314.04
1584558585650,313.96
1584558601826,314.4
1584558616491,314.72
1584558626425,314.57
1584558635801,314.33
1584558638907,313.955
1584558658307,313.57
1584558658307,313.57
1584558671290,314.4
1584558686214,315.565
1584558686214,315.565
1584558710349,315.505
1584558719349,315.79
1584558734201,314.72
1584558734201,314.72
1584558734201,314.72
1584558734201,314.72
1584558776577,315.07
1584558776577,315.07
1584558796262,314.65
1584558801038,314.515
1584558812266,314.32
1584558812266,314.32
1584558834221,316.42
1584558834221,316.42
1584558860378,316.47
1584558860378,316.47
1584558881405,315.9
1584558894077,315.45
1584558896316,315.6
1584558910386,315.79
1584558919038,315.28
1584558934741,314.33
1584558945257,313.34
1584558945257,313.34
1584558964910,313.85
1584558983543,313.295
1584558987257,312.965
1584558987257,312.965
1584558987257,312.965
1584559025147,311.73
1584559025147,311.73
1584559025147,311.73
1584559025147,311.73
1584559061178,312.33
1584559077654,311.6
1584559085768,311.99
1584559085768,311.99
1584559085768,311.99
1584559085768,311.99
1584559121683,312.06
1584559121683,312.06
1584559121683,312.06
1584559160306,312.45
1584559170185,312.07
1584559181675,312.24
1584559181675,312.24
1584559181675,312.24
1584559218043,312.125
1584559229232,311.445
1584559233117,311.495
1584559242266,311.565
1584559257532,310.65
1584559257532,310.65
1584559257532,310.65
1584559257532,310.65
1584559300100,309.355
1584559300100,309.355
1584559300100,309.355
1584559333955,309.12
1584559333955,309.12
1584559333955,309.12
1584559333955,309.12
1584559375852,307.76
1584559388849,307.92
1584559397393,308.26
1584559397393,308.26
1584559422178,308.845
1584559422178,308.845
1584559443865,308.04
1584559443865,308.04
1584559463537,307.9
1584559471382,307.89
1584559485593,307.3
1584559489985,306.93
1584559509106,307.53
1584559518857,307.48
1584559531004,307.6
1584559540532,308.19
1584559547823,307.96
1584559547823,307.96
1584559573376,309.3
1584559573376,309.3
1584559591267,309.095
1584559602467,308.27
1584559602467,308.27
1584559627110,308.275
1584559634678,307.85
1584559647353,307.625
1584559654940,307.22
1584559654940,307.22
1584559654940,307.22
1584559684234,307.04
1584559684234,307.04
1584559713114,307.04
1584559714687,306.52
1584559714687,306.52
1584559743798,305.58
1584559747106,305.65
1584559765241,307.04
1584559765241,307.04
1584559788693,307.09
1584559791636,307.15
1584559791636,307.15
1584559791636,307.15
1584559828902,306.81
1584559837413,306.53
1584559849348,306.64
1584559862172,307.62
1584559875281,307.78
1584559882545,308.05
1584559891368,308.96
1584559905708,308.26
1584559917221,308.035
1584559927174,307.895
1584559934425,307.05
1584559942773,307.22
1584559942773,307.22
1584559969927,306.6
1584559980467,306.64
1584559981273,306.91
1584559999798,307.56
1584560010598,308.03
1584560018272,308.39
1584560032161,307.965
1584560043565,308.125
1584560052669,307.975
1584560062668,307.52
1584560075887,307.41
1584560081933,307.43
1584560096216,307.52
1584560100348,307.565
1584560114558,307.305
1584560128575,307.49
1584560134268,307.01
1584560134268,307.01
1584560159188,307.055
1584560171411,306.73
1584560175114,307.05
1584560191757,307
1584560204409,306.87
1584560213818,307.21
1584560213818,307.21
1584560236059,307.575
1584560248734,307.655
1584560258125,307.785
1584560269119,307.525
1584560274702,307.58
1584560287124,307.55
1584560302017,307.18
1584560312705,306.885
1584560323381,306.66
1584560336461,306.65
1584560337021,306.75
1584560351420,306.54
1584560367283,306.885
1584560377398,306.79
1584560385873,306.87
1584560390669,306.83
1584560407455,307.12
1584560418981,307.94
1584560431023,307.84
1584560434332,308.33
1584560453794,308.69
1584560453794,308.69
1584560469855,308.275
1584560469855,308.275
1584560490620,308.68
1584560502042,309.05
1584560519125,308.47
1584560528573,308.745
1584560528573,308.745
1584560546372,308.87
1584560562049,308.665
1584560568298,308.58
1584560577653,308.825
1584560591502,308.87
1584560591502,308.87
1584560615379,307.955
1584560615379,307.955
1584560630316,307.83
1584560648887,307.645
1584560658479,307.76
1584560669958,307.42
1584560681336,308.145
1584560687320,307.73
1584560700365,307.45
1584560712822,307.665
1584560721569,307.77
1584560732436,307.73
1584560745164,307.345
1584560757346,307.565
1584560766633,307.91
1584560777264,307.26
1584560787133,307
1584560787133,307
1584560808799,305.98
1584560820830,306.41
1584560829364,306.665
1584560829364,306.665
1584560846099,306.78
1584560846099,306.78
1584560846099,306.78
1584560846099,306.78
1584560890271,306.91
1584560890271,306.91
1584560890271,306.91
1584560930243,307.295
1584560940505,307.73
1584560948494,308.28
1584560963270,308.09
1584560963270,308.09
1584560981424,308.33
1584560994431,307.875
1584561003884,307.755
1584561015726,307.91
1584561028742,308.175
1584561039765,309.09
1584561043861,310.08
1584561059941,309.83
1584561069505,310.11
1584561082674,310.105
1584561092027,310.65
1584561102660,310.82
1584561114991,311.09
1584561126014,310.1
1584561134573,309.44
1584561144779,308.69
1584561152308,308.76
1584561166965,307.84
1584561178116,307.1
1584561190091,307.45
1584561201310,308.04
1584561211854,308.57
1584561222820,309.46
1584561227450,309.04
1584561238456,309.355
1584561251145,308.62
1584561262675,308.83
1584561273442,309.68
1584561286148,309.425
1584561297888,309.205
1584561308249,310.03
1584561323815,311.04
1584561335233,311.07
1584561344761,310.62
1584561354423,310.6
1584561366709,311.12
1584561374221,310.63
1584561383534,310.43
1584561396085,310.43
1584561407917,311.38
1584561419560,312
1584561431203,312.14
1584561441679,311.585
1584561450725,311.11
1584561457017,310.37
1584561470436,312.09
1584561484538,312.28
1584561496850,311.29
1584561505759,310.96
1584561515045,310.87
1584561525414,310.995
1584561537775,311.7
1584561552026,312.825
1584561562873,313.64
1584561570548,314.73
1584561575712,315.93
1584561585801,317.71
