1586352639022,3.2
1586352639022,3.2
1586352679241,3.205
1586352679241,3.205
1586352679241,3.205
1586352679241,3.205
1586352679241,3.205
1586352679241,3.205
1586352679241,3.205
1586352753290,3.2
1586352763030,3.205
1586352763030,3.205
1586352763030,3.205
1586352763030,3.205
1586352763030,3.205
1586352763030,3.205
1586352763030,3.205
1586352763030,3.205
1586352763030,3.205
1586352763030,3.205
1586352763030,3.205
1586352763030,3.205
1586352763030,3.205
1586352763030,3.205
1586352763030,3.205
1586352763030,3.205
1586352763030,3.205
1586352763030,3.205
1586352763030,3.205
1586352763030,3.205
1586352763030,3.205
1586352763030,3.205
1586352763030,3.205
1586352763030,3.205
1586352763030,3.205
1586352763030,3.205
1586352763030,3.205
1586352763030,3.205
1586352763030,3.205
1586352763030,3.205
1586352763030,3.205
1586352763030,3.205
1586352763030,3.205
1586352763030,3.205
1586352763030,3.205
1586352763030,3.205
1586353145201,3.21
1586353145201,3.21
1586353145201,3.21
1586353145201,3.21
1586353182277,3.21
1586353182277,3.21
1586353182277,3.21
1586353182277,3.21
1586353182277,3.21
1586353182277,3.21
1586353182277,3.21
1586353182277,3.21
1586353182277,3.21
1586353272578,3.215
1586353272578,3.215
1586353272578,3.215
1586353272578,3.215
1586353272578,3.215
1586353272578,3.215
1586353272578,3.215
1586353272578,3.215
1586353272578,3.215
1586353272578,3.215
1586353272578,3.215
1586353272578,3.215
1586353272578,3.215
1586353272578,3.215
1586353272578,3.215
1586353272578,3.215
1586353272578,3.215
1586353272578,3.215
1586353467616,3.21
1586353467616,3.21
1586353467616,3.21
1586353467616,3.21
1586353467616,3.21
1586353467616,3.21
1586353467616,3.21
1586353538295,3.22
1586353538295,3.22
1586353538295,3.22
1586353538295,3.22
1586353538295,3.22
1586353538295,3.22
1586353538295,3.22
1586353538295,3.22
1586353538295,3.22
1586353538295,3.22
1586353538295,3.22
1586353538295,3.22
1586353538295,3.22
1586353538295,3.22
1586353682004,3.215
1586353682004,3.215
1586353682004,3.215
1586353682004,3.215
1586353682004,3.215
1586353682004,3.215
1586353682004,3.215
1586353754642,3.205
1586353754642,3.205
1586353754642,3.205
1586353785672,3.2
1586353803402,3.2
1586353803402,3.2
1586353803402,3.2
1586353803402,3.2
1586353803402,3.2
1586353803402,3.2
1586353803402,3.2
1586353803402,3.2
1586353803402,3.2
1586353803402,3.2
1586353803402,3.2
1586353916564,3.195
1586353927764,3.2
1586353927764,3.2
1586353944286,3.2
1586353962050,3.2
1586353962050,3.2
1586353962050,3.2
1586353992958,3.2
1586353992958,3.2
1586353992958,3.2
1586353992958,3.2
1586353992958,3.2
1586353992958,3.2
1586353992958,3.2
1586353992958,3.2
1586353992958,3.2
1586353992958,3.2
1586354096818,3.195
1586354096818,3.195
1586354096818,3.195
1586354096818,3.195
1586354096818,3.195
1586354096818,3.195
1586354157569,3.195
1586354157569,3.195
1586354157569,3.195
1586354157569,3.195
1586354157569,3.195
1586354157569,3.195
1586354157569,3.195
1586354157569,3.195
1586354157569,3.195
1586354157569,3.195
1586354265459,3.185
1586354265459,3.185
1586354288913,3.19
1586354291314,3.19
1586354291314,3.19
1586354291314,3.19
1586354325308,3.19
1586354325308,3.19
1586354325308,3.19
1586354325308,3.19
1586354325308,3.19
1586354325308,3.19
1586354325308,3.19
1586354325308,3.19
1586354407183,3.185
1586354407183,3.185
1586354426311,3.19
1586354443990,3.19
1586354447353,3.19
1586354465624,3.19
1586354465624,3.19
1586354465624,3.19
1586354465624,3.19
1586354465624,3.19
1586354465624,3.19
1586354465624,3.19
1586354465624,3.19
1586354465624,3.19
1586354465624,3.19
1586354569108,3.195
1586354569108,3.195
1586354569108,3.195
1586354596169,3.195
1586354596169,3.195
1586354596169,3.195
1586354627806,3.195
1586354627806,3.195
1586354627806,3.195
1586354627806,3.195
1586354627806,3.195
1586354627806,3.195
1586354627806,3.195
1586354627806,3.195
1586354627806,3.195
1586354627806,3.195
1586354627806,3.195
1586354627806,3.195
1586354627806,3.195
1586354627806,3.195
1586354627806,3.195
1586354627806,3.195
1586354627806,3.195
1586354627806,3.195
1586354627806,3.195
1586354627806,3.195
1586354627806,3.195
1586354853274,3.19
1586354853274,3.19
1586354853274,3.19
1586354853274,3.19
1586354853274,3.19
1586354853274,3.19
1586354853274,3.19
1586354853274,3.19
1586354853274,3.19
1586354853274,3.19
1586354853274,3.19
1586354853274,3.19
1586354853274,3.19
1586354853274,3.19
1586354999192,3.19
1586355005302,3.19
1586355005302,3.19
1586355005302,3.19
1586355036247,3.2
1586355050288,3.2
1586355060302,3.2
1586355060302,3.2
1586355060302,3.2
1586355090188,3.2
1586355090188,3.2
1586355110283,3.2
1586355110283,3.2
1586355110283,3.2
1586355142602,3.2
1586355142602,3.2
1586355142602,3.2
1586355142602,3.2
1586355142602,3.2
1586355142602,3.2
1586355142602,3.2
1586355215244,3.2
1586355215244,3.2
1586355236851,3.2
1586355236851,3.2
1586355236851,3.2
1586355236851,3.2
1586355280831,3.2
1586355280831,3.2
1586355280831,3.2
1586355280831,3.2
1586355280831,3.2
1586355280831,3.2
1586355280831,3.2
1586355280831,3.2
1586355367585,3.205
1586355369585,3.205
1586355369585,3.205
1586355369585,3.205
1586355369585,3.205
1586355369585,3.205
1586355369585,3.205
1586355369585,3.205
1586355369585,3.205
1586355369585,3.205
1586355369585,3.205
1586355369585,3.205
1586355369585,3.205
1586355369585,3.205
1586355369585,3.205
1586355369585,3.205
1586355533275,3.21
1586355538292,3.21
1586355551281,3.21
1586355551281,3.21
1586355574351,3.21
1586355584481,3.21
1586355594592,3.21
1586355594592,3.21
1586355618239,3.21
1586355627307,3.21
1586355627307,3.21
1586355647372,3.21
1586355658247,3.21
1586355658247,3.21
1586355658247,3.21
1586355658247,3.21
1586355658247,3.21
1586355705443,3.205
1586355705443,3.205
1586355705443,3.205
1586355705443,3.205
1586355705443,3.205
1586355761103,3.2
1586355761103,3.2
1586355761103,3.2
1586355761103,3.2
1586355761103,3.2
1586355761103,3.2
1586355761103,3.2
1586355761103,3.2
1586355761103,3.2
1586355761103,3.2
1586355761103,3.2
1586355761103,3.2
1586355761103,3.2
1586355761103,3.2
1586355761103,3.2
1586355761103,3.2
1586355923681,3.195
1586355923681,3.195
1586355949270,3.2
1586355949270,3.2
1586355949270,3.2
1586355949270,3.2
1586355949270,3.2
1586355949270,3.2
1586355949270,3.2
1586355949270,3.2
1586355949270,3.2
1586356048857,3.2
1586356051153,3.2
1586356051153,3.2
1586356051153,3.2
1586356051153,3.2
1586356051153,3.2
1586356107361,3.2
1586356120251,3.2
1586356120251,3.2
1586356120251,3.2
1586356120251,3.2
1586356120251,3.2
1586356120251,3.2
1586356120251,3.2
1586356195911,3.2
1586356207532,3.2
1586356218883,3.2
1586356228312,3.2
1586356228312,3.2
1586356228312,3.2
1586356228312,3.2
1586356228312,3.2
1586356228312,3.2
1586356287213,3.2
1586356287213,3.2
1586356287213,3.2
1586356315590,3.2
1586356325374,3.2
1586356343347,3.2
1586356349685,3.2
1586356361607,3.2
1586356370189,3.2
1586356370189,3.2
1586356370189,3.2
1586356370189,3.2
1586356370189,3.2
1586356370189,3.2
1586356370189,3.2
1586356370189,3.2
1586356370189,3.2
1586356370189,3.2
1586356370189,3.2
1586356486519,3.205
1586356486519,3.205
1586356486519,3.205
1586356486519,3.205
1586356486519,3.205
1586356486519,3.205
1586356486519,3.205
1586356486519,3.205
1586356486519,3.205
1586356486519,3.205
1586356486519,3.205
1586356486519,3.205
1586356486519,3.205
1586356486519,3.205
1586356486519,3.205
1586356486519,3.205
1586356486519,3.205
1586356661999,3.205
1586356661999,3.205
1586356682865,3.205
1586356682865,3.205
1586356682865,3.205
1586356682865,3.205
1586356682865,3.205
1586356682865,3.205
1586356682865,3.205
1586356682865,3.205
1586356682865,3.205
1586356682865,3.205
1586356682865,3.205
1586356682865,3.205
1586356682865,3.205
1586356682865,3.205
1586356682865,3.205
1586356682865,3.205
1586356682865,3.205
1586356863254,3.21
1586356863254,3.21
1586356884094,3.205
1586356899655,3.205
1586356899655,3.205
1586356899655,3.205
1586356899655,3.205
1586356899655,3.205
1586356899655,3.205
1586356899655,3.205
1586356899655,3.205
1586356899655,3.205
1586356899655,3.205
1586356899655,3.205
1586357017986,3.195
1586357017986,3.195
1586357017986,3.195
1586357017986,3.195
1586357017986,3.195
1586357017986,3.195
1586357017986,3.195
1586357017986,3.195
1586357017986,3.195
1586357017986,3.195
1586357017986,3.195
1586357017986,3.195
1586357017986,3.195
1586357155136,3.2
1586357161261,3.2
1586357170158,3.2
1586357170158,3.2
1586357170158,3.2
1586357170158,3.2
1586357170158,3.2
1586357170158,3.2
1586357170158,3.2
1586357170158,3.2
1586357170158,3.2
1586357170158,3.2
1586357170158,3.2
1586357170158,3.2
1586357170158,3.2
1586357170158,3.2
1586357170158,3.2
1586357170158,3.2
1586357170158,3.2
1586357170158,3.2
1586357170158,3.2
1586357170158,3.2
1586357389957,3.21
1586357389957,3.21
1586357389957,3.21
1586357389957,3.21
1586357389957,3.21
1586357389957,3.21
1586357389957,3.21
1586357389957,3.21
1586357389957,3.21
1586357389957,3.21
1586357389957,3.21
1586357389957,3.21
1586357389957,3.21
1586357389957,3.21
1586357389957,3.21
1586357389957,3.21
1586357389957,3.21
1586357389957,3.21
1586357389957,3.21
1586357389957,3.21
1586357389957,3.21
1586357602908,3.22
1586357602908,3.22
1586357627862,3.22
1586357627862,3.22
1586357627862,3.22
1586357627862,3.22
1586357627862,3.22
1586357680665,3.215
1586357680665,3.215
1586357680665,3.215
1586357680665,3.215
1586357680665,3.215
1586357680665,3.215
1586357680665,3.215
1586357680665,3.215
1586357680665,3.215
1586357680665,3.215
1586357680665,3.215
1586357680665,3.215
1586357802386,3.215
1586357802386,3.215
1586357802386,3.215
1586357802386,3.215
1586357802386,3.215
1586357802386,3.215
1586357802386,3.215
1586357802386,3.215
1586357802386,3.215
1586357802386,3.215
1586357802386,3.215
1586357802386,3.215
1586357926593,3.215
1586357926593,3.215
1586357926593,3.215
1586357964631,3.22
1586357964631,3.22
1586357980278,3.22
1586357998503,3.22
1586358006642,3.22
1586358017264,3.22
1586358022979,3.22
1586358022979,3.22
1586358050474,3.22
1586358050474,3.22
1586358050474,3.22
1586358050474,3.22
1586358050474,3.22
1586358094886,3.225
1586358094886,3.225
1586358094886,3.225
1586358094886,3.225
1586358142260,3.23
1586358142260,3.23
1586358160171,3.23
1586358160171,3.23
1586358160171,3.23
1586358160171,3.23
1586358160171,3.23
1586358160171,3.23
1586358160171,3.23
1586358160171,3.23
1586358160171,3.23
1586358160171,3.23
1586358160171,3.23
1586358160171,3.23
1586358160171,3.23
1586358160171,3.23
1586358160171,3.23
1586358160171,3.23
1586358160171,3.23
1586358160171,3.23
1586358160171,3.23
1586358160171,3.23
1586358160171,3.23
1586358160171,3.23
1586358160171,3.23
1586358160171,3.23
1586358160171,3.23
1586358160171,3.23
1586358160171,3.23
1586358160171,3.23
1586358160171,3.23
1586358160171,3.23
1586358160171,3.23
1586358160171,3.23
1586358160171,3.23
1586358160171,3.23
1586358160171,3.23
1586358160171,3.23
1586358537287,3.22
1586358537287,3.22
1586358537287,3.22
1586358576317,3.22
1586358576317,3.22
1586358576317,3.22
1586358602167,3.22
1586358616298,3.22
1586358616298,3.22
1586358637374,3.22
1586358637374,3.22
1586358659393,3.22
1586358659393,3.22
1586358675734,3.22
1586358675734,3.22
1586358675734,3.22
1586358675734,3.22
1586358675734,3.22
1586358735513,3.23
1586358741243,3.23
1586358751278,3.235
1586358751278,3.235
1586358751278,3.235
1586358751278,3.235
1586358751278,3.235
1586358751278,3.235
1586358751278,3.235
1586358751278,3.235
1586358751278,3.235
1586358751278,3.235
1586358751278,3.235
1586358870292,3.24
1586358870292,3.24
1586358889317,3.24
1586358889317,3.24
1586358908381,3.24
1586358908381,3.24
1586358908381,3.24
1586358908381,3.24
1586358953575,3.24
1586358953575,3.24
1586358953575,3.24
1586358978889,3.24
1586358991553,3.24
1586359005282,3.24
1586359005282,3.24
1586359029410,3.24
1586359029410,3.24
1586359029410,3.24
1586359054758,3.24
1586359054758,3.24
1586359054758,3.24
1586359088964,3.24
1586359088964,3.24
1586359088964,3.24
1586359088964,3.24
1586359130287,3.24
1586359130287,3.24
1586359130287,3.24
1586359130287,3.24
1586359130287,3.24
1586359130287,3.24
1586359130287,3.24
1586359130287,3.24
1586359130287,3.24
1586359130287,3.24
1586359130287,3.24
1586359130287,3.24
1586359130287,3.24
1586359130287,3.24
1586359280633,3.24
1586359280633,3.24
1586359280633,3.24
1586359280633,3.24
1586359280633,3.24
1586359324756,3.24
1586359324756,3.24
1586359324756,3.24
1586359324756,3.24
1586359324756,3.24
1586359324756,3.24
1586359324756,3.24
1586359324756,3.24
1586359324756,3.24
1586359324756,3.24
1586359324756,3.24
1586359324756,3.24
1586359324756,3.24
1586359324756,3.24
1586359324756,3.24
1586359488767,3.235
1586359488767,3.235
1586359488767,3.235
1586359488767,3.235
1586359488767,3.235
1586359488767,3.235
1586359488767,3.235
1586359560390,3.24
1586359576402,3.235
1586359576402,3.235
1586359592395,3.24
1586359592395,3.24
1586359592395,3.24
1586359592395,3.24
1586359592395,3.24
1586359592395,3.24
1586359592395,3.24
1586359592395,3.24
1586359592395,3.24
1586359592395,3.24
1586359592395,3.24
1586359592395,3.24
1586359592395,3.24
1586359592395,3.24
1586359592395,3.24
1586359592395,3.24
1586359592395,3.24
1586359592395,3.24
1586359592395,3.24
1586359592395,3.24
1586359592395,3.24
1586359592395,3.24
1586359592395,3.24
1586359592395,3.24
1586359592395,3.24
1586359592395,3.24
1586359592395,3.24
1586359592395,3.24
1586359592395,3.24
1586359592395,3.24
1586359592395,3.24
1586359592395,3.24
1586359592395,3.24
1586359592395,3.24
1586359592395,3.24
1586359592395,3.24
1586359592395,3.24
1586359592395,3.24
1586359592395,3.24
1586359592395,3.24
1586359592395,3.24
1586359592395,3.24
1586359592395,3.24
1586360048230,3.235
1586360048230,3.235
1586360048230,3.235
1586360048230,3.235
1586360048230,3.235
1586360048230,3.235
1586360108294,3.25
1586360121346,3.25
1586360121346,3.25
1586360144074,3.25
1586360147903,3.255
1586360147903,3.255
1586360147903,3.255
1586360147903,3.255
1586360147903,3.255
1586360147903,3.255
1586360147903,3.255
1586360219904,3.255
1586360219904,3.255
1586360219904,3.255
1586360219904,3.255
1586360219904,3.255
1586360219904,3.255
1586360219904,3.255
1586360219904,3.255
1586360305405,3.255
1586360305405,3.255
1586360305405,3.255
1586360305405,3.255
1586360305405,3.255
1586360305405,3.255
1586360305405,3.255
1586360305405,3.255
1586360305405,3.255
1586360305405,3.255
1586360305405,3.255
1586360305405,3.255
1586360305405,3.255
1586360305405,3.255
1586360305405,3.255
1586360305405,3.255
1586360475224,3.26
1586360475224,3.26
1586360475224,3.26
1586360475224,3.26
1586360475224,3.26
1586360475224,3.26
1586360475224,3.26
1586360475224,3.26
1586360475224,3.26
1586360475224,3.26
1586360579181,3.255
1586360579181,3.255
1586360579181,3.255
1586360579181,3.255
1586360579181,3.255
1586360579181,3.255
1586360579181,3.255
1586360579181,3.255
1586360579181,3.255
1586360579181,3.255
1586360579181,3.255
1586360579181,3.255
1586360579181,3.255
1586360579181,3.255
1586360579181,3.255
1586360579181,3.255
1586360579181,3.255
1586360579181,3.255
1586360773414,3.255
1586360773414,3.255
1586360773414,3.255
1586360773414,3.255
1586360818412,3.255
1586360818412,3.255
1586360818412,3.255
1586360818412,3.255
1586360818412,3.255
1586360818412,3.255
1586360818412,3.255
1586360818412,3.255
1586360898340,3.255
1586360898340,3.255
1586360898340,3.255
1586360898340,3.255
1586360898340,3.255
1586360898340,3.255
1586360898340,3.255
1586360898340,3.255
1586360978985,3.255
1586360978985,3.255
1586360978985,3.255
1586360978985,3.255
1586360978985,3.255
1586360978985,3.255
1586361043747,3.255
1586361043747,3.255
1586361043747,3.255
1586361043747,3.255
1586361043747,3.255
1586361043747,3.255
1586361043747,3.255
1586361043747,3.255
1586361043747,3.255
1586361043747,3.255
1586361043747,3.255
1586361043747,3.255
1586361043747,3.255
1586361043747,3.255
1586361043747,3.255
1586361043747,3.255
1586361043747,3.255
1586361043747,3.255
1586361043747,3.255
1586361043747,3.255
1586361043747,3.255
1586361043747,3.255
1586361043747,3.255
1586361043747,3.255
1586361043747,3.255
1586361043747,3.255
1586361043747,3.255
1586361043747,3.255
1586361043747,3.255
1586361043747,3.255
1586361043747,3.255
1586361043747,3.255
1586361043747,3.255
1586361043747,3.255
1586361043747,3.255
1586361043747,3.255
1586361043747,3.255
1586361043747,3.255
1586361043747,3.255
1586361043747,3.255
1586361043747,3.255
1586361470916,3.255
1586361470916,3.255
1586361470916,3.255
1586361470916,3.255
1586361470916,3.255
1586361470916,3.255
1586361470916,3.255
1586361470916,3.255
1586361470916,3.255
1586361470916,3.255
1586361470916,3.255
1586361470916,3.255
1586361470916,3.255
1586361470916,3.255
1586361470916,3.255
1586361470916,3.255
1586361470916,3.255
1586361470916,3.255
1586361470916,3.255
1586361470916,3.255
1586361470916,3.255
1586361694871,3.25
1586361694871,3.25
1586361719858,3.245
1586361719858,3.245
1586361719858,3.245
1586361719858,3.245
1586361719858,3.245
1586361719858,3.245
1586361719858,3.245
1586361719858,3.245
1586361719858,3.245
1586361719858,3.245
1586361719858,3.245
1586361719858,3.245
1586361719858,3.245
1586361719858,3.245
1586361719858,3.245
1586361719858,3.245
1586361719858,3.245
1586361719858,3.245
1586361719858,3.245
1586361920037,3.25
1586361931101,3.25
1586361931101,3.25
1586361931101,3.25
1586361931101,3.25
1586361931101,3.25
1586361931101,3.25
1586361931101,3.25
1586361931101,3.25
1586361931101,3.25
1586361931101,3.25
1586361931101,3.25
1586361931101,3.25
1586361931101,3.25
1586361931101,3.25
1586361931101,3.25
1586361931101,3.25
1586361931101,3.25
1586361931101,3.25
1586361931101,3.25
1586361931101,3.25
1586361931101,3.25
1586361931101,3.25
1586361931101,3.25
1586361931101,3.25
1586361931101,3.25
1586361931101,3.25
1586361931101,3.25
1586361931101,3.25
1586361931101,3.25
1586362232670,3.245
1586362232670,3.245
1586362232670,3.245
1586362232670,3.245
1586362232670,3.245
1586362232670,3.245
1586362232670,3.245
1586362232670,3.245
1586362232670,3.245
1586362232670,3.245
1586362232670,3.245
1586362232670,3.245
1586362232670,3.245
1586362232670,3.245
1586362232670,3.245
1586362232670,3.245
1586362232670,3.245
1586362232670,3.245
1586362232670,3.245
1586362232670,3.245
1586362232670,3.245
1586362232670,3.245
1586362232670,3.245
1586362232670,3.245
1586362232670,3.245
1586362232670,3.245
1586362232670,3.245
1586362232670,3.245
1586362232670,3.245
1586362232670,3.245
1586362232670,3.245
1586362232670,3.245
1586362232670,3.245
1586362232670,3.245
1586362232670,3.245
1586362232670,3.245
1586362232670,3.245
1586362232670,3.245
1586362232670,3.245
1586362232670,3.245
1586362232670,3.245
1586362232670,3.245
1586362232670,3.245
1586362232670,3.245
1586362232670,3.245
1586362232670,3.245
1586362232670,3.245
1586362232670,3.245
1586362232670,3.245
1586362232670,3.245
1586362232670,3.245
1586362232670,3.245
1586362232670,3.245
1586362800241,3.26
1586362800241,3.26
1586362800241,3.26
1586362800241,3.26
1586362800241,3.26
1586362800241,3.26
1586362800241,3.26
1586362800241,3.26
1586362800241,3.26
1586362800241,3.26
1586362800241,3.26
1586362800241,3.26
1586362800241,3.26
1586362800241,3.26
1586362800241,3.26
1586362800241,3.26
1586362800241,3.26
1586362800241,3.26
1586362800241,3.26
1586362800241,3.26
1586362800241,3.26
1586362800241,3.26
1586362800241,3.26
1586362800241,3.26
1586362800241,3.26
1586362800241,3.26
1586363070526,3.255
1586363070526,3.255
1586363070526,3.255
1586363070526,3.255
1586363070526,3.255
1586363070526,3.255
1586363070526,3.255
1586363070526,3.255
1586363070526,3.255
1586363070526,3.255
1586363070526,3.255
1586363070526,3.255
1586363070526,3.255
1586363070526,3.255
1586363070526,3.255
1586363070526,3.255
1586363070526,3.255
1586363070526,3.255
1586363070526,3.255
1586363070526,3.255
1586363280269,3.26
1586363280269,3.26
1586363280269,3.26
1586363318762,3.26
1586363318762,3.26
1586363332353,3.255
1586363332353,3.255
1586363332353,3.255
1586363332353,3.255
1586363332353,3.255
1586363332353,3.255
1586363332353,3.255
1586363332353,3.255
1586363423457,3.255
1586363423457,3.255
1586363423457,3.255
1586363446271,3.255
1586363464839,3.255
1586363476791,3.255
1586363476791,3.255
1586363476791,3.255
1586363476791,3.255
1586363476791,3.255
1586363476791,3.255
1586363476791,3.255
1586363476791,3.255
1586363476791,3.255
1586363476791,3.255
1586363476791,3.255
1586363476791,3.255
1586363476791,3.255
1586363612461,3.255
1586363612461,3.255
1586363612461,3.255
1586363612461,3.255
1586363612461,3.255
1586363612461,3.255
1586363612461,3.255
1586363612461,3.255
1586363612461,3.255
1586363612461,3.255
1586363711036,3.255
1586363711036,3.255
1586363711036,3.255
1586363711036,3.255
1586363711036,3.255
1586363711036,3.255
1586363711036,3.255
1586363794955,3.245
1586363794955,3.245
1586363794955,3.245
1586363794955,3.245
1586363832873,3.245
1586363832873,3.245
1586363832873,3.245
1586363832873,3.245
1586363832873,3.245
1586363832873,3.245
1586363832873,3.245
1586363832873,3.245
1586363832873,3.245
1586363832873,3.245
1586363832873,3.245
1586363832873,3.245
1586363832873,3.245
1586363974464,3.255
1586363974464,3.255
1586363974464,3.255
1586363974464,3.255
1586363974464,3.255
1586363974464,3.255
1586363974464,3.255
1586363974464,3.255
1586363974464,3.255
1586363974464,3.255
1586364071217,3.255
1586364088251,3.255
1586364088251,3.255
1586364088251,3.255
1586364088251,3.255
1586364088251,3.255
1586364088251,3.255
1586364088251,3.255
1586364088251,3.255
1586364088251,3.255
1586364088251,3.255
1586364088251,3.255
1586364088251,3.255
1586364088251,3.255
1586364088251,3.255
1586364088251,3.255
1586364088251,3.255
1586364088251,3.255
1586364088251,3.255
1586364088251,3.255
1586364088251,3.255
1586364088251,3.255
1586364088251,3.255
1586364088251,3.255
1586364088251,3.255
1586364088251,3.255
1586364088251,3.255
1586364088251,3.255
1586364088251,3.255
1586364088251,3.255
1586364088251,3.255
1586364088251,3.255
1586364088251,3.255
1586364088251,3.255
1586364088251,3.255
1586364088251,3.255
1586364088251,3.255
1586364088251,3.255
1586364088251,3.255
1586364088251,3.255
1586364088251,3.255
1586364088251,3.255
1586364088251,3.255
1586364088251,3.255
1586364088251,3.255
1586364563893,3.26
1586364563893,3.26
1586364563893,3.26
1586364563893,3.26
1586364563893,3.26
1586364563893,3.26
1586364563893,3.26
1586364563893,3.26
1586364649436,3.265
1586364649436,3.265
1586364649436,3.265
1586364649436,3.265
1586364649436,3.265
1586364649436,3.265
1586364649436,3.265
1586364649436,3.265
1586364729974,3.265
1586364729974,3.265
1586364729974,3.265
1586364729974,3.265
1586364729974,3.265
1586364729974,3.265
1586364729974,3.265
1586364729974,3.265
1586364729974,3.265
1586364729974,3.265
1586364832912,3.26
1586364832912,3.26
1586364832912,3.26
1586364832912,3.26
1586364832912,3.26
1586364832912,3.26
1586364832912,3.26
1586364832912,3.26
1586364832912,3.26
1586364832912,3.26
1586364832912,3.26
1586364832912,3.26
1586364832912,3.26
1586364832912,3.26
1586364832912,3.26
1586364832912,3.26
1586364832912,3.26
1586364832912,3.26
1586365033266,3.265
1586365034779,3.265
1586365034779,3.265
1586365034779,3.265
1586365034779,3.265
1586365034779,3.265
1586365034779,3.265
1586365034779,3.265
1586365034779,3.265
1586365034779,3.265
1586365034779,3.265
1586365034779,3.265
1586365034779,3.265
1586365034779,3.265
1586365034779,3.265
1586365034779,3.265
1586365034779,3.265
1586365209693,3.27
1586365209693,3.27
1586365209693,3.27
1586365240445,3.27
1586365240445,3.27
1586365260992,3.27
1586365274315,3.27
1586365274315,3.27
1586365294769,3.27
1586365294769,3.27
1586365312600,3.27
1586365330574,3.27
1586365341638,3.27
1586365341638,3.27
1586365355049,3.27
1586365355049,3.27
1586365355049,3.27
1586365384635,3.27
1586365398089,3.27
1586365410920,3.27
1586365410920,3.27
1586365426333,3.27
1586365444957,3.27
1586365444957,3.27
1586365444957,3.27
1586365470813,3.27
1586365487733,3.27
1586365487733,3.27
1586365487733,3.27
1586365487733,3.27
1586365487733,3.27
1586365487733,3.27
1586365487733,3.27
1586365556362,3.27
1586365556362,3.27
1586365556362,3.27
1586365556362,3.27
1586365556362,3.27
1586365556362,3.27
1586365556362,3.27
1586365633495,3.265
1586365633495,3.265
1586365633495,3.265
1586365633495,3.265
1586365633495,3.265
1586365633495,3.265
1586365633495,3.265
1586365633495,3.265
1586365714863,3.27
1586365732069,3.27
1586365732069,3.27
1586365746116,3.27
1586365746116,3.27
1586365768074,3.27
1586365768074,3.27
1586365768074,3.27
1586365768074,3.27
1586365768074,3.27
1586365824562,3.26
1586365824562,3.26
1586365824562,3.26
1586365824562,3.26
1586365824562,3.26
1586365824562,3.26
1586365824562,3.26
1586365824562,3.26
1586365824562,3.26
1586365824562,3.26
1586365824562,3.26
1586365824562,3.26
1586365824562,3.26
1586365824562,3.26
1586365824562,3.26
1586365824562,3.26
1586365824562,3.26
1586365824562,3.26
1586365824562,3.26
1586365824562,3.26
1586365824562,3.26
1586365824562,3.26
1586365824562,3.26
1586365824562,3.26
1586366081371,3.255
1586366081371,3.255
1586366081371,3.255
1586366113396,3.255
1586366113396,3.255
1586366113396,3.255
1586366113396,3.255
1586366113396,3.255
1586366113396,3.255
1586366113396,3.255
1586366113396,3.255
1586366113396,3.255
1586366113396,3.255
1586366113396,3.255
1586366113396,3.255
1586366113396,3.255
1586366113396,3.255
1586366113396,3.255
1586366113396,3.255
1586366113396,3.255
1586366113396,3.255
1586366113396,3.255
1586366316368,3.26
1586366323279,3.26
1586366336116,3.26
1586366348279,3.26
1586366348279,3.26
1586366348279,3.26
1586366348279,3.26
1586366348279,3.26
1586366400377,3.26
1586366411389,3.26
1586366413778,3.26
1586366413778,3.26
1586366440938,3.26
1586366440938,3.26
1586366440938,3.26
1586366440938,3.26
1586366440938,3.26
1586366440938,3.26
1586366440938,3.26
1586366440938,3.26
1586366440938,3.26
1586366440938,3.26
1586366440938,3.26
1586366440938,3.26
1586366440938,3.26
1586366440938,3.26
1586366440938,3.26
1586366440938,3.26
1586366612954,3.27
1586366612954,3.27
1586366612954,3.27
1586366612954,3.27
1586366612954,3.27
1586366612954,3.27
1586366612954,3.27
1586366612954,3.27
1586366612954,3.27
1586366612954,3.27
1586366720874,3.27
1586366720874,3.27
1586366720874,3.27
1586366720874,3.27
1586366720874,3.27
1586366774328,3.27
1586366774328,3.27
1586366774328,3.27
1586366774328,3.27
1586366774328,3.27
1586366774328,3.27
1586366832006,3.265
1586366832006,3.265
1586366832006,3.265
1586366832006,3.265
1586366832006,3.265
1586366832006,3.265
1586366832006,3.265
1586366832006,3.265
1586366832006,3.265
1586366924261,3.265
1586366924261,3.265
1586366924261,3.265
1586366924261,3.265
1586366924261,3.265
1586366924261,3.265
1586366924261,3.265
1586366924261,3.265
1586367016508,3.265
1586367016508,3.265
1586367016508,3.265
1586367016508,3.265
1586367016508,3.265
1586367016508,3.265
1586367016508,3.265
1586367016508,3.265
1586367016508,3.265
1586367016508,3.265
1586367016508,3.265
1586367016508,3.265
1586367016508,3.265
1586367016508,3.265
1586367016508,3.265
1586367016508,3.265
1586367016508,3.265
1586367016508,3.265
1586367016508,3.265
1586367016508,3.265
1586367016508,3.265
1586367016508,3.265
1586367245232,3.26
1586367245232,3.26
1586367245232,3.26
1586367245232,3.26
1586367245232,3.26
1586367245232,3.26
1586367245232,3.26
1586367245232,3.26
1586367332809,3.255
1586367332809,3.255
1586367332809,3.255
1586367332809,3.255
1586367332809,3.255
1586367386765,3.25
1586367386765,3.25
1586367386765,3.25
1586367386765,3.25
1586367427692,3.245
1586367427692,3.245
1586367449081,3.25
1586367461483,3.25
1586367470360,3.25
1586367470360,3.25
1586367488323,3.25
1586367488323,3.25
1586367488323,3.25
1586367520978,3.25
1586367520978,3.25
1586367520978,3.25
1586367554246,3.25
1586367554246,3.25
1586367554246,3.25
1586367554246,3.25
1586367554246,3.25
1586367554246,3.25
1586367554246,3.25
1586367554246,3.25
1586367642915,3.25
1586367642915,3.25
1586367642915,3.25
1586367642915,3.25
1586367680783,3.25
1586367680783,3.25
1586367707837,3.25
1586367707837,3.25
1586367707837,3.25
1586367707837,3.25
1586367747373,3.25
1586367747373,3.25
1586367747373,3.25
1586367747373,3.25
1586367793524,3.25
1586367805847,3.25
1586367805847,3.25
1586367805847,3.25
1586367805847,3.25
1586367843199,3.245
1586367843199,3.245
1586367870384,3.25
1586367870384,3.25
1586367870384,3.25
1586367870384,3.25
1586367870384,3.25
1586367917711,3.25
1586367917711,3.25
1586367917711,3.25
1586367945618,3.25
1586367945618,3.25
1586367966398,3.25
1586367981358,3.25
1586367981358,3.25
1586367981358,3.25
1586367981358,3.25
1586367981358,3.25
1586368031854,3.25
1586368031854,3.25
1586368031854,3.25
1586368031854,3.25
1586368071911,3.25
1586368090481,3.25
1586368101910,3.25
1586368101910,3.25
1586368101910,3.25
1586368101910,3.25
1586368136446,3.25
1586368136446,3.25
1586368136446,3.25
1586368167473,3.25
1586368167473,3.25
1586368167473,3.25
1586368167473,3.25
1586368167473,3.25
1586368167473,3.25
1586368167473,3.25
1586368167473,3.25
1586368167473,3.25
1586368269178,3.25
1586368269178,3.25
1586368269178,3.25
1586368269178,3.25
1586368269178,3.25
1586368269178,3.25
1586368269178,3.25
1586368269178,3.25
1586368269178,3.25
1586368363568,3.25
1586368363568,3.25
1586368363568,3.25
1586368398391,3.25
1586368398391,3.25
1586368420839,3.25
1586368420839,3.25
1586368420839,3.25
1586368451690,3.25
1586368451690,3.25
1586368451690,3.25
1586368451690,3.25
1586368495692,3.25
1586368495692,3.25
1586368515733,3.25
1586368515733,3.25
1586368515733,3.25
1586368515733,3.25
1586368515733,3.25
1586368515733,3.25
1586368515733,3.25
1586368515733,3.25
1586368515733,3.25
1586368612484,3.24
1586368612484,3.24
1586368612484,3.24
1586368612484,3.24
1586368650031,3.24
1586368650031,3.24
1586368650031,3.24
1586368650031,3.24
1586368650031,3.24
1586368650031,3.24
1586368650031,3.24
1586368650031,3.24
1586368650031,3.24
1586368650031,3.24
1586368650031,3.24
1586368650031,3.24
1586368650031,3.24
1586368650031,3.24
1586368650031,3.24
1586368650031,3.24
1586368650031,3.24
1586368650031,3.24
1586368843701,3.245
1586368854694,3.245
1586368854694,3.245
1586368854694,3.245
1586368854694,3.245
1586368854694,3.245
1586368854694,3.245
1586368854694,3.245
1586368854694,3.245
1586368935287,3.25
1586368952685,3.25
1586368952685,3.25
1586368952685,3.25
1586368952685,3.25
1586368995326,3.25
1586368995326,3.25
1586369011832,3.25
1586369011832,3.25
1586369033728,3.255
1586369033728,3.255
1586369053757,3.255
1586369053757,3.255
1586369053757,3.255
1586369053757,3.255
1586369053757,3.255
1586369053757,3.255
1586369053757,3.255
1586369053757,3.255
1586369053757,3.255
1586369053757,3.255
1586369053757,3.255
1586369053757,3.255
1586369053757,3.255
1586369053757,3.255
1586369053757,3.255
1586369053757,3.255
1586369053757,3.255
1586369053757,3.255
1586369053757,3.255
1586369053757,3.255
1586369053757,3.255
1586369053757,3.255
1586369053757,3.255
1586369053757,3.255
1586369053757,3.255
1586369053757,3.255
1586369053757,3.255
1586369053757,3.255
1586369353537,3.255
1586369367882,3.26
1586369367882,3.26
1586369367882,3.26
1586369367882,3.26
1586369367882,3.26
1586369367882,3.26
1586369367882,3.26
1586369367882,3.26
1586369367882,3.26
1586369367882,3.26
1586369367882,3.26
1586369367882,3.26
1586369488404,3.26
1586369488404,3.26
1586369488404,3.26
1586369488404,3.26
1586369531165,3.26
1586369531165,3.26
1586369531165,3.26
1586369531165,3.26
1586369531165,3.26
1586369583500,3.255
1586369583500,3.255
1586369583500,3.255
1586369583500,3.255
1586369583500,3.255
1586369639023,3.255
1586369639023,3.255
1586369639023,3.255
1586369639023,3.255
1586369688543,3.255
1586369688543,3.255
1586369710574,3.255
1586369710574,3.255
1586369710574,3.255
1586369710574,3.255
1586369710574,3.255
1586369710574,3.255
1586369710574,3.255
1586369785180,3.26
1586369798786,3.26
1586369805855,3.265
1586369805855,3.265
1586369805855,3.265
1586369805855,3.265
1586369805855,3.265
1586369805855,3.265
1586369805855,3.265
1586369805855,3.265
1586369805855,3.265
1586369805855,3.265
1586369805855,3.265
1586369924790,3.265
1586369924790,3.265
1586369924790,3.265
1586369924790,3.265
1586369965291,3.265
1586369976241,3.26
1586369976241,3.26
1586369976241,3.26
1586369976241,3.26
1586369976241,3.26
1586370026041,3.265
1586370026041,3.265
1586370026041,3.265
1586370026041,3.265
1586370026041,3.265
1586370082292,3.265
1586370082292,3.265
1586370082292,3.265
1586370082292,3.265
1586370082292,3.265
1586370082292,3.265
1586370082292,3.265
1586370082292,3.265
1586370082292,3.265
1586370082292,3.265
1586370194707,3.265
1586370194707,3.265
1586370210037,3.265
1586370210037,3.265
1586370210037,3.265
1586370250599,3.265
1586370250599,3.265
1586370250599,3.265
1586370282299,3.27
1586370291089,3.275
1586370291089,3.275
1586370291089,3.275
1586370291089,3.275
1586370291089,3.275
1586370291089,3.275
1586370291089,3.275
1586370291089,3.275
1586370291089,3.275
1586370387946,3.275
1586370387946,3.275
1586370387946,3.275
1586370387946,3.275
1586370387946,3.275
1586370387946,3.275
1586370453093,3.275
1586370453093,3.275
1586370453093,3.275
1586370453093,3.275
1586370453093,3.275
1586370496861,3.275
1586370519329,3.275
1586370519329,3.275
1586370519329,3.275
1586370545341,3.275
1586370557585,3.275
1586370570000,3.275
1586370570000,3.275
1586370570000,3.275
1586370570000,3.275
1586370570000,3.275
1586370570000,3.275
1586370570000,3.275
1586370570000,3.275
1586370656040,3.28
1586370656040,3.28
1586370656040,3.28
1586370656040,3.28
1586370656040,3.28
1586370656040,3.28
1586370656040,3.28
1586370656040,3.28
1586370743805,3.275
1586370750242,3.275
1586370750242,3.275
1586370750242,3.275
1586370750242,3.275
1586370750242,3.275
1586370750242,3.275
1586370824066,3.275
1586370824066,3.275
1586370824066,3.275
1586370824066,3.275
1586370824066,3.275
1586370824066,3.275
1586370824066,3.275
1586370824066,3.275
1586370824066,3.275
1586370824066,3.275
1586370824066,3.275
1586370824066,3.275
1586370824066,3.275
1586370824066,3.275
1586370824066,3.275
1586370824066,3.275
1586370824066,3.275
1586370824066,3.275
1586371009213,3.28
1586371009213,3.28
1586371039209,3.28
1586371039209,3.28
1586371058214,3.28
1586371058214,3.28
1586371075694,3.28
1586371092798,3.28
1586371092798,3.28
1586371092798,3.28
1586371092798,3.28
1586371092798,3.28
1586371139131,3.28
1586371157829,3.28
1586371157829,3.28
1586371157829,3.28
1586371182074,3.28
1586371182074,3.28
1586371182074,3.28
1586371217197,3.275
1586371217197,3.275
1586371217197,3.275
1586371245310,3.28
1586371245310,3.28
1586371245310,3.28
1586371245310,3.28
1586371245310,3.28
1586371245310,3.28
1586371245310,3.28
1586371245310,3.28
1586371245310,3.28
1586371245310,3.28
1586371245310,3.28
1586371245310,3.28
1586371245310,3.28
1586371245310,3.28
1586371245310,3.28
1586371245310,3.28
1586371245310,3.28
1586371245310,3.28
1586371245310,3.28
1586371245310,3.28
1586371245310,3.28
1586371245310,3.28
1586371245310,3.28
1586371245310,3.28
1586371245310,3.28
1586371245310,3.28
1586371245310,3.28
1586371245310,3.28
1586371245310,3.28
1586371561647,3.265
1586371561647,3.265
1586371578508,3.265
1586371578508,3.265
1586371578508,3.265
1586371578508,3.265
1586371578508,3.265
1586371578508,3.265
1586371578508,3.265
1586371578508,3.265
1586371578508,3.265
1586371578508,3.265
1586371578508,3.265
1586371578508,3.265
1586371578508,3.265
1586371578508,3.265
1586371578508,3.265
1586371578508,3.265
1586371578508,3.265
1586371578508,3.265
1586371578508,3.265
1586371578508,3.265
1586371578508,3.265
1586371578508,3.265
1586371578508,3.265
1586371578508,3.265
1586371836065,3.265
1586371836065,3.265
1586371836065,3.265
1586371836065,3.265
1586371836065,3.265
1586371894566,3.265
1586371894566,3.265
1586371894566,3.265
1586371894566,3.265
1586371894566,3.265
1586371894566,3.265
1586371894566,3.265
1586371894566,3.265
1586371894566,3.265
1586371894566,3.265
1586371894566,3.265
1586371894566,3.265
1586372017784,3.265
1586372017784,3.265
1586372017784,3.265
1586372017784,3.265
1586372017784,3.265
1586372017784,3.265
1586372017784,3.265
1586372099958,3.265
1586372099958,3.265
1586372121494,3.265
1586372121494,3.265
1586372121494,3.265
1586372152560,3.265
1586372152560,3.265
1586372152560,3.265
1586372152560,3.265
1586372152560,3.265
1586372152560,3.265
1586372152560,3.265
1586372152560,3.265
1586372242272,3.265
1586372242272,3.265
1586372242272,3.265
1586372242272,3.265
1586372242272,3.265
1586372242272,3.265
1586372242272,3.265
1586372242272,3.265
1586372242272,3.265
1586372242272,3.265
1586372345040,3.27
1586372357732,3.27
1586372370698,3.27
1586372385551,3.27
1586372387818,3.27
