1588771860826,147.805
1588771860826,147.805
1588771860826,147.805
1588771860826,147.805
1588771860826,147.805
1588771860826,147.805
1588771922876,147.97
1588771922876,147.97
1588771922876,147.97
1588771959849,148.04
1588771959849,148.04
1588771959849,148.04
1588771991675,147.88
1588772001198,147.89
1588772001198,147.89
1588772001198,147.89
1588772030652,147.75
1588772030652,147.75
1588772047530,147.67
1588772061154,147.66
1588772066180,147.59
1588772076891,147.53
1588772076891,147.53
1588772076891,147.53
1588772076891,147.53
1588772076891,147.53
1588772137551,147.375
1588772137551,147.375
1588772137551,147.375
1588772137551,147.375
1588772180168,147.35
1588772180168,147.35
1588772202165,147.36
1588772202165,147.36
1588772202165,147.36
1588772228777,147.465
1588772228777,147.465
1588772254597,147.47
1588772254597,147.47
1588772254597,147.47
1588772254597,147.47
1588772294839,147.485
1588772294839,147.485
1588772294839,147.485
1588772321275,147.425
1588772321275,147.425
1588772321275,147.425
1588772360748,147.31
1588772360748,147.31
1588772360748,147.31
1588772360748,147.31
1588772402276,147.17
1588772402276,147.17
1588772402276,147.17
1588772425039,147.125
1588772425039,147.125
1588772450259,147.125
1588772450259,147.125
1588772450259,147.125
1588772450259,147.125
1588772450259,147.125
1588772450259,147.125
1588772510624,147.17
1588772510624,147.17
1588772510624,147.17
1588772510624,147.17
1588772560171,147.18
1588772571099,147.195
1588772571099,147.195
1588772571099,147.195
1588772571099,147.195
1588772571099,147.195
1588772571099,147.195
1588772634352,147.14
1588772634352,147.14
1588772634352,147.14
1588772634352,147.14
1588772669551,147.06
1588772669551,147.06
1588772669551,147.06
1588772669551,147.06
1588772669551,147.06
1588772669551,147.06
1588772669551,147.06
1588772747005,147.35
1588772747005,147.35
1588772747005,147.35
1588772747005,147.35
1588772747005,147.35
1588772747005,147.35
1588772747005,147.35
1588772747005,147.35
1588772747005,147.35
1588772747005,147.35
1588772852861,147.455
1588772852861,147.455
1588772852861,147.455
1588772852861,147.455
1588772852861,147.455
1588772852861,147.455
1588772852861,147.455
1588772852861,147.455
1588772852861,147.455
1588772852861,147.455
1588772852861,147.455
1588772852861,147.455
1588772852861,147.455
1588772852861,147.455
1588772995493,147.255
1588773009025,147.09
1588773009025,147.09
1588773009025,147.09
1588773009025,147.09
1588773009025,147.09
1588773009025,147.09
1588773009025,147.09
1588773009025,147.09
1588773009025,147.09
1588773009025,147.09
1588773009025,147.09
1588773009025,147.09
1588773009025,147.09
1588773009025,147.09
1588773009025,147.09
1588773009025,147.09
1588773181127,147.29
1588773181127,147.29
1588773181127,147.29
1588773181127,147.29
1588773181127,147.29
1588773181127,147.29
1588773181127,147.29
1588773247857,147.32
1588773247857,147.32
1588773247857,147.32
1588773247857,147.32
1588773247857,147.32
1588773247857,147.32
1588773247857,147.32
1588773329890,146.935
1588773329890,146.935
1588773329890,146.935
1588773357674,146.9
1588773357674,146.9
1588773357674,146.9
1588773357674,146.9
1588773357674,146.9
1588773357674,146.9
1588773422924,146.855
1588773431689,146.86
1588773431689,146.86
1588773452617,146.92
1588773460988,146.935
1588773460988,146.935
1588773483810,146.945
1588773483810,146.945
1588773483810,146.945
1588773483810,146.945
1588773528432,147.205
1588773528432,147.205
1588773551877,147.2
1588773551877,147.2
1588773551877,147.2
1588773581223,147.07
1588773593653,147.02
1588773593653,147.02
1588773614447,146.82
1588773620992,146.825
1588773631179,146.89
1588773631179,146.89
1588773631179,146.89
1588773663865,146.895
1588773663865,146.895
1588773663865,146.895
1588773700446,147.065
1588773700446,147.065
1588773720939,147.03
1588773722684,147.02
1588773722684,147.02
1588773744968,147.06
1588773744968,147.06
1588773744968,147.06
1588773784111,147.05
1588773784111,147.05
1588773800821,146.99
1588773800821,146.99
1588773820967,146.98
1588773835961,146.925
1588773844192,146.92
1588773847961,146.83
1588773857373,146.78
1588773857373,146.78
1588773857373,146.78
1588773896635,146.6
1588773901836,146.51
1588773901836,146.51
1588773901836,146.51
1588773933084,146.71
1588773933084,146.71
1588773933084,146.71
1588773933084,146.71
1588773933084,146.71
1588773933084,146.71
1588773933084,146.71
1588773933084,146.71
1588773933084,146.71
1588773933084,146.71
1588773933084,146.71
1588773933084,146.71
1588773933084,146.71
1588773933084,146.71
1588774087442,146.565
1588774087442,146.565
1588774087442,146.565
1588774087442,146.565
1588774087442,146.565
1588774140987,146.39
1588774140987,146.39
1588774140987,146.39
1588774140987,146.39
1588774140987,146.39
1588774140987,146.39
1588774140987,146.39
1588774140987,146.39
1588774140987,146.39
1588774140987,146.39
1588774243611,146.53
1588774243611,146.53
1588774268176,146.49
1588774268176,146.49
1588774268176,146.49
1588774268176,146.49
1588774268176,146.49
1588774268176,146.49
1588774268176,146.49
1588774268176,146.49
1588774268176,146.49
1588774268176,146.49
1588774268176,146.49
1588774380461,146.36
1588774380461,146.36
1588774380461,146.36
1588774380461,146.36
1588774380461,146.36
1588774432368,146.45
1588774432368,146.45
1588774432368,146.45
1588774432368,146.45
1588774432368,146.45
1588774432368,146.45
1588774432368,146.45
1588774432368,146.45
1588774432368,146.45
1588774432368,146.45
1588774432368,146.45
1588774432368,146.45
1588774432368,146.45
1588774432368,146.45
1588774432368,146.45
1588774432368,146.45
1588774432368,146.45
1588774432368,146.45
1588774432368,146.45
1588774432368,146.45
1588774644872,146.74
1588774644872,146.74
1588774644872,146.74
1588774644872,146.74
1588774644872,146.74
1588774644872,146.74
1588774644872,146.74
1588774644872,146.74
1588774644872,146.74
1588774644872,146.74
1588774644872,146.74
1588774644872,146.74
1588774766940,146.635
1588774766940,146.635
1588774790273,146.655
1588774790273,146.655
1588774790273,146.655
1588774790273,146.655
1588774790273,146.655
1588774790273,146.655
1588774790273,146.655
1588774865282,146.59
1588774877224,146.645
1588774880065,146.63
1588774880065,146.63
1588774908924,146.63
1588774908924,146.63
1588774908924,146.63
1588774908924,146.63
1588774908924,146.63
1588774908924,146.63
1588774908924,146.63
1588774908924,146.63
1588774908924,146.63
1588775001008,146.62
1588775009928,146.6
1588775021388,146.625
1588775021388,146.625
1588775021388,146.625
1588775021388,146.625
1588775021388,146.625
1588775021388,146.625
1588775021388,146.625
1588775021388,146.625
1588775021388,146.625
1588775021388,146.625
1588775021388,146.625
1588775021388,146.625
1588775145961,146.69
1588775145961,146.69
1588775163562,146.685
1588775163562,146.685
1588775163562,146.685
1588775194122,146.64
1588775212439,146.61
1588775212439,146.61
1588775212439,146.61
1588775236505,146.58
1588775236505,146.58
1588775236505,146.58
1588775276154,146.6
1588775276154,146.6
1588775276154,146.6
1588775301463,146.615
1588775301463,146.615
1588775301463,146.615
1588775301463,146.615
1588775301463,146.615
1588775355483,146.61
1588775355483,146.61
1588775355483,146.61
1588775355483,146.61
1588775355483,146.61
1588775355483,146.61
1588775355483,146.61
1588775355483,146.61
1588775355483,146.61
1588775355483,146.61
1588775355483,146.61
1588775355483,146.61
1588775355483,146.61
1588775495747,146.71
1588775495747,146.71
1588775495747,146.71
1588775495747,146.71
1588775495747,146.71
1588775495747,146.71
1588775495747,146.71
1588775495747,146.71
1588775495747,146.71
1588775495747,146.71
1588775495747,146.71
1588775604802,146.655
1588775604802,146.655
1588775604802,146.655
1588775604802,146.655
1588775604802,146.655
1588775604802,146.655
1588775604802,146.655
1588775604802,146.655
1588775604802,146.655
1588775604802,146.655
1588775604802,146.655
1588775604802,146.655
1588775604802,146.655
1588775604802,146.655
1588775604802,146.655
1588775604802,146.655
1588775604802,146.655
1588775604802,146.655
1588775794632,146.63
1588775807813,146.58
1588775807813,146.58
1588775807813,146.58
1588775841808,146.46
1588775841808,146.46
1588775841808,146.46
1588775841808,146.46
1588775841808,146.46
1588775841808,146.46
1588775841808,146.46
1588775841808,146.46
1588775841808,146.46
1588775841808,146.46
1588775841808,146.46
1588775841808,146.46
1588775841808,146.46
1588775841808,146.46
1588775841808,146.46
1588775841808,146.46
1588776005442,146.51
1588776005442,146.51
1588776005442,146.51
1588776005442,146.51
1588776053737,146.48
1588776053737,146.48
1588776053737,146.48
1588776053737,146.48
1588776053737,146.48
1588776053737,146.48
1588776053737,146.48
1588776053737,146.48
1588776053737,146.48
1588776053737,146.48
1588776053737,146.48
1588776053737,146.48
1588776053737,146.48
1588776053737,146.48
1588776053737,146.48
1588776210085,146.64
1588776210085,146.64
1588776210085,146.64
1588776210085,146.64
1588776210085,146.64
1588776210085,146.64
1588776210085,146.64
1588776210085,146.64
1588776210085,146.64
1588776210085,146.64
1588776210085,146.64
1588776210085,146.64
1588776210085,146.64
1588776210085,146.64
1588776210085,146.64
1588776210085,146.64
1588776210085,146.64
1588776210085,146.64
1588776210085,146.64
1588776411829,147.135
1588776411829,147.135
1588776411829,147.135
1588776411829,147.135
1588776411829,147.135
1588776411829,147.135
1588776411829,147.135
1588776478027,147.08
1588776490347,147.01
1588776490347,147.01
1588776511938,147.08
1588776511938,147.08
1588776511938,147.08
1588776511938,147.08
1588776511938,147.08
1588776511938,147.08
1588776511938,147.08
1588776511938,147.08
1588776511938,147.08
1588776511938,147.08
1588776511938,147.08
1588776511938,147.08
1588776511938,147.08
1588776511938,147.08
1588776511938,147.08
1588776511938,147.08
1588776511938,147.08
1588776511938,147.08
1588776511938,147.08
1588776511938,147.08
1588776511938,147.08
1588776511938,147.08
1588776511938,147.08
1588776511938,147.08
1588776511938,147.08
1588776777498,147.09
1588776790864,147.065
1588776790864,147.065
1588776806850,147.05
1588776806850,147.05
1588776806850,147.05
1588776806850,147.05
1588776806850,147.05
1588776806850,147.05
1588776806850,147.05
1588776806850,147.05
1588776806850,147.05
1588776806850,147.05
1588776806850,147.05
1588776806850,147.05
1588776806850,147.05
1588776806850,147.05
1588776806850,147.05
1588776806850,147.05
1588776806850,147.05
1588776806850,147.05
1588776994754,147.1
1588776994754,147.1
1588776994754,147.1
1588776994754,147.1
1588777045178,147.11
1588777045178,147.11
1588777045178,147.11
1588777045178,147.11
1588777045178,147.11
1588777045178,147.11
1588777045178,147.11
1588777045178,147.11
1588777045178,147.11
1588777045178,147.11
1588777045178,147.11
1588777045178,147.11
1588777045178,147.11
1588777045178,147.11
1588777045178,147.11
1588777045178,147.11
1588777045178,147.11
1588777216434,147
1588777216434,147
1588777216434,147
1588777216434,147
1588777216434,147
1588777269446,147.06
1588777269446,147.06
1588777269446,147.06
1588777269446,147.06
1588777269446,147.06
1588777269446,147.06
1588777269446,147.06
1588777350036,147.075
1588777350036,147.075
1588777350036,147.075
1588777350036,147.075
1588777350036,147.075
1588777350036,147.075
1588777410801,146.89
1588777410801,146.89
1588777431885,146.895
1588777431885,146.895
1588777431885,146.895
1588777431885,146.895
1588777473878,146.885
1588777473878,146.885
1588777473878,146.885
1588777507440,146.825
1588777507440,146.825
1588777527856,146.83
1588777535090,146.875
1588777535090,146.875
1588777535090,146.875
1588777535090,146.875
1588777535090,146.875
1588777588939,146.76
1588777588939,146.76
1588777608765,146.75
1588777608765,146.75
1588777608765,146.75
1588777608765,146.75
1588777608765,146.75
1588777608765,146.75
1588777608765,146.75
1588777608765,146.75
1588777608765,146.75
1588777608765,146.75
1588777608765,146.75
1588777608765,146.75
1588777739365,146.635
1588777743310,146.625
1588777743310,146.625
1588777743310,146.625
1588777743310,146.625
1588777790312,146.59
1588777790312,146.59
1588777790312,146.59
1588777790312,146.59
1588777829293,146.61
1588777844552,146.595
1588777844552,146.595
1588777844552,146.595
1588777844552,146.595
1588777883302,146.55
1588777883302,146.55
1588777883302,146.55
1588777883302,146.55
1588777883302,146.55
1588777883302,146.55
1588777883302,146.55
1588777956117,146.515
1588777956117,146.515
1588777956117,146.515
1588777982118,146.55
1588777982118,146.55
1588777982118,146.55
1588778023120,146.56
1588778023120,146.56
1588778023120,146.56
1588778023120,146.56
1588778023120,146.56
1588778023120,146.56
1588778023120,146.56
1588778023120,146.56
1588778023120,146.56
1588778023120,146.56
1588778023120,146.56
1588778023120,146.56
1588778023120,146.56
1588778023120,146.56
1588778023120,146.56
1588778023120,146.56
1588778023120,146.56
1588778201056,146.51
1588778207351,146.51
1588778214333,146.49
1588778214333,146.49
1588778214333,146.49
1588778214333,146.49
1588778214333,146.49
1588778214333,146.49
1588778214333,146.49
1588778214333,146.49
1588778214333,146.49
1588778214333,146.49
1588778214333,146.49
1588778214333,146.49
1588778214333,146.49
1588778214333,146.49
1588778214333,146.49
1588778214333,146.49
1588778390184,146.44
1588778390184,146.44
1588778390184,146.44
1588778390184,146.44
1588778390184,146.44
1588778390184,146.44
1588778450208,146.495
1588778450208,146.495
1588778450208,146.495
1588778450208,146.495
1588778450208,146.495
1588778450208,146.495
1588778450208,146.495
1588778450208,146.495
1588778450208,146.495
1588778450208,146.495
1588778450208,146.495
1588778450208,146.495
1588778450208,146.495
1588778450208,146.495
1588778450208,146.495
1588778450208,146.495
1588778450208,146.495
1588778450208,146.495
1588778450208,146.495
1588778645145,146.265
1588778645145,146.265
1588778645145,146.265
1588778645145,146.265
1588778645145,146.265
1588778645145,146.265
1588778645145,146.265
1588778645145,146.265
1588778645145,146.265
1588778645145,146.265
1588778645145,146.265
1588778645145,146.265
1588778645145,146.265
1588778645145,146.265
1588778796877,146.19
1588778796877,146.19
1588778796877,146.19
1588778796877,146.19
1588778796877,146.19
1588778796877,146.19
1588778796877,146.19
1588778796877,146.19
1588778879567,146.24
1588778879567,146.24
1588778879567,146.24
1588778879567,146.24
1588778879567,146.24
1588778879567,146.24
1588778879567,146.24
1588778952619,146.29
1588778967104,146.36
1588778967104,146.36
1588778967104,146.36
1588778967104,146.36
1588778967104,146.36
1588778967104,146.36
1588778967104,146.36
1588778967104,146.36
1588778967104,146.36
1588778967104,146.36
1588778967104,146.36
1588778967104,146.36
1588778967104,146.36
1588778967104,146.36
1588778967104,146.36
1588778967104,146.36
1588778967104,146.36
1588778967104,146.36
1588778967104,146.36
1588778967104,146.36
1588778967104,146.36
1588778967104,146.36
1588778967104,146.36
1588779211467,146.355
1588779211467,146.355
1588779227887,146.355
1588779227887,146.355
1588779227887,146.355
1588779227887,146.355
1588779227887,146.355
1588779227887,146.355
1588779227887,146.355
1588779227887,146.355
1588779316169,146.32
1588779316169,146.32
1588779316169,146.32
1588779337934,146.29
1588779337934,146.29
1588779337934,146.29
1588779337934,146.29
1588779337934,146.29
1588779337934,146.29
1588779337934,146.29
1588779337934,146.29
1588779337934,146.29
1588779337934,146.29
1588779337934,146.29
1588779337934,146.29
1588779337934,146.29
1588779337934,146.29
1588779337934,146.29
1588779337934,146.29
1588779337934,146.29
1588779337934,146.29
1588779337934,146.29
1588779337934,146.29
1588779337934,146.29
1588779337934,146.29
1588779337934,146.29
1588779337934,146.29
1588779337934,146.29
1588779337934,146.29
1588779337934,146.29
1588779337934,146.29
1588779337934,146.29
1588779337934,146.29
1588779337934,146.29
1588779337934,146.29
1588779337934,146.29
1588779691529,146.77
1588779691529,146.77
1588779691529,146.77
1588779691529,146.77
1588779691529,146.77
1588779691529,146.77
1588779691529,146.77
1588779691529,146.77
1588779691529,146.77
1588779691529,146.77
1588779691529,146.77
1588779691529,146.77
1588779691529,146.77
1588779691529,146.77
1588779691529,146.77
1588779691529,146.77
1588779691529,146.77
1588779691529,146.77
1588779691529,146.77
1588779691529,146.77
1588779691529,146.77
1588779691529,146.77
1588779691529,146.77
1588779939633,146.56
1588779939633,146.56
1588779939633,146.56
1588779939633,146.56
1588779939633,146.56
1588779939633,146.56
1588779939633,146.56
1588779939633,146.56
1588779939633,146.56
1588779939633,146.56
1588779939633,146.56
1588779939633,146.56
1588779939633,146.56
1588779939633,146.56
1588780081074,146.54
1588780081074,146.54
1588780081074,146.54
1588780081074,146.54
1588780081074,146.54
1588780081074,146.54
1588780081074,146.54
1588780081074,146.54
1588780081074,146.54
1588780081074,146.54
1588780081074,146.54
1588780081074,146.54
1588780211572,146.275
1588780211572,146.275
1588780211572,146.275
1588780211572,146.275
1588780211572,146.275
1588780211572,146.275
1588780211572,146.275
1588780211572,146.275
1588780211572,146.275
1588780211572,146.275
1588780211572,146.275
1588780211572,146.275
1588780211572,146.275
1588780345758,146.19
1588780345758,146.19
1588780365919,146.195
1588780382025,146.18
1588780382025,146.18
1588780402023,146.1
1588780402023,146.1
1588780402023,146.1
1588780402023,146.1
1588780402023,146.1
1588780455491,146.075
1588780455491,146.075
1588780455491,146.075
1588780455491,146.075
1588780455491,146.075
1588780455491,146.075
1588780455491,146.075
1588780455491,146.075
1588780540475,146.18
1588780552126,146.29
1588780552126,146.29
1588780552126,146.29
1588780552126,146.29
1588780594564,146.17
1588780594564,146.17
1588780594564,146.17
1588780594564,146.17
1588780594564,146.17
1588780594564,146.17
1588780594564,146.17
1588780594564,146.17
1588780594564,146.17
1588780594564,146.17
1588780594564,146.17
1588780594564,146.17
1588780594564,146.17
1588780594564,146.17
1588780742781,146.18
1588780742781,146.18
1588780742781,146.18
1588780742781,146.18
1588780742781,146.18
1588780742781,146.18
1588780742781,146.18
1588780742781,146.18
1588780742781,146.18
1588780742781,146.18
1588780742781,146.18
1588780742781,146.18
1588780742781,146.18
1588780742781,146.18
1588780742781,146.18
1588780742781,146.18
1588780742781,146.18
1588780742781,146.18
1588780742781,146.18
1588780742781,146.18
1588780742781,146.18
1588780742781,146.18
1588780742781,146.18
1588780742781,146.18
1588780742781,146.18
1588780742781,146.18
1588780742781,146.18
1588780742781,146.18
1588780742781,146.18
1588780742781,146.18
1588780742781,146.18
1588780742781,146.18
1588781071855,146.5
1588781071855,146.5
1588781071855,146.5
1588781071855,146.5
1588781071855,146.5
1588781071855,146.5
1588781071855,146.5
1588781071855,146.5
1588781071855,146.5
1588781071855,146.5
1588781071855,146.5
1588781071855,146.5
1588781071855,146.5
1588781071855,146.5
1588781071855,146.5
1588781071855,146.5
1588781071855,146.5
1588781071855,146.5
1588781265455,146.415
1588781281331,146.345
1588781281331,146.345
1588781281331,146.345
1588781281331,146.345
1588781281331,146.345
1588781281331,146.345
1588781281331,146.345
1588781281331,146.345
1588781281331,146.345
1588781281331,146.345
1588781281331,146.345
1588781281331,146.345
1588781281331,146.345
1588781281331,146.345
1588781428902,146.3
1588781428902,146.3
1588781428902,146.3
1588781428902,146.3
1588781428902,146.3
1588781428902,146.3
1588781428902,146.3
1588781428902,146.3
1588781428902,146.3
1588781428902,146.3
1588781428902,146.3
1588781428902,146.3
1588781428902,146.3
1588781428902,146.3
1588781428902,146.3
1588781428902,146.3
1588781428902,146.3
1588781428902,146.3
1588781428902,146.3
1588781428902,146.3
1588781428902,146.3
1588781428902,146.3
1588781428902,146.3
1588781428902,146.3
1588781428902,146.3
1588781428902,146.3
1588781428902,146.3
1588781428902,146.3
1588781428902,146.3
1588781428902,146.3
1588781428902,146.3
1588781428902,146.3
1588781428902,146.3
1588781428902,146.3
1588781428902,146.3
1588781428902,146.3
1588781808344,146.58
1588781808344,146.58
1588781808344,146.58
1588781808344,146.58
1588781808344,146.58
1588781808344,146.58
1588781871425,146.6
1588781871425,146.6
1588781895447,146.67
1588781902083,146.635
1588781902083,146.635
1588781902083,146.635
1588781902083,146.635
1588781943343,146.545
1588781954444,146.58
1588781954444,146.58
1588781954444,146.58
1588781954444,146.58
1588781999451,146.64
1588782003804,146.64
1588782003804,146.64
1588782003804,146.64
1588782003804,146.64
1588782050428,146.46
1588782063726,146.55
1588782063726,146.55
1588782063726,146.55
1588782063726,146.55
1588782063726,146.55
1588782063726,146.55
1588782128445,146.61
1588782128445,146.61
1588782128445,146.61
1588782157441,146.58
1588782157441,146.58
1588782183814,146.63
1588782185192,146.655
1588782196458,146.6
1588782196458,146.6
1588782196458,146.6
1588782196458,146.6
1588782196458,146.6
1588782196458,146.6
1588782196458,146.6
1588782196458,146.6
1588782196458,146.6
1588782196458,146.6
1588782196458,146.6
1588782315561,146.61
1588782315561,146.61
1588782338427,146.595
1588782338427,146.595
1588782338427,146.595
1588782338427,146.595
1588782338427,146.595
1588782338427,146.595
1588782338427,146.595
1588782338427,146.595
1588782338427,146.595
1588782338427,146.595
1588782443341,146.73
1588782452573,146.715
1588782452573,146.715
1588782452573,146.715
1588782452573,146.715
1588782452573,146.715
1588782452573,146.715
1588782452573,146.715
1588782452573,146.715
1588782452573,146.715
1588782549736,146.75
1588782549736,146.75
1588782571541,146.75
1588782571541,146.75
1588782571541,146.75
1588782605971,146.54
1588782605971,146.54
1588782605971,146.54
1588782630541,146.515
1588782630541,146.515
1588782654453,146.52
1588782654453,146.52
1588782674198,146.565
1588782674198,146.565
1588782674198,146.565
1588782674198,146.565
1588782674198,146.565
1588782674198,146.565
1588782674198,146.565
1588782674198,146.565
1588782674198,146.565
1588782674198,146.565
1588782674198,146.565
1588782674198,146.565
1588782674198,146.565
1588782674198,146.565
1588782674198,146.565
1588782674198,146.565
1588782674198,146.565
1588782850434,146.69
1588782850434,146.69
1588782850434,146.69
1588782850434,146.69
1588782850434,146.69
1588782850434,146.69
1588782850434,146.69
1588782850434,146.69
1588782850434,146.69
1588782951838,146.8
1588782951838,146.8
1588782951838,146.8
1588782951838,146.8
1588782951838,146.8
1588782951838,146.8
1588783015240,146.82
1588783015240,146.82
1588783015240,146.82
1588783015240,146.82
1588783015240,146.82
1588783015240,146.82
1588783015240,146.82
1588783015240,146.82
1588783095605,146.76
1588783095605,146.76
1588783095605,146.76
1588783128860,146.785
1588783128860,146.785
1588783128860,146.785
1588783128860,146.785
1588783128860,146.785
1588783182636,146.81
1588783196931,146.805
1588783196931,146.805
1588783196931,146.805
1588783221580,146.79
1588783221580,146.79
1588783221580,146.79
1588783221580,146.79
1588783221580,146.79
1588783221580,146.79
1588783221580,146.79
1588783221580,146.79
1588783313825,146.75
1588783313825,146.75
1588783331563,146.7
1588783331563,146.7
1588783331563,146.7
1588783331563,146.7
1588783331563,146.7
1588783389532,146.68
1588783389532,146.68
1588783389532,146.68
1588783389532,146.68
1588783389532,146.68
1588783436135,146.6
1588783436135,146.6
1588783436135,146.6
1588783466194,146.6
1588783466194,146.6
1588783490308,146.6
1588783490308,146.6
1588783507225,146.63
1588783507225,146.63
1588783507225,146.63
1588783541012,146.655
1588783541012,146.655
1588783541012,146.655
1588783541012,146.655
1588783585582,146.65
1588783594401,146.595
1588783611376,146.6
1588783611376,146.6
1588783611376,146.6
1588783611376,146.6
1588783652386,146.73
1588783652386,146.73
1588783652386,146.73
1588783652386,146.73
1588783652386,146.73
1588783707575,146.64
1588783707575,146.64
1588783730033,146.72
1588783730033,146.72
1588783750716,146.695
1588783750716,146.695
1588783750716,146.695
1588783750716,146.695
1588783791107,146.675
1588783791107,146.675
1588783791107,146.675
1588783791107,146.675
1588783830026,146.68
1588783830026,146.68
1588783848662,146.67
1588783848662,146.67
1588783848662,146.67
1588783886993,146.69
1588783886993,146.69
1588783886993,146.69
1588783886993,146.69
1588783886993,146.69
1588783936435,146.75
1588783936435,146.75
1588783936435,146.75
1588783936435,146.75
1588783936435,146.75
1588783936435,146.75
1588783936435,146.75
1588783936435,146.75
1588783936435,146.75
1588783936435,146.75
1588783936435,146.75
1588784053933,146.755
1588784053933,146.755
1588784073747,146.74
1588784073747,146.74
1588784100566,146.71
1588784100566,146.71
1588784100566,146.71
1588784100566,146.71
1588784100566,146.71
1588784148577,146.69
1588784148577,146.69
1588784148577,146.69
1588784148577,146.69
1588784148577,146.69
1588784148577,146.69
1588784148577,146.69
1588784148577,146.69
1588784148577,146.69
1588784148577,146.69
1588784148577,146.69
1588784148577,146.69
1588784148577,146.69
1588784148577,146.69
1588784148577,146.69
1588784148577,146.69
1588784148577,146.69
1588784148577,146.69
1588784148577,146.69
1588784148577,146.69
1588784148577,146.69
1588784148577,146.69
1588784148577,146.69
1588784148577,146.69
1588784148577,146.69
1588784148577,146.69
1588784440805,146.74
1588784440805,146.74
1588784440805,146.74
1588784440805,146.74
1588784440805,146.74
1588784440805,146.74
1588784504142,146.64
1588784504142,146.64
1588784504142,146.64
1588784504142,146.64
1588784504142,146.64
1588784504142,146.64
1588784504142,146.64
1588784504142,146.64
1588784504142,146.64
1588784504142,146.64
1588784504142,146.64
1588784621115,146.39
1588784631136,146.36
1588784631136,146.36
1588784631136,146.36
1588784631136,146.36
1588784631136,146.36
1588784631136,146.36
1588784631136,146.36
1588784631136,146.36
1588784631136,146.36
1588784631136,146.36
1588784631136,146.36
1588784631136,146.36
1588784631136,146.36
1588784631136,146.36
1588784631136,146.36
1588784631136,146.36
1588784631136,146.36
1588784631136,146.36
1588784631136,146.36
1588784631136,146.36
1588784631136,146.36
1588784631136,146.36
1588784631136,146.36
1588784631136,146.36
1588784631136,146.36
1588784631136,146.36
1588784631136,146.36
1588784631136,146.36
1588784631136,146.36
1588784631136,146.36
1588784631136,146.36
1588784631136,146.36
1588784631136,146.36
1588784631136,146.36
1588784631136,146.36
1588784631136,146.36
1588784631136,146.36
1588784631136,146.36
1588784631136,146.36
1588784631136,146.36
1588784631136,146.36
1588784631136,146.36
1588784631136,146.36
1588784631136,146.36
1588784631136,146.36
1588784631136,146.36
1588784631136,146.36
1588784631136,146.36
1588784631136,146.36
1588784631136,146.36
1588785159845,146.5
1588785159845,146.5
1588785159845,146.5
1588785159845,146.5
1588785201002,146.62
1588785201002,146.62
1588785201002,146.62
1588785201002,146.62
1588785201002,146.62
1588785201002,146.62
1588785201002,146.62
1588785280278,146.6
1588785291684,146.57
1588785291684,146.57
1588785291684,146.57
1588785291684,146.57
1588785291684,146.57
1588785291684,146.57
1588785291684,146.57
1588785291684,146.57
1588785291684,146.57
1588785291684,146.57
1588785396144,146.58
1588785396144,146.58
1588785396144,146.58
1588785396144,146.58
1588785396144,146.58
1588785396144,146.58
1588785396144,146.58
1588785396144,146.58
1588785396144,146.58
1588785396144,146.58
1588785396144,146.58
1588785396144,146.58
1588785396144,146.58
1588785396144,146.58
1588785396144,146.58
1588785396144,146.58
1588785396144,146.58
1588785396144,146.58
1588785396144,146.58
1588785396144,146.58
1588785396144,146.58
1588785396144,146.58
1588785396144,146.58
1588785396144,146.58
1588785396144,146.58
1588785396144,146.58
1588785396144,146.58
1588785396144,146.58
1588785396144,146.58
1588785396144,146.58
1588785396144,146.58
1588785396144,146.58
1588785743528,146.615
1588785747870,146.58
1588785747870,146.58
1588785747870,146.58
1588785781656,146.49
1588785781656,146.49
1588785781656,146.49
1588785781656,146.49
1588785781656,146.49
1588785781656,146.49
1588785781656,146.49
1588785781656,146.49
1588785781656,146.49
1588785781656,146.49
1588785781656,146.49
1588785781656,146.49
1588785781656,146.49
1588785781656,146.49
1588785781656,146.49
1588785781656,146.49
1588785781656,146.49
1588785781656,146.49
1588785781656,146.49
1588785781656,146.49
1588785781656,146.49
1588785781656,146.49
1588785781656,146.49
1588785781656,146.49
1588785781656,146.49
1588785781656,146.49
1588785781656,146.49
1588785781656,146.49
1588785781656,146.49
1588785781656,146.49
1588785781656,146.49
1588785781656,146.49
1588785781656,146.49
1588785781656,146.49
1588785781656,146.49
1588785781656,146.49
1588785781656,146.49
1588785781656,146.49
1588785781656,146.49
1588785781656,146.49
1588785781656,146.49
1588785781656,146.49
1588785781656,146.49
1588785781656,146.49
1588785781656,146.49
1588785781656,146.49
1588785781656,146.49
1588785781656,146.49
1588785781656,146.49
1588785781656,146.49
1588785781656,146.49
1588786327031,146.99
1588786337658,146.9
1588786337658,146.9
1588786337658,146.9
1588786337658,146.9
1588786337658,146.9
1588786337658,146.9
1588786337658,146.9
1588786337658,146.9
1588786337658,146.9
1588786337658,146.9
1588786337658,146.9
1588786337658,146.9
1588786337658,146.9
1588786337658,146.9
1588786337658,146.9
1588786337658,146.9
1588786337658,146.9
1588786337658,146.9
1588786337658,146.9
1588786337658,146.9
1588786337658,146.9
1588786337658,146.9
1588786337658,146.9
1588786337658,146.9
1588786337658,146.9
1588786337658,146.9
1588786337658,146.9
1588786337658,146.9
1588786337658,146.9
1588786337658,146.9
1588786337658,146.9
1588786337658,146.9
1588786682952,146.83
1588786682952,146.83
1588786704043,146.855
1588786708300,146.92
1588786708300,146.92
1588786708300,146.92
1588786708300,146.92
1588786708300,146.92
1588786708300,146.92
1588786708300,146.92
1588786708300,146.92
1588786708300,146.92
1588786810961,146.91
1588786810961,146.91
1588786810961,146.91
1588786810961,146.91
1588786810961,146.91
1588786810961,146.91
1588786810961,146.91
1588786810961,146.91
1588786810961,146.91
1588786810961,146.91
1588786810961,146.91
1588786810961,146.91
1588786810961,146.91
1588786810961,146.91
1588786810961,146.91
1588786810961,146.91
1588786810961,146.91
1588786810961,146.91
1588786810961,146.91
1588786810961,146.91
1588786810961,146.91
1588786810961,146.91
1588786810961,146.91
1588786810961,146.91
1588786810961,146.91
1588786810961,146.91
1588786810961,146.91
1588786810961,146.91
1588786810961,146.91
1588786810961,146.91
1588786810961,146.91
1588786810961,146.91
1588786810961,146.91
1588787167609,146.91
1588787167609,146.91
1588787167609,146.91
1588787167609,146.91
1588787167609,146.91
1588787167609,146.91
1588787167609,146.91
1588787167609,146.91
1588787167609,146.91
1588787167609,146.91
1588787167609,146.91
1588787167609,146.91
1588787167609,146.91
1588787167609,146.91
1588787167609,146.91
1588787167609,146.91
1588787334825,146.845
1588787334825,146.845
1588787334825,146.845
1588787334825,146.845
1588787334825,146.845
1588787382410,146.88
1588787382410,146.88
1588787382410,146.88
1588787382410,146.88
1588787382410,146.88
1588787382410,146.88
1588787382410,146.88
1588787382410,146.88
1588787382410,146.88
1588787382410,146.88
1588787382410,146.88
1588787382410,146.88
1588787382410,146.88
1588787382410,146.88
1588787536964,146.975
1588787536964,146.975
1588787536964,146.975
1588787565094,147
1588787565094,147
1588787565094,147
1588787565094,147
1588787565094,147
1588787565094,147
1588787565094,147
1588787565094,147
1588787565094,147
1588787565094,147
1588787565094,147
1588787690401,146.96
1588787690401,146.96
1588787690401,146.96
1588787690401,146.96
1588787690401,146.96
1588787690401,146.96
1588787690401,146.96
1588787690401,146.96
1588787690401,146.96
1588787690401,146.96
1588787690401,146.96
1588787690401,146.96
1588787690401,146.96
1588787690401,146.96
1588787690401,146.96
1588787690401,146.96
1588787690401,146.96
1588787690401,146.96
1588787690401,146.96
1588787690401,146.96
1588787690401,146.96
1588787690401,146.96
1588787690401,146.96
1588787690401,146.96
1588787690401,146.96
1588787690401,146.96
1588787690401,146.96
1588787690401,146.96
1588787690401,146.96
1588787690401,146.96
1588787690401,146.96
1588787690401,146.96
1588787690401,146.96
1588788049046,146.73
1588788049046,146.73
1588788049046,146.73
1588788049046,146.73
1588788049046,146.73
1588788049046,146.73
1588788049046,146.73
1588788049046,146.73
1588788049046,146.73
1588788049046,146.73
1588788049046,146.73
1588788049046,146.73
1588788049046,146.73
1588788049046,146.73
1588788049046,146.73
1588788049046,146.73
1588788049046,146.73
1588788049046,146.73
1588788049046,146.73
1588788049046,146.73
1588788049046,146.73
1588788049046,146.73
1588788049046,146.73
1588788049046,146.73
1588788049046,146.73
1588788049046,146.73
1588788049046,146.73
1588788049046,146.73
1588788049046,146.73
1588788049046,146.73
1588788049046,146.73
1588788049046,146.73
1588788049046,146.73
1588788049046,146.73
1588788049046,146.73
1588788049046,146.73
1588788049046,146.73
1588788049046,146.73
1588788049046,146.73
1588788049046,146.73
1588788049046,146.73
1588788049046,146.73
1588788049046,146.73
1588788049046,146.73
1588788049046,146.73
1588788049046,146.73
1588788049046,146.73
1588788049046,146.73
1588788049046,146.73
1588788049046,146.73
1588788049046,146.73
1588788049046,146.73
1588788049046,146.73
1588788049046,146.73
1588788049046,146.73
1588788049046,146.73
1588788049046,146.73
1588788049046,146.73
1588788049046,146.73
1588788049046,146.73
1588788049046,146.73
1588788049046,146.73
1588788049046,146.73
1588788049046,146.73
1588788049046,146.73
1588788049046,146.73
1588788049046,146.73
1588788049046,146.73
1588788049046,146.73
1588788049046,146.73
1588788796787,146.34
1588788796787,146.34
1588788812554,146.29
1588788828067,146.3
1588788828067,146.3
1588788828067,146.3
1588788828067,146.3
1588788828067,146.3
1588788828067,146.3
1588788828067,146.3
1588788828067,146.3
1588788828067,146.3
1588788828067,146.3
1588788828067,146.3
1588788828067,146.3
1588788828067,146.3
1588788828067,146.3
1588788828067,146.3
1588788828067,146.3
1588788828067,146.3
1588788828067,146.3
1588788828067,146.3
1588788828067,146.3
1588789037951,146.26
1588789037951,146.26
1588789037951,146.26
1588789037951,146.26
1588789037951,146.26
1588789037951,146.26
1588789037951,146.26
1588789037951,146.26
1588789037951,146.26
1588789037951,146.26
1588789037951,146.26
1588789037951,146.26
1588789037951,146.26
1588789037951,146.26
1588789037951,146.26
1588789037951,146.26
1588789037951,146.26
1588789037951,146.26
1588789037951,146.26
1588789037951,146.26
1588789037951,146.26
1588789037951,146.26
1588789037951,146.26
1588789037951,146.26
1588789037951,146.26
1588789037951,146.26
1588789037951,146.26
1588789037951,146.26
1588789037951,146.26
1588789037951,146.26
1588789037951,146.26
1588789037951,146.26
1588789037951,146.26
1588789037951,146.26
1588789037951,146.26
1588789037951,146.26
1588789037951,146.26
1588789037951,146.26
1588789037951,146.26
1588789037951,146.26
1588789037951,146.26
1588789037951,146.26
1588789037951,146.26
1588789037951,146.26
1588789037951,146.26
1588789037951,146.26
1588789037951,146.26
1588789037951,146.26
1588789037951,146.26
1588789037951,146.26
1588789037951,146.26
1588789037951,146.26
1588789037951,146.26
1588789037951,146.26
1588789037951,146.26
1588789037951,146.26
1588789037951,146.26
1588789644518,146.35
1588789644518,146.35
1588789644518,146.35
1588789644518,146.35
1588789644518,146.35
1588789644518,146.35
1588789644518,146.35
1588789644518,146.35
1588789644518,146.35
1588789644518,146.35
1588789644518,146.35
1588789769291,146.2
1588789769291,146.2
1588789769291,146.2
1588789800453,146.11
1588789803897,146.11
1588789822937,146.08
1588789825975,145.99
1588789825975,145.99
1588789825975,145.99
1588789825975,145.99
1588789825975,145.99
1588789825975,145.99
1588789825975,145.99
1588789825975,145.99
1588789825975,145.99
1588789825975,145.99
1588789825975,145.99
1588789825975,145.99
1588789825975,145.99
1588789825975,145.99
1588789825975,145.99
1588789825975,145.99
1588789825975,145.99
1588789825975,145.99
1588789825975,145.99
1588789825975,145.99
1588789825975,145.99
1588789825975,145.99
1588789825975,145.99
1588789825975,145.99
1588789825975,145.99
1588789825975,145.99
1588789825975,145.99
1588789825975,145.99
1588790132458,146.21
1588790132458,146.21
1588790132458,146.21
1588790132458,146.21
1588790132458,146.21
1588790132458,146.21
1588790132458,146.21
1588790132458,146.21
1588790132458,146.21
1588790132458,146.21
1588790132458,146.21
1588790132458,146.21
1588790132458,146.21
1588790132458,146.21
1588790132458,146.21
1588790132458,146.21
1588790132458,146.21
1588790132458,146.21
1588790132458,146.21
1588790132458,146.21
1588790132458,146.21
1588790132458,146.21
1588790132458,146.21
1588790132458,146.21
1588790132458,146.21
1588790132458,146.21
1588790132458,146.21
1588790132458,146.21
1588790132458,146.21
1588790132458,146.21
1588790132458,146.21
1588790132458,146.21
1588790132458,146.21
1588790132458,146.21
1588790132458,146.21
1588790132458,146.21
1588790132458,146.21
1588790132458,146.21
1588790132458,146.21
1588790132458,146.21
1588790132458,146.21
1588790132458,146.21
1588790132458,146.21
1588790132458,146.21
1588790132458,146.21
1588790132458,146.21
1588790132458,146.21
1588790132458,146.21
1588790132458,146.21
1588790132458,146.21
1588790132458,146.21
1588790132458,146.21
1588790132458,146.21
1588790132458,146.21
1588790132458,146.21
1588790132458,146.21
1588790132458,146.21
1588790132458,146.21
1588790756841,146.58
1588790756841,146.58
1588790756841,146.58
1588790756841,146.58
1588790756841,146.58
1588790756841,146.58
1588790756841,146.58
1588790756841,146.58
1588790845746,146.82
1588790845746,146.82
1588790845746,146.82
1588790845746,146.82
1588790845746,146.82
1588790845746,146.82
1588790845746,146.82
1588790922532,146.815
1588790922532,146.815
1588790922532,146.815
1588790922532,146.815
1588790965249,146.79
1588790965249,146.79
1588790965249,146.79
1588791001224,146.71
1588791007135,146.77
1588791007135,146.77
1588791033265,146.73
1588791040471,146.745
1588791040471,146.745
1588791040471,146.745
1588791040471,146.745
1588791040471,146.745
1588791040471,146.745
1588791040471,146.745
1588791040471,146.745
1588791040471,146.745
1588791040471,146.745
1588791040471,146.745
1588791040471,146.745
1588791040471,146.745
1588791040471,146.745
1588791197015,146.75
1588791197015,146.75
1588791197015,146.75
1588791197015,146.75
1588791241209,146.67
1588791241209,146.67
1588791241209,146.67
1588791241209,146.67
1588791241209,146.67
1588791241209,146.67
1588791241209,146.67
1588791241209,146.67
1588791241209,146.67
1588791241209,146.67
1588791241209,146.67
1588791241209,146.67
1588791373293,146.71
1588791373293,146.71
1588791387681,146.66
1588791387681,146.66
1588791410287,146.725
1588791410287,146.725
1588791434881,146.705
1588791434881,146.705
1588791459290,146.685
1588791464290,146.655
1588791464290,146.655
1588791487766,146.7
1588791487766,146.7
1588791487766,146.7
1588791523281,146.72
1588791523281,146.72
1588791523281,146.72
1588791555896,146.72
1588791555896,146.72
1588791569293,146.7
1588791580494,146.57
1588791595495,146.555
