1583159459697,280.05
1583159473431,279.72
1583159473431,279.72
1583159489226,278.57
1583159489226,278.57
1583159515367,278.58
1583159525608,279.63
1583159536601,279.37
1583159536601,279.37
1583159536601,279.37
1583159536601,279.37
1583159575680,279.69
1583159575680,279.69
1583159575680,279.69
1583159575680,279.69
1583159575680,279.69
1583159625935,278.99
1583159625935,278.99
1583159625935,278.99
1583159625935,278.99
1583159668616,278.01
1583159668616,278.01
1583159691671,277.045
1583159703967,277.055
1583159715289,277.05
1583159715289,277.05
1583159733485,277
1583159741827,277.2
1583159756807,277.97
1583159763692,277.51
1583159776305,277.6
1583159778507,277.36
1583159791300,276.7
1583159791300,276.7
1583159816624,276.57
1583159816624,276.57
1583159816624,276.57
1583159848522,276.27
1583159856800,276.44
1583159856800,276.44
1583159879454,276.63
1583159887983,276.92
1583159896278,277.2
1583159909815,276.72
1583159914804,276.815
1583159914804,276.815
1583159914804,276.815
1583159955197,276.575
1583159956348,276.52
1583159969749,276.28
1583159980583,276.22
1583159995083,275.93
1583159995083,275.93
1583160014351,275.98
1583160014351,275.98
1583160014351,275.98
1583160046561,276.03
1583160049843,276.025
1583160066451,276.275
1583160066451,276.275
1583160066451,276.275
1583160066451,276.275
1583160104411,276.415
1583160122115,276.26
1583160129419,276.55
1583160129419,276.55
1583160143693,275.825
1583160143693,275.825
1583160165310,275.68
1583160185311,275.73
1583160195516,275.82
1583160202223,275.895
1583160210055,275.83
1583160210055,275.83
1583160210055,275.83
1583160210055,275.83
1583160210055,275.83
1583160210055,275.83
1583160275740,276.3
1583160281679,276.41
1583160281679,276.41
1583160308115,276.93
1583160312038,276.85
1583160312038,276.85
1583160332872,277.405
1583160346295,277.99
1583160355663,277.865
1583160360897,277.555
1583160371568,277.655
1583160371568,277.655
1583160401051,277.225
1583160401051,277.225
1583160414381,277.24
1583160426910,277.315
1583160426910,277.315
1583160426910,277.315
1583160463907,277.36
1583160463907,277.36
1583160486980,277.665
1583160496845,277.76
1583160496845,277.76
1583160516081,277.475
1583160516081,277.475
1583160516081,277.475
1583160516081,277.475
1583160552048,277.72
1583160571096,277.86
1583160583324,277.67
1583160589300,277.725
1583160597415,277.975
1583160597415,277.975
1583160619073,277.585
1583160619073,277.585
1583160637561,277.675
1583160637561,277.675
1583160662384,277.6
1583160672873,277.26
1583160685466,277.41
1583160685466,277.41
1583160708534,277.21
1583160716192,277.275
1583160724584,277.135
1583160724584,277.135
1583160724584,277.135
1583160724584,277.135
1583160724584,277.135
1583160724584,277.135
1583160724584,277.135
1583160724584,277.135
1583160807778,277.46
1583160818259,277.205
1583160834062,277.42
1583160837817,277.59
1583160854572,277.76
1583160854572,277.76
1583160854572,277.76
1583160854572,277.76
1583160895677,277.51
1583160895677,277.51
1583160916797,277.04
1583160921947,276.93
1583160921947,276.93
1583160921947,276.93
1583160921947,276.93
1583160961774,277.22
1583160976079,276.92
1583160976079,276.92
1583160994736,276.81
1583160994736,276.81
1583160994736,276.81
1583160994736,276.81
1583160994736,276.81
1583161053700,276.945
1583161058309,277.03
1583161058309,277.03
1583161058309,277.03
1583161058309,277.03
1583161106545,276.73
1583161117276,276.69
1583161127230,276.56
1583161127230,276.56
1583161141292,276.835
1583161141292,276.835
1583161141292,276.835
1583161141292,276.835
1583161141292,276.835
1583161192850,276.71
1583161202235,276.63
1583161202235,276.63
1583161202235,276.63
1583161202235,276.63
1583161202235,276.63
1583161255306,276.45
1583161255306,276.45
1583161255306,276.45
1583161255306,276.45
1583161297253,276.6
1583161310342,276.55
1583161310342,276.55
1583161310342,276.55
1583161346874,276.495
1583161346874,276.495
1583161366183,276.58
1583161378366,276.47
1583161378366,276.47
1583161395591,276.745
1583161409517,276.64
1583161415406,276.76
1583161415406,276.76
1583161415406,276.76
1583161415406,276.76
1583161459570,276.35
1583161471177,276.85
1583161471177,276.85
1583161471177,276.85
1583161471177,276.85
1583161505326,277.05
1583161518911,276.61
1583161518911,276.61
1583161518911,276.61
1583161551338,276.25
1583161564761,276.23
1583161564761,276.23
1583161586575,276.03
1583161594809,275.71
1583161594809,275.71
1583161594809,275.71
1583161622736,275.28
1583161622736,275.28
1583161642930,275.2
1583161659117,275.06
1583161659117,275.06
1583161677559,274.86
1583161677559,274.86
1583161677559,274.86
1583161712075,274.67
1583161716981,274.81
1583161723982,274.71
1583161723982,274.71
1583161723982,274.71
1583161762134,274.85
1583161762134,274.85
1583161784804,274.58
1583161784804,274.58
1583161784804,274.58
1583161784804,274.58
1583161826549,274.67
1583161826549,274.67
1583161849279,274.77
1583161849279,274.77
1583161849279,274.77
1583161849279,274.77
1583161849279,274.77
1583161849279,274.77
1583161904631,275.385
1583161920488,275.18
1583161920488,275.18
1583161979289,275.265
1583161980615,275.52
1583162000331,275.525
1583162002948,275.695
1583162002948,275.695
1583162002948,275.695
1583162031831,276.105
1583162052542,276.18
1583162055222,276.17
1583162066488,276.28
1583162074859,276.275
1583162074859,276.275
1583162074859,276.275
1583162074859,276.275
1583162121737,276.395
1583162121737,276.395
1583162142873,276.27
1583162142873,276.27
1583162142873,276.27
1583162169600,276.24
1583162186638,275.78
1583162198270,275.42
1583162203770,275.87
1583162211012,275.88
1583162211012,275.88
1583162238340,276.1
1583162242042,275.99
1583162242042,275.99
1583162242042,275.99
1583162242042,275.99
1583162242042,275.99
1583162296672,275.67
1583162309232,275.48
1583162321060,275.97
1583162321060,275.97
1583162321060,275.97
1583162321060,275.97
1583162321060,275.97
1583162375341,276.25
1583162375341,276.25
1583162389932,276.39
1583162402916,276.48
1583162402916,276.48
1583162402916,276.48
1583162402916,276.48
1583162440822,275.74
1583162440822,275.74
1583162440822,275.74
1583162440822,275.74
1583162440822,275.74
1583162440822,275.74
1583162440822,275.74
1583162440822,275.74
1583162534202,275.315
1583162534202,275.315
1583162551337,274.9
1583162551337,274.9
1583162551337,274.9
1583162551337,274.9
1583162592334,275.01
1583162592334,275.01
1583162592334,275.01
1583162592334,275.01
1583162637370,274.81
1583162637370,274.81
1583162653321,275.235
1583162653321,275.235
1583162653321,275.235
1583162653321,275.235
1583162697436,274.99
1583162702219,275.17
1583162716115,275.13
1583162729670,275.65
1583162742741,275.63
1583162747107,275.65
1583162755102,275.82
1583162771314,275.96
1583162771314,275.96
1583162789937,276.17
1583162804467,275.93
1583162808998,275.905
1583162818843,275.75
1583162818843,275.75
1583162844638,276.33
1583162850659,276.25
1583162850659,276.25
1583162850659,276.25
1583162891840,276.58
1583162900598,276.57
1583162900598,276.57
1583162900598,276.57
1583162900598,276.57
1583162940493,276.7
1583162940493,276.7
1583162960296,276.685
1583162967816,276.5
1583162967816,276.5
1583162967816,276.5
1583163004532,277.08
1583163017906,277.06
1583163017906,277.06
1583163030940,277.04
1583163030940,277.04
1583163030940,277.04
1583163069943,275.895
1583163081230,276.13
1583163081230,276.13
1583163081230,276.13
1583163081230,276.13
1583163081230,276.13
1583163081230,276.13
1583163081230,276.13
1583163150755,276.205
1583163150755,276.205
1583163175761,276.4
1583163175761,276.4
1583163196439,276.535
1583163206628,276.535
1583163210680,276.74
1583163210680,276.74
1583163210680,276.74
1583163239920,276.75
1583163258403,276.84
1583163265135,276.98
1583163279082,276.86
1583163279082,276.86
1583163279082,276.86
1583163311127,276.43
1583163311127,276.43
1583163311127,276.43
1583163339879,276.56
1583163339879,276.56
1583163363082,276.17
1583163363082,276.17
1583163363082,276.17
1583163397885,276.43
1583163397885,276.43
1583163397885,276.43
1583163397885,276.43
1583163437366,276.36
1583163446647,276.43
1583163446647,276.43
1583163468998,276.44
1583163468998,276.44
1583163468998,276.44
1583163468998,276.44
1583163507998,276.56
1583163507998,276.56
1583163534966,276.77
1583163540030,277.09
1583163540030,277.09
1583163540030,277.09
1583163540030,277.09
1583163540030,277.09
1583163596829,277.19
1583163596829,277.19
1583163596829,277.19
1583163596829,277.19
1583163596829,277.19
1583163596829,277.19
1583163596829,277.19
1583163596829,277.19
1583163679297,277.31
1583163679297,277.31
1583163700071,277.43
1583163704757,277.47
1583163704757,277.47
1583163735109,277.47
1583163735109,277.47
1583163735109,277.47
1583163735109,277.47
1583163735109,277.47
1583163786073,277.59
1583163786073,277.59
1583163786073,277.59
1583163786073,277.59
1583163821435,277.575
1583163835181,277.22
1583163850521,277.07
1583163850521,277.07
1583163850521,277.07
1583163873998,277.38
1583163873998,277.38
1583163902839,277.18
1583163902839,277.18
1583163923712,277.315
1583163923712,277.315
1583163923712,277.315
1583163923712,277.315
1583163923712,277.315
1583163974768,277.625
1583163983920,277.82
1583163983920,277.82
1583164008654,278.11
1583164008654,278.11
1583164026031,278.18
1583164036326,278.18
1583164036326,278.18
1583164036326,278.18
1583164036326,278.18
1583164036326,278.18
1583164091953,278.43
1583164102690,278.46
1583164104064,278.5
1583164104064,278.5
1583164104064,278.5
1583164142354,278.77
1583164142354,278.77
1583164142354,278.77
1583164176092,278.69
1583164176092,278.69
1583164176092,278.69
1583164176092,278.69
1583164210510,278.96
1583164220652,279.24
1583164238604,279.43
1583164250436,279.08
1583164258291,279.01
1583164258291,279.01
1583164276939,279.44
1583164287084,279.71
1583164287084,279.71
1583164287084,279.71
1583164287084,279.71
1583164336591,279.445
1583164336591,279.445
1583164357171,279.29
1583164368549,279.325
1583164368549,279.325
1583164391894,279.11
1583164393293,279.05
1583164412797,279.27
1583164412797,279.27
1583164425047,279.545
1583164425047,279.545
1583164425047,279.545
1583164457944,279.62
1583164467880,279.56
1583164483297,279.17
1583164496077,279.28
1583164504481,279.525
1583164504481,279.525
1583164521796,279.26
1583164521796,279.26
1583164521796,279.26
1583164521796,279.26
1583164566658,279.17
1583164566658,279.17
1583164566658,279.17
1583164566658,279.17
1583164566658,279.17
1583164566658,279.17
1583164566658,279.17
1583164566658,279.17
1583164566658,279.17
1583164566658,279.17
1583164566658,279.17
1583164566658,279.17
1583164566658,279.17
1583164704091,278.33
1583164704091,278.33
1583164722435,278.13
1583164737860,278.72
1583164737860,278.72
1583164737860,278.72
1583164737860,278.72
1583164771353,278.85
1583164782698,278.53
1583164792543,278.4
1583164792543,278.4
1583164792543,278.4
1583164825471,278.48
1583164825471,278.48
1583164825471,278.48
1583164856921,279.11
1583164856921,279.11
1583164875854,278.835
1583164893000,278.535
1583164898752,278.465
1583164910249,278.21
1583164910249,278.21
1583164910249,278.21
1583164910249,278.21
1583164950521,278
1583164950521,278
1583164950521,278
1583164989582,277.59
1583164989582,277.59
1583164989582,277.59
1583165014008,277.83
1583165014008,277.83
1583165014008,277.83
1583165014008,277.83
1583165014008,277.83
1583165064478,277.92
1583165064478,277.92
1583165064478,277.92
1583165064478,277.92
1583165064478,277.92
1583165121450,277.85
1583165127437,277.88
1583165127437,277.88
1583165127437,277.88
1583165127437,277.88
1583165127437,277.88
1583165127437,277.88
1583165127437,277.88
1583165127437,277.88
1583165127437,277.88
1583165228649,277.89
1583165235866,277.78
1583165235866,277.78
1583165235866,277.78
1583165272386,277.6
1583165272386,277.6
1583165291324,277.585
1583165291324,277.585
1583165309026,277.56
1583165324550,277.525
1583165335772,277.145
1583165337473,276.995
1583165354357,276.945
1583165362131,276.99
1583165376031,277.42
1583165376031,277.42
1583165389444,277.28
1583165408957,277.22
1583165409381,277.145
1583165425487,277.48
1583165439880,277.605
1583165450250,277.49
1583165450250,277.49
1583165450250,277.49
1583165475247,277.61
1583165485245,277.89
1583165485245,277.89
1583165505504,278.74
1583165505504,278.74
1583165505504,278.74
1583165505504,278.74
1583165505504,278.74
1583165505504,278.74
1583165553552,278.7
1583165553552,278.7
1583165578357,278.42
1583165578357,278.42
1583165578357,278.42
1583165617845,278.22
1583165617845,278.22
1583165617845,278.22
1583165661930,278.59
1583165664943,278.64
1583165664943,278.64
1583165685653,278.93
1583165685653,278.93
1583165707879,278.98
1583165707879,278.98
1583165707879,278.98
1583165740367,279.29
1583165754588,279.405
1583165754588,279.405
1583165754588,279.405
1583165754588,279.405
1583165754588,279.405
1583165801862,279.725
1583165801862,279.725
1583165801862,279.725
1583165801862,279.725
1583165801862,279.725
1583165858845,279.505
1583165858845,279.505
1583165877039,279.44
1583165887095,279.41
1583165901970,279.45
1583165901970,279.45
1583165901970,279.45
1583165932778,279.62
1583165932778,279.62
1583165954303,279.44
1583165954303,279.44
1583165954303,279.44
1583165977544,279.22
1583165990974,279.27
1583165990974,279.27
1583165990974,279.27
1583166025928,280.1
1583166037236,279.98
1583166037236,279.98
1583166037236,279.98
1583166067874,280.42
1583166077811,280.65
1583166077811,280.65
1583166077811,280.65
1583166077811,280.65
1583166122463,280.37
1583166133542,280.35
1583166133542,280.35
1583166133542,280.35
1583166133542,280.35
1583166171208,280.48
1583166177329,280.41
1583166195525,280.5
1583166195525,280.5
1583166195525,280.5
1583166195525,280.5
1583166195525,280.5
1583166195525,280.5
1583166195525,280.5
1583166195525,280.5
1583166195525,280.5
1583166285886,279.855
1583166299494,279.85
1583166299494,279.85
1583166299494,279.85
1583166299494,279.85
1583166299494,279.85
1583166299494,279.85
1583166299494,279.85
1583166367944,280.67
1583166367944,280.67
1583166367944,280.67
1583166367944,280.67
1583166367944,280.67
1583166367944,280.67
1583166367944,280.67
1583166442586,280.53
1583166442586,280.53
1583166442586,280.53
1583166442586,280.53
1583166442586,280.53
1583166442586,280.53
1583166442586,280.53
1583166442586,280.53
1583166532128,280.87
1583166542418,280.83
1583166549828,280.81
1583166560978,280.88
1583166560978,280.88
1583166560978,280.88
1583166587191,280.59
1583166587191,280.59
1583166612600,280.22
1583166612600,280.22
1583166631532,280.82
1583166631532,280.82
1583166652620,281.09
1583166652620,281.09
1583166652620,281.09
1583166687611,280.87
1583166687611,280.87
1583166711051,280.97
1583166720733,281.235
1583166720733,281.235
1583166735515,281.2
1583166752294,280.98
1583166759268,281.02
1583166759268,281.02
1583166780477,281.07
1583166784185,281.16
1583166784185,281.16
1583166784185,281.16
1583166784185,281.16
1583166784185,281.16
1583166836627,281.285
1583166836627,281.285
1583166836627,281.285
1583166836627,281.285
1583166883904,280.69
1583166883904,280.69
1583166883904,280.69
1583166883904,280.69
1583166883904,280.69
1583166883904,280.69
1583166883904,280.69
1583166883904,280.69
1583166883904,280.69
1583166883904,280.69
1583166883904,280.69
1583166883904,280.69
1583166883904,280.69
1583166883904,280.69
1583166883904,280.69
1583166883904,280.69
1583166883904,280.69
1583166883904,280.69
1583166883904,280.69
1583166883904,280.69
1583166883904,280.69
1583166883904,280.69
1583166883904,280.69
1583167124449,282.025
1583167124449,282.025
1583167124449,282.025
1583167160235,282.06
1583167160235,282.06
1583167160235,282.06
1583167188622,282.49
1583167195166,282.49
1583167195166,282.49
1583167219441,281.905
1583167228891,281.77
1583167228891,281.77
1583167228891,281.77
1583167265498,281.79
1583167265498,281.79
1583167265498,281.79
1583167265498,281.79
1583167265498,281.79
1583167265498,281.79
1583167318502,281.59
1583167318502,281.59
1583167318502,281.59
1583167318502,281.59
1583167318502,281.59
1583167375887,281.24
1583167375887,281.24
1583167375887,281.24
1583167406191,281.54
1583167406191,281.54
1583167406191,281.54
1583167406191,281.54
1583167449412,281.635
1583167464186,282
1583167474783,282
1583167474783,282
1583167474783,282
1583167474783,282
1583167474783,282
1583167474783,282
1583167474783,282
1583167474783,282
1583167474783,282
1583167474783,282
1583167474783,282
1583167580390,281.58
1583167580390,281.58
1583167580390,281.58
1583167580390,281.58
1583167580390,281.58
1583167580390,281.58
1583167580390,281.58
1583167580390,281.58
1583167580390,281.58
1583167580390,281.58
1583167580390,281.58
1583167580390,281.58
1583167580390,281.58
1583167580390,281.58
1583167580390,281.58
1583167580390,281.58
1583167580390,281.58
1583167580390,281.58
1583167774264,281.47
1583167774264,281.47
1583167774264,281.47
1583167774264,281.47
1583167774264,281.47
1583167774264,281.47
1583167774264,281.47
1583167774264,281.47
1583167774264,281.47
1583167774264,281.47
1583167774264,281.47
1583167774264,281.47
1583167901250,280.9
1583167901250,280.9
1583167917404,281.2
1583167917404,281.2
1583167917404,281.2
1583167917404,281.2
1583167917404,281.2
1583167917404,281.2
1583167917404,281.2
1583167917404,281.2
1583167917404,281.2
1583168013407,281.905
1583168013407,281.905
1583168013407,281.905
1583168013407,281.905
1583168013407,281.905
1583168013407,281.905
1583168013407,281.905
1583168013407,281.905
1583168013407,281.905
1583168110710,282.6
1583168110710,282.6
1583168110710,282.6
1583168143777,282.79
1583168143777,282.79
1583168143777,282.79
1583168174819,282.54
1583168174819,282.54
1583168194167,282.9
1583168194167,282.9
1583168194167,282.9
1583168194167,282.9
1583168194167,282.9
1583168194167,282.9
1583168194167,282.9
1583168194167,282.9
1583168194167,282.9
1583168194167,282.9
1583168194167,282.9
1583168194167,282.9
1583168194167,282.9
1583168194167,282.9
1583168194167,282.9
1583168194167,282.9
1583168194167,282.9
1583168194167,282.9
1583168194167,282.9
1583168194167,282.9
1583168194167,282.9
1583168418252,283.395
1583168426602,283.56
1583168426602,283.56
1583168441742,283.755
1583168453892,283.735
1583168467573,283.685
1583168467573,283.685
1583168467573,283.685
1583168494772,283.87
1583168494772,283.87
1583168494772,283.87
1583168529256,284.08
1583168529256,284.08
1583168529256,284.08
1583168529256,284.08
1583168529256,284.08
1583168578353,284.3
1583168578353,284.3
1583168578353,284.3
1583168617325,284.42
1583168625858,284.44
1583168625858,284.44
1583168625858,284.44
1583168659754,284.57
1583168668965,284.525
1583168678232,284.495
1583168687899,284.63
1583168687899,284.63
1583168710107,285
1583168720290,285.03
1583168724105,284.91
1583168743437,285.1
1583168743437,285.1
1583168743437,285.1
1583168767236,285.41
1583168767236,285.41
1583168796487,285.46
1583168796487,285.46
1583168811695,285.44
1583168827147,285.49
1583168828050,285.57
1583168848195,285.38
1583168848195,285.38
1583168863323,285.07
1583168879649,285.66
1583168880519,285.56
1583168880519,285.56
1583168880519,285.56
1583168914527,285.13
1583168914527,285.13
1583168933129,284.97
1583168949324,284.97
1583168949324,284.97
1583168949324,284.97
1583168949324,284.97
1583168949324,284.97
1583169000727,284.885
1583169000727,284.885
1583169026483,285.27
1583169037068,285.32
1583169043740,285.44
1583169043740,285.44
1583169063501,285.3
1583169075850,285.555
1583169080733,285.44
1583169098529,285.58
1583169105734,285.56
1583169120375,285.73
1583169122547,285.77
1583169133906,285.96
1583169152339,285.93
1583169152339,285.93
1583169170739,285.67
1583169178740,285.8
1583169192687,285.29
1583169192687,285.29
1583169192687,285.29
1583169192687,285.29
1583169192687,285.29
1583169244712,285.34
1583169253972,285.225
1583169253972,285.225
1583169276344,285.15
1583169284841,285.095
1583169297646,284.79
1583169303343,284.985
1583169303343,284.985
1583169303343,284.985
1583169303343,284.985
1583169349502,284.87
1583169359067,284.59
1583169363863,284.77
1583169374121,284.77
1583169386956,284.64
1583169394500,284.625
1583169407746,284.5
1583169415437,284.13
1583169415437,284.13
1583169436348,284.42
1583169454045,284.715
1583169464610,284.65
1583169472016,284.67
1583169478786,284.62
1583169478786,284.62
1583169507023,284.27
1583169507023,284.27
1583169507023,284.27
1583169528754,284.52
1583169528754,284.52
1583169559434,284.75
1583169569762,284.77
1583169569762,284.77
1583169569762,284.77
1583169569762,284.77
1583169609960,284.81
1583169615557,284.76
1583169615557,284.76
1583169615557,284.76
1583169615557,284.76
1583169615557,284.76
1583169615557,284.76
1583169615557,284.76
1583169691415,284.645
1583169691415,284.645
1583169714234,284.79
1583169714234,284.79
1583169728576,284.76
1583169728576,284.76
1583169752822,284.85
1583169752822,284.85
1583169774255,284.78
1583169786134,284.52
1583169798798,284.67
1583169802195,284.53
1583169812772,284.84
1583169825249,284.785
1583169832800,284.66
1583169832800,284.66
1583169832800,284.66
1583169867132,284.635
1583169878837,284.68
1583169894736,284.62
1583169894736,284.62
1583169906575,284.66
1583169925364,285.28
1583169925364,285.28
1583169941189,285.4
1583169941189,285.4
1583169966666,284.95
1583169969911,284.93
1583169969911,284.93
1583169969911,284.93
1583169969911,284.93
1583169969911,284.93
1583170025882,285.29
1583170031846,285.13
1583170031846,285.13
1583170055884,285.27
1583170055884,285.27
1583170078027,285.41
1583170078027,285.41
1583170094601,285.57
1583170108492,285.92
1583170121008,285.91
1583170121008,285.91
1583170121008,285.91
1583170155141,285.925
1583170165432,285.905
1583170173141,285.78
1583170179388,285.795
1583170190934,285.62
1583170199168,285.73
1583170199168,285.73
1583170227416,286
1583170235467,285.8
1583170251083,285.96
1583170251083,285.96
1583170251083,285.96
1583170251083,285.96
1583170251083,285.96
1583170251083,285.96
1583170251083,285.96
1583170322794,285.4
1583170322794,285.4
1583170336714,285.16
1583170348140,285.115
1583170348140,285.115
1583170348140,285.115
1583170379923,285.43
1583170379923,285.43
1583170402305,285.54
1583170402305,285.54
1583170423198,285.785
1583170423198,285.785
1583170445623,285.83
1583170445623,285.83
1583170470371,285.775
1583170478185,285.655
1583170489937,285.765
1583170498006,285.59
1583170511147,285.895
1583170521322,285.92
1583170524065,285.92
1583170524065,285.92
1583170524065,285.92
1583170564794,286.2
1583170564794,286.2
1583170564794,286.2
1583170564794,286.2
1583170564794,286.2
1583170564794,286.2
1583170564794,286.2
1583170564794,286.2
1583170564794,286.2
1583170651819,285.47
1583170651819,285.47
1583170651819,285.47
1583170651819,285.47
1583170651819,285.47
1583170651819,285.47
1583170651819,285.47
1583170726953,286.01
1583170726953,286.01
1583170726953,286.01
1583170726953,286.01
1583170726953,286.01
1583170726953,286.01
1583170726953,286.01
1583170726953,286.01
1583170726953,286.01
1583170726953,286.01
1583170726953,286.01
1583170726953,286.01
1583170855398,286.13
1583170867829,286
1583170867829,286
1583170867829,286
1583170867829,286
1583170867829,286
1583170867829,286
1583170867829,286
1583170867829,286
1583170867829,286
1583170867829,286
1583170867829,286
1583170867829,286
1583170867829,286
1583170867829,286
1583170867829,286
1583170867829,286
1583171031137,285.54
1583171031137,285.54
1583171050010,285.17
1583171050010,285.17
1583171050010,285.17
1583171050010,285.17
1583171096242,285.405
1583171106756,285.575
1583171111002,285.48
1583171111002,285.48
1583171111002,285.48
1583171140467,285.795
1583171140467,285.795
1583171140467,285.795
1583171140467,285.795
1583171140467,285.795
1583171198804,285.73
1583171205699,285.65
1583171205699,285.65
1583171205699,285.65
1583171234656,285.83
1583171234656,285.83
1583171234656,285.83
1583171234656,285.83
1583171234656,285.83
1583171234656,285.83
1583171301108,285.775
1583171317170,285.71
1583171317170,285.71
1583171317170,285.71
1583171317170,285.71
1583171356507,285.76
1583171365908,285.76
1583171365908,285.76
1583171365908,285.76
1583171365908,285.76
1583171365908,285.76
1583171417305,286.13
1583171424553,286.035
1583171438194,285.995
1583171438194,285.995
1583171457216,285.715
1583171457216,285.715
1583171477803,285.425
1583171494172,285.31
1583171494172,285.31
1583171494172,285.31
1583171494172,285.31
1583171494172,285.31
1583171540102,285.98
1583171553659,285.98
1583171569119,286.18
1583171569119,286.18
1583171569119,286.18
1583171591317,286.39
1583171591317,286.39
1583171591317,286.39
1583171626740,286.54
1583171626740,286.54
1583171651467,286.34
1583171655866,286.69
1583171655866,286.69
1583171680345,286.59
1583171680345,286.59
1583171680345,286.59
1583171711606,286.73
1583171711606,286.73
1583171711606,286.73
1583171711606,286.73
1583171711606,286.73
1583171711606,286.73
1583171771165,286.655
1583171771165,286.655
1583171771165,286.655
1583171771165,286.655
1583171821364,286.79
1583171821364,286.79
1583171835749,286.875
1583171849075,286.935
1583171849075,286.935
1583171849075,286.935
1583171882045,287.09
1583171894378,287.22
1583171898490,287.22
1583171912442,287.22
1583171912442,287.22
1583171936132,287.38
1583171936132,287.38
1583171936132,287.38
1583171936132,287.38
1583171936132,287.38
1583171936132,287.38
1583171936132,287.38
1583172008579,287.25
1583172008579,287.25
1583172008579,287.25
1583172008579,287.25
1583172008579,287.25
1583172056821,287.405
1583172056821,287.405
1583172082268,287.35
1583172095242,287.48
1583172095242,287.48
1583172115242,287.455
1583172126701,287.45
1583172137399,287.39
1583172137399,287.39
1583172153138,287.435
1583172153138,287.435
1583172153138,287.435
1583172153138,287.435
1583172153138,287.435
1583172153138,287.435
1583172153138,287.435
1583172221447,287.49
1583172221447,287.49
1583172244024,287.43
1583172254737,287.33
1583172254737,287.33
1583172254737,287.33
1583172254737,287.33
1583172254737,287.33
1583172254737,287.33
1583172325059,287.2
1583172326928,287.1
1583172326928,287.1
1583172355713,286.97
1583172355713,286.97
1583172372358,287.21
1583172372358,287.21
1583172372358,287.21
1583172372358,287.21
1583172417584,287.21
1583172417584,287.21
1583172417584,287.21
1583172417584,287.21
1583172455781,287.455
1583172455781,287.455
1583172455781,287.455
1583172490940,287.185
1583172490940,287.185
1583172490940,287.185
1583172517309,287.365
1583172517309,287.365
1583172517309,287.365
1583172517309,287.365
1583172566900,287.33
1583172573573,287.1
1583172581200,287.21
1583172590263,287.185
1583172590263,287.185
1583172590263,287.185
1583172590263,287.185
1583172590263,287.185
1583172590263,287.185
1583172657993,287.85
1583172663304,287.845
1583172663304,287.845
1583172663304,287.845
1583172701308,287.65
1583172707524,287.64
1583172707524,287.64
1583172707524,287.64
1583172707524,287.64
1583172748229,287.63
1583172748229,287.63
1583172773752,287.66
1583172773752,287.66
1583172788101,287.8
1583172801809,287.835
1583172810537,287.92
1583172820715,287.955
1583172820715,287.955
1583172820715,287.955
1583172856099,288.03
1583172856099,288.03
1583172856099,288.03
1583172856099,288.03
1583172856099,288.03
1583172856099,288.03
1583172856099,288.03
1583172928793,287.965
1583172928793,287.965
1583172928793,287.965
1583172928793,287.965
1583172965889,288.03
1583172965889,288.03
1583172989967,288.225
1583173002858,288.14
1583173002858,288.14
1583173002858,288.14
1583173002858,288.14
1583173042149,288.13
1583173042149,288.13
1583173070089,287.94
1583173076243,288.02
1583173076243,288.02
1583173097929,287.97
1583173097929,287.97
1583173116745,288.09
1583173116745,288.09
1583173116745,288.09
1583173150532,287.91
1583173150532,287.91
1583173173334,288.26
1583173173334,288.26
1583173195875,288.18
1583173195875,288.18
1583173195875,288.18
1583173195875,288.18
1583173236742,288.06
1583173244940,288.085
1583173244940,288.085
1583173266136,287.965
1583173270995,288.11
1583173287328,288.17
1583173299340,288.26
1583173309378,288.15
1583173320422,288.17
1583173331744,288.29
1583173331744,288.29
1583173331744,288.29
1583173358341,288.43
1583173358341,288.43
1583173358341,288.43
1583173358341,288.43
1583173406115,288.5
1583173414720,288.725
1583173426974,288.67
1583173426974,288.67
1583173426974,288.67
1583173456355,288.83
1583173468597,288.93
1583173468597,288.93
1583173485482,288.945
1583173493347,288.97
1583173502479,288.98
1583173515346,288.965
1583173526020,289.05
1583173540348,288.955
1583173549351,288.92
1583173549351,288.92
1583173549351,288.92
1583173549351,288.92
1583173592510,288.9
1583173592510,288.9
1583173605690,289.15
1583173623943,288.77
1583173632354,288.255
1583173632354,288.255
1583173653517,288.25
1583173663423,288.36
1583173677492,288.61
1583173682116,288.6
1583173682116,288.6
1583173682116,288.6
1583173712761,288.89
1583173712761,288.89
1583173712761,288.89
1583173712761,288.89
1583173758883,288.95
1583173758883,288.95
1583173758883,288.95
1583173790765,288.89
1583173790765,288.89
1583173813954,289.065
1583173813954,289.065
1583173813954,289.065
1583173813954,289.065
1583173846910,288.75
1583173860721,288.735
1583173860721,288.735
1583173860721,288.735
1583173897291,288.585
1583173906474,288.65
1583173918073,288.825
1583173925565,288.72
1583173925565,288.72
1583173925565,288.72
1583173925565,288.72
1583173925565,288.72
1583173979247,288.845
1583173979247,288.845
1583173979247,288.845
1583173979247,288.845
1583173979247,288.845
1583174033573,289.25
1583174046429,289.45
1583174058718,289.455
1583174067047,289.59
1583174078566,289.56
1583174078566,289.56
1583174078566,289.56
1583174078566,289.56
1583174120493,289.335
1583174120493,289.335
1583174132872,289.355
1583174146126,289.21
1583174156889,289.285
1583174170201,289.1
1583174170201,289.1
1583174170201,289.1
1583174196246,289.255
1583174196246,289.255
1583174215762,289.15
1583174231953,289.115
1583174244397,289.12
1583174244397,289.12
1583174244397,289.12
1583174244397,289.12
1583174244397,289.12
1583174291825,289.21
1583174291825,289.21
1583174318118,289.45
1583174329468,289.41
1583174329468,289.41
1583174329468,289.41
1583174329468,289.41
1583174364227,289.64
1583174364227,289.64
1583174364227,289.64
1583174364227,289.64
1583174410533,290.335
1583174421976,290.38
1583174421976,290.38
1583174421976,290.38
1583174421976,290.38
1583174421976,290.38
1583174473227,290.51
1583174473227,290.51
1583174489714,290.58
1583174489714,290.58
1583174489714,290.58
1583174489714,290.58
1583174489714,290.58
1583174489714,290.58
1583174489714,290.58
1583174563986,290.105
1583174563986,290.105
1583174563986,290.105
1583174563986,290.105
1583174612593,290.19
1583174612593,290.19
1583174626446,290.155
1583174639470,290.1
1583174652449,290.085
1583174664420,290.09
1583174672235,290.08
1583174685440,290
1583174685440,290
1583174704794,290.08
1583174713529,290.07
1583174719245,290.08
1583174731437,289.98
1583174743330,289.975
1583174743330,289.975
1583174743330,289.975
1583174777646,290.13
1583174785313,290
1583174792404,290.075
1583174804527,290.13
1583174818572,290.065
1583174818572,290.065
1583174818572,290.065
1583174851474,290.075
1583174865689,289.995
1583174873437,289.97
1583174880259,289.705
1583174880259,289.705
1583174880259,289.705
1583174910038,289.72
1583174925786,290.08
1583174925786,290.08
1583174947096,290.09
1583174950761,290.1
1583174969854,290.155
1583174973403,290.135
1583174984655,290.155
1583174984655,290.155
1583175011580,289.915
1583175016453,290.135
1583175016453,290.135
1583175042053,290.16
1583175054163,290.195
1583175054163,290.195
1583175074233,290.655
1583175074233,290.655
1583175095374,290.81
1583175095374,290.81
1583175095374,290.81
1583175095374,290.81
1583175132128,289.83
1583175144907,289.85
1583175144907,289.85
1583175169954,289.735
1583175179240,289.67
1583175182870,289.72
1583175182870,289.72
1583175182870,289.72
1583175221702,289.87
1583175232274,289.735
1583175232274,289.735
1583175232274,289.735
1583175263824,289.72
1583175263824,289.72
1583175263824,289.72
1583175263824,289.72
1583175263824,289.72
1583175313422,289.2
1583175313422,289.2
1583175313422,289.2
1583175313422,289.2
1583175313422,289.2
1583175363719,289.04
1583175363719,289.04
1583175363719,289.04
1583175363719,289.04
1583175363719,289.04
1583175419816,288.885
1583175419816,288.885
1583175436221,288.89
1583175447165,288.865
1583175447165,288.865
1583175447165,288.865
1583175447165,288.865
1583175447165,288.865
1583175447165,288.865
1583175447165,288.865
1583175447165,288.865
1583175447165,288.865
1583175539873,289.29
1583175539873,289.29
1583175539873,289.29
1583175539873,289.29
1583175539873,289.29
1583175539873,289.29
1583175600056,289.455
1583175618881,289.53
1583175618881,289.53
1583175618881,289.53
1583175618881,289.53
1583175618881,289.53
1583175618881,289.53
1583175618881,289.53
1583175618881,289.53
1583175618881,289.53
1583175618881,289.53
1583175618881,289.53
1583175618881,289.53
1583175618881,289.53
1583175618881,289.53
1583175767672,290.3
1583175767672,290.3
1583175789439,290.2
1583175789439,290.2
1583175789439,290.2
1583175789439,290.2
1583175789439,290.2
1583175789439,290.2
1583175850572,289.89
1583175858485,289.97
1583175858485,289.97
1583175858485,289.97
1583175858485,289.97
1583175858485,289.97
1583175858485,289.97
1583175917157,290.28
1583175928512,290.08
1583175928512,290.08
1583175928512,290.08
1583175928512,290.08
1583175928512,290.08
1583175928512,290.08
1583175928512,290.08
1583175928512,290.08
1583175928512,290.08
1583175928512,290.08
1583175928512,290.08
1583175928512,290.08
1583175928512,290.08
1583175928512,290.08
1583175928512,290.08
1583175928512,290.08
1583176102027,290.63
1583176102027,290.63
1583176102027,290.63
1583176135200,290.96
1583176136326,291.05
1583176136326,291.05
1583176167252,291.28
1583176173797,291.435
1583176185145,291.45
1583176185145,291.45
1583176185145,291.45
1583176185145,291.45
1583176185145,291.45
1583176185145,291.45
1583176244559,291.385
1583176244559,291.385
1583176244559,291.385
1583176281563,291.18
1583176281563,291.18
1583176303871,290.895
1583176303871,290.895
1583176303871,290.895
1583176303871,290.895
1583176303871,290.895
1583176350474,290.56
1583176350474,290.56
1583176350474,290.56
1583176350474,290.56
1583176396719,290.755
1583176406976,290.76
1583176406976,290.76
1583176425010,290.94
1583176430619,291.04
1583176430619,291.04
1583176430619,291.04
1583176468033,290.82
1583176479765,290.82
1583176479765,290.82
1583176479765,290.82
1583176479765,290.82
1583176479765,290.82
1583176479765,290.82
1583176538459,290.645
1583176538459,290.645
1583176557014,290.35
1583176557014,290.35
1583176557014,290.35
1583176589803,290.235
1583176608851,290.025
1583176617335,290.07
1583176627009,289.725
1583176639951,290.005
1583176651853,290.125
1583176658822,290.135
1583176673141,290.225
1583176673975,290.225
1583176673975,290.225
1583176673975,290.225
1583176712004,290.435
1583176723341,290.43
1583176723341,290.43
1583176745547,290.575
1583176756432,290.595
1583176767446,290.485
1583176777876,290.57
1583176779246,290.57
1583176798339,290.67
1583176808602,290.83
1583176818696,290.67
1583176829957,290.55
1583176833629,290.605
1583176846972,290.71
1583176862219,290.6
1583176872367,290.72
1583176879890,290.64
1583176890990,290.645
1583176901996,290.43
1583176913759,290.64
1583176926194,290.72
1583176932393,290.79
1583176945712,290.51
1583176945712,290.51
1583176962591,290.345
1583176962591,290.345
1583176962591,290.345
1583176998525,290.31
1583176998525,290.31
1583176998525,290.31
1583176998525,290.31
1583177040782,289.855
1583177051545,289.955
1583177051545,289.955
1583177051545,289.955
1583177051545,289.955
1583177051545,289.955
1583177104132,289.75
1583177104132,289.75
1583177119887,289.66
1583177134132,289.55
1583177139715,289.6
1583177139715,289.6
1583177139715,289.6
1583177139715,289.6
1583177139715,289.6
1583177139715,289.6
1583177206451,289.22
1583177206451,289.22
1583177225074,289.37
1583177225074,289.37
1583177245684,289
1583177245684,289
1583177245684,289
1583177281253,289.285
1583177291747,289.3
1583177291747,289.3
1583177291747,289.3
1583177291747,289.3
1583177291747,289.3
1583177291747,289.3
1583177291747,289.3
1583177365850,288.47
1583177365850,288.47
1583177365850,288.47
1583177365850,288.47
1583177403465,287.94
1583177403465,287.94
1583177403465,287.94
1583177403465,287.94
1583177403465,287.94
1583177403465,287.94
1583177470259,288.045
1583177476868,288.125
1583177476868,288.125
1583177502708,288.02
1583177510605,287.95
1583177510605,287.95
1583177510605,287.95
1583177545869,287.785
1583177545869,287.785
1583177545869,287.785
1583177545869,287.785
1583177585661,287.67
1583177598408,287.87
1583177598408,287.87
1583177617414,288.01
1583177617414,288.01
1583177617414,288.01
1583177644767,287.95
1583177655180,287.965
1583177672045,287.95
1583177680929,288.03
1583177680929,288.03
1583177680929,288.03
1583177704867,287.75
1583177704867,287.75
1583177704867,287.75
1583177704867,287.75
1583177756631,287.43
1583177756631,287.43
1583177769328,287.68
1583177787053,287.48
1583177787053,287.48
1583177787053,287.48
1583177787053,287.48
1583177787053,287.48
1583177835640,286.915
1583177835640,286.915
1583177835640,286.915
1583177835640,286.915
1583177875615,287.06
1583177875615,287.06
1583177875615,287.06
1583177910183,287.05
1583177910183,287.05
1583177929199,286.73
1583177941873,286.39
1583177941873,286.39
1583177955834,286.145
1583177974007,285.885
1583177983216,286.04
1583177997280,285.86
1583177997280,285.86
1583178018060,285.69
1583178018060,285.69
1583178018060,285.69
1583178018060,285.69
1583178018060,285.69
1583178018060,285.69
1583178018060,285.69
1583178092906,285.29
1583178092906,285.29
1583178092906,285.29
1583178092906,285.29
1583178092906,285.29
1583178144909,285.45
1583178144909,285.45
1583178144909,285.45
1583178144909,285.45
1583178144909,285.45
1583178196991,285.03
1583178203814,284.835
1583178203814,284.835
1583178228684,284.95
1583178228684,284.95
1583178228684,284.95
1583178228684,284.95
1583178228684,284.95
1583178277920,285.08
1583178277920,285.08
1583178295756,285.35
1583178295756,285.35
1583178295756,285.35
1583178295756,285.35
1583178295756,285.35
1583178295756,285.35
1583178361203,284.83
1583178361203,284.83
1583178380562,284.89
1583178380562,284.89
1583178405320,285.35
1583178418077,285.3
1583178418077,285.3
1583178432499,285.43
1583178432499,285.43
1583178451857,285.47
1583178468128,285.61
1583178476142,285.8
1583178484114,286.095
1583178484114,286.095
1583178484114,286.095
1583178484114,286.095
1583178484114,286.095
1583178484114,286.095
1583178484114,286.095
1583178556471,286.39
1583178568904,286.51
1583178568904,286.51
1583178568904,286.51
1583178601568,286.35
1583178608501,285.82
1583178628223,285.82
1583178628223,285.82
1583178641307,285.51
1583178641307,285.51
1583178668510,284.87
1583178670708,284.94
1583178670708,284.94
1583178670708,284.94
1583178670708,284.94
1583178670708,284.94
1583178670708,284.94
1583178670708,284.94
1583178670708,284.94
1583178761248,285.93
1583178761248,285.93
1583178761248,285.93
1583178795702,285.97
1583178795702,285.97
1583178817253,286.02
1583178817253,286.02
1583178817253,286.02
1583178817253,286.02
1583178817253,286.02
1583178817253,286.02
1583178880584,286.03
1583178880584,286.03
1583178880584,286.03
1583178905272,286.07
1583178905272,286.07
1583178905272,286.07
1583178905272,286.07
1583178943933,286.27
1583178956692,286.13
1583178956692,286.13
1583178956692,286.13
1583178956692,286.13
1583179001987,285.83
1583179001987,285.83
1583179022329,285.61
1583179022329,285.61
1583179022329,285.61
1583179022329,285.61
1583179022329,285.61
1583179078920,285.29
1583179078920,285.29
1583179099925,284.915
1583179112167,285.155
1583179112167,285.155
1583179129593,285.335
1583179141933,285.28
1583179153718,284.99
1583179153718,284.99
1583179153718,284.99
1583179153718,284.99
1583179153718,284.99
1583179153718,284.99
1583179218027,284.9
1583179218027,284.9
1583179218027,284.9
1583179245407,285.465
1583179253405,285.355
1583179253405,285.355
1583179253405,285.355
1583179289749,285.465
1583179302066,285.755
1583179302066,285.755
1583179302066,285.755
1583179302066,285.755
1583179302066,285.755
1583179302066,285.755
1583179302066,285.755
1583179372082,285.925
1583179372082,285.925
1583179372082,285.925
1583179372082,285.925
1583179372082,285.925
1583179372082,285.925
1583179441330,285.59
1583179448737,285.54
1583179448737,285.54
1583179464142,285.6
1583179478534,285.74
1583179478534,285.74
1583179478534,285.74
1583179512143,285.705
1583179512143,285.705
1583179512143,285.705
1583179545522,286.38
1583179549741,286.275
1583179563346,286.14
1583179578153,286.47
1583179588699,286.62
1583179596348,286.51
1583179607817,286.525
1583179618177,286.21
1583179628180,286.245
1583179642593,286.52
1583179648247,286.51
1583179658625,286.5
1583179668633,286.395
1583179682650,286.4
1583179688381,286.24
1583179703929,286.495
1583179714695,286.51
1583179726693,286.41
1583179733417,286.44
1583179744330,286.63
1583179754904,286.77
1583179754904,286.77
1583179779288,287.58
1583179788667,287.625
1583179798113,287.53
1583179798113,287.53
1583179798113,287.53
1583179822348,287.24
1583179840038,287.45
1583179840038,287.45
1583179840038,287.45
1583179840038,287.45
1583179840038,287.45
1583179886077,287.26
1583179896539,287.23
1583179896539,287.23
1583179920001,287.31
1583179920001,287.31
1583179920001,287.31
1583179920001,287.31
1583179960055,287.67
1583179960055,287.67
1583179985038,287.94
1583179985038,287.94
1583180005539,287.905
1583180005539,287.905
1583180005539,287.905
1583180037357,287.955
1583180044845,287.87
1583180044845,287.87
1583180044845,287.87
1583180044845,287.87
1583180044845,287.87
1583180044845,287.87
1583180044845,287.87
1583180125875,288.07
1583180125875,288.07
1583180146785,288.125
1583180146785,288.125
1583180164211,288.24
1583180177314,288.315
1583180187437,288.46
1583180194866,288.6
1583180209842,288.58
1583180209842,288.58
1583180209842,288.58
1583180209842,288.58
1583180209842,288.58
1583180209842,288.58
1583180270587,288.55
1583180270587,288.55
1583180270587,288.55
1583180270587,288.55
1583180270587,288.55
1583180270587,288.55
1583180270587,288.55
1583180338380,287.69
1583180338380,287.69
1583180364055,287.63
1583180364055,287.63
1583180364055,287.63
1583180396990,287.265
1583180403613,287.255
1583180403613,287.255
1583180428095,287.405
1583180428095,287.405
1583180442210,287.33
1583180456246,287.51
1583180470497,287.39
1583180470497,287.39
1583180492376,288.21
1583180500939,288.11
1583180500939,288.11
1583180522070,287.93
1583180522070,287.93
1583180522070,287.93
1583180522070,287.93
1583180522070,287.93
1583180522070,287.93
1583180522070,287.93
1583180522070,287.93
1583180522070,287.93
1583180522070,287.93
1583180522070,287.93
1583180522070,287.93
1583180522070,287.93
1583180522070,287.93
1583180667677,288.345
1583180667677,288.345
1583180683408,288.7
1583180700842,288.75
1583180700842,288.75
1583180700842,288.75
1583180731491,288.355
1583180743248,288.52
1583180743248,288.52
1583180743248,288.52
1583180743248,288.52
1583180786622,288.8
1583180792309,288.96
1583180792309,288.96
1583180792309,288.96
1583180792309,288.96
1583180792309,288.96
1583180792309,288.96
1583180856272,288.48
1583180856272,288.48
1583180875233,288.33
1583180875233,288.33
1583180900504,288.015
1583180903838,287.97
1583180903838,287.97
1583180928495,287.9
1583180944413,287.82
1583180948290,287.85
1583180948290,287.85
1583180969070,287.97
1583180969070,287.97
1583180988716,288.11
1583181006237,288.2
1583181006237,288.2
1583181006237,288.2
1583181035312,287.97
1583181049199,288.05
1583181049199,288.05
1583181049199,288.05
1583181076825,288.32
1583181091157,288.32
1583181102686,288.315
1583181109721,288.24
1583181124442,288.15
1583181135653,288.32
1583181140828,288.275
1583181157828,288.135
1583181167944,288.23
1583181178519,288.195
1583181188996,288.155
1583181198693,288.155
1583181209055,288.275
1583181221462,288.275
1583181230236,288.27
1583181235271,288.125
1583181246696,288.27
1583181246696,288.27
1583181269189,288.16
1583181275939,288.04
1583181294628,287.95
1583181303740,288.025
1583181308252,288.11
1583181308252,288.11
1583181308252,288.11
1583181343637,288.47
1583181343637,288.47
1583181343637,288.47
1583181375371,288.71
1583181384319,288.76
1583181384319,288.76
1583181412372,288.73
1583181412372,288.73
1583181427146,288.86
1583181427146,288.86
1583181427146,288.86
1583181465062,288.76
1583181465062,288.76
1583181465062,288.76
1583181465062,288.76
1583181500654,289.1
1583181500654,289.1
1583181526248,289.37
1583181526248,289.37
1583181526248,289.37
1583181526248,289.37
1583181526248,289.37
1583181576998,289.24
1583181586364,289.15
1583181586364,289.15
1583181586364,289.15
1583181586364,289.15
1583181631774,289.41
1583181631774,289.41
1583181631774,289.41
1583181659153,289.51
1583181659153,289.51
1583181659153,289.51
1583181659153,289.51
1583181659153,289.51
1583181659153,289.51
1583181659153,289.51
1583181659153,289.51
1583181748476,289.815
1583181748476,289.815
1583181748476,289.815
1583181778846,290
1583181788838,289.78
1583181791836,289.76
1583181791836,289.76
1583181791836,289.76
1583181828918,289.26
1583181840922,289.1
1583181840922,289.1
1583181840922,289.1
1583181874648,289.13
1583181881807,289.34
1583181896266,288.965
1583181905455,288.94
1583181912329,289.04
1583181925631,289.16
1583181937539,289.23
1583181937539,289.23
1583181951001,289.045
1583181964732,289
1583181979133,289.13
1583181991093,289.325
1583182001069,289.305
1583182007214,289.34
1583182019396,289.6
1583182033243,289.66
1583182044383,289.7
1583182050856,289.835
1583182063997,289.57
1583182075630,289.43
1583182086729,289.32
1583182093385,289.21
1583182101386,289.16
1583182116590,289.305
1583182127144,289.465
1583182139095,289.29
1583182146759,289.345
1583182157674,289.055
1583182169966,289.105
