1585834234457,65.97
1585834234457,65.97
1585834234457,65.97
1585834234457,65.97
1585834234457,65.97
1585834234457,65.97
1585834234457,65.97
1585834234457,65.97
1585834234457,65.97
1585834234457,65.97
1585834234457,65.97
1585834234457,65.97
1585834234457,65.97
1585834234457,65.97
1585834234457,65.97
1585834234457,65.97
1585834234457,65.97
1585834234457,65.97
1585834234457,65.97
1585834234457,65.97
1585834234457,65.97
1585834234457,65.97
1585834234457,65.97
1585834234457,65.97
1585834234457,65.97
1585834517971,65.88
1585834517971,65.88
1585834517971,65.88
1585834517971,65.88
1585834563858,65.01
1585834563858,65.01
1585834563858,65.01
1585834563858,65.01
1585834563858,65.01
1585834563858,65.01
1585834563858,65.01
1585834563858,65.01
1585834563858,65.01
1585834563858,65.01
1585834563858,65.01
1585834563858,65.01
1585834563858,65.01
1585834563858,65.01
1585834563858,65.01
1585834563858,65.01
1585834563858,65.01
1585834563858,65.01
1585834563858,65.01
1585834563858,65.01
1585834563858,65.01
1585834563858,65.01
1585834563858,65.01
1585834563858,65.01
1585834563858,65.01
1585834821790,65.83
1585834821790,65.83
1585834821790,65.83
1585834821790,65.83
1585834821790,65.83
1585834821790,65.83
1585834821790,65.83
1585834821790,65.83
1585834821790,65.83
1585834821790,65.83
1585834821790,65.83
1585834821790,65.83
1585834821790,65.83
1585834821790,65.83
1585834821790,65.83
1585834821790,65.83
1585834821790,65.83
1585834821790,65.83
1585834821790,65.83
1585834821790,65.83
1585834821790,65.83
1585834821790,65.83
1585834821790,65.83
1585834821790,65.83
1585834821790,65.83
1585834821790,65.83
1585834821790,65.83
1585834821790,65.83
1585834821790,65.83
1585834821790,65.83
1585834821790,65.83
1585834821790,65.83
1585834821790,65.83
1585834821790,65.83
1585834821790,65.83
1585834821790,65.83
1585834821790,65.83
1585834821790,65.83
1585834821790,65.83
1585834821790,65.83
1585834821790,65.83
1585834821790,65.83
1585834821790,65.83
1585834821790,65.83
1585834821790,65.83
1585834821790,65.83
1585834821790,65.83
1585834821790,65.83
1585834821790,65.83
1585834821790,65.83
1585834821790,65.83
1585834821790,65.83
1585834821790,65.83
1585834821790,65.83
1585834821790,65.83
1585834821790,65.83
1585834821790,65.83
1585834821790,65.83
1585834821790,65.83
1585834821790,65.83
1585834821790,65.83
1585834821790,65.83
1585834821790,65.83
1585834821790,65.83
1585834821790,65.83
1585834821790,65.83
1585834821790,65.83
1585834821790,65.83
1585834821790,65.83
1585834821790,65.83
1585834821790,65.83
1585834821790,65.83
1585834821790,65.83
1585834821790,65.83
1585834821790,65.83
1585834821790,65.83
1585834821790,65.83
1585834821790,65.83
1585834821790,65.83
1585834821790,65.83
1585835660568,65.8
1585835660568,65.8
1585835660568,65.8
1585835660568,65.8
1585835660568,65.8
1585835660568,65.8
1585835660568,65.8
1585835660568,65.8
1585835660568,65.8
1585835660568,65.8
1585835660568,65.8
1585835660568,65.8
1585835660568,65.8
1585835660568,65.8
1585835660568,65.8
1585835660568,65.8
1585835660568,65.8
1585835660568,65.8
1585835660568,65.8
1585835660568,65.8
1585835660568,65.8
1585835660568,65.8
1585835660568,65.8
1585835660568,65.8
1585835660568,65.8
1585835660568,65.8
1585835660568,65.8
1585835660568,65.8
1585835660568,65.8
1585835660568,65.8
1585835660568,65.8
1585835660568,65.8
1585835660568,65.8
1585835660568,65.8
1585835660568,65.8
1585835660568,65.8
1585835660568,65.8
1585835660568,65.8
1585835660568,65.8
1585835660568,65.8
1585835660568,65.8
1585835660568,65.8
1585835660568,65.8
1585835660568,65.8
1585835660568,65.8
1585835660568,65.8
1585835660568,65.8
1585835660568,65.8
1585835660568,65.8
1585835660568,65.8
1585835660568,65.8
1585835660568,65.8
1585835660568,65.8
1585835660568,65.8
1585835660568,65.8
1585835660568,65.8
1585835660568,65.8
1585835660568,65.8
1585835660568,65.8
1585835660568,65.8
1585835660568,65.8
1585835660568,65.8
1585835660568,65.8
1585835660568,65.8
1585835660568,65.8
1585835660568,65.8
1585835660568,65.8
1585835660568,65.8
1585835660568,65.8
1585835660568,65.8
1585835660568,65.8
1585835660568,65.8
1585835660568,65.8
1585835660568,65.8
1585835660568,65.8
1585835660568,65.8
1585835660568,65.8
1585835660568,65.8
1585836474083,67.365
1585836474083,67.365
1585836474083,67.365
1585836474083,67.365
1585836474083,67.365
1585836474083,67.365
1585836474083,67.365
1585836474083,67.365
1585836474083,67.365
1585836474083,67.365
1585836474083,67.365
1585836474083,67.365
1585836605309,67.77
1585836607901,67.58
1585836607901,67.58
1585836607901,67.58
1585836607901,67.58
1585836607901,67.58
1585836607901,67.58
1585836607901,67.58
1585836607901,67.58
1585836607901,67.58
1585836607901,67.58
1585836607901,67.58
1585836607901,67.58
1585836607901,67.58
1585836607901,67.58
1585836607901,67.58
1585836607901,67.58
1585836607901,67.58
1585836607901,67.58
1585836607901,67.58
1585836607901,67.58
1585836607901,67.58
1585836607901,67.58
1585836607901,67.58
1585836607901,67.58
1585836607901,67.58
1585836607901,67.58
1585836607901,67.58
1585836607901,67.58
1585836607901,67.58
1585836607901,67.58
1585836607901,67.58
1585836607901,67.58
1585836607901,67.58
1585836607901,67.58
1585836607901,67.58
1585836607901,67.58
1585836607901,67.58
1585836607901,67.58
1585836607901,67.58
1585836607901,67.58
1585836607901,67.58
1585836607901,67.58
1585836607901,67.58
1585836607901,67.58
1585836607901,67.58
1585836607901,67.58
1585836607901,67.58
1585836607901,67.58
1585836607901,67.58
1585836607901,67.58
1585836607901,67.58
1585836607901,67.58
1585836607901,67.58
1585836607901,67.58
1585836607901,67.58
1585836607901,67.58
1585836607901,67.58
1585836607901,67.58
1585836607901,67.58
1585837233365,67.545
1585837233365,67.545
1585837233365,67.545
1585837233365,67.545
1585837233365,67.545
1585837233365,67.545
1585837233365,67.545
1585837233365,67.545
1585837233365,67.545
1585837233365,67.545
1585837233365,67.545
1585837233365,67.545
1585837233365,67.545
1585837233365,67.545
1585837233365,67.545
1585837233365,67.545
1585837233365,67.545
1585837233365,67.545
1585837233365,67.545
1585837233365,67.545
1585837233365,67.545
1585837233365,67.545
1585837233365,67.545
1585837233365,67.545
1585837233365,67.545
1585837233365,67.545
1585837233365,67.545
1585837515710,67.36
1585837515710,67.36
1585837515710,67.36
1585837515710,67.36
1585837515710,67.36
1585837515710,67.36
1585837515710,67.36
1585837515710,67.36
1585837515710,67.36
1585837515710,67.36
1585837515710,67.36
1585837515710,67.36
1585837515710,67.36
1585837515710,67.36
1585837515710,67.36
1585837515710,67.36
1585837515710,67.36
1585837515710,67.36
1585837515710,67.36
1585837515710,67.36
1585837515710,67.36
1585837515710,67.36
1585837515710,67.36
1585837515710,67.36
1585837515710,67.36
1585837515710,67.36
1585837515710,67.36
1585837515710,67.36
1585837515710,67.36
1585837515710,67.36
1585837515710,67.36
1585837515710,67.36
1585837850325,68.29
1585837850325,68.29
1585837850325,68.29
1585837850325,68.29
1585837850325,68.29
1585837850325,68.29
1585837913668,68.445
1585837913668,68.445
1585837913668,68.445
1585837913668,68.445
1585837953502,68.51
1585837962247,68.18
1585837962247,68.18
1585837962247,68.18
1585837992740,68.065
1585837992740,68.065
1585837992740,68.065
1585837992740,68.065
1585838037408,68.54
1585838037408,68.54
1585838050602,68.02
1585838050602,68.02
1585838050602,68.02
1585838091642,68.53
1585838091642,68.53
1585838103778,67.6
1585838103778,67.6
1585838103778,67.6
1585838103778,67.6
1585838103778,67.6
1585838103778,67.6
1585838103778,67.6
1585838103778,67.6
1585838103778,67.6
1585838103778,67.6
1585838103778,67.6
1585838225357,68.14
1585838225357,68.14
1585838225357,68.14
1585838225357,68.14
1585838225357,68.14
1585838225357,68.14
1585838225357,68.14
1585838225357,68.14
1585838225357,68.14
1585838225357,68.14
1585838225357,68.14
1585838225357,68.14
1585838225357,68.14
1585838225357,68.14
1585838225357,68.14
1585838225357,68.14
1585838225357,68.14
1585838225357,68.14
1585838225357,68.14
1585838225357,68.14
1585838225357,68.14
1585838225357,68.14
1585838225357,68.14
1585838225357,68.14
1585838225357,68.14
1585838225357,68.14
1585838225357,68.14
1585838225357,68.14
1585838225357,68.14
1585838225357,68.14
1585838225357,68.14
1585838225357,68.14
1585838225357,68.14
1585838225357,68.14
1585838225357,68.14
1585838225357,68.14
1585838225357,68.14
1585838225357,68.14
1585838225357,68.14
1585838225357,68.14
1585838225357,68.14
1585838225357,68.14
1585838225357,68.14
1585838225357,68.14
1585838225357,68.14
1585838225357,68.14
1585838225357,68.14
1585838225357,68.14
1585838225357,68.14
1585838225357,68.14
1585838225357,68.14
1585838225357,68.14
1585838225357,68.14
1585838225357,68.14
1585838225357,68.14
1585838225357,68.14
1585838810238,68.03
1585838810238,68.03
1585838810238,68.03
1585838810238,68.03
1585838810238,68.03
1585838810238,68.03
1585838810238,68.03
1585838879530,68.645
1585838879530,68.645
1585838879530,68.645
1585838879530,68.645
1585838879530,68.645
1585838879530,68.645
1585838879530,68.645
1585838879530,68.645
1585838879530,68.645
1585838879530,68.645
1585838879530,68.645
1585838879530,68.645
1585838879530,68.645
1585838879530,68.645
1585838879530,68.645
1585838879530,68.645
1585838879530,68.645
1585838879530,68.645
1585838879530,68.645
1585838879530,68.645
1585838879530,68.645
1585838879530,68.645
1585838879530,68.645
1585838879530,68.645
1585838879530,68.645
1585838879530,68.645
1585838879530,68.645
1585838879530,68.645
1585838879530,68.645
1585838879530,68.645
1585838879530,68.645
1585838879530,68.645
1585838879530,68.645
1585838879530,68.645
1585838879530,68.645
1585838879530,68.645
1585838879530,68.645
1585838879530,68.645
1585838879530,68.645
1585838879530,68.645
1585838879530,68.645
1585838879530,68.645
1585838879530,68.645
1585838879530,68.645
1585838879530,68.645
1585838879530,68.645
1585838879530,68.645
1585838879530,68.645
1585838879530,68.645
1585838879530,68.645
1585839413215,68.32
1585839417056,68.315
1585839417056,68.315
1585839417056,68.315
1585839417056,68.315
1585839417056,68.315
1585839417056,68.315
1585839417056,68.315
1585839417056,68.315
1585839417056,68.315
1585839417056,68.315
1585839417056,68.315
1585839417056,68.315
1585839417056,68.315
1585839417056,68.315
1585839417056,68.315
1585839417056,68.315
1585839417056,68.315
1585839594238,68.2
1585839594238,68.2
1585839620883,68.2
1585839620883,68.2
1585839620883,68.2
1585839620883,68.2
1585839620883,68.2
1585839620883,68.2
1585839620883,68.2
1585839620883,68.2
1585839620883,68.2
1585839620883,68.2
1585839620883,68.2
1585839620883,68.2
1585839620883,68.2
1585839620883,68.2
1585839620883,68.2
1585839620883,68.2
1585839620883,68.2
1585839620883,68.2
1585839620883,68.2
1585839620883,68.2
1585839620883,68.2
1585839620883,68.2
1585839620883,68.2
1585839620883,68.2
1585839620883,68.2
1585839620883,68.2
1585839620883,68.2
1585839620883,68.2
1585839620883,68.2
1585839620883,68.2
1585839620883,68.2
1585839620883,68.2
1585839951004,68.26
1585839951004,68.26
1585839951004,68.26
1585839951004,68.26
1585839951004,68.26
1585839951004,68.26
1585839951004,68.26
1585839951004,68.26
1585839951004,68.26
1585839951004,68.26
1585839951004,68.26
1585839951004,68.26
1585839951004,68.26
1585839951004,68.26
1585839951004,68.26
1585839951004,68.26
1585840123143,68.19
1585840133742,68.18
1585840133742,68.18
1585840133742,68.18
1585840133742,68.18
1585840133742,68.18
1585840133742,68.18
1585840133742,68.18
1585840133742,68.18
1585840133742,68.18
1585840133742,68.18
1585840133742,68.18
1585840133742,68.18
1585840133742,68.18
1585840133742,68.18
1585840133742,68.18
1585840133742,68.18
1585840133742,68.18
1585840133742,68.18
1585840317489,67.49
1585840317489,67.49
1585840317489,67.49
1585840317489,67.49
1585840317489,67.49
1585840317489,67.49
1585840317489,67.49
1585840317489,67.49
1585840317489,67.49
1585840317489,67.49
1585840317489,67.49
1585840317489,67.49
1585840317489,67.49
1585840317489,67.49
1585840317489,67.49
1585840317489,67.49
1585840317489,67.49
1585840317489,67.49
1585840317489,67.49
1585840317489,67.49
1585840317489,67.49
1585840317489,67.49
1585840317489,67.49
1585840317489,67.49
1585840317489,67.49
1585840317489,67.49
1585840317489,67.49
1585840317489,67.49
1585840317489,67.49
1585840317489,67.49
1585840317489,67.49
1585840317489,67.49
1585840317489,67.49
1585840317489,67.49
1585840317489,67.49
1585840317489,67.49
1585840317489,67.49
1585840317489,67.49
1585840317489,67.49
1585840317489,67.49
1585840317489,67.49
1585840317489,67.49
1585840317489,67.49
1585840317489,67.49
1585840317489,67.49
1585840317489,67.49
1585840317489,67.49
1585840317489,67.49
1585840317489,67.49
1585840317489,67.49
1585840317489,67.49
1585840317489,67.49
1585840317489,67.49
1585840866853,67.56
1585840866853,67.56
1585840866853,67.56
1585840866853,67.56
1585840866853,67.56
1585840866853,67.56
1585840866853,67.56
1585840866853,67.56
1585840866853,67.56
1585840866853,67.56
1585840866853,67.56
1585840866853,67.56
1585840866853,67.56
1585840866853,67.56
1585840866853,67.56
1585840866853,67.56
1585840866853,67.56
1585840866853,67.56
1585840866853,67.56
1585840866853,67.56
1585840866853,67.56
1585840866853,67.56
1585840866853,67.56
1585840866853,67.56
1585840866853,67.56
1585840866853,67.56
1585840866853,67.56
1585840866853,67.56
1585840866853,67.56
1585841177767,67.39
1585841177767,67.39
1585841177767,67.39
1585841177767,67.39
1585841177767,67.39
1585841177767,67.39
1585841233223,67.39
1585841233223,67.39
1585841254067,67.5
1585841254067,67.5
1585841254067,67.5
1585841254067,67.5
1585841254067,67.5
1585841254067,67.5
1585841254067,67.5
1585841254067,67.5
1585841254067,67.5
1585841254067,67.5
1585841254067,67.5
1585841254067,67.5
1585841254067,67.5
1585841254067,67.5
1585841254067,67.5
1585841254067,67.5
1585841254067,67.5
1585841254067,67.5
1585841254067,67.5
1585841254067,67.5
1585841254067,67.5
1585841254067,67.5
1585841254067,67.5
1585841254067,67.5
1585841254067,67.5
1585841254067,67.5
1585841254067,67.5
1585841254067,67.5
1585841254067,67.5
1585841254067,67.5
1585841254067,67.5
1585841254067,67.5
1585841254067,67.5
1585841254067,67.5
1585841254067,67.5
1585841254067,67.5
1585841254067,67.5
1585841254067,67.5
1585841254067,67.5
1585841254067,67.5
1585841254067,67.5
1585841254067,67.5
1585841254067,67.5
1585841254067,67.5
1585841254067,67.5
1585841254067,67.5
1585841254067,67.5
1585841254067,67.5
1585841254067,67.5
1585841254067,67.5
1585841254067,67.5
1585841254067,67.5
1585841254067,67.5
1585841254067,67.5
1585841254067,67.5
1585841254067,67.5
1585841254067,67.5
1585841254067,67.5
1585841254067,67.5
1585841254067,67.5
1585841254067,67.5
1585841254067,67.5
1585841254067,67.5
1585841254067,67.5
1585841254067,67.5
1585841254067,67.5
1585841254067,67.5
1585841254067,67.5
1585841254067,67.5
1585841254067,67.5
1585841254067,67.5
1585841254067,67.5
1585841254067,67.5
1585841254067,67.5
1585841254067,67.5
1585841254067,67.5
1585841254067,67.5
1585841254067,67.5
1585841254067,67.5
1585841254067,67.5
1585841254067,67.5
1585841254067,67.5
1585841254067,67.5
1585841254067,67.5
1585841254067,67.5
1585841254067,67.5
1585841254067,67.5
1585841254067,67.5
1585841254067,67.5
1585842188390,67.755
1585842188390,67.755
1585842188390,67.755
1585842188390,67.755
1585842188390,67.755
1585842188390,67.755
1585842188390,67.755
1585842188390,67.755
1585842188390,67.755
1585842188390,67.755
1585842188390,67.755
1585842188390,67.755
1585842188390,67.755
1585842188390,67.755
1585842188390,67.755
1585842188390,67.755
1585842188390,67.755
1585842188390,67.755
1585842188390,67.755
1585842385008,67.86
1585842385008,67.86
1585842385008,67.86
1585842385008,67.86
1585842385008,67.86
1585842447354,67.875
1585842447354,67.875
1585842462028,67.915
1585842462028,67.915
1585842462028,67.915
1585842462028,67.915
1585842462028,67.915
1585842462028,67.915
1585842462028,67.915
1585842462028,67.915
1585842462028,67.915
1585842462028,67.915
1585842462028,67.915
1585842462028,67.915
1585842462028,67.915
1585842462028,67.915
1585842462028,67.915
1585842462028,67.915
1585842462028,67.915
1585842462028,67.915
1585842462028,67.915
1585842462028,67.915
1585842670427,68.06
1585842670427,68.06
1585842670427,68.06
1585842670427,68.06
1585842670427,68.06
1585842670427,68.06
1585842670427,68.06
1585842670427,68.06
1585842670427,68.06
1585842766666,68.155
1585842766666,68.155
1585842766666,68.155
1585842766666,68.155
1585842766666,68.155
1585842766666,68.155
1585842766666,68.155
1585842766666,68.155
1585842766666,68.155
1585842766666,68.155
1585842766666,68.155
1585842766666,68.155
1585842766666,68.155
1585842766666,68.155
1585842766666,68.155
1585842766666,68.155
1585842766666,68.155
1585842766666,68.155
1585842766666,68.155
1585842973789,68.065
1585842974227,68.135
1585842974227,68.135
1585843004041,68.23
1585843004041,68.23
1585843004041,68.23
1585843004041,68.23
1585843004041,68.23
1585843004041,68.23
1585843004041,68.23
1585843004041,68.23
1585843004041,68.23
1585843004041,68.23
1585843004041,68.23
1585843004041,68.23
1585843004041,68.23
1585843004041,68.23
1585843004041,68.23
1585843004041,68.23
1585843004041,68.23
1585843004041,68.23
1585843004041,68.23
1585843004041,68.23
1585843004041,68.23
1585843004041,68.23
1585843004041,68.23
1585843004041,68.23
1585843004041,68.23
1585843004041,68.23
1585843004041,68.23
1585843004041,68.23
1585843004041,68.23
1585843004041,68.23
1585843004041,68.23
1585843327793,68.04
1585843327793,68.04
1585843327793,68.04
1585843327793,68.04
1585843327793,68.04
1585843327793,68.04
1585843327793,68.04
1585843327793,68.04
1585843327793,68.04
1585843421529,67.665
1585843421529,67.665
1585843421529,67.665
1585843421529,67.665
1585843421529,67.665
1585843421529,67.665
1585843421529,67.665
1585843421529,67.665
1585843421529,67.665
1585843421529,67.665
1585843421529,67.665
1585843421529,67.665
1585843421529,67.665
1585843421529,67.665
1585843421529,67.665
1585843421529,67.665
1585843421529,67.665
1585843421529,67.665
1585843421529,67.665
1585843421529,67.665
1585843421529,67.665
1585843421529,67.665
1585843421529,67.665
1585843421529,67.665
1585843421529,67.665
1585843421529,67.665
1585843701329,67.955
1585843701329,67.955
1585843701329,67.955
1585843701329,67.955
1585843701329,67.955
1585843701329,67.955
1585843701329,67.955
1585843701329,67.955
1585843701329,67.955
1585843701329,67.955
1585843701329,67.955
1585843701329,67.955
1585843701329,67.955
1585843701329,67.955
1585843701329,67.955
1585843701329,67.955
1585843701329,67.955
1585843701329,67.955
1585843701329,67.955
1585843701329,67.955
1585843701329,67.955
1585843701329,67.955
1585843701329,67.955
1585843701329,67.955
1585843701329,67.955
1585843701329,67.955
1585843701329,67.955
1585843701329,67.955
1585843701329,67.955
1585843701329,67.955
1585843701329,67.955
1585843701329,67.955
1585843701329,67.955
1585843701329,67.955
1585843701329,67.955
1585843701329,67.955
1585843701329,67.955
1585843701329,67.955
1585843701329,67.955
1585843701329,67.955
1585843701329,67.955
1585843701329,67.955
1585843701329,67.955
1585843701329,67.955
1585843701329,67.955
1585843701329,67.955
1585843701329,67.955
1585843701329,67.955
1585843701329,67.955
1585843701329,67.955
1585843701329,67.955
1585843701329,67.955
1585843701329,67.955
1585843701329,67.955
1585843701329,67.955
1585843701329,67.955
1585843701329,67.955
1585843701329,67.955
1585843701329,67.955
1585843701329,67.955
1585843701329,67.955
1585843701329,67.955
1585843701329,67.955
1585843701329,67.955
1585843701329,67.955
1585843701329,67.955
1585843701329,67.955
1585843701329,67.955
1585843701329,67.955
1585843701329,67.955
1585843701329,67.955
1585843701329,67.955
1585843701329,67.955
1585843701329,67.955
1585843701329,67.955
1585843701329,67.955
1585843701329,67.955
1585843701329,67.955
1585843701329,67.955
1585844524204,68.01
1585844541717,68.03
1585844541717,68.03
1585844555564,68.05
1585844566134,67.95
1585844566134,67.95
1585844566134,67.95
1585844566134,67.95
1585844610087,68.05
1585844610087,68.05
1585844610087,68.05
1585844610087,68.05
1585844610087,68.05
1585844610087,68.05
1585844610087,68.05
1585844610087,68.05
1585844610087,68.05
1585844610087,68.05
1585844610087,68.05
1585844610087,68.05
1585844610087,68.05
1585844610087,68.05
1585844610087,68.05
1585844610087,68.05
1585844610087,68.05
1585844610087,68.05
1585844610087,68.05
1585844809801,67.92
1585844809801,67.92
1585844809801,67.92
1585844809801,67.92
1585844809801,67.92
1585844809801,67.92
1585844809801,67.92
1585844809801,67.92
1585844809801,67.92
1585844809801,67.92
1585844809801,67.92
1585844809801,67.92
1585844809801,67.92
1585844809801,67.92
1585844809801,67.92
1585844809801,67.92
1585844809801,67.92
1585844809801,67.92
1585845001808,67.7
1585845001808,67.7
1585845001808,67.7
1585845001808,67.7
1585845001808,67.7
1585845001808,67.7
1585845001808,67.7
1585845001808,67.7
1585845001808,67.7
1585845001808,67.7
1585845001808,67.7
1585845001808,67.7
1585845001808,67.7
1585845001808,67.7
1585845001808,67.7
1585845001808,67.7
1585845001808,67.7
1585845001808,67.7
1585845001808,67.7
1585845001808,67.7
1585845204269,67.43
1585845204269,67.43
1585845204269,67.43
1585845240589,67.41
1585845240589,67.41
1585845240589,67.41
1585845273554,67.41
1585845273554,67.41
1585845273554,67.41
1585845273554,67.41
1585845273554,67.41
1585845273554,67.41
1585845273554,67.41
1585845273554,67.41
1585845273554,67.41
1585845273554,67.41
1585845273554,67.41
1585845273554,67.41
1585845273554,67.41
1585845273554,67.41
1585845273554,67.41
1585845273554,67.41
1585845438100,67.34
1585845438100,67.34
1585845438100,67.34
1585845474086,67.35
1585845474086,67.35
1585845474086,67.35
1585845474086,67.35
1585845509103,67.36
1585845509103,67.36
1585845509103,67.36
1585845546090,67.37
1585845546090,67.37
1585845546090,67.37
1585845546090,67.37
1585845582105,67.375
1585845582105,67.375
1585845582105,67.375
1585845582105,67.375
1585845582105,67.375
1585845582105,67.375
1585845582105,67.375
1585845582105,67.375
1585845582105,67.375
1585845677105,67.405
1585845677105,67.405
1585845677105,67.405
1585845713092,67.405
1585845713092,67.405
1585845713092,67.405
1585845713092,67.405
1585845713092,67.405
1585845713092,67.405
1585845713092,67.405
1585845713092,67.405
1585845713092,67.405
1585845713092,67.405
1585845713092,67.405
1585845713092,67.405
1585845835042,68
1585845835042,68
1585845835042,68
1585845835042,68
1585845835042,68
1585845835042,68
1585845835042,68
1585845835042,68
1585845835042,68
1585845835042,68
1585845835042,68
1585845835042,68
1585845835042,68
1585845835042,68
1585845835042,68
1585845835042,68
1585845835042,68
1585845835042,68
1585845835042,68
1585845835042,68
1585845835042,68
1585845835042,68
1585845835042,68
1585845835042,68
1585846096557,67.7
1585846096557,67.7
1585846096557,67.7
1585846096557,67.7
1585846096557,67.7
1585846096557,67.7
1585846096557,67.7
1585846096557,67.7
1585846096557,67.7
1585846096557,67.7
1585846096557,67.7
1585846096557,67.7
1585846214271,67.88
1585846214271,67.88
1585846214271,67.88
1585846214271,67.88
1585846214271,67.88
1585846214271,67.88
1585846214271,67.88
1585846214271,67.88
1585846214271,67.88
1585846214271,67.88
1585846214271,67.88
1585846214271,67.88
1585846214271,67.88
1585846214271,67.88
1585846214271,67.88
1585846214271,67.88
1585846214271,67.88
1585846214271,67.88
1585846214271,67.88
1585846214271,67.88
1585846214271,67.88
1585846214271,67.88
1585846214271,67.88
1585846463103,67.87
1585846463103,67.87
1585846463103,67.87
1585846463103,67.87
1585846463103,67.87
1585846463103,67.87
1585846463103,67.87
1585846463103,67.87
1585846463103,67.87
1585846463103,67.87
1585846463103,67.87
1585846463103,67.87
1585846463103,67.87
1585846463103,67.87
1585846463103,67.87
1585846463103,67.87
1585846463103,67.87
1585846463103,67.87
1585846463103,67.87
1585846463103,67.87
1585846463103,67.87
1585846463103,67.87
1585846463103,67.87
1585846463103,67.87
1585846463103,67.87
1585846463103,67.87
1585846463103,67.87
1585846463103,67.87
1585846463103,67.87
1585846463103,67.87
1585846463103,67.87
1585846463103,67.87
1585846463103,67.87
1585846463103,67.87
1585846463103,67.87
1585846463103,67.87
1585846463103,67.87
1585846463103,67.87
1585846463103,67.87
1585846463103,67.87
1585846463103,67.87
1585846463103,67.87
1585846463103,67.87
1585846463103,67.87
1585846463103,67.87
1585846463103,67.87
1585846463103,67.87
1585846463103,67.87
1585846463103,67.87
1585846463103,67.87
1585846463103,67.87
1585846463103,67.87
1585846463103,67.87
1585846463103,67.87
1585847035038,68.335
1585847035038,68.335
1585847035038,68.335
1585847035038,68.335
1585847035038,68.335
1585847035038,68.335
1585847035038,68.335
1585847035038,68.335
1585847035038,68.335
1585847035038,68.335
1585847035038,68.335
1585847035038,68.335
1585847035038,68.335
1585847035038,68.335
1585847035038,68.335
1585847035038,68.335
1585847035038,68.335
1585847035038,68.335
1585847035038,68.335
1585847035038,68.335
1585847035038,68.335
1585847035038,68.335
1585847035038,68.335
1585847035038,68.335
1585847035038,68.335
1585847035038,68.335
1585847035038,68.335
1585847035038,68.335
1585847035038,68.335
1585847035038,68.335
1585847035038,68.335
1585847035038,68.335
1585847035038,68.335
1585847035038,68.335
1585847035038,68.335
1585847035038,68.335
1585847035038,68.335
1585847035038,68.335
1585847035038,68.335
1585847035038,68.335
1585847035038,68.335
1585847035038,68.335
1585847035038,68.335
1585847035038,68.335
1585847035038,68.335
1585847035038,68.335
1585847035038,68.335
1585847035038,68.335
1585847035038,68.335
1585847035038,68.335
1585847035038,68.335
1585847035038,68.335
1585847035038,68.335
1585847035038,68.335
1585847035038,68.335
1585847035038,68.335
1585847035038,68.335
1585847035038,68.335
1585847035038,68.335
1585847035038,68.335
1585847035038,68.335
1585847035038,68.335
1585847035038,68.335
1585847035038,68.335
1585847035038,68.335
1585847035038,68.335
1585847035038,68.335
1585847035038,68.335
1585847035038,68.335
1585847035038,68.335
1585847035038,68.335
1585847035038,68.335
1585847035038,68.335
1585847035038,68.335
1585847035038,68.335
1585847035038,68.335
1585847035038,68.335
1585847035038,68.335
1585847035038,68.335
1585847035038,68.335
1585847035038,68.335
1585847035038,68.335
1585847035038,68.335
1585847035038,68.335
1585847035038,68.335
1585847035038,68.335
1585847035038,68.335
1585847035038,68.335
1585847035038,68.335
1585847035038,68.335
1585847035038,68.335
1585847035038,68.335
1585847035038,68.335
1585847035038,68.335
1585847035038,68.335
1585847035038,68.335
1585847035038,68.335
1585847035038,68.335
1585847035038,68.335
1585847035038,68.335
1585847035038,68.335
1585847035038,68.335
1585847035038,68.335
1585847035038,68.335
1585847035038,68.335
1585847035038,68.335
1585847035038,68.335
1585847035038,68.335
1585847035038,68.335
1585847035038,68.335
1585847035038,68.335
1585847035038,68.335
1585848207207,68.06
1585848207207,68.06
1585848207207,68.06
1585848207207,68.06
1585848254073,67.94
1585848254073,67.94
1585848254073,67.94
1585848254073,67.94
1585848254073,67.94
1585848254073,67.94
1585848254073,67.94
1585848254073,67.94
1585848254073,67.94
1585848254073,67.94
1585848254073,67.94
1585848254073,67.94
1585848254073,67.94
1585848254073,67.94
1585848254073,67.94
1585848254073,67.94
1585848254073,67.94
1585848254073,67.94
1585848254073,67.94
1585848254073,67.94
1585848254073,67.94
1585848254073,67.94
1585848481365,67.52
1585848481365,67.52
1585848481365,67.52
1585848481365,67.52
1585848524017,67.345
1585848524017,67.345
1585848547072,67.39
1585848547072,67.39
1585848547072,67.39
1585848547072,67.39
1585848547072,67.39
1585848597081,67.365
1585848597081,67.365
1585848597081,67.365
1585848597081,67.365
1585848597081,67.365
1585848597081,67.365
1585848597081,67.365
1585848597081,67.365
1585848597081,67.365
1585848597081,67.365
1585848597081,67.365
1585848597081,67.365
1585848597081,67.365
1585848733086,67.13
1585848733086,67.13
1585848733086,67.13
1585848733086,67.13
1585848733086,67.13
1585848733086,67.13
1585848803087,67.12
1585848803087,67.12
1585848803087,67.12
1585848803087,67.12
1585848803087,67.12
1585848803087,67.12
1585848803087,67.12
1585848803087,67.12
1585848803087,67.12
1585848803087,67.12
1585848803087,67.12
1585848803087,67.12
1585848803087,67.12
1585848803087,67.12
1585848803087,67.12
1585848803087,67.12
1585848803087,67.12
1585848803087,67.12
1585848803087,67.12
1585848803087,67.12
1585848803087,67.12
1585848803087,67.12
1585848803087,67.12
1585848803087,67.12
1585848803087,67.12
1585848803087,67.12
1585848803087,67.12
1585848803087,67.12
1585848803087,67.12
1585848803087,67.12
1585848803087,67.12
1585848803087,67.12
1585848803087,67.12
1585848803087,67.12
1585848803087,67.12
1585848803087,67.12
1585848803087,67.12
1585848803087,67.12
1585848803087,67.12
1585848803087,67.12
1585848803087,67.12
1585848803087,67.12
1585848803087,67.12
1585848803087,67.12
1585848803087,67.12
1585848803087,67.12
1585849283805,67.965
1585849283805,67.965
1585849283805,67.965
1585849283805,67.965
1585849283805,67.965
1585849283805,67.965
1585849283805,67.965
1585849283805,67.965
1585849283805,67.965
1585849283805,67.965
1585849283805,67.965
1585849283805,67.965
1585849283805,67.965
1585849283805,67.965
1585849283805,67.965
1585849283805,67.965
1585849283805,67.965
1585849283805,67.965
1585849283805,67.965
1585849283805,67.965
1585849283805,67.965
1585849283805,67.965
1585849283805,67.965
1585849283805,67.965
1585849283805,67.965
1585849283805,67.965
1585849283805,67.965
1585849569814,67.725
1585849569814,67.725
1585849569814,67.725
1585849569814,67.725
1585849569814,67.725
1585849569814,67.725
1585849569814,67.725
1585849569814,67.725
1585849569814,67.725
1585849569814,67.725
1585849569814,67.725
1585849569814,67.725
1585849569814,67.725
1585849569814,67.725
1585849569814,67.725
1585849569814,67.725
1585849569814,67.725
1585849569814,67.725
1585849569814,67.725
1585849569814,67.725
1585849569814,67.725
1585849569814,67.725
1585849569814,67.725
1585849569814,67.725
1585849569814,67.725
1585849569814,67.725
1585849569814,67.725
1585849569814,67.725
1585849569814,67.725
1585849569814,67.725
1585849569814,67.725
1585849569814,67.725
1585849569814,67.725
1585849569814,67.725
1585849569814,67.725
1585849569814,67.725
1585849569814,67.725
1585849569814,67.725
1585849569814,67.725
1585849569814,67.725
1585849569814,67.725
1585849569814,67.725
1585849569814,67.725
1585849569814,67.725
1585849569814,67.725
1585849569814,67.725
1585849569814,67.725
1585849569814,67.725
1585849569814,67.725
1585849569814,67.725
1585849569814,67.725
1585849569814,67.725
1585849569814,67.725
1585849569814,67.725
1585849569814,67.725
1585849569814,67.725
1585849569814,67.725
1585849569814,67.725
1585849569814,67.725
1585849569814,67.725
1585849569814,67.725
1585849569814,67.725
1585849569814,67.725
1585849569814,67.725
1585849569814,67.725
1585849569814,67.725
1585849569814,67.725
1585849569814,67.725
1585849569814,67.725
1585849569814,67.725
1585849569814,67.725
1585849569814,67.725
1585849569814,67.725
1585849569814,67.725
1585849569814,67.725
1585850366372,67.3
1585850366372,67.3
1585850366372,67.3
1585850366372,67.3
1585850366372,67.3
1585850366372,67.3
1585850366372,67.3
1585850366372,67.3
1585850366372,67.3
1585850366372,67.3
1585850366372,67.3
1585850366372,67.3
1585850366372,67.3
1585850366372,67.3
1585850366372,67.3
1585850366372,67.3
1585850366372,67.3
1585850366372,67.3
1585850366372,67.3
1585850366372,67.3
1585850366372,67.3
1585850366372,67.3
1585850366372,67.3
1585850366372,67.3
1585850366372,67.3
1585850366372,67.3
1585850366372,67.3
1585850366372,67.3
1585850366372,67.3
1585850366372,67.3
1585850366372,67.3
1585850366372,67.3
1585850366372,67.3
1585850366372,67.3
1585850366372,67.3
1585850366372,67.3
1585850366372,67.3
1585850366372,67.3
1585850366372,67.3
1585850366372,67.3
1585850366372,67.3
1585850796124,66.815
1585850796124,66.815
1585850796124,66.815
1585850796124,66.815
1585850796124,66.815
1585850796124,66.815
1585850796124,66.815
1585850796124,66.815
1585850796124,66.815
1585850796124,66.815
1585850796124,66.815
1585850796124,66.815
1585850796124,66.815
1585850796124,66.815
1585850796124,66.815
1585850796124,66.815
1585850796124,66.815
1585850796124,66.815
1585850796124,66.815
1585850796124,66.815
1585850796124,66.815
1585850796124,66.815
1585850796124,66.815
1585850796124,66.815
1585850796124,66.815
1585850796124,66.815
1585850796124,66.815
1585850796124,66.815
1585850796124,66.815
1585850796124,66.815
1585850796124,66.815
1585850796124,66.815
1585850796124,66.815
1585850796124,66.815
1585850796124,66.815
1585850796124,66.815
1585850796124,66.815
1585850796124,66.815
1585850796124,66.815
1585850796124,66.815
1585850796124,66.815
1585850796124,66.815
1585850796124,66.815
1585850796124,66.815
1585850796124,66.815
1585850796124,66.815
1585850796124,66.815
1585850796124,66.815
1585850796124,66.815
1585850796124,66.815
1585850796124,66.815
1585850796124,66.815
1585850796124,66.815
1585850796124,66.815
1585850796124,66.815
1585850796124,66.815
1585850796124,66.815
1585851400433,66.565
1585851400433,66.565
1585851400433,66.565
1585851400433,66.565
1585851400433,66.565
1585851400433,66.565
1585851400433,66.565
1585851475282,66.735
1585851475282,66.735
1585851475282,66.735
1585851475282,66.735
1585851475282,66.735
1585851533146,66.64
1585851537503,66.625
1585851549432,66.59
1585851549432,66.59
1585851573126,66.57
1585851573126,66.57
1585851591011,66.705
1585851591011,66.705
1585851591011,66.705
1585851591011,66.705
1585851591011,66.705
1585851641944,66.75
1585851641944,66.75
1585851641944,66.75
1585851641944,66.75
1585851641944,66.75
1585851641944,66.75
1585851641944,66.75
1585851641944,66.75
1585851641944,66.75
1585851641944,66.75
1585851641944,66.75
1585851764665,66.74
1585851764665,66.74
1585851764665,66.74
1585851764665,66.74
1585851764665,66.74
1585851764665,66.74
1585851822472,66.73
1585851822472,66.73
1585851822472,66.73
1585851822472,66.73
1585851863609,66.615
1585851880338,66.685
1585851880338,66.685
1585851880338,66.685
1585851880338,66.685
1585851880338,66.685
1585851880338,66.685
1585851880338,66.685
1585851880338,66.685
1585851880338,66.685
1585851880338,66.685
1585851984391,67.265
1585851984391,67.265
1585851984391,67.265
1585851984391,67.265
1585851984391,67.265
1585851984391,67.265
1585851984391,67.265
1585851984391,67.265
1585851984391,67.265
1585851984391,67.265
1585851984391,67.265
1585851984391,67.265
1585851984391,67.265
1585851984391,67.265
1585851984391,67.265
1585851984391,67.265
1585851984391,67.265
1585851984391,67.265
1585851984391,67.265
1585851984391,67.265
1585851984391,67.265
1585852199456,67.12
1585852199456,67.12
1585852199456,67.12
1585852199456,67.12
1585852199456,67.12
1585852199456,67.12
1585852199456,67.12
1585852199456,67.12
1585852199456,67.12
1585852199456,67.12
1585852199456,67.12
1585852199456,67.12
1585852199456,67.12
1585852199456,67.12
1585852199456,67.12
1585852199456,67.12
1585852199456,67.12
1585852199456,67.12
1585852199456,67.12
1585852199456,67.12
1585852199456,67.12
1585852199456,67.12
1585852199456,67.12
1585852199456,67.12
1585852199456,67.12
1585852478007,66.835
1585852478007,66.835
1585852478007,66.835
1585852478007,66.835
1585852478007,66.835
1585852478007,66.835
1585852478007,66.835
1585852478007,66.835
1585852478007,66.835
1585852478007,66.835
1585852478007,66.835
1585852478007,66.835
1585852596227,66.645
1585852596227,66.645
1585852596227,66.645
1585852596227,66.645
1585852596227,66.645
1585852596227,66.645
1585852596227,66.645
1585852596227,66.645
1585852596227,66.645
1585852596227,66.645
1585852596227,66.645
1585852596227,66.645
1585852596227,66.645
1585852596227,66.645
1585852596227,66.645
1585852596227,66.645
1585852596227,66.645
1585852596227,66.645
1585852596227,66.645
1585852596227,66.645
1585852596227,66.645
1585852596227,66.645
1585852596227,66.645
1585852596227,66.645
1585852596227,66.645
1585852596227,66.645
1585852596227,66.645
1585852596227,66.645
1585852596227,66.645
1585852596227,66.645
1585852596227,66.645
1585852934039,66.615
1585852934039,66.615
1585852934039,66.615
1585852934039,66.615
1585852934039,66.615
1585852979771,66.645
1585852979771,66.645
1585852979771,66.645
1585852979771,66.645
1585853024090,66.58
1585853037636,66.535
1585853037636,66.535
1585853037636,66.535
1585853037636,66.535
1585853037636,66.535
1585853037636,66.535
1585853103647,66.54
1585853103647,66.54
1585853103647,66.54
1585853103647,66.54
1585853103647,66.54
1585853103647,66.54
1585853103647,66.54
1585853103647,66.54
1585853103647,66.54
1585853103647,66.54
1585853103647,66.54
1585853103647,66.54
1585853103647,66.54
1585853239380,66.755
1585853239380,66.755
1585853239380,66.755
1585853269097,66.485
1585853276540,66.445
1585853276540,66.445
1585853276540,66.445
1585853276540,66.445
1585853328739,66.68
1585853328739,66.68
1585853328739,66.68
1585853328739,66.68
1585853365334,66.505
1585853365334,66.505
1585853387834,66.615
1585853387834,66.615
1585853387834,66.615
1585853387834,66.615
1585853387834,66.615
1585853442692,66.62
1585853442692,66.62
1585853442692,66.62
1585853442692,66.62
1585853489586,66.57
1585853500557,66.56
1585853500557,66.56
1585853500557,66.56
1585853500557,66.56
1585853500557,66.56
1585853500557,66.56
1585853558421,66.56
1585853558421,66.56
1585853558421,66.56
1585853558421,66.56
1585853558421,66.56
1585853616286,66.56
1585853616286,66.56
1585853616286,66.56
1585853616286,66.56
1585853616286,66.56
1585853616286,66.56
1585853616286,66.56
1585853616286,66.56
1585853616286,66.56
1585853616286,66.56
1585853616286,66.56
1585853616286,66.56
1585853616286,66.56
1585853616286,66.56
1585853616286,66.56
1585853616286,66.56
1585853616286,66.56
1585853616286,66.56
1585853616286,66.56
1585853616286,66.56
1585853616286,66.56
1585853616286,66.56
1585853616286,66.56
1585853616286,66.56
1585853616286,66.56
1585853616286,66.56
1585853616286,66.56
1585853616286,66.56
1585853616286,66.56
1585853616286,66.56
1585853616286,66.56
1585853616286,66.56
1585853616286,66.56
1585853963476,66.565
1585853963476,66.565
1585853963476,66.565
1585853996360,66.575
