0,0
0,0
0,0
0,0
0,0
0,0
0,0
0,0
0,0
0,0
0,0
0,0
0,0
0,0
0,0
0,0
0,0
0,0
0,0
0,0
0,0
0,0
0,0
0,0
0,0
0,0
0,0
0,0
0,0
0,0
0,0
0,0
0,0
0,0
0,0
0,0
0,0
0,0
0,0
0,0
0,0
0,0
0,0
0,0
0,0
0,0
0,0
0,0
0,0
0,0
0,0
0,0
0,0
0,0
0,0
0,0
0,0
0,0
0,0
0,0
0,0
0,0
0,0
0,0
0,0
0,0
0,0
0,0
0,0
0,0
0,0
0,0
0,0
0,0
0,0
0,0
0,0
0,0
0,0
0,0
0,0
0,0
0,0
0,0
0,0
0,0
0,0
0,0
0,0
0,0
0,0
0,0
0,0
0,0
1582814843671,72.03
1582814843671,72.03
1582814843671,72.03
1582814843671,72.03
1582814884656,72.05
1582814884656,72.05
1582814884656,72.05
1582814884656,72.05
1582814884656,72.05
1582814941815,72.58
1582814941815,72.58
1582814941815,72.58
1582814941815,72.58
1582814941815,72.58
1582814941815,72.58
1582814941815,72.58
1582814941815,72.58
1582814941815,72.58
1582814941815,72.58
1582814941815,72.58
1582814941815,72.58
1582814941815,72.58
1582814941815,72.58
1582814941815,72.58
1582814941815,72.58
1582814941815,72.58
1582814941815,72.58
1582814941815,72.58
1582814941815,72.58
1582814941815,72.58
1582814941815,72.58
1582814941815,72.58
1582814941815,72.58
1582814941815,72.58
1582815195701,72.47
1582815195701,72.47
1582815195701,72.47
1582815195701,72.47
1582815195701,72.47
1582815195701,72.47
1582815195701,72.47
1582815195701,72.47
1582815195701,72.47
1582815195701,72.47
1582815195701,72.47
1582815195701,72.47
1582815195701,72.47
1582815195701,72.47
1582815195701,72.47
1582815195701,72.47
1582815195701,72.47
1582815195701,72.47
1582815195701,72.47
1582815195701,72.47
1582815195701,72.47
1582815195701,72.47
1582815195701,72.47
1582815195701,72.47
1582815195701,72.47
1582815195701,72.47
1582815195701,72.47
1582815195701,72.47
1582815195701,72.47
1582815195701,72.47
1582815515285,72.48
1582815515285,72.48
1582815515285,72.48
1582815515285,72.48
1582815515285,72.48
1582815515285,72.48
1582815515285,72.48
1582815515285,72.48
1582815515285,72.48
1582815603760,72.44
1582815603760,72.44
1582815603760,72.44
1582815603760,72.44
1582815603760,72.44
1582815603760,72.44
1582815603760,72.44
1582815603760,72.44
1582815603760,72.44
1582815603760,72.44
1582815603760,72.44
1582815603760,72.44
1582815603760,72.44
1582815603760,72.44
1582815603760,72.44
1582815603760,72.44
1582815603760,72.44
1582815603760,72.44
1582815603760,72.44
1582815603760,72.44
1582815603760,72.44
1582815603760,72.44
1582815603760,72.44
1582815603760,72.44
1582815603760,72.44
1582815603760,72.44
1582815603760,72.44
1582815603760,72.44
1582815603760,72.44
1582815603760,72.44
1582815603760,72.44
1582815603760,72.44
1582815603760,72.44
1582815603760,72.44
1582815603760,72.44
1582815603760,72.44
1582815603760,72.44
1582815603760,72.44
1582815603760,72.44
1582815603760,72.44
1582815603760,72.44
1582815603760,72.44
1582815603760,72.44
1582815603760,72.44
1582815603760,72.44
1582815603760,72.44
1582815603760,72.44
1582815603760,72.44
1582815603760,72.44
1582815603760,72.44
1582815603760,72.44
1582815603760,72.44
1582815603760,72.44
1582815603760,72.44
1582815603760,72.44
1582815603760,72.44
1582815603760,72.44
1582815603760,72.44
1582815603760,72.44
1582815603760,72.44
1582815603760,72.44
1582815603760,72.44
1582815603760,72.44
1582815603760,72.44
1582815603760,72.44
1582815603760,72.44
1582815603760,72.44
1582815603760,72.44
1582815603760,72.44
1582815603760,72.44
1582815603760,72.44
1582815603760,72.44
1582815603760,72.44
1582815603760,72.44
1582815603760,72.44
1582815603760,72.44
1582815603760,72.44
1582815603760,72.44
1582815603760,72.44
1582815603760,72.44
1582815603760,72.44
1582815603760,72.44
1582815603760,72.44
1582815603760,72.44
1582815603760,72.44
1582815603760,72.44
1582815603760,72.44
1582815603760,72.44
1582815603760,72.44
1582815603760,72.44
1582815603760,72.44
1582815603760,72.44
1582815603760,72.44
1582815603760,72.44
1582815603760,72.44
1582815603760,72.44
1582815603760,72.44
1582816628090,72.24
1582816628090,72.24
1582816628090,72.24
1582816628090,72.24
1582816628090,72.24
1582816628090,72.24
1582816628090,72.24
1582816704182,72.41
1582816704182,72.41
1582816704182,72.41
1582816704182,72.41
1582816704182,72.41
1582816704182,72.41
1582816704182,72.41
1582816704182,72.41
1582816704182,72.41
1582816704182,72.41
1582816704182,72.41
1582816704182,72.41
1582816704182,72.41
1582816704182,72.41
1582816704182,72.41
1582816704182,72.41
1582816704182,72.41
1582816875973,72.33
1582816875973,72.33
1582816875973,72.33
1582816875973,72.33
1582816875973,72.33
1582816875973,72.33
1582816875973,72.33
1582816875973,72.33
1582816875973,72.33
1582816875973,72.33
1582816875973,72.33
1582816987484,72.31
1582816987484,72.31
1582816987484,72.31
1582816987484,72.31
1582816987484,72.31
1582816987484,72.31
1582816987484,72.31
1582816987484,72.31
1582816987484,72.31
1582816987484,72.31
1582816987484,72.31
1582817104054,72.29
1582817104054,72.29
1582817104054,72.29
1582817104054,72.29
1582817104054,72.29
1582817160036,72.26
1582817160036,72.26
1582817160036,72.26
1582817160036,72.26
1582817160036,72.26
1582817160036,72.26
1582817160036,72.26
1582817160036,72.26
1582817160036,72.26
1582817160036,72.26
1582817160036,72.26
1582817160036,72.26
1582817160036,72.26
1582817160036,72.26
1582817160036,72.26
1582817160036,72.26
1582817160036,72.26
1582817160036,72.26
1582817160036,72.26
1582817160036,72.26
1582817160036,72.26
1582817160036,72.26
1582817160036,72.26
1582817160036,72.26
1582817160036,72.26
1582817160036,72.26
1582817160036,72.26
1582817160036,72.26
1582817160036,72.26
1582817160036,72.26
1582817160036,72.26
1582817160036,72.26
1582817160036,72.26
1582817160036,72.26
1582817160036,72.26
1582817160036,72.26
1582817160036,72.26
1582817160036,72.26
1582817160036,72.26
1582817160036,72.26
1582817160036,72.26
1582817160036,72.26
1582817160036,72.26
1582817160036,72.26
1582817160036,72.26
1582817627683,71.935
1582817627683,71.935
1582817627683,71.935
1582817627683,71.935
1582817627683,71.935
1582817627683,71.935
1582817627683,71.935
1582817627683,71.935
1582817627683,71.935
1582817627683,71.935
1582817627683,71.935
1582817627683,71.935
1582817627683,71.935
1582817627683,71.935
1582817627683,71.935
1582817627683,71.935
1582817627683,71.935
1582817627683,71.935
1582817627683,71.935
1582817627683,71.935
1582817627683,71.935
1582817627683,71.935
1582817627683,71.935
1582817627683,71.935
1582817627683,71.935
1582817627683,71.935
1582817627683,71.935
1582817627683,71.935
1582817627683,71.935
1582817627683,71.935
1582817627683,71.935
1582817627683,71.935
1582817627683,71.935
1582817627683,71.935
1582817627683,71.935
1582817627683,71.935
1582818005533,72.06
1582818005533,72.06
1582818005533,72.06
1582818005533,72.06
1582818005533,72.06
1582818005533,72.06
1582818005533,72.06
1582818005533,72.06
1582818005533,72.06
1582818005533,72.06
1582818005533,72.06
1582818005533,72.06
1582818005533,72.06
1582818005533,72.06
1582818005533,72.06
1582818005533,72.06
1582818005533,72.06
1582818005533,72.06
1582818005533,72.06
1582818005533,72.06
1582818005533,72.06
1582818005533,72.06
1582818005533,72.06
1582818005533,72.06
1582818005533,72.06
1582818005533,72.06
1582818005533,72.06
1582818005533,72.06
1582818005533,72.06
1582818005533,72.06
1582818005533,72.06
1582818005533,72.06
1582818005533,72.06
1582818005533,72.06
1582818005533,72.06
1582818005533,72.06
1582818005533,72.06
1582818005533,72.06
1582818005533,72.06
1582818005533,72.06
1582818426383,72.28
1582818426383,72.28
1582818426383,72.28
1582818426383,72.28
1582818426383,72.28
1582818426383,72.28
1582818426383,72.28
1582818426383,72.28
1582818426383,72.28
1582818426383,72.28
1582818426383,72.28
1582818426383,72.28
1582818546471,72.42
1582818546471,72.42
1582818546471,72.42
1582818546471,72.42
1582818546471,72.42
1582818546471,72.42
1582818546471,72.42
1582818546471,72.42
1582818546471,72.42
1582818546471,72.42
1582818546471,72.42
1582818546471,72.42
1582818546471,72.42
1582818546471,72.42
1582818546471,72.42
1582818546471,72.42
1582818546471,72.42
1582818546471,72.42
1582818546471,72.42
1582818546471,72.42
1582818546471,72.42
1582818546471,72.42
1582818546471,72.42
1582818546471,72.42
1582818546471,72.42
1582818546471,72.42
1582818546471,72.42
1582818546471,72.42
1582818546471,72.42
1582818546471,72.42
1582818546471,72.42
1582818546471,72.42
1582818546471,72.42
1582818546471,72.42
1582818546471,72.42
1582818546471,72.42
1582818546471,72.42
1582818546471,72.42
1582818546471,72.42
1582818546471,72.42
1582818971704,72.56
1582818971704,72.56
1582818971704,72.56
1582818971704,72.56
1582818971704,72.56
1582818971704,72.56
1582818971704,72.56
1582818971704,72.56
1582818971704,72.56
1582818971704,72.56
1582818971704,72.56
1582818971704,72.56
1582818971704,72.56
1582818971704,72.56
1582818971704,72.56
1582818971704,72.56
1582818971704,72.56
1582818971704,72.56
1582818971704,72.56
1582819172047,72.48
1582819172047,72.48
1582819172047,72.48
1582819172047,72.48
1582819172047,72.48
1582819172047,72.48
1582819172047,72.48
1582819172047,72.48
1582819172047,72.48
1582819172047,72.48
1582819172047,72.48
1582819172047,72.48
1582819172047,72.48
1582819172047,72.48
1582819172047,72.48
1582819172047,72.48
1582819172047,72.48
1582819172047,72.48
1582819172047,72.48
1582819172047,72.48
1582819172047,72.48
1582819172047,72.48
1582819172047,72.48
1582819172047,72.48
1582819172047,72.48
1582819172047,72.48
1582819172047,72.48
1582819172047,72.48
1582819172047,72.48
1582819172047,72.48
1582819485845,72.9
1582819485845,72.9
1582819485845,72.9
1582819485845,72.9
1582819485845,72.9
1582819485845,72.9
1582819485845,72.9
1582819485845,72.9
1582819485845,72.9
1582819485845,72.9
1582819485845,72.9
1582819485845,72.9
1582819485845,72.9
1582819485845,72.9
1582819485845,72.9
1582819485845,72.9
1582819485845,72.9
1582819485845,72.9
1582819485845,72.9
1582819485845,72.9
1582819698620,73.12
1582819698620,73.12
1582819698620,73.12
1582819698620,73.12
1582819698620,73.12
1582819698620,73.12
1582819698620,73.12
1582819698620,73.12
1582819698620,73.12
1582819698620,73.12
1582819698620,73.12
1582819698620,73.12
1582819698620,73.12
1582819698620,73.12
1582819698620,73.12
1582819698620,73.12
1582819698620,73.12
1582819698620,73.12
1582819698620,73.12
1582819698620,73.12
1582819698620,73.12
1582819698620,73.12
1582819698620,73.12
1582819698620,73.12
1582819698620,73.12
1582819698620,73.12
1582819698620,73.12
1582819698620,73.12
1582819698620,73.12
1582819698620,73.12
1582819698620,73.12
1582819698620,73.12
1582819698620,73.12
1582819698620,73.12
1582819698620,73.12
1582819698620,73.12
1582819698620,73.12
1582819698620,73.12
1582819698620,73.12
1582819698620,73.12
1582819698620,73.12
1582819698620,73.12
1582819698620,73.12
1582819698620,73.12
1582819698620,73.12
1582819698620,73.12
1582819698620,73.12
1582819698620,73.12
1582819698620,73.12
1582819698620,73.12
1582819698620,73.12
1582819698620,73.12
1582819698620,73.12
1582819698620,73.12
1582819698620,73.12
1582819698620,73.12
1582819698620,73.12
1582819698620,73.12
1582819698620,73.12
1582819698620,73.12
1582819698620,73.12
1582819698620,73.12
1582819698620,73.12
1582819698620,73.12
1582819698620,73.12
1582819698620,73.12
1582819698620,73.12
1582819698620,73.12
1582819698620,73.12
1582820418123,72.87
1582820418123,72.87
1582820418123,72.87
1582820418123,72.87
1582820418123,72.87
1582820466634,72.65
1582820477350,72.73
1582820485897,72.295
1582820485897,72.295
1582820485897,72.295
1582820485897,72.295
1582820485897,72.295
1582820485897,72.295
1582820485897,72.295
1582820485897,72.295
1582820485897,72.295
1582820485897,72.295
1582820485897,72.295
1582820485897,72.295
1582820485897,72.295
1582820485897,72.295
1582820485897,72.295
1582820485897,72.295
1582820485897,72.295
1582820485897,72.295
1582820485897,72.295
1582820485897,72.295
1582820485897,72.295
1582820485897,72.295
1582820485897,72.295
1582820485897,72.295
1582820485897,72.295
1582820485897,72.295
1582820485897,72.295
1582820485897,72.295
1582820485897,72.295
1582820485897,72.295
1582820485897,72.295
1582820485897,72.295
1582820485897,72.295
1582820485897,72.295
1582820485897,72.295
1582820485897,72.295
1582820485897,72.295
1582820873217,72.63
1582820873217,72.63
1582820873217,72.63
1582820873217,72.63
1582820873217,72.63
1582820873217,72.63
1582820873217,72.63
1582820873217,72.63
1582820873217,72.63
1582820873217,72.63
1582820873217,72.63
1582820873217,72.63
1582820873217,72.63
1582820873217,72.63
1582820873217,72.63
1582820873217,72.63
1582820873217,72.63
1582820873217,72.63
1582820873217,72.63
1582820873217,72.63
1582820873217,72.63
1582820873217,72.63
1582820873217,72.63
1582820873217,72.63
1582820873217,72.63
1582821134661,72.54
1582821134661,72.54
1582821134661,72.54
1582821134661,72.54
1582821134661,72.54
1582821134661,72.54
1582821134661,72.54
1582821134661,72.54
1582821134661,72.54
1582821134661,72.54
1582821134661,72.54
1582821134661,72.54
1582821134661,72.54
1582821134661,72.54
1582821134661,72.54
1582821134661,72.54
1582821134661,72.54
1582821317384,72.25
1582821317384,72.25
1582821317384,72.25
1582821317384,72.25
1582821317384,72.25
1582821371499,72.41
1582821371499,72.41
1582821371499,72.41
1582821371499,72.41
1582821371499,72.41
1582821371499,72.41
1582821371499,72.41
1582821371499,72.41
1582821371499,72.41
1582821371499,72.41
1582821371499,72.41
1582821371499,72.41
1582821371499,72.41
1582821371499,72.41
1582821371499,72.41
1582821371499,72.41
1582821371499,72.41
1582821371499,72.41
1582821371499,72.41
1582821371499,72.41
1582821371499,72.41
1582821371499,72.41
1582821371499,72.41
1582821371499,72.41
1582821371499,72.41
1582821371499,72.41
1582821371499,72.41
1582821371499,72.41
1582821371499,72.41
1582821371499,72.41
1582821371499,72.41
1582821371499,72.41
1582821371499,72.41
1582821371499,72.41
1582821371499,72.41
1582821371499,72.41
1582821371499,72.41
1582821371499,72.41
1582821371499,72.41
1582821371499,72.41
1582821371499,72.41
1582821371499,72.41
1582821371499,72.41
1582821371499,72.41
1582821371499,72.41
1582821371499,72.41
1582821371499,72.41
1582821861654,72.07
1582821861654,72.07
1582821861654,72.07
1582821861654,72.07
1582821861654,72.07
1582821861654,72.07
1582821861654,72.07
1582821861654,72.07
1582821861654,72.07
1582821861654,72.07
1582821861654,72.07
1582821861654,72.07
1582821861654,72.07
1582821861654,72.07
1582821861654,72.07
1582821861654,72.07
1582821861654,72.07
1582821861654,72.07
1582821861654,72.07
1582821861654,72.07
1582821861654,72.07
1582821861654,72.07
1582821861654,72.07
1582821861654,72.07
1582821861654,72.07
1582821861654,72.07
1582821861654,72.07
1582821861654,72.07
1582821861654,72.07
1582821861654,72.07
1582821861654,72.07
1582821861654,72.07
1582821861654,72.07
1582821861654,72.07
1582821861654,72.07
1582821861654,72.07
1582821861654,72.07
1582821861654,72.07
1582821861654,72.07
1582821861654,72.07
1582821861654,72.07
1582822286994,72.295
1582822286994,72.295
1582822286994,72.295
1582822286994,72.295
1582822286994,72.295
1582822286994,72.295
1582822286994,72.295
1582822286994,72.295
1582822286994,72.295
1582822286994,72.295
1582822286994,72.295
1582822286994,72.295
1582822286994,72.295
1582822286994,72.295
1582822286994,72.295
1582822286994,72.295
1582822286994,72.295
1582822286994,72.295
1582822286994,72.295
1582822286994,72.295
1582822286994,72.295
1582822286994,72.295
1582822286994,72.295
1582822286994,72.295
1582822286994,72.295
1582822286994,72.295
1582822286994,72.295
1582822286994,72.295
1582822286994,72.295
1582822286994,72.295
1582822286994,72.295
1582822286994,72.295
1582822286994,72.295
1582822286994,72.295
1582822286994,72.295
1582822286994,72.295
1582822286994,72.295
1582822286994,72.295
1582822286994,72.295
1582822286994,72.295
1582822286994,72.295
1582822286994,72.295
1582822286994,72.295
1582822286994,72.295
1582822286994,72.295
1582822286994,72.295
1582822286994,72.295
1582822286994,72.295
1582822286994,72.295
1582822286994,72.295
1582822286994,72.295
1582822286994,72.295
1582822286994,72.295
1582822286994,72.295
1582822286994,72.295
1582822286994,72.295
1582822874930,72.5
1582822889106,72.55
1582822889106,72.55
1582822889106,72.55
1582822889106,72.55
1582822889106,72.55
1582822889106,72.55
1582822889106,72.55
1582822889106,72.55
1582822889106,72.55
1582822889106,72.55
1582822889106,72.55
1582822889106,72.55
1582822889106,72.55
1582822889106,72.55
1582822889106,72.55
1582822889106,72.55
1582822889106,72.55
1582822889106,72.55
1582822889106,72.55
1582822889106,72.55
1582822889106,72.55
1582822889106,72.55
1582822889106,72.55
1582822889106,72.55
1582822889106,72.55
1582822889106,72.55
1582822889106,72.55
1582822889106,72.55
1582822889106,72.55
1582822889106,72.55
1582822889106,72.55
1582822889106,72.55
1582822889106,72.55
1582822889106,72.55
1582822889106,72.55
1582823248706,72.54
1582823257068,72.44
1582823257068,72.44
1582823257068,72.44
1582823257068,72.44
1582823257068,72.44
1582823257068,72.44
1582823257068,72.44
1582823257068,72.44
1582823257068,72.44
1582823257068,72.44
1582823257068,72.44
1582823257068,72.44
1582823257068,72.44
1582823257068,72.44
1582823257068,72.44
1582823257068,72.44
1582823257068,72.44
1582823257068,72.44
1582823257068,72.44
1582823257068,72.44
1582823257068,72.44
1582823257068,72.44
1582823257068,72.44
1582823499598,72.57
1582823499598,72.57
1582823499598,72.57
1582823499598,72.57
1582823499598,72.57
1582823499598,72.57
1582823499598,72.57
1582823499598,72.57
1582823499598,72.57
1582823499598,72.57
1582823499598,72.57
1582823499598,72.57
1582823499598,72.57
1582823499598,72.57
1582823499598,72.57
1582823499598,72.57
1582823499598,72.57
1582823499598,72.57
1582823499598,72.57
1582823499598,72.57
1582823499598,72.57
1582823499598,72.57
1582823499598,72.57
1582823499598,72.57
1582823499598,72.57
1582823499598,72.57
1582823499598,72.57
1582823499598,72.57
1582823499598,72.57
1582823499598,72.57
1582823499598,72.57
1582823499598,72.57
1582823842057,72.72
1582823842057,72.72
1582823842057,72.72
1582823842057,72.72
1582823842057,72.72
1582823842057,72.72
1582823842057,72.72
1582823842057,72.72
1582823842057,72.72
1582823842057,72.72
1582823842057,72.72
1582823953592,72.8
1582823953592,72.8
1582823953592,72.8
1582823953592,72.8
1582823953592,72.8
1582823953592,72.8
1582823953592,72.8
1582823953592,72.8
1582823953592,72.8
1582823953592,72.8
1582823953592,72.8
1582823953592,72.8
1582823953592,72.8
1582823953592,72.8
1582823953592,72.8
1582823953592,72.8
1582823953592,72.8
1582823953592,72.8
1582823953592,72.8
1582823953592,72.8
1582823953592,72.8
1582823953592,72.8
1582823953592,72.8
1582823953592,72.8
1582823953592,72.8
1582823953592,72.8
1582823953592,72.8
1582823953592,72.8
1582823953592,72.8
1582823953592,72.8
1582823953592,72.8
1582823953592,72.8
1582823953592,72.8
1582824301531,72.6
1582824301531,72.6
1582824301531,72.6
1582824301531,72.6
1582824301531,72.6
1582824349184,72.66
1582824349184,72.66
1582824349184,72.66
1582824349184,72.66
1582824349184,72.66
1582824349184,72.66
1582824349184,72.66
1582824349184,72.66
1582824349184,72.66
1582824451480,72.72
1582824451480,72.72
1582824451480,72.72
1582824451480,72.72
1582824451480,72.72
1582824451480,72.72
1582824451480,72.72
1582824451480,72.72
1582824451480,72.72
1582824451480,72.72
1582824451480,72.72
1582824451480,72.72
1582824451480,72.72
1582824451480,72.72
1582824451480,72.72
1582824451480,72.72
1582824614511,72.73
1582824614511,72.73
1582824614511,72.73
1582824614511,72.73
1582824614511,72.73
1582824614511,72.73
1582824614511,72.73
1582824614511,72.73
1582824614511,72.73
1582824614511,72.73
1582824614511,72.73
1582824614511,72.73
1582824744113,72.8
1582824755913,72.825
1582824755913,72.825
1582824755913,72.825
1582824755913,72.825
1582824755913,72.825
1582824803543,72.76
1582824803543,72.76
1582824803543,72.76
1582824803543,72.76
1582824803543,72.76
1582824803543,72.76
1582824803543,72.76
1582824803543,72.76
1582824803543,72.76
1582824803543,72.76
1582824803543,72.76
1582824803543,72.76
1582824803543,72.76
1582824803543,72.76
1582824803543,72.76
1582824803543,72.76
1582824803543,72.76
1582824803543,72.76
1582824803543,72.76
1582824803543,72.76
1582824803543,72.76
1582824803543,72.76
1582824803543,72.76
1582824803543,72.76
1582824803543,72.76
1582824803543,72.76
1582824803543,72.76
1582824803543,72.76
1582824803543,72.76
1582824803543,72.76
1582824803543,72.76
1582824803543,72.76
1582824803543,72.76
1582824803543,72.76
1582824803543,72.76
1582824803543,72.76
1582824803543,72.76
1582824803543,72.76
1582824803543,72.76
1582824803543,72.76
1582824803543,72.76
1582824803543,72.76
1582824803543,72.76
1582824803543,72.76
1582824803543,72.76
1582824803543,72.76
1582824803543,72.76
1582824803543,72.76
1582824803543,72.76
1582824803543,72.76
1582824803543,72.76
1582824803543,72.76
1582824803543,72.76
1582824803543,72.76
1582825377310,72.94
1582825377310,72.94
1582825377310,72.94
1582825377310,72.94
1582825377310,72.94
1582825421626,72.85
1582825437760,72.855
1582825437760,72.855
1582825437760,72.855
1582825437760,72.855
1582825437760,72.855
1582825487705,72.82
1582825487705,72.82
1582825487705,72.82
1582825487705,72.82
1582825487705,72.82
1582825487705,72.82
1582825487705,72.82
1582825487705,72.82
1582825487705,72.82
1582825487705,72.82
1582825487705,72.82
1582825487705,72.82
1582825487705,72.82
1582825487705,72.82
1582825487705,72.82
1582825487705,72.82
1582825487705,72.82
1582825487705,72.82
1582825487705,72.82
1582825487705,72.82
1582825487705,72.82
1582825487705,72.82
1582825487705,72.82
1582825487705,72.82
1582825487705,72.82
1582825487705,72.82
1582825487705,72.82
1582825487705,72.82
1582825487705,72.82
1582825487705,72.82
1582825487705,72.82
1582825487705,72.82
1582825487705,72.82
1582825487705,72.82
1582825487705,72.82
1582825487705,72.82
1582825487705,72.82
1582825876077,72.71
1582825876077,72.71
1582825876077,72.71
1582825876077,72.71
1582825876077,72.71
1582825876077,72.71
1582825876077,72.71
1582825876077,72.71
1582825876077,72.71
1582825876077,72.71
1582825876077,72.71
1582825876077,72.71
1582825876077,72.71
1582825876077,72.71
1582825876077,72.71
1582825876077,72.71
1582825876077,72.71
1582825876077,72.71
1582825876077,72.71
1582825876077,72.71
1582825876077,72.71
1582825876077,72.71
1582825876077,72.71
1582826119483,72.735
1582826119483,72.735
1582826139243,72.82
1582826139243,72.82
1582826139243,72.82
1582826170829,72.845
1582826170829,72.845
1582826194117,72.87
1582826194117,72.87
1582826194117,72.87
1582826194117,72.87
1582826233722,72.935
1582826233722,72.935
1582826233722,72.935
1582826233722,72.935
1582826233722,72.935
1582826283992,72.875
1582826283992,72.875
1582826283992,72.875
1582826283992,72.875
1582826283992,72.875
1582826283992,72.875
1582826283992,72.875
1582826283992,72.875
1582826283992,72.875
1582826283992,72.875
1582826386435,72.82
1582826396050,72.82
1582826396050,72.82
1582826425089,72.715
1582826425089,72.715
1582826425089,72.715
1582826425089,72.715
1582826425089,72.715
1582826425089,72.715
1582826425089,72.715
1582826425089,72.715
1582826425089,72.715
1582826425089,72.715
1582826425089,72.715
1582826425089,72.715
1582826425089,72.715
1582826425089,72.715
1582826425089,72.715
1582826425089,72.715
1582826425089,72.715
1582826425089,72.715
1582826425089,72.715
1582826425089,72.715
1582826425089,72.715
1582826425089,72.715
1582826425089,72.715
1582826425089,72.715
1582826425089,72.715
1582826425089,72.715
1582826425089,72.715
1582826425089,72.715
1582826425089,72.715
1582826425089,72.715
1582826425089,72.715
1582826425089,72.715
1582826425089,72.715
1582826425089,72.715
1582826425089,72.715
1582826425089,72.715
1582826425089,72.715
1582826425089,72.715
1582826425089,72.715
1582826425089,72.715
1582826425089,72.715
1582826425089,72.715
1582826425089,72.715
1582826425089,72.715
1582826425089,72.715
1582826425089,72.715
1582826425089,72.715
1582826425089,72.715
1582826425089,72.715
1582826425089,72.715
1582826425089,72.715
1582826425089,72.715
1582826425089,72.715
1582826425089,72.715
1582826425089,72.715
1582826425089,72.715
1582826425089,72.715
1582826425089,72.715
1582826425089,72.715
1582826425089,72.715
1582826425089,72.715
1582826425089,72.715
1582826425089,72.715
1582826425089,72.715
1582826425089,72.715
1582826425089,72.715
1582826425089,72.715
1582826425089,72.715
1582826425089,72.715
1582826425089,72.715
1582826425089,72.715
1582826425089,72.715
1582826425089,72.715
1582826425089,72.715
1582826425089,72.715
1582826425089,72.715
1582826425089,72.715
1582826425089,72.715
1582826425089,72.715
1582826425089,72.715
1582826425089,72.715
1582826425089,72.715
1582826425089,72.715
1582826425089,72.715
1582826425089,72.715
1582826425089,72.715
1582826425089,72.715
1582826425089,72.715
1582826425089,72.715
1582826425089,72.715
1582826425089,72.715
1582826425089,72.715
1582826425089,72.715
1582826425089,72.715
1582826425089,72.715
1582826425089,72.715
1582826425089,72.715
1582826425089,72.715
1582826425089,72.715
1582826425089,72.715
1582826425089,72.715
1582826425089,72.715
1582826425089,72.715
1582826425089,72.715
1582826425089,72.715
1582826425089,72.715
1582826425089,72.715
1582826425089,72.715
1582826425089,72.715
1582826425089,72.715
1582826425089,72.715
1582826425089,72.715
1582826425089,72.715
1582826425089,72.715
1582826425089,72.715
1582826425089,72.715
1582826425089,72.715
1582826425089,72.715
1582826425089,72.715
1582826425089,72.715
1582826425089,72.715
1582826425089,72.715
1582826425089,72.715
1582826425089,72.715
1582826425089,72.715
1582826425089,72.715
1582826425089,72.715
1582826425089,72.715
1582827768733,72.97
1582827768733,72.97
1582827768733,72.97
1582827768733,72.97
1582827768733,72.97
1582827768733,72.97
1582827768733,72.97
1582827768733,72.97
1582827768733,72.97
1582827768733,72.97
1582827768733,72.97
1582827768733,72.97
1582827768733,72.97
1582827768733,72.97
1582827768733,72.97
1582827768733,72.97
1582827768733,72.97
1582827768733,72.97
1582827768733,72.97
1582827768733,72.97
1582827768733,72.97
1582827768733,72.97
1582827768733,72.97
1582827768733,72.97
1582827768733,72.97
1582827768733,72.97
1582827768733,72.97
1582827768733,72.97
1582827768733,72.97
1582827768733,72.97
1582827768733,72.97
1582827768733,72.97
1582827768733,72.97
1582827768733,72.97
1582827768733,72.97
1582827768733,72.97
1582828153036,72.83
1582828153036,72.83
1582828153036,72.83
1582828185823,72.8
1582828185823,72.8
1582828185823,72.8
1582828185823,72.8
1582828185823,72.8
1582828185823,72.8
1582828185823,72.8
1582828185823,72.8
1582828185823,72.8
1582828185823,72.8
1582828185823,72.8
1582828185823,72.8
1582828185823,72.8
1582828185823,72.8
1582828185823,72.8
1582828185823,72.8
1582828185823,72.8
1582828185823,72.8
1582828377147,72.79
1582828387588,72.73
1582828388382,72.73
1582828388382,72.73
1582828388382,72.73
1582828388382,72.73
1582828388382,72.73
1582828388382,72.73
1582828459428,72.71
1582828464057,72.525
1582828464057,72.525
1582828464057,72.525
1582828493181,72.44
1582828493181,72.44
1582828493181,72.44
1582828493181,72.44
1582828493181,72.44
1582828493181,72.44
1582828493181,72.44
1582828493181,72.44
1582828493181,72.44
1582828493181,72.44
1582828493181,72.44
1582828493181,72.44
1582828493181,72.44
1582828493181,72.44
1582828493181,72.44
1582828493181,72.44
1582828493181,72.44
1582828493181,72.44
1582828493181,72.44
1582828493181,72.44
1582828493181,72.44
1582828493181,72.44
1582828493181,72.44
1582828493181,72.44
1582828493181,72.44
1582828493181,72.44
1582828493181,72.44
1582828493181,72.44
1582828493181,72.44
1582828493181,72.44
1582828493181,72.44
1582828493181,72.44
1582828493181,72.44
1582828493181,72.44
1582828493181,72.44
1582828493181,72.44
1582828493181,72.44
1582828493181,72.44
1582828493181,72.44
1582828493181,72.44
1582828911593,72.28
1582828911593,72.28
1582828911593,72.28
1582828911593,72.28
1582828911593,72.28
1582828911593,72.28
1582828911593,72.28
1582828911593,72.28
1582828911593,72.28
1582828911593,72.28
1582828911593,72.28
1582828911593,72.28
1582828911593,72.28
1582828911593,72.28
1582828911593,72.28
1582829077174,71.955
1582829077174,71.955
1582829077174,71.955
1582829077174,71.955
1582829077174,71.955
1582829077174,71.955
1582829140278,72.14
1582829140278,72.14
1582829140278,72.14
1582829140278,72.14
1582829140278,72.14
1582829140278,72.14
1582829140278,72.14
1582829140278,72.14
1582829140278,72.14
1582829140278,72.14
1582829140278,72.14
1582829140278,72.14
1582829140278,72.14
1582829140278,72.14
1582829140278,72.14
1582829140278,72.14
1582829140278,72.14
1582829140278,72.14
1582829140278,72.14
1582829140278,72.14
1582829140278,72.14
1582829363295,72.15
1582829363295,72.15
1582829363295,72.15
1582829363295,72.15
1582829398291,72.3
1582829417047,72.33
1582829426458,72.29
1582829426458,72.29
1582829426458,72.29
1582829426458,72.29
1582829426458,72.29
1582829426458,72.29
1582829426458,72.29
1582829426458,72.29
1582829426458,72.29
1582829426458,72.29
1582829426458,72.29
1582829426458,72.29
1582829426458,72.29
1582829426458,72.29
1582829426458,72.29
1582829426458,72.29
1582829426458,72.29
1582829426458,72.29
1582829426458,72.29
1582829426458,72.29
1582829426458,72.29
1582829426458,72.29
1582829426458,72.29
1582829426458,72.29
1582829426458,72.29
1582829426458,72.29
1582829426458,72.29
1582829426458,72.29
1582829426458,72.29
1582829426458,72.29
1582829426458,72.29
1582829426458,72.29
1582829426458,72.29
1582829426458,72.29
1582829426458,72.29
1582829426458,72.29
1582829426458,72.29
1582829426458,72.29
1582829426458,72.29
1582829426458,72.29
1582829426458,72.29
1582829426458,72.29
1582829426458,72.29
1582829426458,72.29
1582829426458,72.29
1582829902447,72.13
1582829902447,72.13
1582829902447,72.13
1582829902447,72.13
1582829902447,72.13
1582829902447,72.13
1582829902447,72.13
1582829902447,72.13
1582829902447,72.13
1582829902447,72.13
1582829902447,72.13
1582829902447,72.13
1582829902447,72.13
1582829902447,72.13
1582829902447,72.13
1582829902447,72.13
1582829902447,72.13
1582830088190,72.06
1582830094487,71.94
1582830094487,71.94
1582830094487,71.94
1582830094487,71.94
1582830094487,71.94
1582830094487,71.94
1582830094487,71.94
1582830094487,71.94
1582830094487,71.94
1582830094487,71.94
1582830094487,71.94
1582830094487,71.94
1582830094487,71.94
1582830094487,71.94
1582830094487,71.94
1582830094487,71.94
1582830094487,71.94
1582830094487,71.94
1582830094487,71.94
1582830094487,71.94
1582830094487,71.94
1582830094487,71.94
1582830094487,71.94
1582830094487,71.94
1582830094487,71.94
1582830094487,71.94
1582830370495,71.935
1582830370495,71.935
1582830370495,71.935
1582830370495,71.935
1582830370495,71.935
1582830370495,71.935
1582830370495,71.935
1582830370495,71.935
1582830370495,71.935
1582830370495,71.935
1582830370495,71.935
1582830370495,71.935
1582830496902,71.865
1582830513196,71.87
1582830515598,71.94
1582830515598,71.94
1582830538417,71.935
1582830538417,71.935
1582830538417,71.935
1582830538417,71.935
1582830538417,71.935
1582830538417,71.935
1582830538417,71.935
1582830538417,71.935
1582830538417,71.935
1582830538417,71.935
1582830538417,71.935
1582830538417,71.935
1582830538417,71.935
1582830538417,71.935
1582830538417,71.935
1582830538417,71.935
1582830538417,71.935
1582830538417,71.935
1582830538417,71.935
1582830538417,71.935
1582830538417,71.935
1582830538417,71.935
1582830538417,71.935
1582830538417,71.935
1582830538417,71.935
1582830538417,71.935
1582830538417,71.935
1582830538417,71.935
1582830840888,71.975
1582830840888,71.975
1582830853706,72.035
1582830853706,72.035
1582830853706,72.035
1582830853706,72.035
1582830853706,72.035
1582830853706,72.035
1582830853706,72.035
1582830853706,72.035
1582830853706,72.035
1582830853706,72.035
1582830853706,72.035
1582830853706,72.035
1582830853706,72.035
1582830853706,72.035
1582830853706,72.035
1582830853706,72.035
1582830853706,72.035
1582830853706,72.035
1582831046293,72.15
1582831046293,72.15
1582831046293,72.15
1582831046293,72.15
1582831085419,71.95
1582831085419,71.95
1582831085419,71.95
1582831085419,71.95
1582831085419,71.95
1582831085419,71.95
1582831085419,71.95
1582831085419,71.95
1582831085419,71.95
1582831085419,71.95
1582831085419,71.95
1582831206003,72.03
1582831206003,72.03
1582831206003,72.03
1582831206003,72.03
1582831206003,72.03
1582831206003,72.03
1582831206003,72.03
1582831206003,72.03
1582831206003,72.03
1582831206003,72.03
1582831206003,72.03
1582831206003,72.03
1582831206003,72.03
1582831206003,72.03
1582831206003,72.03
1582831206003,72.03
1582831206003,72.03
1582831206003,72.03
1582831206003,72.03
1582831206003,72.03
1582831206003,72.03
1582831206003,72.03
1582831206003,72.03
1582831206003,72.03
1582831466373,71.95
1582831466373,71.95
1582831466373,71.95
1582831466373,71.95
1582831466373,71.95
1582831466373,71.95
1582831466373,71.95
1582831466373,71.95
1582831466373,71.95
1582831466373,71.95
1582831570056,72.02
1582831570056,72.02
1582831584528,72.06
1582831584528,72.06
1582831584528,72.06
1582831584528,72.06
1582831584528,72.06
1582831584528,72.06
1582831584528,72.06
1582831662472,72.045
1582831662472,72.045
1582831662472,72.045
1582831662472,72.045
1582831662472,72.045
1582831662472,72.045
1582831662472,72.045
1582831662472,72.045
1582831744103,72.115
1582831744103,72.115
1582831744103,72.115
1582831744103,72.115
1582831744103,72.115
1582831744103,72.115
1582831744103,72.115
1582831744103,72.115
1582831744103,72.115
1582831744103,72.115
1582831744103,72.115
1582831744103,72.115
1582831744103,72.115
1582831744103,72.115
1582831744103,72.115
1582831744103,72.115
1582831744103,72.115
1582831744103,72.115
1582831744103,72.115
1582831744103,72.115
1582831744103,72.115
1582831744103,72.115
1582831744103,72.115
1582831744103,72.115
1582831744103,72.115
1582831744103,72.115
1582831744103,72.115
1582831744103,72.115
1582831744103,72.115
1582831744103,72.115
1582831744103,72.115
1582831744103,72.115
1582831744103,72.115
1582831744103,72.115
1582831744103,72.115
1582831744103,72.115
1582831744103,72.115
1582831744103,72.115
1582831744103,72.115
1582831744103,72.115
1582831744103,72.115
1582831744103,72.115
1582831744103,72.115
1582831744103,72.115
1582831744103,72.115
1582831744103,72.115
1582831744103,72.115
1582831744103,72.115
1582831744103,72.115
1582831744103,72.115
1582831744103,72.115
1582831744103,72.115
1582831744103,72.115
1582832303805,72
1582832303805,72
1582832303805,72
1582832303805,72
1582832303805,72
1582832303805,72
1582832303805,72
1582832303805,72
1582832303805,72
1582832303805,72
1582832303805,72
1582832414810,71.895
1582832414810,71.895
1582832414810,71.895
1582832414810,71.895
1582832465191,71.93
1582832465191,71.93
1582832465191,71.93
1582832465191,71.93
1582832465191,71.93
1582832465191,71.93
1582832465191,71.93
1582832465191,71.93
1582832465191,71.93
1582832465191,71.93
1582832465191,71.93
1582832465191,71.93
1582832465191,71.93
1582832465191,71.93
1582832465191,71.93
1582832465191,71.93
1582832465191,71.93
1582832465191,71.93
1582832465191,71.93
1582832465191,71.93
1582832465191,71.93
1582832465191,71.93
1582832465191,71.93
1582832465191,71.93
1582832465191,71.93
1582832465191,71.93
1582832465191,71.93
1582832465191,71.93
1582832465191,71.93
1582832465191,71.93
1582832465191,71.93
1582832465191,71.93
1582832801336,71.81
1582832801336,71.81
1582832801336,71.81
1582832801336,71.81
1582832801336,71.81
1582832801336,71.81
1582832801336,71.81
1582832801336,71.81
1582832801336,71.81
1582832801336,71.81
1582832902590,71.67
1582832902590,71.67
1582832902590,71.67
1582832902590,71.67
1582832902590,71.67
1582832902590,71.67
1582832902590,71.67
1582832902590,71.67
1582832902590,71.67
1582832902590,71.67
1582832902590,71.67
1582832902590,71.67
1582832902590,71.67
1582832902590,71.67
1582832902590,71.67
1582833067072,71.6
1582833067072,71.6
1582833067072,71.6
1582833067072,71.6
1582833067072,71.6
1582833067072,71.6
1582833067072,71.6
1582833067072,71.6
1582833067072,71.6
1582833067072,71.6
1582833067072,71.6
1582833067072,71.6
1582833067072,71.6
1582833067072,71.6
1582833211624,71.585
1582833211624,71.585
1582833211624,71.585
1582833211624,71.585
1582833211624,71.585
1582833211624,71.585
1582833211624,71.585
1582833211624,71.585
1582833211624,71.585
1582833211624,71.585
1582833211624,71.585
1582833211624,71.585
1582833211624,71.585
1582833211624,71.585
1582833211624,71.585
1582833211624,71.585
1582833211624,71.585
1582833211624,71.585
1582833211624,71.585
1582833211624,71.585
1582833211624,71.585
1582833211624,71.585
1582833211624,71.585
1582833211624,71.585
1582833211624,71.585
1582833211624,71.585
1582833211624,71.585
1582833211624,71.585
1582833211624,71.585
1582833513654,71.53
1582833513654,71.53
1582833513654,71.53
1582833513654,71.53
1582833513654,71.53
1582833513654,71.53
1582833513654,71.53
1582833513654,71.53
1582833604728,71.46
1582833604728,71.46
1582833604728,71.46
1582833604728,71.46
1582833604728,71.46
1582833604728,71.46
1582833604728,71.46
1582833604728,71.46
1582833604728,71.46
1582833604728,71.46
1582833604728,71.46
1582833604728,71.46
1582833604728,71.46
1582833604728,71.46
1582833604728,71.46
1582833604728,71.46
1582833604728,71.46
1582833779791,71.44
1582833779791,71.44
1582833779791,71.44
1582833779791,71.44
1582833779791,71.44
1582833779791,71.44
1582833779791,71.44
1582833779791,71.44
1582833779791,71.44
1582833779791,71.44
1582833779791,71.44
1582833779791,71.44
1582833779791,71.44
1582833779791,71.44
1582833779791,71.44
1582833779791,71.44
1582833779791,71.44
1582833779791,71.44
1582833779791,71.44
1582833779791,71.44
1582833779791,71.44
1582833779791,71.44
1582833779791,71.44
1582833779791,71.44
1582834039099,71.47
1582834039099,71.47
1582834039099,71.47
1582834039099,71.47
1582834039099,71.47
1582834039099,71.47
1582834039099,71.47
1582834039099,71.47
1582834039099,71.47
1582834039099,71.47
1582834039099,71.47
1582834039099,71.47
1582834039099,71.47
1582834039099,71.47
1582834039099,71.47
1582834039099,71.47
1582834039099,71.47
1582834039099,71.47
1582834039099,71.47
1582834039099,71.47
1582834039099,71.47
1582834039099,71.47
1582834039099,71.47
1582834039099,71.47
1582834039099,71.47
1582834039099,71.47
1582834039099,71.47
1582834039099,71.47
1582834039099,71.47
1582834039099,71.47
1582834039099,71.47
1582834039099,71.47
1582834039099,71.47
1582834039099,71.47
1582834039099,71.47
1582834039099,71.47
1582834039099,71.47
1582834039099,71.47
1582834446387,71.45
1582834446387,71.45
1582834466909,71.42
1582834466909,71.42
1582834466909,71.42
1582834466909,71.42
1582834466909,71.42
1582834466909,71.42
1582834466909,71.42
1582834541969,71.23
1582834541969,71.23
1582834541969,71.23
1582834575021,71.3
1582834575021,71.3
1582834600229,71.31
1582834600229,71.31
1582834600229,71.31
1582834600229,71.31
1582834600229,71.31
1582834600229,71.31
1582834600229,71.31
1582834600229,71.31
1582834600229,71.31
1582834600229,71.31
1582834600229,71.31
1582834600229,71.31
1582834600229,71.31
1582834600229,71.31
1582834600229,71.31
1582834600229,71.31
1582834600229,71.31
1582834600229,71.31
1582834789546,71.115
1582834789546,71.115
1582834789546,71.115
1582834789546,71.115
1582834789546,71.115
1582834789546,71.115
1582834789546,71.115
1582834789546,71.115
1582834789546,71.115
1582834789546,71.115
1582834888570,71.16
1582834888570,71.16
1582834888570,71.16
1582834888570,71.16
1582834888570,71.16
1582834888570,71.16
1582834888570,71.16
1582834888570,71.16
1582834888570,71.16
1582834888570,71.16
1582834888570,71.16
1582834888570,71.16
1582834888570,71.16
1582834888570,71.16
1582834888570,71.16
1582834888570,71.16
1582834888570,71.16
1582834888570,71.16
1582834888570,71.16
1582834888570,71.16
1582834888570,71.16
1582835114738,71.03
1582835125448,71.11
1582835125448,71.11
1582835125448,71.11
1582835125448,71.11
1582835125448,71.11
1582835125448,71.11
1582835125448,71.11
1582835125448,71.11
1582835125448,71.11
1582835125448,71.11
1582835125448,71.11
1582835125448,71.11
1582835125448,71.11
1582835125448,71.11
1582835125448,71.11
1582835125448,71.11
1582835125448,71.11
1582835309666,71.21
1582835309666,71.21
1582835309666,71.21
1582835309666,71.21
1582835309666,71.21
1582835309666,71.21
1582835309666,71.21
1582835309666,71.21
1582835309666,71.21
1582835309666,71.21
1582835309666,71.21
1582835309666,71.21
1582835309666,71.21
1582835309666,71.21
1582835309666,71.21
1582835309666,71.21
1582835309666,71.21
1582835309666,71.21
1582835499724,70.93
1582835499724,70.93
1582835499724,70.93
1582835499724,70.93
1582835499724,70.93
1582835499724,70.93
1582835499724,70.93
1582835499724,70.93
1582835499724,70.93
1582835499724,70.93
1582835499724,70.93
1582835499724,70.93
1582835499724,70.93
1582835499724,70.93
1582835499724,70.93
1582835499724,70.93
1582835499724,70.93
1582835499724,70.93
1582835499724,70.93
1582835699530,70.89
1582835699530,70.89
1582835699530,70.89
1582835699530,70.89
1582835699530,70.89
1582835699530,70.89
1582835699530,70.89
1582835699530,70.89
1582835699530,70.89
1582835699530,70.89
1582835699530,70.89
1582835699530,70.89
1582835699530,70.89
1582835699530,70.89
1582835699530,70.89
1582835699530,70.89
1582835699530,70.89
1582835699530,70.89
1582835699530,70.89
1582835699530,70.89
1582835699530,70.89
1582835699530,70.89
1582835928650,70.71
1582835942548,70.73
1582835942548,70.73
1582835942548,70.73
1582835942548,70.73
1582835942548,70.73
1582835942548,70.73
1582835942548,70.73
1582835942548,70.73
1582835942548,70.73
1582835942548,70.73
1582835942548,70.73
1582835942548,70.73
1582836069258,70.715
1582836069258,70.715
1582836069258,70.715
1582836069258,70.715
1582836069258,70.715
1582836069258,70.715
1582836069258,70.715
1582836069258,70.715
1582836069258,70.715
1582836069258,70.715
1582836069258,70.715
1582836183406,70.43
1582836183406,70.43
1582836183406,70.43
1582836183406,70.43
1582836183406,70.43
1582836183406,70.43
1582836183406,70.43
1582836183406,70.43
1582836183406,70.43
1582836183406,70.43
1582836183406,70.43
1582836183406,70.43
1582836316479,70.24
1582836326687,70.36
1582836335603,70.36
1582836335603,70.36
1582836358066,70.32
1582836358066,70.32
1582836358066,70.32
1582836384069,70.37
1582836398682,70.345
1582836405794,70.295
1582836419332,70.24
1582836419332,70.24
1582836419332,70.24
1582836419332,70.24
1582836419332,70.24
1582836471565,70.22
1582836471565,70.22
1582836471565,70.22
1582836471565,70.22
1582836471565,70.22
1582836471565,70.22
1582836471565,70.22
1582836471565,70.22
1582836471565,70.22
1582836471565,70.22
1582836471565,70.22
