1587994263038,281.74
1587994268607,281.87
1587994279640,281.79
1587994286385,281.845
1587994303882,281.48
1587994313098,281.22
1587994326381,281.03
1587994335856,281
1587994346176,280.58
1587994356815,280.855
1587994365981,280.39
1587994374805,280.66
1587994388027,280.69
1587994399411,280.94
1587994399411,280.94
1587994417952,280.82
1587994417952,280.82
1587994434038,280.66
1587994444014,280.75
1587994456485,280.86
1587994471346,280.675
1587994474774,280.615
1587994474774,280.615
1587994501999,280.36
1587994501999,280.36
1587994521938,280.5
1587994521938,280.5
1587994537990,280.31
1587994551724,280.355
1587994564921,280.15
1587994576486,280.03
1587994587152,280.085
1587994593169,280.01
1587994606540,280.06
1587994616470,280.1
1587994621956,279.985
1587994638093,280.28
1587994650042,280.48
1587994659298,280.35
1587994664875,280.29
1587994664875,280.29
1587994683263,280.435
1587994699378,280.38
1587994712331,280.55
1587994712331,280.55
1587994728446,280.68
1587994741845,280.72
1587994746632,280.74
1587994746632,280.74
1587994746632,280.74
1587994784837,280.74
1587994787420,280.745
1587994803440,281.31
1587994810951,281.14
1587994826149,281.22
1587994826149,281.22
1587994842573,280.85
1587994854360,280.72
1587994868432,280.53
1587994873892,280.34
1587994873892,280.34
1587994899054,280.15
1587994899054,280.15
1587994911532,280.215
1587994911532,280.215
1587994936644,280.73
1587994948816,280.705
1587994961727,280.775
1587994973410,280.91
1587994973410,280.91
1587994993893,281
1587994993893,281
1587994993893,281
1587994993893,281
1587995036694,280.91
1587995036694,280.91
1587995052168,280.955
1587995060235,280.77
1587995070141,280.86
1587995083876,280.62
1587995097559,280.53
1587995097559,280.53
1587995118676,280.58
1587995129178,280.67
1587995129178,280.67
1587995150790,280.69
1587995158505,280.76
1587995158505,280.76
1587995158505,280.76
1587995158505,280.76
1587995158505,280.76
1587995214482,280.825
1587995215266,280.825
1587995227509,280.72
1587995237036,280.795
1587995237036,280.795
1587995266828,280.84
1587995266828,280.84
1587995281677,280.935
1587995281677,280.935
1587995308423,281.005
1587995308423,281.005
1587995308423,281.005
1587995338502,281.22
1587995345211,281.395
1587995345211,281.395
1587995368925,281.41
1587995375550,281.335
1587995388994,281.55
1587995401393,281.535
1587995404965,281.515
1587995421402,281.745
1587995434096,282.07
1587995445320,282.285
1587995453914,282.04
1587995453914,282.04
1587995469988,282.11
1587995484574,282.25
1587995497968,282.475
1587995502297,282.46
1587995516805,282.465
1587995516805,282.465
1587995516805,282.465
1587995543972,282.85
1587995561109,282.92
1587995571160,282.9
1587995571160,282.9
1587995571160,282.9
1587995600880,282.86
1587995610225,282.91
1587995610225,282.91
1587995610225,282.91
1587995643690,283.07
1587995652685,283.21
1587995652685,283.21
1587995671735,283.34
1587995686412,283.54
1587995696024,283.62
1587995708670,283.315
1587995717178,283.42
1587995729164,283.2
1587995730702,283.215
1587995751037,283.335
1587995752268,283.35
1587995767746,283.17
1587995767746,283.17
1587995792261,283.51
1587995792261,283.51
1587995806102,283.46
1587995806102,283.46
1587995832762,283.395
1587995843893,283.44
1587995850073,283.545
1587995850073,283.545
1587995875757,283.46
1587995884867,283.64
1587995897240,283.59
1587995897240,283.59
1587995915170,283.66
1587995930925,283.935
1587995930925,283.935
1587995930925,283.935
1587995954125,283.93
1587995954125,283.93
1587995984133,283.865
1587995984133,283.865
1587996000853,284.11
1587996010691,283.965
1587996025509,283.73
1587996028916,283.71
1587996028916,283.71
1587996028916,283.71
1587996060354,284.05
1587996060354,284.05
1587996082203,283.91
1587996097909,283.98
1587996107490,284.05
1587996119131,284.06
1587996130450,284.18
1587996135405,284.075
1587996151485,284.07
1587996160140,284.08
1587996160140,284.08
1587996160140,284.08
1587996160140,284.08
1587996160140,284.08
1587996208501,284.48
1587996220585,284.4
1587996234330,284.38
1587996239387,284.39
1587996254935,284.25
1587996254935,284.25
1587996278327,284.43
1587996278327,284.43
1587996296039,284.235
1587996307011,284.37
1587996313714,284.44
1587996329281,284.335
1587996337496,284.195
1587996350716,284.225
1587996358111,284.25
1587996365382,284.275
1587996365382,284.275
1587996391743,284.15
1587996402855,284.02
1587996407974,284
1587996423690,284.39
1587996426852,284.395
1587996447197,284.24
1587996447197,284.24
1587996447197,284.24
1587996447197,284.24
1587996490163,284.16
1587996490163,284.16
1587996490163,284.16
1587996490163,284.16
1587996490163,284.16
1587996535384,284.05
1587996550071,284.005
1587996562960,284.015
1587996562960,284.015
1587996562960,284.015
1587996562960,284.015
1587996562960,284.015
1587996614303,283.71
1587996614303,283.71
1587996614303,283.71
1587996639360,283.47
1587996639360,283.47
1587996665517,283.4
1587996665517,283.4
1587996681259,283.64
1587996681259,283.64
1587996704207,283.69
1587996733091,283.81
1587996733091,283.81
1587996733091,283.81
1587996733091,283.81
1587996733091,283.81
1587996780434,283.6
1587996780434,283.6
1587996780434,283.6
1587996780434,283.6
1587996829044,283.415
1587996839073,283.645
1587996849542,283.705
1587996860232,283.67
1587996861889,283.705
1587996880866,283.64
1587996890816,283.69
1587996892379,283.615
1587996908391,283.675
1587996920349,283.8
1587996923363,283.785
1587996943747,283.605
1587996943747,283.605
1587996957555,283.3
1587996974818,283.275
1587996974818,283.275
1587996995158,283.435
1587997001505,283.38
1587997013267,283.4
1587997025984,283.56
1587997038761,283.65
1587997047737,283.63
1587997054411,283.58
1587997054411,283.58
1587997054411,283.58
1587997088418,283.6
1587997088418,283.6
1587997088418,283.6
1587997088418,283.6
1587997130762,283.655
1587997138836,283.6
1587997151363,283.55
1587997161845,283.585
1587997175352,283.505
1587997185937,283.46
1587997185937,283.46
1587997203569,283.605
1587997203569,283.605
1587997227934,283.885
1587997231831,283.915
1587997242506,283.695
1587997260648,283.67
1587997267555,283.635
1587997282009,283.465
1587997291508,283.2
1587997298532,283.275
1587997306285,283.28
1587997316769,283.26
1587997316769,283.26
1587997316769,283.26
1587997316769,283.26
1587997356625,283.2
1587997368837,283.19
1587997386826,283.1
1587997392335,283.095
1587997402411,283.1
1587997402411,283.1
1587997418652,283.17
1587997435043,283.135
1587997435043,283.135
1587997435043,283.135
1587997467262,283.185
1587997477917,283.13
1587997486079,283.025
1587997501118,283.065
1587997510215,283.06
1587997518558,282.945
1587997518558,282.945
1587997542546,282.96
1587997551086,282.97
1587997556314,282.985
1587997574073,283.13
1587997581421,283.195
1587997595676,283.29
1587997601921,283.225
1587997613241,283.25
1587997620313,283.15
1587997636535,282.96
1587997646380,282.94
1587997657902,282.9
1587997667940,282.74
1587997672651,282.82
1587997680404,282.675
1587997691931,282.755
1587997705715,282.8
1587997705715,282.8
1587997705715,282.8
1587997705715,282.8
1587997705715,282.8
1587997705715,282.8
1587997705715,282.8
1587997705715,282.8
1587997705715,282.8
1587997705715,282.8
1587997705715,282.8
1587997705715,282.8
1587997705715,282.8
1587997705715,282.8
1587997852775,282.95
1587997852775,282.95
1587997852775,282.95
1587997852775,282.95
1587997893155,282.865
1587997893155,282.865
1587997917342,282.76
1587997926066,282.67
1587997931124,282.71
1587997951731,282.845
1587997953823,282.89
1587997953823,282.89
1587997953823,282.89
1587997953823,282.89
1587998002446,282.775
1587998002446,282.775
1587998018956,282.79
1587998018956,282.79
1587998043827,282.74
1587998047584,282.7
1587998065972,282.63
1587998065972,282.63
1587998081207,282.4
1587998092642,282.29
1587998104481,282.12
1587998104481,282.12
1587998104481,282.12
1587998131824,282.01
1587998147106,282.02
1587998161241,282.35
1587998161241,282.35
1587998161241,282.35
1587998161241,282.35
1587998199446,282.36
1587998199446,282.36
1587998199446,282.36
1587998199446,282.36
1587998199446,282.36
1587998199446,282.36
1587998199446,282.36
1587998199446,282.36
1587998286856,282
1587998286856,282
1587998302655,282.08
1587998302655,282.08
1587998302655,282.08
1587998302655,282.08
1587998302655,282.08
1587998302655,282.08
1587998302655,282.08
1587998302655,282.08
1587998385765,282.05
1587998385765,282.05
1587998385765,282.05
1587998385765,282.05
1587998385765,282.05
1587998385765,282.05
1587998385765,282.05
1587998385765,282.05
1587998385765,282.05
1587998385765,282.05
1587998498330,282.16
1587998498330,282.16
1587998498330,282.16
1587998525804,282.03
1587998525804,282.03
1587998525804,282.03
1587998525804,282.03
1587998525804,282.03
1587998525804,282.03
1587998525804,282.03
1587998603598,281.845
1587998607246,281.88
1587998619356,281.79
1587998619356,281.79
1587998640060,281.94
1587998640060,281.94
1587998640060,281.94
1587998640060,281.94
1587998640060,281.94
1587998694332,281.82
1587998694332,281.82
1587998694332,281.82
1587998694332,281.82
1587998694332,281.82
1587998694332,281.82
1587998758669,281.47
1587998764789,281.17
1587998764789,281.17
1587998764789,281.17
1587998798611,281.125
1587998807279,281.12
1587998821665,281.34
1587998821665,281.34
1587998821665,281.34
1587998821665,281.34
1587998821665,281.34
1587998821665,281.34
1587998821665,281.34
1587998821665,281.34
1587998908218,281.32
1587998908218,281.32
1587998924086,281.24
1587998924086,281.24
1587998924086,281.24
1587998924086,281.24
1587998924086,281.24
1587998924086,281.24
1587998924086,281.24
1587998924086,281.24
1587998924086,281.24
1587998924086,281.24
1587999029592,281.42
1587999045394,281.28
1587999045394,281.28
1587999045394,281.28
1587999075566,281.275
1587999075566,281.275
1587999075566,281.275
1587999075566,281.275
1587999075566,281.275
1587999075566,281.275
1587999134405,281.83
1587999134405,281.83
1587999161741,282.03
1587999161741,282.03
1587999179937,282.06
1587999179937,282.06
1587999179937,282.06
1587999206007,281.87
1587999206007,281.87
1587999234638,281.785
1587999240695,281.815
1587999249242,281.685
1587999258679,281.57
1587999258679,281.57
1587999282736,281.715
1587999282736,281.715
1587999282736,281.715
1587999282736,281.715
1587999282736,281.715
1587999340038,281.845
1587999342317,281.855
1587999342317,281.855
1587999342317,281.855
1587999374816,282.09
1587999374816,282.09
1587999374816,282.09
1587999374816,282.09
1587999374816,282.09
1587999433736,282.06
1587999443066,282.03
1587999446588,282.005
1587999463202,281.89
1587999463202,281.89
1587999484824,281.875
1587999491552,281.84
1587999505871,281.805
1587999509335,281.765
1587999509335,281.765
1587999537039,281.67
1587999542750,281.67
1587999551394,281.555
1587999562021,281.35
1587999570215,281.34
1587999589147,281.25
1587999589147,281.25
1587999589147,281.25
1587999589147,281.25
1587999589147,281.25
1587999589147,281.25
1587999648855,281.385
1587999648855,281.385
1587999668231,280.91
1587999681216,280.74
1587999692992,280.8
1587999692992,280.8
1587999707031,280.885
1587999707031,280.885
1587999707031,280.885
1587999707031,280.885
1587999707031,280.885
1587999765357,281.3
1587999779123,281.26
1587999789676,281.27
1587999799217,281.29
1587999807347,281.33
1587999820905,281.255
1587999829261,281.245
1587999837239,281.215
1587999844787,281.245
1587999844787,281.245
1587999865355,281.32
1587999881065,281.38
1587999881065,281.38
1587999899226,281.4
1587999907549,281.38
1587999907549,281.38
1587999930886,281.585
1587999943897,281.53
1587999943897,281.53
1587999963431,281.575
1587999963431,281.575
1587999989988,281.535
1587999992897,281.495
1587999992897,281.495
1587999992897,281.495
1587999992897,281.495
1588000037760,281.85
1588000052796,281.9
1588000061604,281.8
1588000064837,281.76
1588000064837,281.76
1588000094613,281.935
1588000102106,281.85
1588000102106,281.85
1588000126251,281.9
1588000126251,281.9
1588000144783,281.98
1588000148289,282.015
1588000148289,282.015
1588000148289,282.015
1588000186862,281.985
1588000193690,282.035
1588000205443,281.91
1588000205443,281.91
1588000229448,282.19
1588000229448,282.19
1588000229448,282.19
1588000229448,282.19
1588000229448,282.19
1588000229448,282.19
1588000229448,282.19
1588000229448,282.19
1588000229448,282.19
1588000229448,282.19
1588000229448,282.19
1588000229448,282.19
1588000229448,282.19
1588000229448,282.19
1588000229448,282.19
1588000229448,282.19
1588000395822,282.375
1588000395822,282.375
1588000395822,282.375
1588000395822,282.375
1588000395822,282.375
1588000395822,282.375
1588000395822,282.375
1588000471201,282.57
1588000476389,282.5
1588000486776,282.57
1588000497785,282.585
1588000511393,282.67
1588000520538,282.545
1588000520538,282.545
1588000520538,282.545
1588000557318,282.55
1588000557318,282.55
1588000557318,282.55
1588000557318,282.55
1588000557318,282.55
1588000557318,282.55
1588000557318,282.55
1588000557318,282.55
1588000640513,282.325
1588000640513,282.325
1588000654176,282.34
1588000654176,282.34
1588000684455,282.53
1588000684455,282.53
1588000684455,282.53
1588000707654,282.45
1588000707654,282.45
1588000729443,282.55
1588000741729,282.66
1588000757066,282.79
1588000764454,282.825
1588000775209,282.86
1588000782297,282.93
1588000793169,282.92
1588000805555,282.875
1588000816274,282.855
1588000816274,282.855
1588000816274,282.855
1588000850282,282.955
1588000850282,282.955
1588000850282,282.955
1588000883045,282.84
1588000883045,282.84
1588000894569,282.85
1588000911097,282.81
1588000911097,282.81
1588000911097,282.81
1588000937350,282.71
1588000937350,282.71
1588000937350,282.71
1588000937350,282.71
1588000937350,282.71
1588000996078,282.76
1588001008606,282.7
1588001020476,282.57
1588001020476,282.57
1588001038564,282.735
1588001048059,282.79
1588001060665,282.925
1588001068539,282.91
1588001068539,282.91
1588001068539,282.91
1588001068539,282.91
1588001068539,282.91
1588001116369,282.93
1588001135218,282.91
1588001144774,283.08
1588001151145,283.1
1588001151145,283.1
1588001151145,283.1
1588001189413,282.975
1588001189413,282.975
1588001189413,282.975
1588001189413,282.975
1588001228852,283.18
1588001233199,283.24
1588001243462,283.17
1588001243462,283.17
1588001243462,283.17
1588001243462,283.17
1588001243462,283.17
1588001296428,283.235
1588001296428,283.235
1588001317801,283.16
1588001317801,283.16
1588001317801,283.16
1588001346865,283.165
1588001346865,283.165
1588001346865,283.165
1588001380471,283.02
1588001399661,283.125
1588001399661,283.125
1588001399661,283.125
1588001399661,283.125
1588001399661,283.125
1588001399661,283.125
1588001399661,283.125
1588001469768,282.99
1588001483105,282.94
1588001492430,282.985
1588001492430,282.985
1588001492430,282.985
1588001492430,282.985
1588001537696,283.17
1588001537696,283.17
1588001553427,283.115
1588001570326,282.94
1588001572767,282.87
1588001572767,282.87
1588001602048,283.11
1588001610147,283.05
1588001610147,283.05
1588001624687,282.97
1588001639019,283.17
1588001648860,283.215
1588001648860,283.215
1588001648860,283.215
1588001648860,283.215
1588001697510,283.08
1588001701956,282.95
1588001710076,282.85
1588001710076,282.85
1588001738947,282.9
1588001738947,282.9
1588001752393,282.96
1588001752393,282.96
1588001775170,282.97
1588001788024,283.02
1588001795032,283.08
1588001808926,282.99
1588001808926,282.99
1588001808926,282.99
1588001808926,282.99
1588001847730,283.09
1588001847730,283.09
1588001870378,283.105
1588001870378,283.105
1588001870378,283.105
1588001898536,283.1
1588001898536,283.1
1588001898536,283.1
1588001898536,283.1
1588001938829,283.145
1588001938829,283.145
1588001938829,283.145
1588001938829,283.145
1588001938829,283.145
1588001996898,282.975
1588002004262,282.99
1588002004262,282.99
1588002032307,282.9
1588002034288,282.92
1588002034288,282.92
1588002064137,282.84
1588002069806,282.83
1588002085545,282.73
1588002085545,282.73
1588002106068,282.785
1588002109009,282.79
1588002125115,282.71
1588002133886,282.72
1588002133886,282.72
1588002133886,282.72
1588002133886,282.72
1588002133886,282.72
1588002180847,282.775
1588002199586,282.88
1588002199586,282.88
1588002215854,282.78
1588002215854,282.78
1588002241661,282.815
1588002248405,282.785
1588002248405,282.785
1588002248405,282.785
1588002273745,282.775
1588002273745,282.775
1588002273745,282.775
1588002312806,282.9
1588002312806,282.9
1588002312806,282.9
1588002347905,282.87
1588002357429,282.865
1588002357429,282.865
1588002357429,282.865
1588002357429,282.865
1588002357429,282.865
1588002357429,282.865
1588002412254,282.94
1588002430711,283.01
1588002433357,282.99
1588002450362,282.96
1588002450362,282.96
1588002471093,282.89
1588002485032,282.88
1588002491889,282.76
1588002505166,282.73
1588002510380,282.67
1588002510380,282.67
1588002510380,282.67
1588002510380,282.67
1588002550494,282.77
1588002550494,282.77
1588002550494,282.77
1588002582586,282.67
1588002582586,282.67
1588002602076,282.7
1588002602076,282.7
1588002602076,282.7
1588002634894,282.725
1588002644766,282.625
1588002644766,282.625
1588002644766,282.625
1588002644766,282.625
1588002644766,282.625
1588002698188,282.51
1588002698188,282.51
1588002723216,282.58
1588002723216,282.58
1588002746472,282.55
1588002753716,282.45
1588002769267,282.305
1588002769267,282.305
1588002769267,282.305
1588002769267,282.305
1588002809907,282.455
1588002809907,282.455
1588002824074,282.345
1588002824074,282.345
1588002824074,282.345
1588002854774,282.38
1588002854774,282.38
1588002854774,282.38
1588002854774,282.38
1588002899636,282.32
1588002899636,282.32
1588002899636,282.32
1588002899636,282.32
1588002940947,282.5
1588002940947,282.5
1588002969682,282.26
1588002969682,282.26
1588002980822,282.315
1588002980822,282.315
1588003006392,282.27
1588003006392,282.27
1588003006392,282.27
1588003006392,282.27
1588003052137,282.31
1588003061253,282.375
1588003073490,282.35
1588003077778,282.36
1588003087992,282.34
1588003105617,282.24
1588003111437,282.285
1588003123537,282.305
1588003135855,282.14
1588003144860,282.15
1588003156585,282.215
1588003163142,282.19
1588003179258,282.195
1588003189140,282.22
1588003199801,282.235
1588003209219,282.44
1588003212011,282.435
1588003231148,282.215
1588003241016,282.135
1588003249842,282.12
1588003258936,281.975
1588003267183,281.94
1588003267183,281.94
1588003267183,281.94
1588003301085,282.005
1588003301085,282.005
1588003301085,282.005
1588003330972,281.96
1588003330972,281.96
1588003330972,281.96
1588003330972,281.96
1588003330972,281.96
1588003330972,281.96
1588003392990,281.765
1588003404532,281.77
1588003410774,281.61
1588003424814,281.55
1588003424814,281.55
1588003424814,281.55
1588003462498,281.58
1588003462498,281.58
1588003462498,281.58
1588003462498,281.58
1588003462498,281.58
1588003462498,281.58
1588003462498,281.58
1588003462498,281.58
1588003462498,281.58
1588003462498,281.58
1588003462498,281.58
1588003462498,281.58
1588003462498,281.58
1588003462498,281.58
1588003602803,281.65
1588003602803,281.65
1588003602803,281.65
1588003602803,281.65
1588003602803,281.65
1588003602803,281.65
1588003602803,281.65
1588003602803,281.65
1588003686224,281.72
1588003686224,281.72
1588003686224,281.72
1588003686224,281.72
1588003686224,281.72
1588003740785,281.51
1588003740785,281.51
1588003740785,281.51
1588003740785,281.51
1588003778329,281.555
1588003778329,281.555
1588003778329,281.555
1588003778329,281.555
1588003778329,281.555
1588003778329,281.555
1588003847817,281.31
1588003851446,281.38
1588003851446,281.38
1588003880777,281.35
1588003885887,281.375
1588003885887,281.375
1588003885887,281.375
1588003922018,281.38
1588003927052,281.37
1588003927052,281.37
1588003927052,281.37
1588003927052,281.37
1588003927052,281.37
1588003927052,281.37
1588003927052,281.37
1588003927052,281.37
1588003927052,281.37
1588003927052,281.37
1588004033455,281.11
1588004033455,281.11
1588004057488,281.25
1588004064192,281.25
1588004078383,281.33
1588004078383,281.33
1588004099750,281.45
1588004099750,281.45
1588004099750,281.45
1588004099750,281.45
1588004143148,281.73
1588004143148,281.73
1588004143148,281.73
1588004143148,281.73
1588004143148,281.73
1588004194356,281.95
1588004194356,281.95
1588004194356,281.95
1588004194356,281.95
1588004232076,282.055
1588004239433,282.12
1588004239433,282.12
1588004239433,282.12
1588004239433,282.12
1588004284328,282.01
1588004284328,282.01
1588004284328,282.01
1588004284328,282.01
1588004284328,282.01
1588004340631,281.945
1588004340631,281.945
1588004340631,281.945
1588004340631,281.945
1588004376892,282
1588004376892,282
1588004376892,282
1588004376892,282
1588004376892,282
1588004376892,282
1588004376892,282
1588004376892,282
1588004465263,281.82
1588004465263,281.82
1588004465263,281.82
1588004465263,281.82
1588004465263,281.82
1588004512540,282.035
1588004512540,282.035
1588004512540,282.035
1588004550031,281.99
1588004550031,281.99
1588004550031,281.99
1588004578493,282.035
1588004578493,282.035
1588004578493,282.035
1588004578493,282.035
1588004578493,282.035
1588004578493,282.035
1588004578493,282.035
1588004650199,282.03
1588004664910,282.025
1588004664910,282.025
1588004684184,281.945
1588004684184,281.945
1588004684184,281.945
1588004718151,282.005
1588004725164,282.04
1588004738805,281.975
1588004749374,281.98
1588004749374,281.98
1588004749374,281.98
1588004781596,282.025
1588004781596,282.025
1588004781596,282.025
1588004812465,281.99
1588004823833,281.945
1588004833819,281.94
1588004845709,281.87
1588004848997,281.89
1588004866690,281.82
1588004876900,281.83
1588004886733,281.71
1588004896164,281.71
1588004906590,281.575
1588004915217,281.575
1588004929462,281.715
1588004933931,281.71
1588004944611,281.78
1588004956465,281.74
1588004970293,281.705
1588004970293,281.705
1588004990750,281.73
1588005002491,281.77
1588005011242,281.845
1588005024212,281.87
1588005035445,281.82
1588005043842,281.815
1588005055818,281.855
1588005061660,281.865
1588005072439,281.975
1588005082542,281.985
1588005096562,281.96
1588005106944,281.955
1588005117589,282.05
1588005127583,282.145
1588005127583,282.145
1588005127583,282.145
1588005127583,282.145
1588005127583,282.145
1588005127583,282.145
1588005188772,282.04
1588005188772,282.04
1588005188772,282.04
1588005188772,282.04
1588005188772,282.04
1588005188772,282.04
1588005246991,282.09
1588005246991,282.09
1588005246991,282.09
1588005246991,282.09
1588005295168,282.17
1588005295168,282.17
1588005295168,282.17
1588005322057,282.21
1588005322057,282.21
1588005322057,282.21
1588005354962,282.29
1588005354962,282.29
1588005354962,282.29
1588005354962,282.29
1588005403440,282.19
1588005403440,282.19
1588005417065,282.15
1588005426330,282.15
1588005426330,282.15
1588005454371,281.96
1588005454371,281.96
1588005454371,281.96
1588005454371,281.96
1588005454371,281.96
1588005454371,281.96
1588005454371,281.96
1588005454371,281.96
1588005536886,281.995
1588005536886,281.995
1588005536886,281.995
1588005536886,281.995
1588005536886,281.995
1588005536886,281.995
1588005597656,282.025
1588005612944,281.91
1588005613318,281.91
1588005629394,281.8
1588005629394,281.8
1588005629394,281.8
1588005629394,281.8
1588005670301,281.77
1588005670301,281.77
1588005670301,281.77
1588005703056,281.86
1588005703056,281.86
1588005703056,281.86
1588005703056,281.86
1588005703056,281.86
1588005758833,281.66
1588005758833,281.66
1588005758833,281.66
1588005758833,281.66
1588005801585,281.74
1588005801585,281.74
1588005823118,281.83
1588005833672,281.89
1588005834335,281.88
1588005834335,281.88
1588005859200,281.945
1588005874536,281.82
1588005886186,281.82
1588005886186,281.82
1588005898584,281.94
1588005898584,281.94
1588005925290,281.79
1588005925290,281.79
1588005949512,281.78
1588005955053,281.71
1588005966003,281.585
1588005966003,281.585
1588005966003,281.585
1588005966003,281.585
1588006007574,281.485
1588006015977,281.52
1588006015977,281.52
1588006036500,281.56
1588006036500,281.56
1588006036500,281.56
1588006068093,281.57
1588006068093,281.57
1588006068093,281.57
1588006100564,281.67
1588006100564,281.67
1588006127390,281.77
1588006127390,281.77
1588006127390,281.77
1588006127390,281.77
1588006127390,281.77
1588006127390,281.77
1588006185603,281.72
1588006185603,281.72
1588006185603,281.72
1588006220275,281.845
1588006220275,281.845
1588006220275,281.845
1588006220275,281.845
1588006220275,281.845
1588006272468,281.69
1588006272468,281.69
1588006272468,281.69
1588006272468,281.69
1588006272468,281.69
1588006272468,281.69
1588006330549,281.605
1588006330549,281.605
1588006356253,281.62
1588006356253,281.62
1588006356253,281.62
1588006356253,281.62
1588006397843,281.595
1588006397843,281.595
1588006397843,281.595
1588006397843,281.595
1588006397843,281.595
1588006450825,281.615
1588006450825,281.615
1588006450825,281.615
1588006487136,281.595
1588006487136,281.595
1588006487136,281.595
1588006516081,281.78
1588006516081,281.78
1588006516081,281.78
1588006516081,281.78
1588006516081,281.78
1588006516081,281.78
1588006516081,281.78
1588006588171,281.76
1588006588171,281.76
1588006588171,281.76
1588006588171,281.76
1588006588171,281.76
1588006588171,281.76
1588006588171,281.76
1588006588171,281.76
1588006675312,281.9
1588006675312,281.9
1588006675312,281.9
1588006701993,281.845
1588006701993,281.845
1588006701993,281.845
1588006737653,281.87
1588006737653,281.87
1588006737653,281.87
1588006737653,281.87
1588006737653,281.87
1588006737653,281.87
1588006737653,281.87
1588006737653,281.87
1588006737653,281.87
1588006737653,281.87
1588006737653,281.87
1588006737653,281.87
1588006737653,281.87
1588006737653,281.87
1588006737653,281.87
1588006895445,281.38
1588006895445,281.38
1588006895445,281.38
1588006895445,281.38
1588006934579,281.33
1588006947227,281.4
1588006963033,281.41
1588006963033,281.41
1588006978364,281.36
1588006978364,281.36
1588007005956,281.16
1588007005956,281.16
1588007026700,281.06
1588007026700,281.06
1588007047245,281.14
1588007047245,281.14
1588007047245,281.14
1588007047245,281.14
1588007047245,281.14
1588007047245,281.14
1588007047245,281.14
1588007047245,281.14
1588007047245,281.14
1588007047245,281.14
1588007148011,281.3
1588007148011,281.3
1588007148011,281.3
1588007177033,281.34
1588007177033,281.34
1588007202497,281.35
1588007206021,281.37
1588007206021,281.37
1588007206021,281.37
1588007206021,281.37
1588007251941,281.3
1588007251941,281.3
1588007251941,281.3
1588007251941,281.3
1588007251941,281.3
1588007251941,281.3
1588007251941,281.3
1588007251941,281.3
1588007339024,281.26
1588007339024,281.26
1588007360134,281.165
1588007363677,281.115
1588007363677,281.115
1588007363677,281.115
1588007396406,281.205
1588007396406,281.205
1588007396406,281.205
1588007396406,281.205
1588007396406,281.205
1588007396406,281.205
1588007463678,281.215
1588007463678,281.215
1588007477226,281.115
1588007492267,281.11
1588007492267,281.11
1588007492267,281.11
1588007492267,281.11
1588007492267,281.11
1588007492267,281.11
1588007492267,281.11
1588007492267,281.11
1588007573027,281.32
1588007573027,281.32
1588007573027,281.32
1588007573027,281.32
1588007573027,281.32
1588007573027,281.32
1588007573027,281.32
1588007573027,281.32
1588007573027,281.32
1588007573027,281.32
1588007573027,281.32
1588007573027,281.32
1588007573027,281.32
1588007707278,281.395
1588007707278,281.395
1588007707278,281.395
1588007707278,281.395
1588007707278,281.395
1588007707278,281.395
1588007707278,281.395
1588007786542,280.99
1588007798021,280.82
1588007798021,280.82
1588007798021,280.82
1588007825393,281.08
1588007825393,281.08
1588007825393,281.08
1588007825393,281.08
1588007825393,281.08
1588007880992,281.105
1588007880992,281.105
1588007880992,281.105
1588007916043,281.06
1588007916043,281.06
1588007916043,281.06
1588007916043,281.06
1588007916043,281.06
1588007916043,281.06
1588007974536,280.655
1588007974536,280.655
1588007974536,280.655
1588007974536,280.655
1588008020863,280.8
1588008024230,280.775
1588008024230,280.775
1588008024230,280.775
1588008024230,280.775
1588008024230,280.775
1588008079305,280.73
1588008089077,280.79
1588008089077,280.79
1588008089077,280.79
1588008120819,280.735
1588008134666,280.8
1588008138952,280.84
1588008155514,280.875
1588008155514,280.875
1588008155514,280.875
1588008155514,280.875
1588008194729,280.76
1588008194729,280.76
1588008194729,280.76
1588008222655,280.7
1588008240982,280.475
1588008240982,280.475
1588008240982,280.475
1588008240982,280.475
1588008282867,280.37
1588008282867,280.37
1588008282867,280.37
1588008282867,280.37
1588008282867,280.37
1588008328903,280.57
1588008328903,280.57
1588008328903,280.57
1588008328903,280.57
1588008328903,280.57
1588008381970,280.73
1588008381970,280.73
1588008381970,280.73
1588008418474,280.88
1588008426302,280.95
1588008426302,280.95
1588008443494,280.99
1588008457334,281.09
1588008457334,281.09
1588008457334,281.09
1588008457334,281.09
1588008457334,281.09
1588008457334,281.09
1588008457334,281.09
1588008457334,281.09
1588008457334,281.09
1588008457334,281.09
1588008457334,281.09
1588008570268,281.06
1588008570268,281.06
1588008570268,281.06
1588008602611,280.975
1588008602611,280.975
1588008602611,280.975
1588008602611,280.975
1588008651843,281.04
1588008651843,281.04
1588008651843,281.04
1588008651843,281.04
1588008651843,281.04
1588008651843,281.04
1588008651843,281.04
1588008651843,281.04
1588008727013,280.86
1588008727013,280.86
1588008727013,280.86
1588008727013,280.86
1588008727013,280.86
1588008727013,280.86
1588008727013,280.86
1588008727013,280.86
1588008727013,280.86
1588008727013,280.86
1588008840780,280.86
1588008840780,280.86
1588008852798,280.835
1588008852798,280.835
1588008852798,280.835
1588008852798,280.835
1588008899817,280.925
1588008912759,280.87
1588008912759,280.87
1588008912759,280.87
1588008912759,280.87
1588008912759,280.87
1588008912759,280.87
1588008912759,280.87
1588008986423,280.89
1588008986423,280.89
1588008986423,280.89
1588009017691,280.98
1588009017691,280.98
1588009017691,280.98
1588009017691,280.98
1588009017691,280.98
1588009075897,281.29
1588009078207,281.26
1588009078207,281.26
1588009078207,281.26
1588009118658,281.205
1588009127569,281.26
1588009127569,281.26
1588009150605,281.24
1588009159164,281.225
1588009169069,281.27
1588009169069,281.27
1588009169069,281.27
1588009169069,281.27
1588009169069,281.27
1588009169069,281.27
1588009169069,281.27
1588009243402,281.39
1588009243402,281.39
1588009262230,281.39
1588009277128,281.345
1588009277128,281.345
1588009291432,281.4
1588009308228,281.485
1588009311187,281.46
1588009311187,281.46
1588009311187,281.46
1588009311187,281.46
1588009356200,281.195
1588009371390,281.16
1588009371390,281.16
1588009387470,281.34
1588009387470,281.34
1588009387470,281.34
1588009387470,281.34
1588009387470,281.34
1588009387470,281.34
1588009387470,281.34
1588009387470,281.34
1588009387470,281.34
1588009387470,281.34
1588009387470,281.34
1588009387470,281.34
1588009387470,281.34
1588009387470,281.34
1588009387470,281.34
1588009387470,281.34
1588009563584,281.29
1588009571496,281.27
1588009571496,281.27
1588009571496,281.27
1588009571496,281.27
1588009571496,281.27
1588009571496,281.27
1588009571496,281.27
1588009571496,281.27
1588009571496,281.27
1588009571496,281.27
1588009571496,281.27
1588009571496,281.27
1588009571496,281.27
1588009571496,281.27
1588009571496,281.27
1588009723020,281.335
1588009723020,281.335
1588009748750,281.4
1588009748750,281.4
1588009748750,281.4
1588009748750,281.4
1588009748750,281.4
1588009748750,281.4
1588009748750,281.4
1588009824832,281.475
1588009832472,281.555
1588009832472,281.555
1588009857562,281.605
1588009862127,281.59
1588009876865,281.725
1588009886446,281.725
1588009886446,281.725
1588009886446,281.725
1588009920497,281.75
1588009920497,281.75
1588009920497,281.75
1588009920497,281.75
1588009920497,281.75
1588009920497,281.75
1588009920497,281.75
1588009920497,281.75
1588009920497,281.75
1588009920497,281.75
1588009920497,281.75
1588009920497,281.75
1588010041667,281.71
1588010041667,281.71
1588010041667,281.71
1588010041667,281.71
1588010041667,281.71
1588010041667,281.71
1588010041667,281.71
1588010120153,281.88
1588010122659,281.945
1588010141003,281.88
1588010141003,281.88
1588010154209,281.815
1588010154209,281.815
1588010154209,281.815
1588010195986,281.82
1588010197075,281.82
1588010216234,281.825
1588010216234,281.825
1588010216234,281.825
1588010216234,281.825
1588010216234,281.825
1588010216234,281.825
1588010216234,281.825
1588010216234,281.825
1588010216234,281.825
1588010216234,281.825
1588010216234,281.825
1588010216234,281.825
1588010216234,281.825
1588010216234,281.825
1588010216234,281.825
1588010216234,281.825
1588010216234,281.825
1588010389010,281.63
1588010402662,281.76
1588010402662,281.76
1588010420882,281.88
1588010420882,281.88
1588010443490,282.03
1588010443490,282.03
1588010467464,282.02
1588010467464,282.02
1588010467464,282.02
1588010495702,282.025
1588010495702,282.025
1588010512687,282.08
1588010512687,282.08
1588010512687,282.08
1588010547615,282.15
1588010562919,282.05
1588010570439,282.06
1588010575744,282.015
1588010575744,282.015
1588010575744,282.015
1588010575744,282.015
1588010575744,282.015
1588010575744,282.015
1588010575744,282.015
1588010575744,282.015
1588010575744,282.015
1588010673125,282.09
1588010673125,282.09
1588010673125,282.09
1588010673125,282.09
1588010673125,282.09
1588010673125,282.09
1588010673125,282.09
1588010673125,282.09
1588010755271,282.13
1588010755271,282.13
1588010780550,282.205
1588010793573,282.215
1588010793573,282.215
1588010811557,282.24
1588010811557,282.24
1588010811557,282.24
1588010848979,282.055
1588010853342,282.02
1588010853342,282.02
1588010853342,282.02
1588010853342,282.02
1588010853342,282.02
1588010853342,282.02
1588010853342,282.02
1588010853342,282.02
1588010853342,282.02
1588010853342,282.02
1588010853342,282.02
1588010853342,282.02
1588010853342,282.02
1588010853342,282.02
1588010853342,282.02
1588010853342,282.02
1588010853342,282.02
1588010853342,282.02
1588010853342,282.02
1588010853342,282.02
1588010853342,282.02
1588010853342,282.02
1588010853342,282.02
1588010853342,282.02
1588010853342,282.02
1588010853342,282.02
1588010853342,282.02
1588010853342,282.02
1588010853342,282.02
1588010853342,282.02
1588010853342,282.02
1588010853342,282.02
1588010853342,282.02
1588010853342,282.02
1588010853342,282.02
1588010853342,282.02
1588010853342,282.02
1588010853342,282.02
1588010853342,282.02
1588011271302,282.265
1588011271302,282.265
1588011271302,282.265
1588011301697,282.15
1588011301697,282.15
1588011301697,282.15
1588011301697,282.15
1588011301697,282.15
1588011301697,282.15
1588011365772,282.05
1588011365772,282.05
1588011365772,282.05
1588011365772,282.05
1588011365772,282.05
1588011365772,282.05
1588011365772,282.05
1588011365772,282.05
1588011365772,282.05
1588011365772,282.05
1588011365772,282.05
1588011365772,282.05
1588011365772,282.05
1588011365772,282.05
1588011365772,282.05
1588011522189,282.15
1588011522189,282.15
1588011522189,282.15
1588011522189,282.15
1588011522189,282.15
1588011522189,282.15
1588011522189,282.15
1588011522189,282.15
1588011600637,282.255
1588011600637,282.255
1588011629392,282.38
1588011634245,282.37
1588011647931,282.31
1588011658563,282.415
1588011667744,282.41
1588011679414,282.39
1588011679414,282.39
1588011703789,282.35
1588011703789,282.35
1588011703789,282.35
1588011703789,282.35
1588011703789,282.35
1588011703789,282.35
1588011703789,282.35
1588011703789,282.35
1588011703789,282.35
1588011703789,282.35
1588011703789,282.35
1588011703789,282.35
1588011703789,282.35
1588011703789,282.35
1588011703789,282.35
1588011703789,282.35
1588011868866,282.57
1588011868866,282.57
1588011868866,282.57
1588011868866,282.57
1588011868866,282.57
1588011868866,282.57
1588011868866,282.57
1588011948275,282.52
1588011948275,282.52
1588011948275,282.52
1588011948275,282.52
1588011948275,282.52
1588011948275,282.52
1588012004989,282.36
1588012004989,282.36
1588012004989,282.36
1588012004989,282.36
1588012004989,282.36
1588012004989,282.36
1588012004989,282.36
1588012004989,282.36
1588012004989,282.36
1588012004989,282.36
1588012004989,282.36
1588012123118,282.41
1588012123118,282.41
1588012123118,282.41
1588012155659,282.535
1588012155659,282.535
1588012177213,282.49
1588012177213,282.49
1588012199177,282.5
1588012199177,282.5
1588012216163,282.53
1588012226378,282.52
1588012235558,282.41
1588012235558,282.41
1588012264620,282.39
1588012274633,282.37
1588012274633,282.37
1588012295680,282.46
1588012295680,282.46
1588012295680,282.46
1588012295680,282.46
1588012295680,282.46
1588012295680,282.46
1588012362257,282.62
1588012362257,282.62
1588012377126,282.655
1588012377126,282.655
1588012377126,282.655
1588012412581,282.735
1588012412581,282.735
1588012429975,282.685
1588012429975,282.685
1588012448716,282.695
1588012448716,282.695
1588012469691,282.745
1588012485648,282.685
1588012499437,282.705
1588012499437,282.705
1588012499437,282.705
1588012499437,282.705
1588012537533,282.81
1588012552200,282.715
1588012552200,282.715
1588012552200,282.715
1588012584194,282.765
1588012594401,282.76
1588012597754,282.76
1588012597754,282.76
1588012597754,282.76
1588012640615,282.96
1588012651168,282.94
1588012661773,282.97
1588012661773,282.97
1588012661773,282.97
1588012661773,282.97
1588012701126,282.885
1588012701126,282.885
1588012701126,282.885
1588012729123,282.96
1588012746416,282.905
1588012758554,282.815
1588012758554,282.815
1588012758554,282.815
1588012758554,282.815
1588012758554,282.815
1588012758554,282.815
1588012758554,282.815
1588012758554,282.815
1588012834151,282.985
1588012834151,282.985
1588012834151,282.985
1588012834151,282.985
1588012878293,282.95
1588012886170,282.985
1588012886170,282.985
1588012886170,282.985
1588012886170,282.985
1588012931205,282.945
1588012931205,282.945
1588012931205,282.945
1588012931205,282.945
1588012978906,282.88
1588012988475,282.915
1588012992255,282.92
1588013003816,282.83
1588013003816,282.83
1588013027093,282.945
1588013027093,282.945
1588013027093,282.945
1588013027093,282.945
1588013027093,282.945
1588013027093,282.945
1588013027093,282.945
1588013027093,282.945
1588013027093,282.945
1588013126146,282.86
1588013133376,282.8
1588013144635,282.815
1588013150985,282.81
1588013167370,282.815
1588013173575,282.825
1588013183082,282.85
1588013183082,282.85
1588013202493,282.805
1588013202493,282.805
1588013224278,282.82
1588013224278,282.82
1588013224278,282.82
1588013224278,282.82
1588013224278,282.82
1588013275648,282.76
1588013293043,282.67
1588013293043,282.67
1588013293043,282.67
1588013293043,282.67
1588013328463,282.64
1588013328463,282.64
1588013328463,282.64
1588013328463,282.64
1588013328463,282.64
1588013328463,282.64
1588013400019,282.81
1588013400019,282.81
1588013400019,282.81
1588013423646,282.65
1588013423646,282.65
1588013423646,282.65
1588013423646,282.65
1588013466437,282.715
1588013466437,282.715
1588013466437,282.715
1588013466437,282.715
1588013509152,282.51
1588013509152,282.51
1588013509152,282.51
1588013509152,282.51
1588013509152,282.51
1588013509152,282.51
1588013509152,282.51
1588013509152,282.51
1588013600859,282.61
1588013610541,282.6
1588013621084,282.645
1588013621084,282.645
1588013637470,282.6
1588013637470,282.6
1588013637470,282.6
1588013675498,282.51
1588013675498,282.51
1588013675498,282.51
1588013675498,282.51
1588013709389,282.545
1588013726493,282.48
1588013726493,282.48
1588013726493,282.48
1588013726493,282.48
1588013726493,282.48
1588013726493,282.48
1588013794278,282.67
1588013801201,282.64
1588013801201,282.64
1588013801201,282.64
1588013828001,282.605
1588013842977,282.695
1588013842977,282.695
1588013860721,282.76
1588013877876,282.76
1588013877876,282.76
1588013877876,282.76
1588013900695,282.79
1588013900695,282.79
1588013900695,282.79
1588013940962,282.675
1588013946682,282.575
1588013961413,282.52
1588013961413,282.52
1588013961413,282.52
1588013985270,282.625
