0,0
0,0
1586266279174,82.96
1586266279174,82.96
1586266279174,82.96
1586266279174,82.96
1586266279174,82.96
1586266279174,82.96
1586266347666,82.87
1586266347666,82.87
1586266347666,82.87
1586266347666,82.87
1586266347666,82.87
1586266347666,82.87
1586266405712,82.64
1586266422034,82.77
1586266422034,82.77
1586266422034,82.77
1586266422034,82.77
1586266422034,82.77
1586266422034,82.77
1586266478878,82.665
1586266478878,82.665
1586266478878,82.665
1586266512272,82.7
1586266512272,82.7
1586266512272,82.7
1586266512272,82.7
1586266512272,82.7
1586266567359,82.69
1586266567359,82.69
1586266567359,82.69
1586266600703,82.7
1586266600703,82.7
1586266600703,82.7
1586266632819,82.89
1586266632819,82.89
1586266654290,83.01
1586266654290,83.01
1586266654290,83.01
1586266654290,83.01
1586266654290,83.01
1586266654290,83.01
1586266654290,83.01
1586266733199,83.02
1586266736882,82.9
1586266736882,82.9
1586266762780,83
1586266762780,83
1586266762780,83
1586266797422,82.9
1586266806731,82.89
1586266806731,82.89
1586266829850,83.04
1586266829850,83.04
1586266854164,83.02
1586266854164,83.02
1586266854164,83.02
1586266854164,83.02
1586266854164,83.02
1586266905180,82.88
1586266921710,82.87
1586266928345,82.99
1586266943000,83
1586266943000,83
1586266943000,83
1586266943000,83
1586266943000,83
1586266943000,83
1586267009641,82.95
1586267009641,82.95
1586267009641,82.95
1586267009641,82.95
1586267009641,82.95
1586267009641,82.95
1586267009641,82.95
1586267009641,82.95
1586267009641,82.95
1586267009641,82.95
1586267109242,82.81
1586267109242,82.81
1586267109242,82.81
1586267148870,82.7
1586267148870,82.7
1586267168393,82.65
1586267168393,82.65
1586267187259,82.66
1586267187259,82.66
1586267187259,82.66
1586267187259,82.66
1586267187259,82.66
1586267187259,82.66
1586267187259,82.66
1586267258869,82.6
1586267258869,82.6
1586267282660,82.6
1586267282660,82.6
1586267282660,82.6
1586267312471,82.61
1586267312471,82.61
1586267331347,82.585
1586267331347,82.585
1586267331347,82.585
1586267331347,82.585
1586267377528,82.68
1586267377528,82.68
1586267377528,82.68
1586267377528,82.68
1586267420224,82.72
1586267437407,82.73
1586267437407,82.73
1586267437407,82.73
1586267437407,82.73
1586267477456,82.57
1586267477456,82.57
1586267477456,82.57
1586267510041,82.64
1586267510041,82.64
1586267510041,82.64
1586267510041,82.64
1586267510041,82.64
1586267510041,82.64
1586267510041,82.64
1586267582438,82.755
1586267582438,82.755
1586267582438,82.755
1586267621650,82.81
1586267628287,82.855
1586267628287,82.855
1586267628287,82.855
1586267628287,82.855
1586267668933,82.78
1586267668933,82.78
1586267693442,82.88
1586267707044,82.89
1586267707044,82.89
1586267707044,82.89
1586267707044,82.89
1586267707044,82.89
1586267707044,82.89
1586267707044,82.89
1586267780251,82.605
1586267792809,82.605
1586267799528,82.55
1586267799528,82.55
1586267799528,82.55
1586267799528,82.55
1586267837185,82.69
1586267837185,82.69
1586267837185,82.69
1586267873110,82.665
1586267873110,82.665
1586267873110,82.665
1586267873110,82.665
1586267873110,82.665
1586267925917,82.88
1586267925917,82.88
1586267947499,82.91
1586267947499,82.91
1586267947499,82.91
1586267986661,82.795
1586267986661,82.795
1586267986661,82.795
1586267986661,82.795
1586267986661,82.795
1586267986661,82.795
1586268054599,82.665
1586268066315,82.575
1586268066315,82.575
1586268066315,82.575
1586268066315,82.575
1586268066315,82.575
1586268066315,82.575
1586268066315,82.575
1586268066315,82.575
1586268066315,82.575
1586268066315,82.575
1586268066315,82.575
1586268066315,82.575
1586268066315,82.575
1586268066315,82.575
1586268066315,82.575
1586268066315,82.575
1586268066315,82.575
1586268066315,82.575
1586268066315,82.575
1586268263393,81.83
1586268284485,81.82
1586268284485,81.82
1586268298760,82.03
1586268298760,82.03
1586268298760,82.03
1586268298760,82.03
1586268298760,82.03
1586268298760,82.03
1586268372335,82.02
1586268372335,82.02
1586268372335,82.02
1586268372335,82.02
1586268372335,82.02
1586268372335,82.02
1586268372335,82.02
1586268451361,81.96
1586268451361,81.96
1586268451361,81.96
1586268451361,81.96
1586268492296,81.98
1586268492296,81.98
1586268492296,81.98
1586268492296,81.98
1586268492296,81.98
1586268541202,81.895
1586268541202,81.895
1586268560108,81.94
1586268560108,81.94
1586268584557,81.94
1586268584557,81.94
1586268584557,81.94
1586268584557,81.94
1586268584557,81.94
1586268584557,81.94
1586268584557,81.94
1586268663838,81.985
1586268663838,81.985
1586268663838,81.985
1586268663838,81.985
1586268663838,81.985
1586268663838,81.985
1586268663838,81.985
1586268663838,81.985
1586268663838,81.985
1586268663838,81.985
1586268663838,81.985
1586268663838,81.985
1586268663838,81.985
1586268663838,81.985
1586268663838,81.985
1586268663838,81.985
1586268663838,81.985
1586268663838,81.985
1586268663838,81.985
1586268858978,81.83
1586268858978,81.83
1586268858978,81.83
1586268858978,81.83
1586268858978,81.83
1586268858978,81.83
1586268858978,81.83
1586268858978,81.83
1586268858978,81.83
1586268858978,81.83
1586268858978,81.83
1586268858978,81.83
1586268858978,81.83
1586268858978,81.83
1586269014887,81.49
1586269023926,81.545
1586269023926,81.545
1586269023926,81.545
1586269023926,81.545
1586269023926,81.545
1586269023926,81.545
1586269087162,81.64
1586269087162,81.64
1586269087162,81.64
1586269119669,81.78
1586269128301,81.84
1586269128301,81.84
1586269128301,81.84
1586269128301,81.84
1586269128301,81.84
1586269183711,81.915
1586269183711,81.915
1586269207163,82
1586269223214,82.085
1586269223214,82.085
1586269240714,82.02
1586269240714,82.02
1586269240714,82.02
1586269240714,82.02
1586269240714,82.02
1586269296959,81.92
1586269296959,81.92
1586269296959,81.92
1586269296959,81.92
1586269296959,81.92
1586269296959,81.92
1586269296959,81.92
1586269296959,81.92
1586269296959,81.92
1586269296959,81.92
1586269296959,81.92
1586269428782,81.565
1586269428782,81.565
1586269428782,81.565
1586269428782,81.565
1586269465330,81.77
1586269465330,81.77
1586269465330,81.77
1586269465330,81.77
1586269465330,81.77
1586269465330,81.77
1586269465330,81.77
1586269465330,81.77
1586269465330,81.77
1586269465330,81.77
1586269465330,81.77
1586269465330,81.77
1586269465330,81.77
1586269465330,81.77
1586269465330,81.77
1586269465330,81.77
1586269465330,81.77
1586269465330,81.77
1586269660102,81.895
1586269676767,81.935
1586269686590,81.93
1586269692863,81.89
1586269692863,81.89
1586269692863,81.89
1586269692863,81.89
1586269692863,81.89
1586269692863,81.89
1586269765664,81.77
1586269765664,81.77
1586269765664,81.77
1586269765664,81.77
1586269765664,81.77
1586269765664,81.77
1586269765664,81.77
1586269765664,81.77
1586269765664,81.77
1586269765664,81.77
1586269765664,81.77
1586269765664,81.77
1586269765664,81.77
1586269902851,81.725
1586269902851,81.725
1586269902851,81.725
1586269902851,81.725
1586269902851,81.725
1586269902851,81.725
1586269968256,81.885
1586269976775,81.915
1586269976775,81.915
1586269976775,81.915
1586269976775,81.915
1586269976775,81.915
1586269976775,81.915
1586269976775,81.915
1586269976775,81.915
1586270066468,82
1586270071380,81.935
1586270071380,81.935
1586270071380,81.935
1586270071380,81.935
1586270071380,81.935
1586270071380,81.935
1586270071380,81.935
1586270152008,81.965
1586270152008,81.965
1586270152008,81.965
1586270181827,81.915
1586270181827,81.915
1586270181827,81.915
1586270181827,81.915
1586270181827,81.915
1586270232987,81.74
1586270232987,81.74
1586270258427,81.805
1586270258427,81.805
1586270258427,81.805
1586270258427,81.805
1586270258427,81.805
1586270258427,81.805
1586270258427,81.805
1586270258427,81.805
1586270258427,81.805
1586270258427,81.805
1586270258427,81.805
1586270258427,81.805
1586270258427,81.805
1586270258427,81.805
1586270258427,81.805
1586270258427,81.805
1586270258427,81.805
1586270258427,81.805
1586270258427,81.805
1586270258427,81.805
1586270460691,81.66
1586270460691,81.66
1586270460691,81.66
1586270460691,81.66
1586270508058,81.63
1586270508058,81.63
1586270508058,81.63
1586270540062,81.89
1586270540062,81.89
1586270560003,81.95
1586270560003,81.95
1586270560003,81.95
1586270584103,82.04
1586270598953,82.175
1586270598953,82.175
1586270598953,82.175
1586270631171,82.045
1586270631171,82.045
1586270647273,81.97
1586270647273,81.97
1586270647273,81.97
1586270647273,81.97
1586270690193,81.875
1586270690193,81.875
1586270690193,81.875
1586270690193,81.875
1586270690193,81.875
1586270690193,81.875
1586270690193,81.875
1586270690193,81.875
1586270777846,81.92
1586270777846,81.92
1586270777846,81.92
1586270777846,81.92
1586270777846,81.92
1586270777846,81.92
1586270777846,81.92
1586270777846,81.92
1586270777846,81.92
1586270777846,81.92
1586270777846,81.92
1586270777846,81.92
1586270777846,81.92
1586270777846,81.92
1586270777846,81.92
1586270934503,81.76
1586270934503,81.76
1586270957076,81.775
1586270965317,81.73
1586270970979,81.73
1586270970979,81.73
1586270970979,81.73
1586270970979,81.73
1586270970979,81.73
1586270970979,81.73
1586270970979,81.73
1586270970979,81.73
1586271063277,81.78
1586271063277,81.78
1586271082155,81.74
1586271082155,81.74
1586271098655,81.79
1586271098655,81.79
1586271098655,81.79
1586271098655,81.79
1586271098655,81.79
1586271098655,81.79
1586271098655,81.79
1586271098655,81.79
1586271098655,81.79
1586271098655,81.79
1586271098655,81.79
1586271098655,81.79
1586271098655,81.79
1586271098655,81.79
1586271098655,81.79
1586271098655,81.79
1586271098655,81.79
1586271098655,81.79
1586271098655,81.79
1586271098655,81.79
1586271098655,81.79
1586271098655,81.79
1586271332577,81.55
1586271339394,81.495
1586271339394,81.495
1586271339394,81.495
1586271339394,81.495
1586271339394,81.495
1586271339394,81.495
1586271339394,81.495
1586271339394,81.495
1586271339394,81.495
1586271339394,81.495
1586271339394,81.495
1586271339394,81.495
1586271468321,81.755
1586271468321,81.755
1586271483357,81.76
1586271483357,81.76
1586271503245,81.77
1586271503245,81.77
1586271503245,81.77
1586271503245,81.77
1586271503245,81.77
1586271503245,81.77
1586271503245,81.77
1586271503245,81.77
1586271503245,81.77
1586271503245,81.77
1586271617751,81.89
1586271617751,81.89
1586271637545,81.835
1586271637545,81.835
1586271637545,81.835
1586271637545,81.835
1586271637545,81.835
1586271683855,81.77
1586271683855,81.77
1586271683855,81.77
1586271683855,81.77
1586271728649,81.61
1586271728649,81.61
1586271728649,81.61
1586271728649,81.61
1586271728649,81.61
1586271728649,81.61
1586271728649,81.61
1586271728649,81.61
1586271728649,81.61
1586271728649,81.61
1586271836252,81.54
1586271836252,81.54
1586271836252,81.54
1586271836252,81.54
1586271836252,81.54
1586271884299,81.355
1586271884299,81.355
1586271884299,81.355
1586271884299,81.355
1586271923635,81.55
1586271923635,81.55
1586271945441,81.485
1586271945441,81.485
1586271964293,81.535
1586271975529,81.56
1586271975529,81.56
1586271975529,81.56
1586271975529,81.56
1586272018356,81.685
1586272018356,81.685
1586272018356,81.685
1586272018356,81.685
1586272068523,81.77
1586272068523,81.77
1586272068523,81.77
1586272093781,81.8
1586272102857,81.765
1586272102857,81.765
1586272102857,81.765
1586272134653,81.77
1586272134653,81.77
1586272134653,81.77
1586272134653,81.77
1586272134653,81.77
1586272134653,81.77
1586272196813,81.875
1586272196813,81.875
1586272196813,81.875
1586272196813,81.875
1586272247486,81.935
1586272247486,81.935
1586272247486,81.935
1586272247486,81.935
1586272247486,81.935
1586272247486,81.935
1586272247486,81.935
1586272247486,81.935
1586272329899,81.92
1586272334600,81.92
1586272334600,81.92
1586272358267,81.885
1586272358267,81.885
1586272358267,81.885
1586272395909,81.79
1586272395909,81.79
1586272395909,81.79
1586272395909,81.79
1586272395909,81.79
1586272395909,81.79
1586272395909,81.79
1586272395909,81.79
1586272479540,81.92
1586272479540,81.92
1586272479540,81.92
1586272509084,81.99
1586272509084,81.99
1586272509084,81.99
1586272509084,81.99
1586272509084,81.99
1586272509084,81.99
1586272509084,81.99
1586272509084,81.99
1586272509084,81.99
1586272598678,82.04
1586272598678,82.04
1586272598678,82.04
1586272598678,82.04
1586272598678,82.04
1586272598678,82.04
1586272666939,82.035
1586272666939,82.035
1586272666939,82.035
1586272666939,82.035
1586272666939,82.035
1586272666939,82.035
1586272666939,82.035
1586272666939,82.035
1586272666939,82.035
1586272666939,82.035
1586272774166,81.9
1586272774166,81.9
1586272774166,81.9
1586272774166,81.9
1586272774166,81.9
1586272774166,81.9
1586272774166,81.9
1586272774166,81.9
1586272774166,81.9
1586272774166,81.9
1586272774166,81.9
1586272774166,81.9
1586272774166,81.9
1586272774166,81.9
1586272774166,81.9
1586272928557,81.93
1586272928557,81.93
1586272928557,81.93
1586272928557,81.93
1586272973969,82.03
1586272973969,82.03
1586272973969,82.03
1586272973969,82.03
1586272973969,82.03
1586272973969,82.03
1586272973969,82.03
1586272973969,82.03
1586272973969,82.03
1586272973969,82.03
1586272973969,82.03
1586272973969,82.03
1586272973969,82.03
1586272973969,82.03
1586272973969,82.03
1586272973969,82.03
1586272973969,82.03
1586272973969,82.03
1586272973969,82.03
1586272973969,82.03
1586272973969,82.03
1586272973969,82.03
1586272973969,82.03
1586272973969,82.03
1586272973969,82.03
1586272973969,82.03
1586272973969,82.03
1586272973969,82.03
1586272973969,82.03
1586272973969,82.03
1586272973969,82.03
1586272973969,82.03
1586272973969,82.03
1586272973969,82.03
1586272973969,82.03
1586272973969,82.03
1586272973969,82.03
1586272973969,82.03
1586272973969,82.03
1586272973969,82.03
1586272973969,82.03
1586272973969,82.03
1586272973969,82.03
1586273425904,82.43
1586273425904,82.43
1586273442202,82.445
1586273442202,82.445
1586273442202,82.445
1586273442202,82.445
1586273442202,82.445
1586273442202,82.445
1586273510599,82.45
1586273510599,82.45
1586273510599,82.45
1586273510599,82.45
1586273510599,82.45
1586273510599,82.45
1586273510599,82.45
1586273510599,82.45
1586273510599,82.45
1586273608899,82.38
1586273614980,82.38
1586273614980,82.38
1586273614980,82.38
1586273648079,82.27
1586273648079,82.27
1586273648079,82.27
1586273648079,82.27
1586273648079,82.27
1586273648079,82.27
1586273648079,82.27
1586273724881,82.22
1586273730322,82.185
1586273730322,82.185
1586273730322,82.185
1586273730322,82.185
1586273770002,82.205
1586273786371,82.16
1586273786371,82.16
1586273786371,82.16
1586273786371,82.16
1586273786371,82.16
1586273786371,82.16
1586273848202,82.125
1586273848202,82.125
1586273848202,82.125
1586273848202,82.125
1586273848202,82.125
1586273848202,82.125
1586273848202,82.125
1586273848202,82.125
1586273848202,82.125
1586273848202,82.125
1586273848202,82.125
1586273848202,82.125
1586273969074,82.24
1586273969074,82.24
1586273969074,82.24
1586273969074,82.24
1586274019506,82.355
1586274019506,82.355
1586274019506,82.355
1586274019506,82.355
1586274019506,82.355
1586274064644,82.27
1586274064644,82.27
1586274064644,82.27
1586274064644,82.27
1586274064644,82.27
1586274064644,82.27
1586274064644,82.27
1586274064644,82.27
1586274064644,82.27
1586274064644,82.27
1586274064644,82.27
1586274064644,82.27
1586274064644,82.27
1586274209540,82.395
1586274209540,82.395
1586274209540,82.395
1586274209540,82.395
1586274209540,82.395
1586274209540,82.395
1586274209540,82.395
1586274209540,82.395
1586274209540,82.395
1586274209540,82.395
1586274209540,82.395
1586274209540,82.395
1586274209540,82.395
1586274209540,82.395
1586274209540,82.395
1586274209540,82.395
1586274209540,82.395
1586274391049,82.24
1586274393869,82.235
1586274393869,82.235
1586274393869,82.235
1586274393869,82.235
1586274393869,82.235
1586274393869,82.235
1586274393869,82.235
1586274393869,82.235
1586274393869,82.235
1586274393869,82.235
1586274393869,82.235
1586274393869,82.235
1586274393869,82.235
1586274535936,82.17
1586274542019,82.18
1586274542019,82.18
1586274542019,82.18
1586274542019,82.18
1586274542019,82.18
1586274542019,82.18
1586274542019,82.18
1586274542019,82.18
1586274542019,82.18
1586274542019,82.18
1586274542019,82.18
1586274542019,82.18
1586274542019,82.18
1586274542019,82.18
1586274542019,82.18
1586274542019,82.18
1586274542019,82.18
1586274542019,82.18
1586274542019,82.18
1586274542019,82.18
1586274542019,82.18
1586274542019,82.18
1586274542019,82.18
1586274542019,82.18
1586274542019,82.18
1586274542019,82.18
1586274542019,82.18
1586274542019,82.18
1586274542019,82.18
1586274542019,82.18
1586274542019,82.18
1586274542019,82.18
1586274542019,82.18
1586274891384,82.085
1586274899190,82.08
1586274899190,82.08
1586274899190,82.08
1586274899190,82.08
1586274899190,82.08
1586274899190,82.08
1586274899190,82.08
1586274899190,82.08
1586274899190,82.08
1586274899190,82.08
1586274899190,82.08
1586274899190,82.08
1586274899190,82.08
1586274899190,82.08
1586274899190,82.08
1586274899190,82.08
1586274899190,82.08
1586274899190,82.08
1586274899190,82.08
1586274899190,82.08
1586275111912,81.93
1586275121081,81.91
1586275121081,81.91
1586275148342,81.89
1586275148342,81.89
1586275148342,81.89
1586275148342,81.89
1586275148342,81.89
1586275148342,81.89
1586275148342,81.89
1586275148342,81.89
1586275148342,81.89
1586275148342,81.89
1586275148342,81.89
1586275148342,81.89
1586275148342,81.89
1586275148342,81.89
1586275148342,81.89
1586275148342,81.89
1586275148342,81.89
1586275148342,81.89
1586275148342,81.89
1586275148342,81.89
1586275148342,81.89
1586275148342,81.89
1586275148342,81.89
1586275148342,81.89
1586275148342,81.89
1586275148342,81.89
1586275148342,81.89
1586275148342,81.89
1586275148342,81.89
1586275148342,81.89
1586275148342,81.89
1586275148342,81.89
1586275148342,81.89
1586275148342,81.89
1586275148342,81.89
1586275148342,81.89
1586275148342,81.89
1586275148342,81.89
1586275544149,82.48
1586275544149,82.48
1586275566899,82.46
1586275566899,82.46
1586275566899,82.46
1586275566899,82.46
1586275566899,82.46
1586275566899,82.46
1586275566899,82.46
1586275566899,82.46
1586275566899,82.46
1586275566899,82.46
1586275566899,82.46
1586275566899,82.46
1586275566899,82.46
1586275566899,82.46
1586275566899,82.46
1586275566899,82.46
1586275566899,82.46
1586275566899,82.46
1586275566899,82.46
1586275566899,82.46
1586275566899,82.46
1586275566899,82.46
1586275804881,82.62
1586275804881,82.62
1586275804881,82.62
1586275804881,82.62
1586275804881,82.62
1586275804881,82.62
1586275804881,82.62
1586275804881,82.62
1586275804881,82.62
1586275804881,82.62
1586275804881,82.62
1586275804881,82.62
1586275804881,82.62
1586275804881,82.62
1586275804881,82.62
1586275804881,82.62
1586275804881,82.62
1586275804881,82.62
1586275804881,82.62
1586275998122,82.59
1586275998122,82.59
1586275998122,82.59
1586275998122,82.59
1586275998122,82.59
1586275998122,82.59
1586275998122,82.59
1586275998122,82.59
1586275998122,82.59
1586275998122,82.59
1586275998122,82.59
1586275998122,82.59
1586275998122,82.59
1586275998122,82.59
1586275998122,82.59
1586275998122,82.59
1586275998122,82.59
1586275998122,82.59
1586276187363,82.7
1586276187363,82.7
1586276187363,82.7
1586276187363,82.7
1586276187363,82.7
1586276187363,82.7
1586276187363,82.7
1586276187363,82.7
1586276187363,82.7
1586276187363,82.7
1586276187363,82.7
1586276187363,82.7
1586276187363,82.7
1586276187363,82.7
1586276187363,82.7
1586276187363,82.7
1586276354098,82.69
1586276354098,82.69
1586276354098,82.69
1586276354098,82.69
1586276401729,82.715
1586276401729,82.715
1586276401729,82.715
1586276401729,82.715
1586276401729,82.715
1586276401729,82.715
1586276401729,82.715
1586276401729,82.715
1586276401729,82.715
1586276401729,82.715
1586276401729,82.715
1586276401729,82.715
1586276401729,82.715
1586276401729,82.715
1586276401729,82.715
1586276401729,82.715
1586276401729,82.715
1586276401729,82.715
1586276401729,82.715
1586276605564,82.555
1586276607618,82.53
1586276607618,82.53
1586276607618,82.53
1586276607618,82.53
1586276607618,82.53
1586276607618,82.53
1586276607618,82.53
1586276607618,82.53
1586276607618,82.53
1586276709034,82.49
1586276709034,82.49
1586276709034,82.49
1586276709034,82.49
1586276709034,82.49
1586276709034,82.49
1586276709034,82.49
1586276784047,82.48
1586276784047,82.48
1586276784047,82.48
1586276810608,82.48
1586276810608,82.48
1586276810608,82.48
1586276810608,82.48
1586276810608,82.48
1586276810608,82.48
1586276810608,82.48
1586276810608,82.48
1586276810608,82.48
1586276810608,82.48
1586276921322,82.44
1586276921322,82.44
1586276921322,82.44
1586276921322,82.44
1586276921322,82.44
1586276921322,82.44
1586276921322,82.44
1586276921322,82.44
1586276921322,82.44
1586276921322,82.44
1586276921322,82.44
1586276921322,82.44
1586276921322,82.44
1586276921322,82.44
1586276921322,82.44
1586276921322,82.44
1586276921322,82.44
1586276921322,82.44
1586276921322,82.44
1586276921322,82.44
1586276921322,82.44
1586276921322,82.44
1586277151706,82.51
1586277151706,82.51
1586277151706,82.51
1586277151706,82.51
1586277151706,82.51
1586277151706,82.51
1586277151706,82.51
1586277151706,82.51
1586277151706,82.51
1586277151706,82.51
1586277151706,82.51
1586277151706,82.51
1586277151706,82.51
1586277151706,82.51
1586277151706,82.51
1586277151706,82.51
1586277151706,82.51
1586277151706,82.51
1586277151706,82.51
1586277151706,82.51
1586277151706,82.51
1586277151706,82.51
1586277151706,82.51
1586277151706,82.51
1586277151706,82.51
1586277151706,82.51
1586277151706,82.51
1586277151706,82.51
1586277151706,82.51
1586277151706,82.51
1586277151706,82.51
1586277151706,82.51
1586277151706,82.51
1586277151706,82.51
1586277512020,82.48
1586277512020,82.48
1586277512020,82.48
1586277512020,82.48
1586277512020,82.48
1586277512020,82.48
1586277512020,82.48
1586277512020,82.48
1586277512020,82.48
1586277512020,82.48
1586277512020,82.48
1586277512020,82.48
1586277512020,82.48
1586277512020,82.48
1586277512020,82.48
1586277512020,82.48
1586277512020,82.48
1586277512020,82.48
1586277512020,82.48
1586277512020,82.48
1586277512020,82.48
1586277512020,82.48
1586277512020,82.48
1586277512020,82.48
1586277765963,82.55
1586277765963,82.55
1586277765963,82.55
1586277765963,82.55
1586277765963,82.55
1586277765963,82.55
1586277765963,82.55
1586277848158,82.685
1586277848158,82.685
1586277848158,82.685
1586277848158,82.685
1586277848158,82.685
1586277903369,82.735
1586277903369,82.735
1586277903369,82.735
1586277903369,82.735
1586277903369,82.735
1586277903369,82.735
1586277903369,82.735
1586277903369,82.735
1586277903369,82.735
1586277903369,82.735
1586277903369,82.735
1586277903369,82.735
1586278026168,82.74
1586278040215,82.74
1586278040215,82.74
1586278040215,82.74
1586278040215,82.74
1586278040215,82.74
1586278087886,82.735
1586278087886,82.735
1586278087886,82.735
1586278120953,82.765
1586278120953,82.765
1586278120953,82.765
1586278120953,82.765
1586278120953,82.765
1586278120953,82.765
1586278120953,82.765
1586278120953,82.765
1586278120953,82.765
1586278216983,82.81
1586278216983,82.81
1586278216983,82.81
1586278216983,82.81
1586278216983,82.81
1586278272094,82.7
1586278272094,82.7
1586278272094,82.7
1586278272094,82.7
1586278272094,82.7
1586278272094,82.7
1586278335894,82.68
1586278335894,82.68
1586278335894,82.68
1586278335894,82.68
1586278335894,82.68
1586278335894,82.68
1586278399713,82.695
1586278399713,82.695
1586278399713,82.695
1586278399713,82.695
1586278399713,82.695
1586278399713,82.695
1586278399713,82.695
1586278399713,82.695
1586278399713,82.695
1586278399713,82.695
1586278508799,82.59
1586278508799,82.59
1586278508799,82.59
1586278508799,82.59
1586278508799,82.59
1586278508799,82.59
1586278508799,82.59
1586278508799,82.59
1586278508799,82.59
1586278508799,82.59
1586278508799,82.59
1586278508799,82.59
1586278508799,82.59
1586278508799,82.59
1586278508799,82.59
1586278508799,82.59
1586278508799,82.59
1586278508799,82.59
1586278508799,82.59
1586278508799,82.59
1586278508799,82.59
1586278508799,82.59
1586278508799,82.59
1586278508799,82.59
1586278508799,82.59
1586278768016,82.555
1586278768016,82.555
1586278768016,82.555
1586278768016,82.555
1586278768016,82.555
1586278768016,82.555
1586278768016,82.555
1586278848421,82.605
1586278848421,82.605
1586278848421,82.605
1586278848421,82.605
1586278848421,82.605
1586278848421,82.605
1586278848421,82.605
1586278848421,82.605
1586278848421,82.605
1586278848421,82.605
1586278848421,82.605
1586278848421,82.605
1586278848421,82.605
1586278848421,82.605
1586278848421,82.605
1586278848421,82.605
1586278848421,82.605
1586278848421,82.605
1586278848421,82.605
1586279050825,82.645
1586279050825,82.645
1586279050825,82.645
1586279050825,82.645
1586279050825,82.645
1586279050825,82.645
1586279050825,82.645
1586279122057,82.56
1586279122057,82.56
1586279122057,82.56
1586279122057,82.56
1586279122057,82.56
1586279122057,82.56
1586279122057,82.56
1586279122057,82.56
1586279122057,82.56
1586279221850,82.645
1586279221850,82.645
1586279221850,82.645
1586279252737,82.635
1586279252737,82.635
1586279252737,82.635
1586279252737,82.635
1586279252737,82.635
1586279252737,82.635
1586279252737,82.635
1586279252737,82.635
1586279337379,82.5
1586279337379,82.5
1586279337379,82.5
1586279337379,82.5
1586279337379,82.5
1586279337379,82.5
1586279337379,82.5
1586279337379,82.5
1586279337379,82.5
1586279337379,82.5
1586279337379,82.5
1586279337379,82.5
1586279337379,82.5
1586279337379,82.5
1586279337379,82.5
1586279337379,82.5
1586279337379,82.5
1586279337379,82.5
1586279337379,82.5
1586279337379,82.5
1586279337379,82.5
1586279337379,82.5
1586279337379,82.5
1586279337379,82.5
1586279337379,82.5
1586279616203,82.45
1586279616203,82.45
1586279616203,82.45
1586279616203,82.45
1586279616203,82.45
1586279616203,82.45
1586279616203,82.45
1586279616203,82.45
1586279616203,82.45
1586279616203,82.45
1586279616203,82.45
1586279616203,82.45
1586279616203,82.45
1586279616203,82.45
1586279616203,82.45
1586279616203,82.45
1586279616203,82.45
1586279616203,82.45
1586279616203,82.45
1586279616203,82.45
1586279616203,82.45
1586279616203,82.45
1586279616203,82.45
1586279861880,82.34
1586279861880,82.34
1586279861880,82.34
1586279861880,82.34
1586279861880,82.34
1586279861880,82.34
1586279861880,82.34
1586279861880,82.34
1586279861880,82.34
1586279861880,82.34
1586279861880,82.34
1586279861880,82.34
1586279989075,82.105
1586279989075,82.105
1586279989075,82.105
1586279989075,82.105
1586279989075,82.105
1586280036655,82.03
1586280036655,82.03
1586280036655,82.03
1586280036655,82.03
1586280036655,82.03
1586280036655,82.03
1586280036655,82.03
1586280115042,82.045
1586280115042,82.045
1586280115042,82.045
1586280115042,82.045
1586280115042,82.045
1586280115042,82.045
1586280175771,82.06
1586280175771,82.06
1586280175771,82.06
1586280175771,82.06
1586280175771,82.06
1586280175771,82.06
1586280175771,82.06
1586280175771,82.06
1586280266117,82.03
1586280266117,82.03
1586280266117,82.03
1586280266117,82.03
1586280266117,82.03
1586280266117,82.03
1586280322477,81.96
1586280322477,81.96
1586280322477,81.96
1586280322477,81.96
1586280322477,81.96
1586280322477,81.96
1586280322477,81.96
1586280398201,81.9
1586280398201,81.9
1586280398201,81.9
1586280398201,81.9
1586280398201,81.9
1586280448570,81.99
1586280448570,81.99
1586280448570,81.99
1586280448570,81.99
1586280448570,81.99
1586280448570,81.99
1586280448570,81.99
1586280448570,81.99
1586280532123,81.9
1586280532123,81.9
1586280532123,81.9
1586280532123,81.9
1586280532123,81.9
1586280593676,81.965
1586280593676,81.965
1586280593676,81.965
1586280593676,81.965
1586280593676,81.965
1586280593676,81.965
1586280651653,81.88
1586280651653,81.88
1586280651653,81.88
1586280651653,81.88
1586280651653,81.88
1586280651653,81.88
1586280651653,81.88
1586280651653,81.88
1586280651653,81.88
1586280651653,81.88
1586280651653,81.88
1586280651653,81.88
1586280781829,81.885
1586280781829,81.885
1586280781829,81.885
1586280781829,81.885
1586280781829,81.885
1586280781829,81.885
1586280781829,81.885
1586280854286,81.805
1586280867260,81.815
1586280867260,81.815
1586280867260,81.815
1586280867260,81.815
1586280904492,81.835
1586280904492,81.835
1586280904492,81.835
1586280904492,81.835
1586280904492,81.835
1586280904492,81.835
1586280904492,81.835
1586280904492,81.835
1586280992032,81.795
1586280992032,81.795
1586280992032,81.795
1586280992032,81.795
1586280992032,81.795
1586281050912,81.785
1586281050912,81.785
1586281050912,81.785
1586281050912,81.785
1586281050912,81.785
1586281050912,81.785
1586281050912,81.785
1586281050912,81.785
1586281050912,81.785
1586281050912,81.785
1586281050912,81.785
1586281050912,81.785
1586281050912,81.785
1586281050912,81.785
1586281050912,81.785
1586281050912,81.785
1586281050912,81.785
1586281228864,81.75
1586281228864,81.75
1586281228864,81.75
1586281259126,81.785
1586281259126,81.785
1586281259126,81.785
1586281259126,81.785
1586281259126,81.785
1586281259126,81.785
1586281259126,81.785
1586281337557,82.045
1586281337557,82.045
1586281337557,82.045
1586281337557,82.045
1586281337557,82.045
1586281382515,82.005
1586281382515,82.005
1586281382515,82.005
1586281382515,82.005
1586281382515,82.005
1586281382515,82.005
1586281382515,82.005
1586281382515,82.005
1586281382515,82.005
1586281382515,82.005
1586281382515,82.005
1586281382515,82.005
1586281382515,82.005
1586281526022,81.91
1586281526022,81.91
1586281526022,81.91
1586281526022,81.91
1586281526022,81.91
1586281526022,81.91
1586281526022,81.91
1586281526022,81.91
1586281526022,81.91
1586281526022,81.91
1586281526022,81.91
1586281526022,81.91
1586281526022,81.91
1586281526022,81.91
1586281526022,81.91
1586281526022,81.91
1586281526022,81.91
1586281526022,81.91
1586281526022,81.91
1586281526022,81.91
1586281526022,81.91
1586281526022,81.91
1586281526022,81.91
1586281526022,81.91
1586281780468,81.905
1586281780468,81.905
1586281780468,81.905
1586281780468,81.905
1586281780468,81.905
1586281780468,81.905
1586281780468,81.905
1586281780468,81.905
1586281780468,81.905
1586281780468,81.905
1586281780468,81.905
1586281780468,81.905
1586281780468,81.905
1586281780468,81.905
1586281780468,81.905
1586281780468,81.905
1586281948473,81.715
1586281948473,81.715
1586281948473,81.715
1586281948473,81.715
1586281948473,81.715
1586281948473,81.715
1586281948473,81.715
1586281948473,81.715
1586282038330,81.6
1586282038330,81.6
1586282038330,81.6
1586282038330,81.6
1586282038330,81.6
1586282038330,81.6
1586282038330,81.6
1586282038330,81.6
1586282038330,81.6
1586282038330,81.6
1586282148281,81.64
1586282148281,81.64
1586282148281,81.64
1586282148281,81.64
1586282148281,81.64
1586282203244,81.59
1586282209034,81.59
1586282209034,81.59
1586282209034,81.59
1586282209034,81.59
1586282209034,81.59
1586282264267,81.65
1586282264267,81.65
1586282264267,81.65
1586282264267,81.65
1586282264267,81.65
1586282264267,81.65
1586282264267,81.65
1586282264267,81.65
1586282264267,81.65
1586282368010,81.62
1586282368010,81.62
1586282368010,81.62
1586282368010,81.62
1586282405008,81.67
1586282423499,81.685
1586282423499,81.685
1586282423499,81.685
1586282454232,81.625
1586282454232,81.625
1586282476262,81.605
1586282476262,81.605
1586282476262,81.605
1586282476262,81.605
1586282515772,81.61
1586282515772,81.61
1586282515772,81.61
1586282515772,81.61
1586282515772,81.61
1586282515772,81.61
1586282578419,81.58
1586282578419,81.58
1586282578419,81.58
1586282578419,81.58
1586282578419,81.58
1586282641426,81.55
1586282649010,81.55
1586282649010,81.55
1586282649010,81.55
1586282649010,81.55
1586282649010,81.55
1586282697114,81.525
1586282709875,81.47
1586282709875,81.47
1586282709875,81.47
1586282709875,81.47
1586282709875,81.47
1586282709875,81.47
1586282771873,81.45
1586282771873,81.45
1586282771873,81.45
1586282771873,81.45
1586282771873,81.45
1586282834405,81.435
1586282834405,81.435
1586282834405,81.435
1586282834405,81.435
1586282834405,81.435
1586282834405,81.435
1586282897843,81.48
1586282897843,81.48
1586282897843,81.48
1586282897843,81.48
1586282897843,81.48
1586282897843,81.48
1586282962023,81.57
1586282962023,81.57
1586282962023,81.57
1586282962023,81.57
1586282962023,81.57
1586282962023,81.57
1586283021744,81.58
1586283021744,81.58
1586283021744,81.58
1586283021744,81.58
1586283021744,81.58
1586283021744,81.58
1586283021744,81.58
1586283021744,81.58
1586283109994,81.65
1586283109994,81.65
1586283139761,81.64
1586283139761,81.64
1586283139761,81.64
1586283139761,81.64
1586283139761,81.64
1586283139761,81.64
1586283139761,81.64
1586283210845,81.52
1586283210845,81.52
1586283210845,81.52
1586283210845,81.52
1586283210845,81.52
1586283210845,81.52
1586283210845,81.52
1586283210845,81.52
1586283298022,81.515
1586283298022,81.515
1586283298022,81.515
1586283325018,81.5
1586283325018,81.5
1586283325018,81.5
1586283325018,81.5
1586283325018,81.5
1586283325018,81.5
1586283325018,81.5
1586283407446,81.535
1586283407446,81.535
1586283407446,81.535
1586283407446,81.535
1586283407446,81.535
1586283453204,81.465
1586283453204,81.465
1586283453204,81.465
1586283453204,81.465
1586283453204,81.465
1586283453204,81.465
1586283453204,81.465
1586283533790,81.465
1586283538853,81.44
1586283552920,81.35
1586283570989,81.43
1586283570989,81.43
1586283570989,81.43
1586283594821,81.395
1586283594821,81.395
1586283621714,81.35
1586283621714,81.35
1586283621714,81.35
1586283621714,81.35
1586283662503,81.415
1586283662503,81.415
1586283662503,81.415
1586283699516,81.46
1586283699516,81.46
1586283699516,81.46
1586283699516,81.46
1586283699516,81.46
1586283757475,81.6
1586283757475,81.6
1586283757475,81.6
1586283757475,81.6
1586283757475,81.6
1586283757475,81.6
1586283817708,81.57
1586283817708,81.57
1586283817708,81.57
1586283817708,81.57
1586283817708,81.57
1586283817708,81.57
1586283817708,81.57
1586283817708,81.57
1586283817708,81.57
1586283817708,81.57
1586283817708,81.57
1586283817708,81.57
1586283817708,81.57
1586283817708,81.57
1586283817708,81.57
1586283817708,81.57
1586283817708,81.57
1586283817708,81.57
1586283817708,81.57
1586283817708,81.57
1586283817708,81.57
1586283817708,81.57
1586283817708,81.57
1586283817708,81.57
1586283817708,81.57
1586283817708,81.57
1586283817708,81.57
1586283817708,81.57
1586283817708,81.57
1586284135172,81.75
1586284135172,81.75
1586284135172,81.75
1586284163481,81.64
1586284163481,81.64
1586284163481,81.64
1586284189826,81.67
1586284189826,81.67
1586284189826,81.67
1586284189826,81.67
1586284189826,81.67
1586284189826,81.67
1586284189826,81.67
1586284265817,81.6
1586284265817,81.6
1586284293687,81.69
1586284293687,81.69
1586284316030,81.705
1586284316030,81.705
1586284316030,81.705
1586284316030,81.705
1586284356793,81.695
1586284356793,81.695
1586284375693,81.645
1586284393193,81.7
1586284393193,81.7
1586284393193,81.7
1586284393193,81.7
1586284393193,81.7
1586284393193,81.7
1586284393193,81.7
1586284393193,81.7
1586284393193,81.7
1586284393193,81.7
1586284393193,81.7
1586284393193,81.7
1586284393193,81.7
1586284393193,81.7
1586284393193,81.7
1586284393193,81.7
1586284393193,81.7
1586284393193,81.7
1586284393193,81.7
1586284393193,81.7
1586284393193,81.7
1586284393193,81.7
1586284393193,81.7
1586284643463,81.55
1586284643463,81.55
1586284643463,81.55
1586284643463,81.55
1586284643463,81.55
1586284643463,81.55
1586284643463,81.55
1586284643463,81.55
1586284643463,81.55
1586284643463,81.55
1586284643463,81.55
1586284643463,81.55
1586284643463,81.55
1586284643463,81.55
1586284643463,81.55
1586284643463,81.55
1586284643463,81.55
1586284643463,81.55
1586284643463,81.55
1586284643463,81.55
1586284643463,81.55
1586284643463,81.55
1586284643463,81.55
1586284643463,81.55
1586284643463,81.55
1586284908847,81.12
1586284919647,81.19
1586284928150,81.19
1586284928150,81.19
1586284928150,81.19
1586284963966,81.14
1586284963966,81.14
1586284963966,81.14
1586284963966,81.14
1586284963966,81.14
1586284963966,81.14
1586284963966,81.14
1586284963966,81.14
1586285051065,81.03
1586285051065,81.03
1586285051065,81.03
1586285051065,81.03
1586285098620,80.945
1586285098620,80.945
1586285125805,81.08
1586285125805,81.08
1586285125805,81.08
1586285125805,81.08
1586285125805,81.08
1586285125805,81.08
1586285125805,81.08
1586285125805,81.08
1586285125805,81.08
1586285125805,81.08
1586285125805,81.08
1586285243720,81.08
1586285243720,81.08
1586285243720,81.08
1586285243720,81.08
1586285243720,81.08
1586285243720,81.08
1586285300962,80.91
1586285312068,80.845
1586285312068,80.845
1586285312068,80.845
1586285347360,80.89
1586285347360,80.89
1586285347360,80.89
1586285347360,80.89
1586285347360,80.89
1586285347360,80.89
1586285347360,80.89
1586285421956,80.805
1586285421956,80.805
1586285421956,80.805
1586285421956,80.805
1586285461979,80.805
1586285461979,80.805
1586285461979,80.805
1586285461979,80.805
1586285461979,80.805
1586285461979,80.805
1586285461979,80.805
1586285537827,80.705
1586285537827,80.705
1586285537827,80.705
1586285537827,80.705
1586285537827,80.705
1586285537827,80.705
1586285537827,80.705
1586285537827,80.705
1586285537827,80.705
1586285635970,80.56
1586285635970,80.56
1586285635970,80.56
1586285635970,80.56
1586285682344,80.47
1586285682344,80.47
1586285682344,80.47
1586285719363,80.43
1586285719363,80.43
1586285719363,80.43
1586285719363,80.43
1586285719363,80.43
1586285766545,80.45
1586285766545,80.45
1586285766545,80.45
1586285805404,80.65
1586285815327,80.645
1586285815327,80.645
1586285815327,80.645
1586285815327,80.645
1586285815327,80.645
1586285815327,80.645
1586285815327,80.645
1586285815327,80.645
1586285902013,80.57
1586285902013,80.57
1586285902013,80.57
1586285902013,80.57
1586285902013,80.57
1586285902013,80.57
1586285902013,80.57
1586285902013,80.57
1586285902013,80.57
1586285988873,80.56
