1585056645053,99.635
1585056672170,99.72
1585056672170,99.72
1585056672170,99.72
1585056672170,99.72
1585056714165,99.995
1585056714165,99.995
1585056714165,99.995
1585056741491,99.965
1585056741491,99.965
1585056758338,100.35
1585056758338,100.35
1585056788299,100.185
1585056798643,100.175
1585056806627,100.37
1585056806627,100.37
1585056806627,100.37
1585056840461,100.54
1585056840461,100.54
1585056840461,100.54
1585056840461,100.54
1585056878972,100.95
1585056890656,100.83
1585056902574,100.805
1585056912071,100.69
1585056912071,100.69
1585056912071,100.69
1585056945293,101.1
1585056945293,101.1
1585056964151,100.88
1585056967350,100.83
1585056967350,100.83
1585056992773,100.71
1585057000869,100.84
1585057000869,100.84
1585057000869,100.84
1585057000869,100.84
1585057000869,100.84
1585057000869,100.84
1585057000869,100.84
1585057000869,100.84
1585057087440,100.6
1585057087440,100.6
1585057103323,100.555
1585057116362,100.435
1585057116362,100.435
1585057116362,100.435
1585057149883,100.07
1585057149883,100.07
1585057149883,100.07
1585057149883,100.07
1585057149883,100.07
1585057149883,100.07
1585057149883,100.07
1585057149883,100.07
1585057149883,100.07
1585057243641,100.275
1585057243641,100.275
1585057243641,100.275
1585057243641,100.275
1585057243641,100.275
1585057299306,99.745
1585057308253,99.57
1585057322741,99.735
1585057322741,99.735
1585057322741,99.735
1585057322741,99.735
1585057356410,99.535
1585057356410,99.535
1585057376306,99.24
1585057393603,99.35
1585057393603,99.35
1585057410636,99.37
1585057426474,99.365
1585057438304,99.28
1585057445203,99.45
1585057453602,99.405
1585057453602,99.405
1585057453602,99.405
1585057488565,99.41
1585057500015,99.21
1585057505941,99.28
1585057505941,99.28
1585057524083,99.55
1585057537850,99.46
1585057537850,99.46
1585057537850,99.46
1585057537850,99.46
1585057537850,99.46
1585057592035,98.94
1585057592035,98.94
1585057610338,98.74
1585057610338,98.74
1585057610338,98.74
1585057610338,98.74
1585057610338,98.74
1585057610338,98.74
1585057679519,99.135
1585057679519,99.135
1585057697133,99.1
1585057697133,99.1
1585057697133,99.1
1585057733081,98.72
1585057736430,98.795
1585057748997,98.64
1585057762441,98.85
1585057762441,98.85
1585057783656,98.68
1585057792354,98.525
1585057805080,98.64
1585057809592,98.645
1585057821420,98.635
1585057836509,98.77
1585057836509,98.77
1585057836509,98.77
1585057860037,98.655
1585057871267,98.465
1585057871267,98.465
1585057890427,98.25
1585057907152,98.33
1585057907152,98.33
1585057924118,98.4
1585057924118,98.4
1585057949536,98.7
1585057952751,98.605
1585057964946,98.635
1585057964946,98.635
1585057964946,98.635
1585057995770,98.73
1585058010148,98.75
1585058010148,98.75
1585058027961,98.68
1585058027961,98.68
1585058055273,98.25
1585058055273,98.25
1585058055273,98.25
1585058055273,98.25
1585058055273,98.25
1585058055273,98.25
1585058055273,98.25
1585058126713,97.95
1585058135430,98.09
1585058135430,98.09
1585058135430,98.09
1585058135430,98.09
1585058135430,98.09
1585058135430,98.09
1585058200550,98.2
1585058200550,98.2
1585058200550,98.2
1585058200550,98.2
1585058200550,98.2
1585058249365,97.87
1585058256205,97.8
1585058274499,97.68
1585058285733,97.45
1585058285733,97.45
1585058306434,97.4
1585058306434,97.4
1585058327470,97.345
1585058338345,97.5
1585058346338,97.45
1585058346338,97.45
1585058361464,97.4
1585058377623,97.45
1585058382246,97.45
1585058382246,97.45
1585058409273,97.75
1585058422516,97.525
1585058425590,97.53
1585058425590,97.53
1585058425590,97.53
1585058465667,97.77
1585058465667,97.77
1585058477674,97.57
1585058477674,97.57
1585058477674,97.57
1585058519223,97.45
1585058522394,97.32
1585058522394,97.32
1585058549383,97.45
1585058549383,97.45
1585058563576,97.55
1585058563576,97.55
1585058584167,97.69
1585058584167,97.69
1585058605892,97.585
1585058605892,97.585
1585058633524,97.695
1585058633524,97.695
1585058633524,97.695
1585058633524,97.695
1585058670146,97.48
1585058670146,97.48
1585058693580,97.435
1585058706961,97.58
1585058706961,97.58
1585058723609,97.46
1585058731571,97.48
1585058731571,97.48
1585058753167,97.39
1585058753167,97.39
1585058779203,97.7
1585058789671,97.535
1585058789671,97.535
1585058805674,97.515
1585058819326,97.525
1585058826404,97.45
1585058838302,97.4
1585058843617,97.435
1585058843617,97.435
1585058873369,97.38
1585058884638,97.39
1585058894942,97.295
1585058894942,97.295
1585058912130,97.235
1585058920960,97.28
1585058920960,97.28
1585058938966,97.385
1585058951355,97.38
1585058951355,97.38
1585058951355,97.38
1585058986962,97.32
1585058996962,97.19
1585059009254,97.035
1585059012869,97.09
1585059025537,97.075
1585059025537,97.075
1585059048075,96.65
1585059059104,96.66
1585059072940,96.7
1585059080917,96.7
1585059080917,96.7
1585059100628,96.545
1585059100628,96.545
1585059125262,96.31
1585059133262,96.25
1585059143084,96.13
1585059156026,96.24
1585059162927,96.26
1585059173687,96.2
1585059173687,96.2
1585059193072,96.15
1585059209284,96.43
1585059210534,96.57
1585059225730,96.63
1585059238694,96.49
1585059249166,96.49
1585059249166,96.49
1585059266873,96.51
1585059266873,96.51
1585059266873,96.51
1585059298350,96.62
1585059298350,96.62
1585059298350,96.62
1585059298350,96.62
1585059339275,96.755
1585059348733,96.81
1585059358019,96.87
1585059358019,96.87
1585059358019,96.87
1585059358019,96.87
1585059402607,97.08
1585059402607,97.08
1585059429013,96.975
1585059437976,97.035
1585059437976,97.035
1585059454339,97.12
1585059468229,97.04
1585059482090,96.99
1585059482858,96.97
1585059496964,96.97
1585059507966,97.045
1585059507966,97.045
1585059507966,97.045
1585059536872,97.14
1585059536872,97.14
1585059536872,97.14
1585059573015,96.925
1585059581682,96.935
1585059581682,96.935
1585059581682,96.935
1585059581682,96.935
1585059629128,96.735
1585059629128,96.735
1585059647289,96.94
1585059657775,96.88
1585059667659,96.94
1585059667659,96.94
1585059667659,96.94
1585059693195,96.98
1585059693195,96.98
1585059724006,96.96
1585059725080,96.985
1585059725080,96.985
1585059751786,97
1585059762354,97.19
1585059762354,97.19
1585059778944,97.36
1585059778944,97.36
1585059778944,97.36
1585059778944,97.36
1585059778944,97.36
1585059778944,97.36
1585059843185,97.38
1585059843185,97.38
1585059843185,97.38
1585059878270,97.25
1585059886297,97.3
1585059886297,97.3
1585059904968,97.39
1585059904968,97.39
1585059927580,97.39
1585059942294,97.53
1585059948217,97.575
1585059948217,97.575
1585059948217,97.575
1585059983248,97.58
1585059986946,97.575
1585059986946,97.575
1585060008471,97.67
1585060008471,97.67
1585060008471,97.67
1585060008471,97.67
1585060051509,97.58
1585060068039,97.69
1585060070978,97.82
1585060086380,97.71
1585060086380,97.71
1585060086380,97.71
1585060115316,97.415
1585060115316,97.415
1585060115316,97.415
1585060142425,97.31
1585060159268,97.49
1585060164241,97.52
1585060164241,97.52
1585060164241,97.52
1585060164241,97.52
1585060164241,97.52
1585060224112,97.42
1585060224112,97.42
1585060224112,97.42
1585060224112,97.42
1585060261243,97.58
1585060261243,97.58
1585060261243,97.58
1585060297847,97.7
1585060297847,97.7
1585060317218,97.66
1585060322282,97.6
1585060337159,97.57
1585060350914,97.335
1585060350914,97.335
1585060370341,97.27
1585060379391,97.16
1585060387312,97.2
1585060387312,97.2
1585060387312,97.2
1585060415073,97.43
1585060427109,97.38
1585060427109,97.38
1585060427109,97.38
1585060427109,97.38
1585060427109,97.38
1585060427109,97.38
1585060499701,97
1585060509425,97.12
1585060512253,97.2
1585060525158,97.2
1585060525158,97.2
1585060542299,97.25
1585060552576,97.44
1585060569651,97.42
1585060580446,97.435
1585060589256,97.49
1585060600269,97.45
1585060606141,97.43
1585060606141,97.43
1585060606141,97.43
1585060645766,97.28
1585060655418,97.34
1585060655418,97.34
1585060655418,97.34
1585060680606,97.625
1585060680606,97.625
1585060680606,97.625
1585060680606,97.625
1585060680606,97.625
1585060680606,97.625
1585060748929,97.61
1585060753299,97.71
1585060770220,97.72
1585060775127,97.56
1585060775127,97.56
1585060775127,97.56
1585060809297,97.475
1585060826247,97.545
1585060836806,97.755
1585060836806,97.755
1585060854265,97.89
1585060858878,98.03
1585060858878,98.03
1585060888768,97.95
1585060897439,97.88
1585060897439,97.88
1585060897439,97.88
1585060897439,97.88
1585060897439,97.88
1585060951236,97.89
1585060951236,97.89
1585060970499,97.89
1585060980693,97.97
1585060980693,97.97
1585060980693,97.97
1585061006184,97.98
1585061019313,98.04
1585061019313,98.04
1585061019313,98.04
1585061054541,97.92
1585061064897,98.02
1585061064897,98.02
1585061081978,97.895
1585061091504,97.94
1585061091504,97.94
1585061091504,97.94
1585061091504,97.94
1585061137673,98.06
1585061143450,98.05
1585061156855,98.06
1585061164482,98.12
1585061164482,98.12
1585061191441,97.91
1585061191441,97.91
1585061204324,98.11
1585061212606,97.98
1585061230185,97.945
1585061240077,97.885
1585061249971,97.85
1585061249971,97.85
1585061274999,97.96
1585061274999,97.96
1585061287988,97.55
1585061304175,97.65
1585061310913,97.35
1585061310913,97.35
1585061336787,97.305
1585061342790,97.3
1585061358449,97.175
1585061361056,97.175
1585061374344,97.255
1585061374344,97.255
1585061399692,97.235
1585061405020,97.15
1585061419133,97.255
1585061429248,97.36
1585061429248,97.36
1585061429248,97.36
1585061458575,97.23
1585061467027,97.235
1585061467027,97.235
1585061493184,97.33
1585061499436,97.34
1585061515127,97.33
1585061515127,97.33
1585061515127,97.33
1585061515127,97.33
1585061557318,97.225
1585061557318,97.225
1585061557318,97.225
1585061587731,97.33
1585061599112,97.335
1585061602364,97.39
1585061620677,97.32
1585061630463,97.215
1585061635407,97.3
1585061635407,97.3
1585061662409,97.22
1585061672588,97.24
1585061682287,97.24
1585061690496,97.24
1585061701196,97.255
1585061713758,97.28
1585061724405,97.35
1585061735267,97.31
1585061741295,97.31
1585061756206,97.5
1585061765806,97.45
1585061767217,97.4
1585061785607,97.53
1585061794865,97.46
1585061803118,97.42
1585061803118,97.42
1585061826618,97.55
1585061826618,97.55
1585061847156,97.49
1585061847156,97.49
1585061847156,97.49
1585061882218,97.53
1585061882218,97.53
1585061882218,97.53
1585061908397,97.48
1585061908397,97.48
1585061932882,97.55
1585061932882,97.55
1585061932882,97.55
1585061932882,97.55
1585061972218,97.615
1585061972218,97.615
1585061997627,97.63
1585061997627,97.63
1585062015385,97.92
1585062015385,97.92
1585062015385,97.92
1585062015385,97.92
1585062015385,97.92
1585062060774,97.86
1585062072169,97.745
1585062072169,97.745
1585062095695,97.77
1585062111450,97.765
1585062118249,97.83
1585062130730,97.96
1585062130730,97.96
1585062130730,97.96
1585062158283,98
1585062170249,98.11
1585062170249,98.11
1585062170249,98.11
1585062198023,98.045
1585062217935,98.27
1585062217935,98.27
1585062217935,98.27
1585062217935,98.27
1585062217935,98.27
1585062217935,98.27
1585062217935,98.27
1585062217935,98.27
1585062217935,98.27
1585062310200,97.98
1585062310200,97.98
1585062310200,97.98
1585062310200,97.98
1585062344864,98.16
1585062359908,98.105
1585062375181,98.31
1585062378011,98.4
1585062378011,98.4
1585062378011,98.4
1585062378011,98.4
1585062419436,98.08
1585062429785,98.03
1585062441885,97.92
1585062441885,97.92
1585062441885,97.92
1585062441885,97.92
1585062441885,97.92
1585062498014,98.33
1585062508457,98.42
1585062514766,98.48
1585062514766,98.48
1585062541459,98.45
1585062541459,98.45
1585062557145,98.475
1585062574659,98.65
1585062584522,98.64
1585062584522,98.64
1585062601218,98.78
1585062601218,98.78
1585062601218,98.78
1585062630015,98.94
1585062630015,98.94
1585062657637,99
1585062657637,99
1585062678605,99.055
1585062685014,99.06
1585062691641,99.05
1585062708658,99.03
1585062708658,99.03
1585062708658,99.03
1585062708658,99.03
1585062750358,99.1
1585062757956,99.335
1585062771821,99.5
1585062777872,99.41
1585062777872,99.41
1585062777872,99.41
1585062777872,99.41
1585062817660,99.585
1585062834938,99.52
1585062834938,99.52
1585062834938,99.52
1585062864165,99.77
1585062867636,99.82
1585062867636,99.82
1585062867636,99.82
1585062867636,99.82
1585062911677,99.735
1585062911677,99.735
1585062911677,99.735
1585062946793,99.735
1585062957236,99.76
1585062964618,99.725
1585062964618,99.725
1585062989432,99.57
1585062989432,99.57
1585062989432,99.57
1585062989432,99.57
1585062989432,99.57
1585063035593,99.78
1585063049853,99.735
1585063049853,99.735
1585063075225,99.53
1585063075225,99.53
1585063097073,99.64
1585063097073,99.64
1585063114094,99.79
1585063114094,99.79
1585063114094,99.79
1585063114094,99.79
1585063114094,99.79
1585063114094,99.79
1585063114094,99.79
1585063114094,99.79
1585063194180,99.775
1585063203214,99.785
1585063203214,99.785
1585063234078,99.59
1585063235709,99.65
1585063235709,99.65
1585063263153,99.56
1585063272547,99.58
1585063278414,99.52
1585063291293,99.61
1585063302390,99.65
1585063302390,99.65
1585063302390,99.65
1585063302390,99.65
1585063302390,99.65
1585063302390,99.65
1585063363129,99.61
1585063370126,99.67
1585063370126,99.67
1585063370126,99.67
1585063370126,99.67
1585063415682,99.495
1585063415682,99.495
1585063415682,99.495
1585063415682,99.495
1585063415682,99.495
1585063415682,99.495
1585063415682,99.495
1585063415682,99.495
1585063504929,99.31
1585063512390,99.34
1585063512390,99.34
1585063534492,99.37
1585063534492,99.37
1585063556700,99.395
1585063556700,99.395
1585063571339,99.52
1585063571339,99.52
1585063593551,99.56
1585063593551,99.56
1585063593551,99.56
1585063593551,99.56
1585063593551,99.56
1585063646473,99.66
1585063646473,99.66
1585063646473,99.66
1585063646473,99.66
1585063646473,99.66
1585063698744,99.51
1585063698744,99.51
1585063698744,99.51
1585063729585,99.505
1585063738900,99.5
1585063738900,99.5
1585063738900,99.5
1585063773296,99.44
1585063773296,99.44
1585063791512,99.54
1585063791512,99.54
1585063791512,99.54
1585063791512,99.54
1585063791512,99.54
1585063847527,99.81
1585063847527,99.81
1585063865955,99.81
1585063877786,99.81
1585063891664,99.8
1585063899964,99.85
1585063899964,99.85
1585063899964,99.85
1585063899964,99.85
1585063899964,99.85
1585063899964,99.85
1585063899964,99.85
1585063967147,99.545
1585063987277,99.525
1585063987277,99.525
1585063987277,99.525
1585064013296,99.375
1585064013296,99.375
1585064013296,99.375
1585064049393,99.145
1585064049393,99.145
1585064049393,99.145
1585064049393,99.145
1585064085788,99.075
1585064102997,98.92
1585064102997,98.92
1585064120645,99.065
1585064134250,99.085
1585064144377,99.16
1585064149370,99.34
1585064149370,99.34
1585064149370,99.34
1585064149370,99.34
1585064149370,99.34
1585064206147,99.13
1585064206147,99.13
1585064206147,99.13
1585064206147,99.13
1585064246070,99.015
1585064246070,99.015
1585064268400,98.725
1585064279388,98.84
1585064279388,98.84
1585064306973,98.9
1585064306973,98.9
1585064306973,98.9
1585064306973,98.9
1585064306973,98.9
1585064355830,98.645
1585064355830,98.645
1585064355830,98.645
1585064391115,98.71
1585064395414,98.81
1585064413527,98.92
1585064413527,98.92
1585064433068,98.93
1585064445040,98.73
1585064450436,98.84
1585064450436,98.84
1585064450436,98.84
1585064450436,98.84
1585064490084,99.11
1585064501517,99.27
1585064501517,99.27
1585064501517,99.27
1585064540392,98.99
1585064540392,98.99
1585064553997,98.89
1585064553997,98.89
1585064553997,98.89
1585064553997,98.89
1585064596708,98.845
1585064609890,98.805
1585064609890,98.805
1585064630781,98.55
1585064639890,98.785
1585064639890,98.785
1585064639890,98.785
1585064666955,98.7
1585064666955,98.7
1585064690293,98.74
1585064690293,98.74
1585064690293,98.74
1585064690293,98.74
1585064690293,98.74
1585064690293,98.74
1585064690293,98.74
1585064768477,98.795
1585064768477,98.795
1585064768477,98.795
1585064798048,98.67
1585064798048,98.67
1585064798048,98.67
1585064798048,98.67
1585064798048,98.67
1585064798048,98.67
1585064856300,98.49
1585064866177,98.5
1585064866177,98.5
1585064866177,98.5
1585064866177,98.5
1585064915929,98.34
1585064922986,98.34
1585064922986,98.34
1585064945044,98.335
1585064950515,98.3
1585064950515,98.3
1585064950515,98.3
1585064988803,98.155
1585064993419,98.06
1585065002463,98.23
1585065002463,98.23
1585065023682,98.1
1585065042368,97.935
1585065043994,97.91
1585065064199,97.825
1585065073374,97.89
1585065084383,97.98
1585065094120,98.15
1585065094120,98.15
1585065094120,98.15
1585065094120,98.15
1585065094120,98.15
1585065145581,97.985
1585065150609,97.985
1585065150609,97.985
1585065150609,97.985
1585065183422,98.26
1585065183422,98.26
1585065210444,98.05
1585065210444,98.05
1585065221846,98
1585065239839,98.12
1585065239839,98.12
1585065258097,98.28
1585065258097,98.28
1585065258097,98.28
1585065258097,98.28
1585065258097,98.28
1585065309019,98.29
1585065316193,98.27
1585065316193,98.27
1585065342785,98.155
1585065355215,98.23
1585065355215,98.23
1585065355215,98.23
1585065355215,98.23
1585065393416,98.11
1585065403140,98.15
1585065403140,98.15
1585065403140,98.15
1585065436299,98.27
1585065436299,98.27
1585065436299,98.27
1585065436299,98.27
1585065475744,98.29
1585065475744,98.29
1585065475744,98.29
1585065475744,98.29
1585065475744,98.29
1585065528371,98.25
1585065528371,98.25
1585065550505,98.345
1585065550505,98.345
1585065576262,98.35
1585065576262,98.35
1585065576262,98.35
1585065604276,98.6
1585065617382,98.82
1585065617382,98.82
1585065617382,98.82
1585065617382,98.82
1585065653924,98.93
1585065653924,98.93
1585065653924,98.93
1585065653924,98.93
1585065653924,98.93
1585065708460,99.1
1585065723834,99.23
1585065723834,99.23
1585065723834,99.23
1585065744935,99.125
1585065758936,99.28
1585065758936,99.28
1585065785697,99.3
1585065789617,99.22
1585065789617,99.22
1585065789617,99.22
1585065820959,99.22
1585065829231,99.3
1585065849143,99.37
1585065849143,99.37
1585065849143,99.37
1585065849143,99.37
1585065884223,99.27
1585065894948,99.23
1585065903995,99.3
1585065920496,99.265
1585065920496,99.265
1585065940955,99.445
1585065948028,99.48
1585065948028,99.48
1585065971661,99.45
1585065971661,99.45
1585065991184,99.3
1585065991184,99.3
1585066009374,99.31
1585066009374,99.31
1585066035842,99.065
1585066035842,99.065
1585066053649,98.94
1585066069079,98.955
1585066069079,98.955
1585066069079,98.955
1585066099675,98.94
1585066104211,98.94
1585066120411,99.06
1585066122313,99.115
1585066136068,99.215
1585066147432,99
1585066147432,99
1585066166116,98.99
1585066183615,98.985
1585066183615,98.985
1585066183615,98.985
1585066183615,98.985
1585066222489,98.98
1585066222489,98.98
1585066239930,98.905
1585066247923,99.015
1585066247923,99.015
1585066247923,99.015
1585066288289,99.175
1585066288289,99.175
1585066306759,99.23
1585066314343,99.075
1585066314343,99.075
1585066331911,99.105
1585066347048,99.33
1585066347048,99.33
1585066366214,99.315
1585066378235,99.49
1585066386605,99.5
1585066386605,99.5
1585066408946,99.61
1585066408946,99.61
1585066408946,99.61
1585066436220,99.445
1585066436220,99.445
1585066436220,99.445
1585066472182,99.31
1585066472182,99.31
1585066496186,99.42
1585066496186,99.42
1585066513709,99.355
1585066513709,99.355
1585066538227,99.505
1585066538227,99.505
1585066538227,99.505
1585066538227,99.505
1585066575768,99.47
1585066575768,99.47
1585066603077,99.575
1585066614739,99.63
1585066614739,99.63
1585066614739,99.63
1585066646736,99.53
1585066646736,99.53
1585066646736,99.53
1585066646736,99.53
1585066682243,99.635
1585066682243,99.635
1585066682243,99.635
1585066682243,99.635
1585066722874,99.54
1585066722874,99.54
1585066722874,99.54
1585066762256,99.745
1585066762256,99.745
1585066762256,99.745
1585066762256,99.745
1585066762256,99.745
1585066808664,99.765
1585066808664,99.765
1585066808664,99.765
1585066843151,99.845
1585066852495,100.02
1585066865456,99.9
1585066865456,99.9
1585066886408,99.83
1585066886408,99.83
1585066886408,99.83
1585066913273,99.835
1585066913273,99.835
1585066913273,99.835
1585066950773,100.06
1585066950773,100.06
1585066950773,100.06
1585066983026,99.95
1585066983026,99.95
1585066983026,99.95
1585067010375,99.875
1585067010375,99.875
1585067036957,100.03
1585067036957,100.03
1585067036957,100.03
1585067068074,99.85
1585067068074,99.85
1585067068074,99.85
1585067068074,99.85
1585067106290,99.95
1585067106290,99.95
1585067106290,99.95
1585067106290,99.95
1585067152796,100.155
1585067152796,100.155
1585067152796,100.155
1585067152796,100.155
1585067191142,100.13
1585067204723,100.14
1585067211981,100.15
1585067211981,100.15
1585067211981,100.15
1585067242317,100.2
1585067242317,100.2
1585067242317,100.2
1585067274621,100.38
1585067286268,100.26
1585067286268,100.26
1585067286268,100.26
1585067286268,100.26
1585067331700,100.42
1585067331700,100.42
1585067331700,100.42
1585067331700,100.42
1585067331700,100.42
1585067331700,100.42
1585067331700,100.42
1585067402947,100.48
1585067402947,100.48
1585067424146,100.38
1585067424146,100.38
1585067424146,100.38
1585067424146,100.38
1585067424146,100.38
1585067478802,100.28
1585067478802,100.28
1585067478802,100.28
1585067478802,100.28
1585067478802,100.28
1585067530234,100.37
1585067536879,100.33
1585067552155,100.33
1585067562207,100.365
1585067562207,100.365
1585067562207,100.365
1585067562207,100.365
1585067562207,100.365
1585067611160,100.67
1585067611160,100.67
1585067636553,100.74
1585067644896,100.74
1585067649358,100.75
1585067649358,100.75
1585067649358,100.75
1585067649358,100.75
1585067692239,100.755
1585067692239,100.755
1585067692239,100.755
1585067730333,100.8
1585067730333,100.8
1585067746784,100.86
1585067763619,100.935
1585067772773,101.01
1585067772773,101.01
1585067772773,101.01
1585067804337,101.065
1585067804337,101.065
1585067804337,101.065
1585067833043,101
1585067842851,100.99
1585067850809,101.095
1585067850809,101.095
1585067876612,101.08
1585067876612,101.08
1585067876612,101.08
1585067907637,101.1
1585067911534,101.135
1585067922843,101.28
1585067941623,101.345
1585067945515,101.41
1585067954372,101.56
1585067969142,101.64
1585067982696,101.59
1585067986780,101.525
1585067986780,101.525
1585067986780,101.525
1585068020525,101.345
1585068030466,101.35
1585068030466,101.35
1585068030466,101.35
1585068067574,101.42
1585068071687,101.455
1585068089953,101.36
1585068091357,101.41
1585068091357,101.41
1585068119367,101.125
1585068129859,101.05
1585068134204,101.01
1585068134204,101.01
1585068155399,101.05
1585068155399,101.05
1585068177077,101.05
1585068177077,101.05
1585068204954,101.045
1585068206657,101.045
1585068206657,101.045
1585068206657,101.045
1585068239055,101.13
1585068239055,101.13
1585068258230,101.38
1585068276336,101.205
1585068285564,101.215
1585068297817,101.22
1585068300155,101.26
1585068317496,100.965
1585068329091,100.91
1585068341062,101.01
1585068342801,100.99
1585068355923,100.99
1585068371397,100.99
1585068378482,100.94
1585068384257,100.895
1585068399581,100.92
1585068411469,100.825
1585068415968,100.895
1585068415968,100.895
1585068445684,101.02
1585068445684,101.02
1585068445684,101.02
1585068476242,100.9
1585068480024,100.9
1585068495662,100.915
1585068501027,100.91
1585068516488,100.77
1585068516488,100.77
1585068536780,100.88
1585068536780,100.88
1585068536780,100.88
1585068571080,100.87
1585068571080,100.87
1585068583879,100.825
1585068598628,100.71
1585068614306,100.62
1585068623927,100.58
1585068623927,100.58
1585068623927,100.58
1585068646067,100.535
1585068656939,100.635
1585068656939,100.635
1585068685861,100.555
1585068694497,100.66
1585068705742,100.62
1585068705742,100.62
1585068729515,100.49
1585068734695,100.41
1585068734695,100.41
1585068751669,100.53
1585068751669,100.53
1585068751669,100.53
1585068751669,100.53
1585068794763,100.385
1585068794763,100.385
1585068822765,100.505
1585068822765,100.505
1585068822765,100.505
1585068822765,100.505
1585068864305,100.495
1585068874383,100.58
1585068883609,100.72
1585068883609,100.72
1585068903434,100.52
1585068917678,100.445
1585068917678,100.445
1585068917678,100.445
1585068949678,100.555
1585068949678,100.555
1585068970718,100.61
1585068970718,100.61
1585068989716,100.585
1585068992979,100.565
1585068992979,100.565
1585068992979,100.565
1585068992979,100.565
1585069043689,100.53
1585069048336,100.495
1585069048336,100.495
1585069048336,100.495
1585069075852,100.575
1585069092195,100.46
1585069102104,100.39
1585069112237,100.34
1585069123187,100.25
1585069137786,100.21
1585069139761,100.18
1585069149911,100.22
1585069149911,100.22
1585069174685,100.25
1585069186795,100.03
1585069195675,100.09
1585069206313,100.11
1585069206313,100.11
1585069225937,100.065
1585069225937,100.065
1585069244317,100.05
1585069244317,100.05
1585069268808,100.155
1585069282203,100.35
1585069282203,100.35
1585069282203,100.35
1585069282203,100.35
1585069282203,100.35
1585069338205,100.25
1585069347274,100.27
1585069351680,100.265
1585069351680,100.265
1585069378330,100.25
1585069390765,100.37
1585069390765,100.37
1585069411322,100.52
1585069417980,100.5
1585069417980,100.5
1585069417980,100.5
1585069448713,100.465
1585069463354,100.39
1585069469115,100.49
1585069482281,100.41
1585069497343,100.53
1585069498318,100.43
1585069498318,100.43
1585069498318,100.43
1585069539772,100.24
1585069539772,100.24
1585069557953,100.05
1585069557953,100.05
1585069580644,99.93
1585069580644,99.93
1585069596235,99.85
1585069596235,99.85
1585069614723,99.83
1585069632984,99.605
1585069632984,99.605
1585069644881,99.5
1585069665294,99.56
1585069665294,99.56
1585069677864,99.5
1585069695338,99.45
1585069700229,99.43
1585069712084,99.49
1585069712084,99.49
1585069738332,99.68
1585069749024,99.49
1585069749370,99.5
1585069749370,99.5
1585069774627,99.535
1585069774627,99.535
1585069774627,99.535
1585069810275,99.47
1585069810275,99.47
1585069810275,99.47
1585069835622,99.54
1585069851168,99.405
1585069851168,99.405
1585069851168,99.405
1585069851168,99.405
1585069851168,99.405
1585069898272,99.52
1585069909567,99.67
1585069909567,99.67
1585069932789,99.715
1585069932789,99.715
1585069953512,99.51
1585069962229,99.52
1585069962229,99.52
1585069984144,99.485
1585069997406,99.39
1585069997406,99.39
1585070022370,99.46
1585070027386,99.42
1585070027386,99.42
1585070027386,99.42
1585070058781,99.37
1585070058781,99.37
1585070058781,99.37
1585070092933,99.455
1585070104647,99.31
1585070104647,99.31
1585070125128,99.36
1585070135343,99.37
1585070135343,99.37
1585070135343,99.37
1585070135343,99.37
1585070178564,99.385
1585070178564,99.385
1585070178564,99.385
1585070178564,99.385
1585070178564,99.385
1585070233188,99.53
1585070241216,99.46
1585070249414,99.42
1585070249414,99.42
1585070269027,99.53
1585070269027,99.53
1585070269027,99.53
1585070269027,99.53
1585070269027,99.53
1585070321245,99.345
1585070334243,99.48
1585070334243,99.48
1585070334243,99.48
1585070362196,99.47
1585070362196,99.47
1585070388284,99.48
1585070401921,99.54
1585070408583,99.31
1585070419974,99.15
1585070425070,99.195
1585070425070,99.195
1585070425070,99.195
1585070463679,99.28
1585070463679,99.28
1585070463679,99.28
1585070463679,99.28
1585070503953,99.05
1585070514002,99.055
1585070514002,99.055
1585070540055,99.01
1585070550777,99.02
1585070550777,99.02
1585070550777,99.02
1585070550777,99.02
1585070587626,98.98
1585070599188,99.15
1585070599188,99.15
1585070599188,99.15
1585070631267,99.19
1585070631267,99.19
1585070631267,99.19
1585070631267,99.19
1585070631267,99.19
1585070685724,99.31
1585070694898,99.295
1585070694898,99.295
1585070716426,99.075
1585070722121,99.02
1585070737177,99.01
1585070745766,99.01
1585070745766,99.01
1585070745766,99.01
1585070780959,99.08
1585070780959,99.08
1585070780959,99.08
1585070780959,99.08
1585070820302,99.25
1585070820302,99.25
1585070820302,99.25
1585070855362,99.42
1585070855362,99.42
1585070855362,99.42
1585070855362,99.42
1585070855362,99.42
1585070901826,99.77
1585070914379,99.73
1585070914379,99.73
1585070937322,99.705
1585070945071,99.77
1585070945071,99.77
1585070964268,99.85
1585070975538,99.69
1585070975538,99.69
1585070975538,99.69
1585070975538,99.69
1585070975538,99.69
1585071024902,99.76
1585071024902,99.76
1585071024902,99.76
1585071024902,99.76
1585071073830,99.85
1585071073830,99.85
1585071073830,99.85
1585071073830,99.85
1585071121203,99.62
1585071139336,99.69
1585071149946,99.83
1585071149946,99.83
1585071149946,99.83
1585071149946,99.83
1585071187320,99.92
1585071187320,99.92
1585071187320,99.92
1585071213649,100.11
1585071227295,100.14
1585071227295,100.14
1585071227295,100.14
1585071264222,99.91
1585071264222,99.91
1585071264222,99.91
1585071264222,99.91
1585071308748,100.01
1585071317748,100.25
1585071317748,100.25
1585071317748,100.25
1585071317748,100.25
1585071360309,100.5
1585071368867,100.63
1585071382474,100.33
1585071382474,100.33
1585071403225,100.345
1585071403225,100.345
1585071415390,100.4
1585071434781,100.36
1585071434781,100.36
1585071434781,100.36
1585071458550,100.25
1585071458550,100.25
1585071458550,100.25
1585071458550,100.25
1585071500094,100.225
1585071516615,100.2
1585071526382,100.26
1585071537940,100.33
1585071537940,100.33
1585071537940,100.33
1585071562903,100.285
1585071562903,100.285
1585071589297,100.68
1585071589297,100.68
1585071589297,100.68
1585071624432,100.395
1585071624432,100.395
1585071645887,100.525
1585071645887,100.525
1585071666075,100.325
1585071666075,100.325
1585071689070,100.085
1585071689070,100.085
1585071704362,100.225
1585071704362,100.225
1585071721551,100.305
1585071731710,100.24
1585071731710,100.24
1585071731710,100.24
1585071763039,99.98
1585071774442,99.95
1585071790546,99.83
1585071802124,99.85
1585071802124,99.85
1585071802124,99.85
1585071827131,100.055
1585071827131,100.055
1585071827131,100.055
1585071864004,99.92
1585071864004,99.92
1585071887335,100.1
1585071887335,100.1
1585071907622,100.09
1585071907622,100.09
1585071907622,100.09
1585071939056,100.09
1585071939056,100.09
1585071958985,100.095
1585071966585,100.06
1585071976469,99.975
1585071976469,99.975
1585071976469,99.975
1585072012807,99.995
1585072014385,99.92
1585072014385,99.92
1585072045230,99.87
1585072049504,99.855
1585072049504,99.855
1585072075103,99.545
1585072085064,99.685
1585072090364,99.725
1585072090364,99.725
1585072090364,99.725
1585072090364,99.725
1585072133766,99.42
1585072133766,99.42
1585072155732,99.435
1585072169165,99.42
1585072169165,99.42
1585072169165,99.42
1585072194262,99.535
1585072194262,99.535
1585072194262,99.535
1585072194262,99.535
1585072194262,99.535
1585072194262,99.535
1585072262257,99.41
1585072275152,99.45
1585072285883,99.41
1585072285883,99.41
1585072303829,99.24
1585072303829,99.24
1585072303829,99.24
1585072339885,98.89
1585072339885,98.89
1585072339885,98.89
1585072370100,98.815
1585072378711,98.745
1585072378711,98.745
1585072378711,98.745
1585072412923,99.13
1585072412923,99.13
1585072412923,99.13
1585072412923,99.13
1585072449103,98.96
1585072449103,98.96
1585072449103,98.96
1585072478471,98.97
1585072491114,98.97
1585072507474,98.9
1585072516045,99.16
1585072516045,99.16
1585072516045,99.16
1585072549498,99.14
1585072554191,99.24
1585072554191,99.24
1585072554191,99.24
1585072589491,99.06
1585072589491,99.06
1585072589491,99.06
1585072617587,99.06
1585072617587,99.06
1585072617587,99.06
1585072617587,99.06
1585072617587,99.06
1585072617587,99.06
1585072678601,99.105
1585072687994,99.09
1585072707518,99.05
1585072717872,99.01
1585072717872,99.01
1585072733271,99.08
1585072744424,98.945
1585072744424,98.945
1585072770325,99.01
1585072772304,98.955
1585072772304,98.955
1585072772304,98.955
1585072808803,99.06
1585072808803,99.06
1585072824103,99.22
1585072824103,99.22
1585072845189,99.27
1585072845189,99.27
1585072845189,99.27
1585072885816,99.205
1585072888791,99.26
1585072888791,99.26
1585072916745,99.26
1585072916745,99.26
1585072916745,99.26
1585072945502,99.29
1585072945502,99.29
1585072962085,99.12
1585072962085,99.12
1585072984942,98.96
1585073000517,99.02
1585073000517,99.02
1585073000517,99.02
1585073000517,99.02
1585073036651,98.89
1585073053883,98.9
1585073053883,98.9
1585073053883,98.9
1585073079367,98.805
1585073090840,98.62
1585073090840,98.62
1585073113659,98.67
1585073113659,98.67
1585073135294,98.82
1585073135294,98.82
1585073152668,98.77
1585073152668,98.77
1585073152668,98.77
1585073191596,98.92
1585073191596,98.92
1585073191596,98.92
1585073218855,98.97
1585073234198,98.86
1585073234198,98.86
1585073234198,98.86
1585073264489,98.785
1585073264489,98.785
1585073285304,98.74
1585073293789,98.63
1585073306088,98.575
1585073310233,98.63
1585073326984,98.71
1585073326984,98.71
1585073326984,98.71
1585073351651,98.73
1585073369113,98.555
1585073369113,98.555
1585073369113,98.555
1585073369113,98.555
1585073411330,98.86
1585073411330,98.86
1585073411330,98.86
1585073411330,98.86
1585073455022,98.365
1585073466366,98.51
1585073466366,98.51
1585073466366,98.51
1585073491627,98.455
1585073491627,98.455
1585073491627,98.455
1585073526292,98.355
1585073526292,98.355
1585073526292,98.355
1585073526292,98.355
1585073570363,98.825
1585073577571,98.805
1585073577571,98.805
1585073600386,98.79
1585073600386,98.79
1585073614933,98.665
1585073614933,98.665
1585073614933,98.665
1585073656741,98.83
1585073656741,98.83
1585073656741,98.83
1585073656741,98.83
1585073692829,98.76
1585073703090,98.715
1585073703090,98.715
1585073703090,98.715
1585073741591,98.915
1585073746752,98.955
1585073746752,98.955
1585073746752,98.955
1585073783692,99.12
1585073783692,99.12
1585073797312,99.01
1585073797312,99.01
1585073797312,99.01
1585073833733,98.95
1585073833733,98.95
1585073833733,98.95
1585073862470,99.125
1585073862470,99.125
1585073884802,99.04
1585073884802,99.04
1585073884802,99.04
1585073920057,99.04
1585073920057,99.04
1585073920057,99.04
1585073920057,99.04
1585073920057,99.04
1585073973425,99.08
1585073973425,99.08
1585073991629,99
1585074000264,99.025
1585074011339,99.27
1585074011339,99.27
1585074011339,99.27
1585074011339,99.27
1585074050300,99.305
1585074050300,99.305
1585074050300,99.305
1585074081618,99.25
1585074081618,99.25
1585074081618,99.25
1585074081618,99.25
1585074123787,98.985
1585074123787,98.985
1585074123787,98.985
1585074123787,98.985
1585074123787,98.985
1585074123787,98.985
1585074185042,99.14
1585074204125,99.09
1585074209529,99.24
1585074209529,99.24
1585074209529,99.24
1585074242272,99.35
1585074242272,99.35
1585074242272,99.35
1585074242272,99.35
1585074242272,99.35
1585074296698,99.27
1585074296698,99.27
1585074296698,99.27
1585074331461,99.1
1585074331461,99.1
1585074331461,99.1
1585074360742,98.935
1585074373593,99.015
1585074379820,99.02
1585074391992,99.09
1585074391992,99.09
1585074406381,99.1
1585074416278,99.21
1585074416278,99.21
1585074416278,99.21
1585074452341,99.015
1585074452341,99.015
1585074475253,98.93
1585074475253,98.93
1585074496841,99.07
1585074496841,99.07
1585074496841,99.07
1585074496841,99.07
1585074532838,99.085
1585074532838,99.085
1585074532838,99.085
1585074563740,99
1585074577784,99.03
1585074577784,99.03
1585074577784,99.03
1585074612756,98.94
1585074612756,98.94
1585074612756,98.94
1585074641310,99
1585074641310,99
1585074641310,99
1585074672057,98.935
1585074680218,99.05
1585074680218,99.05
1585074703106,99.09
1585074715807,99.035
1585074715807,99.035
1585074715807,99.035
1585074750021,99.075
1585074750021,99.075
1585074765871,99.065
1585074765871,99.065
1585074787664,99.175
1585074787664,99.175
1585074787664,99.175
1585074823725,99.36
1585074823725,99.36
1585074823725,99.36
1585074849016,99.225
1585074849016,99.225
1585074874428,99.22
1585074874428,99.22
1585074874428,99.22
1585074905791,99.31
1585074905791,99.31
1585074905791,99.31
1585074905791,99.31
1585074948094,99.52
1585074955171,99.55
1585074955171,99.55
1585074978276,99.61
1585074978276,99.61
1585074978276,99.61
1585075016330,99.48
1585075022897,99.45
1585075027802,99.505
1585075046904,99.495
1585075049161,99.47
1585075062547,99.47
1585075062547,99.47
1585075062547,99.47
1585075097453,99.51
1585075101681,99.515
1585075115714,99.37
1585075122963,99.43
1585075141227,99.41
1585075141227,99.41
1585075141227,99.41
1585075141227,99.41
1585075178403,99.78
1585075178403,99.78
1585075178403,99.78
1585075215652,99.91
1585075215652,99.91
1585075236346,99.805
1585075243397,99.87
1585075243397,99.87
1585075243397,99.87
1585075273274,99.74
1585075273274,99.74
1585075295702,99.69
1585075295702,99.69
1585075295702,99.69
1585075295702,99.69
1585075339021,99.805
1585075339021,99.805
1585075339021,99.805
1585075371140,99.78
1585075375401,99.675
1585075375401,99.675
1585075403889,99.59
1585075403889,99.59
1585075403889,99.59
1585075403889,99.59
1585075437903,99.475
1585075437903,99.475
1585075437903,99.475
1585075479988,99.36
1585075484570,99.335
1585075484570,99.335
1585075484570,99.335
1585075513023,99.415
1585075513023,99.415
1585075537527,99.405
1585075550936,99.445
1585075550936,99.445
1585075550936,99.445
1585075550936,99.445
1585075592121,99.05
1585075592121,99.05
1585075592121,99.05
1585075620957,99.205
1585075635554,99.2
1585075650986,99.15
1585075650986,99.15
1585075669617,99.22
1585075681989,99.12
1585075688208,99.13
1585075688208,99.13
1585075705517,99
1585075723016,98.97
1585075728522,98.94
1585075742315,98.8
1585075749514,99.015
1585075766935,98.96
1585075766935,98.96
1585075778318,99.2
1585075778318,99.2
1585075778318,99.2
1585075778318,99.2
1585075778318,99.2
1585075835314,99.245
1585075848775,99.405
1585075854007,99.395
1585075870279,99.36
1585075874837,99.35
1585075893117,99.12
1585075893117,99.12
1585075893117,99.12
1585075893117,99.12
1585075932181,98.91
1585075932181,98.91
1585075955066,98.87
1585075959899,98.93
1585075972617,98.965
1585075981953,99.31
1585075999745,99.235
1585075999745,99.235
1585075999745,99.235
1585076030115,99.455
1585076030115,99.455
1585076030115,99.455
1585076060522,99.54
1585076060522,99.54
1585076060522,99.54
1585076090419,99.475
1585076090419,99.475
1585076090419,99.475
1585076123206,99.405
1585076123206,99.405
1585076123206,99.405
1585076156734,99.36
1585076156734,99.36
1585076156734,99.36
1585076189852,99.515
1585076189852,99.515
1585076189852,99.515
1585076189852,99.515
1585076189852,99.515
1585076236258,99.355
1585076249220,99.46
1585076254855,99.47
1585076269135,99.66
1585076269135,99.66
1585076291913,99.635
1585076291913,99.635
1585076291913,99.635
1585076326142,99.555
1585076326142,99.555
1585076326142,99.555
1585076351810,99.865
1585076363573,99.7
1585076363573,99.7
1585076363573,99.7
