1586179851512,1132.46
1586179865387,1134.665
1586179865387,1134.665
1586179865387,1134.665
1586179865387,1134.665
1586179865387,1134.665
1586179865387,1134.665
1586179865387,1134.665
1586179865387,1134.665
1586179865387,1134.665
1586179865387,1134.665
1586179865387,1134.665
1586179865387,1134.665
1586179865387,1134.665
1586180007770,1139.02
1586180007770,1139.02
1586180027248,1138.26
1586180027248,1138.26
1586180027248,1138.26
1586180027248,1138.26
1586180027248,1138.26
1586180027248,1138.26
1586180027248,1138.26
1586180027248,1138.26
1586180027248,1138.26
1586180027248,1138.26
1586180133216,1136.53
1586180133216,1136.53
1586180133216,1136.53
1586180162057,1140.22
1586180167251,1139.41
1586180167251,1139.41
1586180167251,1139.41
1586180167251,1139.41
1586180167251,1139.41
1586180167251,1139.41
1586180233255,1136.89
1586180233255,1136.89
1586180233255,1136.89
1586180266656,1137.08
1586180266656,1137.08
1586180287150,1137.93
1586180287150,1137.93
1586180311043,1140.41
1586180315511,1139.99
1586180332259,1138.83
1586180339519,1137.28
1586180352260,1137.21
1586180352260,1137.21
1586180371261,1137.29
1586180371261,1137.29
1586180371261,1137.29
1586180371261,1137.29
1586180371261,1137.29
1586180425787,1140.03
1586180425787,1140.03
1586180451154,1138.95
1586180451154,1138.95
1586180469880,1140.2
1586180469880,1140.2
1586180484266,1138.88
1586180500494,1140.01
1586180500494,1140.01
1586180517534,1140
1586180530858,1138.615
1586180530858,1138.615
1586180530858,1138.615
1586180530858,1138.615
1586180530858,1138.615
1586180582153,1139.8
1586180598944,1139.87
1586180603820,1137.655
1586180616659,1137.75
1586180616659,1137.75
1586180616659,1137.75
1586180645701,1136.7
1586180645701,1136.7
1586180645701,1136.7
1586180645701,1136.7
1586180645701,1136.7
1586180645701,1136.7
1586180715153,1135.61
1586180715153,1135.61
1586180715153,1135.61
1586180715153,1135.61
1586180715153,1135.61
1586180759523,1136.2
1586180770138,1136.2
1586180781381,1136.33
1586180797997,1136.165
1586180797997,1136.165
1586180797997,1136.165
1586180797997,1136.165
1586180797997,1136.165
1586180850388,1134.75
1586180850388,1134.75
1586180850388,1134.75
1586180850388,1134.75
1586180887826,1133.92
1586180887826,1133.92
1586180913955,1134.185
1586180913955,1134.185
1586180913955,1134.185
1586180940831,1134.15
1586180940831,1134.15
1586180967380,1134.48
1586180969080,1134.485
1586180985204,1134.62
1586180997167,1135.28
1586180997167,1135.28
1586180997167,1135.28
1586180997167,1135.28
1586180997167,1135.28
1586181042918,1136.73
1586181042918,1136.73
1586181042918,1136.73
1586181073590,1138.76
1586181092563,1140.34
1586181099620,1139.03
1586181099620,1139.03
1586181114002,1139.08
1586181114002,1139.08
1586181139559,1138.94
1586181153551,1138.94
1586181160233,1137.98
1586181167959,1137.99
1586181167959,1137.99
1586181167959,1137.99
1586181167959,1137.99
1586181167959,1137.99
1586181226696,1138.59
1586181226696,1138.59
1586181226696,1138.59
1586181261097,1140
1586181261097,1140
1586181277855,1139.96
1586181277855,1139.96
1586181277855,1139.96
1586181277855,1139.96
1586181277855,1139.96
1586181277855,1139.96
1586181338182,1137.91
1586181349903,1137
1586181349903,1137
1586181349903,1137
1586181349903,1137
1586181349903,1137
1586181408361,1136.19
1586181408361,1136.19
1586181408361,1136.19
1586181408361,1136.19
1586181408361,1136.19
1586181408361,1136.19
1586181408361,1136.19
1586181408361,1136.19
1586181408361,1136.19
1586181408361,1136.19
1586181408361,1136.19
1586181408361,1136.19
1586181408361,1136.19
1586181408361,1136.19
1586181408361,1136.19
1586181564383,1139.76
1586181564383,1139.76
1586181564383,1139.76
1586181564383,1139.76
1586181603515,1137.43
1586181617100,1138.76
1586181620311,1138.84
1586181620311,1138.84
1586181644636,1138.54
1586181644636,1138.54
1586181668884,1139.95
1586181668884,1139.95
1586181687153,1140.24
1586181687153,1140.24
1586181707792,1139.99
1586181707792,1139.99
1586181734911,1140.015
1586181734911,1140.015
1586181734911,1140.015
1586181734911,1140.015
1586181775686,1141.87
1586181775686,1141.87
1586181775686,1141.87
1586181775686,1141.87
1586181775686,1141.87
1586181824151,1142.47
1586181824151,1142.47
1586181824151,1142.47
1586181824151,1142.47
1586181824151,1142.47
1586181824151,1142.47
1586181892313,1141.9
1586181892313,1141.9
1586181892313,1141.9
1586181914719,1141.675
1586181914719,1141.675
1586181914719,1141.675
1586181914719,1141.675
1586181914719,1141.675
1586181914719,1141.675
1586181982037,1143.435
1586181982037,1143.435
1586181999246,1144.025
1586181999246,1144.025
1586182029846,1144.89
1586182029846,1144.89
1586182047299,1144.475
1586182057845,1144.63
1586182057845,1144.63
1586182057845,1144.63
1586182057845,1144.63
1586182093436,1143.85
1586182093436,1143.85
1586182093436,1143.85
1586182093436,1143.85
1586182143990,1144.59
1586182143990,1144.59
1586182143990,1144.59
1586182169940,1145.26
1586182169940,1145.26
1586182187569,1145.06
1586182203178,1144.34
1586182203178,1144.34
1586182203178,1144.34
1586182203178,1144.34
1586182203178,1144.34
1586182203178,1144.34
1586182203178,1144.34
1586182203178,1144.34
1586182203178,1144.34
1586182203178,1144.34
1586182203178,1144.34
1586182314390,1144.505
1586182331696,1144.505
1586182331696,1144.505
1586182331696,1144.505
1586182331696,1144.505
1586182331696,1144.505
1586182331696,1144.505
1586182331696,1144.505
1586182402813,1144.51
1586182402813,1144.51
1586182417803,1144.39
1586182427591,1144.06
1586182445906,1144.26
1586182445906,1144.26
1586182445906,1144.26
1586182445906,1144.26
1586182445906,1144.26
1586182445906,1144.26
1586182445906,1144.26
1586182445906,1144.26
1586182445906,1144.26
1586182445906,1144.26
1586182445906,1144.26
1586182445906,1144.26
1586182445906,1144.26
1586182445906,1144.26
1586182445906,1144.26
1586182604299,1148.16
1586182605284,1147.72
1586182605284,1147.72
1586182605284,1147.72
1586182635891,1148.49
1586182653158,1148.69
1586182653158,1148.69
1586182653158,1148.69
1586182653158,1148.69
1586182653158,1148.69
1586182700522,1149.85
1586182700522,1149.85
1586182700522,1149.85
1586182700522,1149.85
1586182747951,1148.88
1586182752819,1148.2
1586182752819,1148.2
1586182752819,1148.2
1586182752819,1148.2
1586182752819,1148.2
1586182752819,1148.2
1586182752819,1148.2
1586182752819,1148.2
1586182752819,1148.2
1586182752819,1148.2
1586182752819,1148.2
1586182874051,1147.805
1586182874051,1147.805
1586182874051,1147.805
1586182874051,1147.805
1586182874051,1147.805
1586182874051,1147.805
1586182874051,1147.805
1586182874051,1147.805
1586182874051,1147.805
1586182874051,1147.805
1586182874051,1147.805
1586182874051,1147.805
1586182874051,1147.805
1586182874051,1147.805
1586183019889,1148.02
1586183019889,1148.02
1586183019889,1148.02
1586183019889,1148.02
1586183019889,1148.02
1586183019889,1148.02
1586183019889,1148.02
1586183090444,1148.28
1586183090444,1148.28
1586183090444,1148.28
1586183090444,1148.28
1586183090444,1148.28
1586183149463,1148.16
1586183149463,1148.16
1586183169315,1147.005
1586183169315,1147.005
1586183169315,1147.005
1586183169315,1147.005
1586183206306,1146.09
1586183206306,1146.09
1586183206306,1146.09
1586183206306,1146.09
1586183206306,1146.09
1586183206306,1146.09
1586183206306,1146.09
1586183206306,1146.09
1586183206306,1146.09
1586183206306,1146.09
1586183308492,1146.28
1586183326860,1145.735
1586183326860,1145.735
1586183326860,1145.735
1586183326860,1145.735
1586183326860,1145.735
1586183326860,1145.735
1586183326860,1145.735
1586183326860,1145.735
1586183326860,1145.735
1586183326860,1145.735
1586183326860,1145.735
1586183326860,1145.735
1586183326860,1145.735
1586183326860,1145.735
1586183326860,1145.735
1586183326860,1145.735
1586183493142,1146.435
1586183493142,1146.435
1586183493142,1146.435
1586183493142,1146.435
1586183493142,1146.435
1586183493142,1146.435
1586183493142,1146.435
1586183493142,1146.435
1586183493142,1146.435
1586183493142,1146.435
1586183493142,1146.435
1586183493142,1146.435
1586183493142,1146.435
1586183493142,1146.435
1586183493142,1146.435
1586183493142,1146.435
1586183493142,1146.435
1586183493142,1146.435
1586183493142,1146.435
1586183493142,1146.435
1586183493142,1146.435
1586183493142,1146.435
1586183717562,1150.25
1586183717562,1150.25
1586183717562,1150.25
1586183717562,1150.25
1586183717562,1150.25
1586183775954,1149.51
1586183775954,1149.51
1586183775954,1149.51
1586183775954,1149.51
1586183808491,1149.52
1586183808491,1149.52
1586183832674,1149.325
1586183842893,1150.94
1586183842893,1150.94
1586183842893,1150.94
1586183842893,1150.94
1586183842893,1150.94
1586183842893,1150.94
1586183842893,1150.94
1586183842893,1150.94
1586183842893,1150.94
1586183842893,1150.94
1586183842893,1150.94
1586183842893,1150.94
1586183842893,1150.94
1586183842893,1150.94
1586183996114,1152.015
1586183996114,1152.015
1586183996114,1152.015
1586183996114,1152.015
1586183996114,1152.015
1586183996114,1152.015
1586183996114,1152.015
1586183996114,1152.015
1586183996114,1152.015
1586183996114,1152.015
1586183996114,1152.015
1586183996114,1152.015
1586183996114,1152.015
1586183996114,1152.015
1586183996114,1152.015
1586183996114,1152.015
1586183996114,1152.015
1586183996114,1152.015
1586183996114,1152.015
1586183996114,1152.015
1586183996114,1152.015
1586183996114,1152.015
1586183996114,1152.015
1586183996114,1152.015
1586183996114,1152.015
1586183996114,1152.015
1586184263768,1150.35
1586184263768,1150.35
1586184263768,1150.35
1586184263768,1150.35
1586184263768,1150.35
1586184263768,1150.35
1586184263768,1150.35
1586184263768,1150.35
1586184263768,1150.35
1586184263768,1150.35
1586184263768,1150.35
1586184263768,1150.35
1586184263768,1150.35
1586184398180,1150.94
1586184398180,1150.94
1586184398180,1150.94
1586184398180,1150.94
1586184398180,1150.94
1586184398180,1150.94
1586184398180,1150.94
1586184472661,1150.65
1586184487439,1150.33
1586184487439,1150.33
1586184487439,1150.33
1586184487439,1150.33
1586184487439,1150.33
1586184487439,1150.33
1586184487439,1150.33
1586184487439,1150.33
1586184487439,1150.33
1586184487439,1150.33
1586184487439,1150.33
1586184604764,1147.08
1586184604764,1147.08
1586184617046,1148.29
1586184617046,1148.29
1586184617046,1148.29
1586184617046,1148.29
1586184617046,1148.29
1586184617046,1148.29
1586184681303,1147.44
1586184681303,1147.44
1586184681303,1147.44
1586184681303,1147.44
1586184681303,1147.44
1586184681303,1147.44
1586184681303,1147.44
1586184681303,1147.44
1586184764255,1147.305
1586184764255,1147.305
1586184764255,1147.305
1586184764255,1147.305
1586184764255,1147.305
1586184764255,1147.305
1586184830351,1148.62
1586184830351,1148.62
1586184830351,1148.62
1586184860875,1148.38
1586184860875,1148.38
1586184888621,1148.4
1586184888621,1148.4
1586184888621,1148.4
1586184888621,1148.4
1586184888621,1148.4
1586184888621,1148.4
1586184888621,1148.4
1586184888621,1148.4
1586184888621,1148.4
1586184980873,1150.065
1586184980873,1150.065
1586184980873,1150.065
1586184980873,1150.065
1586184980873,1150.065
1586185032819,1149.82
1586185032819,1149.82
1586185049506,1149.56
1586185049506,1149.56
1586185049506,1149.56
1586185049506,1149.56
1586185049506,1149.56
1586185049506,1149.56
1586185049506,1149.56
1586185049506,1149.56
1586185049506,1149.56
1586185049506,1149.56
1586185049506,1149.56
1586185171448,1149
1586185171448,1149
1586185185043,1148.68
1586185185043,1148.68
1586185185043,1148.68
1586185185043,1148.68
1586185185043,1148.68
1586185185043,1148.68
1586185185043,1148.68
1586185185043,1148.68
1586185280860,1149
1586185287585,1148.89
1586185298533,1148.57
1586185298533,1148.57
1586185298533,1148.57
1586185333474,1149.47
1586185333474,1149.47
1586185352269,1149.67
1586185352269,1149.67
1586185373762,1149.83
1586185373762,1149.83
1586185373762,1149.83
1586185373762,1149.83
1586185373762,1149.83
1586185373762,1149.83
1586185373762,1149.83
1586185373762,1149.83
1586185449772,1150.645
1586185464903,1150.5
1586185464903,1150.5
1586185464903,1150.5
1586185500884,1150.53
1586185500884,1150.53
1586185500884,1150.53
1586185500884,1150.53
1586185500884,1150.53
1586185500884,1150.53
1586185500884,1150.53
1586185500884,1150.53
1586185500884,1150.53
1586185500884,1150.53
1586185500884,1150.53
1586185500884,1150.53
1586185500884,1150.53
1586185500884,1150.53
1586185500884,1150.53
1586185500884,1150.53
1586185500884,1150.53
1586185500884,1150.53
1586185500884,1150.53
1586185500884,1150.53
1586185500884,1150.53
1586185500884,1150.53
1586185500884,1150.53
1586185500884,1150.53
1586185500884,1150.53
1586185500884,1150.53
1586185500884,1150.53
1586185777334,1151.375
1586185787440,1151.36
1586185787440,1151.36
1586185787440,1151.36
1586185787440,1151.36
1586185787440,1151.36
1586185787440,1151.36
1586185787440,1151.36
1586185787440,1151.36
1586185787440,1151.36
1586185886464,1151.77
1586185886464,1151.77
1586185886464,1151.77
1586185886464,1151.77
1586185886464,1151.77
1586185933670,1151.675
1586185933670,1151.675
1586185956024,1151.83
1586185963460,1151.675
1586185963460,1151.675
1586185963460,1151.675
1586185963460,1151.675
1586185963460,1151.675
1586185963460,1151.675
1586186033474,1151.62
1586186033474,1151.62
1586186054354,1152.39
1586186065935,1151.86
1586186065935,1151.86
1586186065935,1151.86
1586186065935,1151.86
1586186104447,1151.95
1586186104447,1151.95
1586186129464,1151.835
1586186129464,1151.835
1586186129464,1151.835
1586186158030,1152.21
1586186171360,1152.69
1586186171360,1152.69
1586186171360,1152.69
1586186171360,1152.69
1586186171360,1152.69
1586186171360,1152.69
1586186230018,1152.255
1586186238224,1152.28
1586186253863,1152.11
1586186264256,1152.24
1586186274343,1152.24
1586186281119,1152.245
1586186281119,1152.245
1586186299801,1152.565
1586186299801,1152.565
1586186299801,1152.565
1586186333619,1152.38
1586186333619,1152.38
1586186333619,1152.38
1586186333619,1152.38
1586186333619,1152.38
1586186390255,1152.48
1586186395810,1152.475
1586186406541,1152.24
1586186406541,1152.24
1586186406541,1152.24
1586186406541,1152.24
1586186406541,1152.24
1586186406541,1152.24
1586186406541,1152.24
1586186481854,1152.99
1586186488251,1153.08
1586186488251,1153.08
1586186488251,1153.08
1586186488251,1153.08
1586186532149,1153.3
1586186532149,1153.3
1586186552861,1153.08
1586186552861,1153.08
1586186552861,1153.08
1586186552861,1153.08
1586186552861,1153.08
1586186552861,1153.08
1586186614201,1153.29
1586186614201,1153.29
1586186644367,1153.07
1586186651778,1153.06
1586186651778,1153.06
1586186651778,1153.06
1586186651778,1153.06
1586186651778,1153.06
1586186651778,1153.06
1586186651778,1153.06
1586186651778,1153.06
1586186651778,1153.06
1586186742007,1153.42
1586186742007,1153.42
1586186742007,1153.42
1586186742007,1153.42
1586186788736,1153.6
1586186788736,1153.6
1586186788736,1153.6
1586186788736,1153.6
1586186788736,1153.6
1586186788736,1153.6
1586186788736,1153.6
1586186788736,1153.6
1586186867335,1154.31
1586186867335,1154.31
1586186867335,1154.31
1586186867335,1154.31
1586186867335,1154.31
1586186867335,1154.31
1586186867335,1154.31
1586186942478,1154.205
1586186942478,1154.205
1586186942478,1154.205
1586186942478,1154.205
1586186942478,1154.205
1586186942478,1154.205
1586186942478,1154.205
1586186942478,1154.205
1586186942478,1154.205
1586186942478,1154.205
1586186942478,1154.205
1586186942478,1154.205
1586186942478,1154.205
1586186942478,1154.205
1586186942478,1154.205
1586186942478,1154.205
1586186942478,1154.205
1586187126300,1155.51
1586187127519,1155.25
1586187127519,1155.25
1586187127519,1155.25
1586187127519,1155.25
1586187169711,1155.38
1586187169711,1155.38
1586187169711,1155.38
1586187169711,1155.38
1586187169711,1155.38
1586187227034,1154.8
1586187227034,1154.8
1586187246764,1154.63
1586187253589,1154.105
1586187253589,1154.105
1586187253589,1154.105
1586187286166,1153.82
1586187286166,1153.82
1586187286166,1153.82
1586187286166,1153.82
1586187286166,1153.82
1586187286166,1153.82
1586187286166,1153.82
1586187286166,1153.82
1586187376423,1153.365
1586187376423,1153.365
1586187397546,1152.17
1586187409117,1152.345
1586187409117,1152.345
1586187409117,1152.345
1586187409117,1152.345
1586187409117,1152.345
1586187409117,1152.345
1586187471202,1152
1586187471202,1152
1586187471202,1152
1586187471202,1152
1586187471202,1152
1586187471202,1152
1586187471202,1152
1586187471202,1152
1586187471202,1152
1586187563578,1152.275
1586187563578,1152.275
1586187563578,1152.275
1586187563578,1152.275
1586187563578,1152.275
1586187563578,1152.275
1586187563578,1152.275
1586187563578,1152.275
1586187563578,1152.275
1586187563578,1152.275
1586187563578,1152.275
1586187563578,1152.275
1586187563578,1152.275
1586187563578,1152.275
1586187563578,1152.275
1586187563578,1152.275
1586187563578,1152.275
1586187563578,1152.275
1586187563578,1152.275
1586187563578,1152.275
1586187563578,1152.275
1586187563578,1152.275
1586187563578,1152.275
1586187563578,1152.275
1586187563578,1152.275
1586187563578,1152.275
1586187563578,1152.275
1586187563578,1152.275
1586187563578,1152.275
1586187563578,1152.275
1586187563578,1152.275
1586187563578,1152.275
1586187897976,1154.065
1586187897976,1154.065
1586187897976,1154.065
1586187897976,1154.065
1586187897976,1154.065
1586187897976,1154.065
1586187897976,1154.065
1586187897976,1154.065
1586187897976,1154.065
1586187897976,1154.065
1586187897976,1154.065
1586187897976,1154.065
1586187897976,1154.065
1586187897976,1154.065
1586188042753,1155.38
1586188042753,1155.38
1586188042753,1155.38
1586188042753,1155.38
1586188042753,1155.38
1586188042753,1155.38
1586188042753,1155.38
1586188042753,1155.38
1586188042753,1155.38
1586188144969,1156.175
1586188144969,1156.175
1586188144969,1156.175
1586188144969,1156.175
1586188144969,1156.175
1586188144969,1156.175
1586188201067,1155.23
1586188201067,1155.23
1586188201067,1155.23
1586188201067,1155.23
1586188201067,1155.23
1586188201067,1155.23
1586188201067,1155.23
1586188201067,1155.23
1586188201067,1155.23
1586188201067,1155.23
1586188201067,1155.23
1586188201067,1155.23
1586188201067,1155.23
1586188201067,1155.23
1586188201067,1155.23
1586188201067,1155.23
1586188201067,1155.23
1586188201067,1155.23
1586188201067,1155.23
1586188201067,1155.23
1586188417141,1153.26
1586188417141,1153.26
1586188417141,1153.26
1586188417141,1153.26
1586188454035,1153.79
1586188454035,1153.79
1586188454035,1153.79
1586188454035,1153.79
1586188454035,1153.79
1586188454035,1153.79
1586188454035,1153.79
1586188454035,1153.79
1586188454035,1153.79
1586188454035,1153.79
1586188454035,1153.79
1586188454035,1153.79
1586188454035,1153.79
1586188454035,1153.79
1586188454035,1153.79
1586188454035,1153.79
1586188454035,1153.79
1586188637869,1156.68
1586188644411,1155.36
1586188644411,1155.36
1586188644411,1155.36
1586188674100,1155.19
1586188674100,1155.19
1586188674100,1155.19
1586188674100,1155.19
1586188720693,1154.72
1586188720693,1154.72
1586188720693,1154.72
1586188720693,1154.72
1586188764010,1153.96
1586188764010,1153.96
1586188787151,1153.74
1586188787151,1153.74
1586188805195,1154.99
1586188805195,1154.99
1586188805195,1154.99
1586188805195,1154.99
1586188805195,1154.99
1586188805195,1154.99
1586188805195,1154.99
1586188805195,1154.99
1586188890429,1153.59
1586188890429,1153.59
1586188912173,1153.38
1586188925197,1153.64
1586188925197,1153.64
1586188925197,1153.64
1586188925197,1153.64
1586188967243,1153.94
1586188967243,1153.94
1586188982319,1154.65
1586188982319,1154.65
1586188982319,1154.65
1586188982319,1154.65
1586188982319,1154.65
1586188982319,1154.65
1586188982319,1154.65
1586188982319,1154.65
1586188982319,1154.65
1586189075452,1155.24
1586189075452,1155.24
1586189075452,1155.24
1586189075452,1155.24
1586189116468,1154.47
1586189116468,1154.47
1586189116468,1154.47
1586189116468,1154.47
1586189116468,1154.47
1586189175172,1153.75
1586189175172,1153.75
1586189175172,1153.75
1586189206255,1154.12
1586189213105,1154.24
1586189213105,1154.24
1586189238133,1154.5
1586189238133,1154.5
1586189238133,1154.5
1586189238133,1154.5
1586189238133,1154.5
1586189238133,1154.5
1586189238133,1154.5
1586189310817,1155.015
1586189310817,1155.015
1586189310817,1155.015
1586189310817,1155.015
1586189358529,1155.07
1586189358529,1155.07
1586189358529,1155.07
1586189358529,1155.07
1586189358529,1155.07
1586189358529,1155.07
1586189420254,1154.33
1586189420254,1154.33
1586189420254,1154.33
1586189420254,1154.33
1586189458430,1154.44
1586189458430,1154.44
1586189458430,1154.44
1586189458430,1154.44
1586189500881,1154.6
1586189500881,1154.6
1586189500881,1154.6
1586189500881,1154.6
1586189500881,1154.6
1586189500881,1154.6
1586189500881,1154.6
1586189575898,1155.23
1586189575898,1155.23
1586189575898,1155.23
1586189575898,1155.23
1586189575898,1155.23
1586189575898,1155.23
1586189575898,1155.23
1586189575898,1155.23
1586189659428,1157.19
1586189659428,1157.19
1586189659428,1157.19
1586189659428,1157.19
1586189659428,1157.19
1586189713639,1157.21
1586189713639,1157.21
1586189733030,1156.9
1586189733030,1156.9
1586189733030,1156.9
1586189733030,1156.9
1586189733030,1156.9
1586189733030,1156.9
1586189733030,1156.9
1586189733030,1156.9
1586189733030,1156.9
1586189733030,1156.9
1586189733030,1156.9
1586189733030,1156.9
1586189733030,1156.9
1586189733030,1156.9
1586189733030,1156.9
1586189733030,1156.9
1586189733030,1156.9
1586189733030,1156.9
1586189733030,1156.9
1586189733030,1156.9
1586189733030,1156.9
1586189733030,1156.9
1586189733030,1156.9
1586189733030,1156.9
1586189987649,1158.23
1586189987649,1158.23
1586189987649,1158.23
1586189987649,1158.23
1586189987649,1158.23
1586189987649,1158.23
1586189987649,1158.23
1586189987649,1158.23
1586189987649,1158.23
1586189987649,1158.23
1586189987649,1158.23
1586189987649,1158.23
1586189987649,1158.23
1586189987649,1158.23
1586189987649,1158.23
1586190143145,1159.19
1586190143145,1159.19
1586190165398,1159.63
1586190178479,1159.62
1586190178479,1159.62
1586190198334,1160.28
1586190198334,1160.28
1586190198334,1160.28
1586190198334,1160.28
1586190198334,1160.28
1586190198334,1160.28
1586190198334,1160.28
1586190198334,1160.28
1586190198334,1160.28
1586190292289,1160.53
1586190292289,1160.53
1586190309487,1161.18
1586190309487,1161.18
1586190332674,1160.51
1586190332674,1160.51
1586190332674,1160.51
1586190363480,1160.065
1586190363480,1160.065
1586190363480,1160.065
1586190394293,1160.275
1586190410897,1160.865
1586190418265,1160.99
1586190418265,1160.99
1586190434848,1161.07
1586190450222,1161.075
1586190458649,1161.075
1586190467105,1161.055
1586190467105,1161.055
1586190467105,1161.055
1586190467105,1161.055
1586190467105,1161.055
1586190467105,1161.055
1586190467105,1161.055
1586190467105,1161.055
1586190467105,1161.055
1586190467105,1161.055
1586190579264,1162.09
1586190579264,1162.09
1586190579264,1162.09
1586190579264,1162.09
1586190620666,1162.095
1586190620666,1162.095
1586190641394,1161.72
1586190641394,1161.72
1586190641394,1161.72
1586190641394,1161.72
1586190641394,1161.72
1586190641394,1161.72
1586190641394,1161.72
1586190641394,1161.72
1586190641394,1161.72
1586190641394,1161.72
1586190746577,1161.01
1586190751962,1160.57
1586190751962,1160.57
1586190751962,1160.57
1586190751962,1160.57
1586190751962,1160.57
1586190802837,1160.28
1586190802837,1160.28
1586190802837,1160.28
1586190802837,1160.28
1586190844695,1159.82
1586190844695,1159.82
1586190844695,1159.82
1586190844695,1159.82
1586190844695,1159.82
1586190844695,1159.82
1586190844695,1159.82
1586190844695,1159.82
1586190844695,1159.82
1586190844695,1159.82
1586190951320,1161.01
1586190951320,1161.01
1586190973834,1160.84
1586190973834,1160.84
1586190973834,1160.84
1586190973834,1160.84
1586191016300,1160.34
1586191016300,1160.34
1586191016300,1160.34
1586191016300,1160.34
1586191016300,1160.34
1586191016300,1160.34
1586191084748,1162.43
1586191084748,1162.43
1586191084748,1162.43
1586191084748,1162.43
1586191123017,1162.425
1586191123017,1162.425
1586191123017,1162.425
1586191123017,1162.425
1586191123017,1162.425
1586191123017,1162.425
1586191123017,1162.425
1586191123017,1162.425
1586191207559,1163.52
1586191212918,1164.09
1586191212918,1164.09
1586191239609,1163.14
1586191249096,1163.495
1586191249096,1163.495
1586191249096,1163.495
1586191275981,1162.96
1586191275981,1162.96
1586191275981,1162.96
1586191315194,1162.19
1586191315194,1162.19
1586191315194,1162.19
1586191315194,1162.19
1586191355677,1162.415
1586191355677,1162.415
1586191355677,1162.415
1586191355677,1162.415
1586191355677,1162.415
1586191355677,1162.415
1586191415655,1162.425
1586191415655,1162.425
1586191415655,1162.425
1586191415655,1162.425
1586191415655,1162.425
1586191415655,1162.425
1586191415655,1162.425
1586191415655,1162.425
1586191415655,1162.425
1586191415655,1162.425
1586191520090,1163.12
1586191529586,1163.1
1586191529586,1163.1
1586191529586,1163.1
1586191529586,1163.1
1586191574985,1163.245
1586191587630,1163.4
1586191597736,1163.4
1586191607941,1163.86
1586191617335,1164.28
1586191628666,1164.325
1586191639951,1164.385
1586191647190,1165.045
1586191656867,1165.05
1586191671581,1165.605
1586191681669,1165.66
1586191689527,1165.785
1586191702914,1165.945
1586191711855,1165.92
1586191711855,1165.92
1586191733216,1165.625
1586191744655,1165.44
1586191744655,1165.44
1586191758118,1164.885
1586191766737,1164.85
1586191784950,1164.755
1586191791885,1164.75
1586191800250,1164.555
1586191817974,1163.99
1586191829341,1163.74
1586191839530,1163.31
1586191848564,1163.36
1586191855952,1163.285
1586191871136,1163.95
1586191880783,1164.005
1586191883381,1164.08
1586191900869,1164.73
1586191912824,1165.09
1586191912824,1165.09
1586191927194,1164.99
1586191942465,1164.585
1586191957257,1164.86
1586191957257,1164.86
1586191971665,1164.875
1586191979994,1164.81
1586191999960,1165.78
1586192009967,1165.82
1586192014372,1165.995
1586192021484,1166.01
1586192038964,1165.52
1586192046427,1164.89
1586192061456,1164.71
1586192072966,1164.89
1586192080079,1164.925
1586192080079,1164.925
1586192104662,1164.86
1586192114207,1164.86
1586192115969,1164.81
1586192115969,1164.81
1586192143720,1164.955
1586192150680,1165.15
1586192150680,1165.15
1586192177455,1165.06
1586192188316,1165.65
1586192196532,1165.715
1586192208893,1166.07
1586192220001,1165.9
1586192220001,1165.9
1586192220001,1165.9
1586192220001,1165.9
1586192220001,1165.9
1586192269358,1165.87
1586192283411,1166.02
1586192293580,1165.89
1586192303127,1165.895
1586192314346,1165.895
1586192324262,1165.895
1586192325984,1165.895
1586192344353,1165.895
1586192352068,1165.98
1586192361337,1165.945
1586192377042,1166.02
1586192389083,1165.94
1586192395368,1166.02
1586192409129,1166.41
1586192415221,1166.345
1586192431101,1166.51
1586192437035,1166.485
1586192437035,1166.485
1586192456190,1166.82
1586192475890,1167.22
1586192482972,1167.53
1586192498283,1167.51
1586192499615,1167.57
1586192499615,1167.57
1586192529997,1167.605
1586192539635,1167.725
1586192539635,1167.725
1586192561477,1168.325
1586192571948,1168.35
1586192574062,1168.35
1586192592706,1168.56
1586192592706,1168.56
1586192609778,1168.56
1586192619582,1168.135
1586192633268,1167.005
1586192643975,1166.91
1586192652809,1166.175
1586192652809,1166.175
1586192671861,1166.29
1586192681108,1166.295
1586192697263,1166.21
1586192697263,1166.21
1586192697263,1166.21
1586192728301,1166.235
1586192734354,1166.235
1586192751636,1166.23
1586192760811,1166.23
1586192766090,1166.235
1586192773313,1166.315
1586192787466,1166.93
1586192796340,1167.36
1586192813674,1167.355
1586192813674,1167.355
1586192813674,1167.355
1586192813674,1167.355
1586192855226,1167.27
1586192855226,1167.27
1586192855226,1167.27
1586192885619,1167.365
1586192893811,1167.505
1586192893811,1167.505
1586192893811,1167.505
1586192929132,1167.105
1586192929132,1167.105
1586192929132,1167.105
1586192929132,1167.105
1586192929132,1167.105
1586192929132,1167.105
1586192929132,1167.105
1586192997125,1167.58
1586192997125,1167.58
1586192997125,1167.58
1586192997125,1167.58
1586192997125,1167.58
1586193052995,1168.13
1586193052995,1168.13
1586193052995,1168.13
1586193052995,1168.13
1586193098631,1168.9
1586193098631,1168.9
1586193098631,1168.9
1586193098631,1168.9
1586193098631,1168.9
1586193098631,1168.9
1586193098631,1168.9
1586193098631,1168.9
1586193098631,1168.9
1586193192218,1169.16
1586193192218,1169.16
1586193192218,1169.16
1586193192218,1169.16
1586193234904,1170
1586193234904,1170
1586193252675,1168.73
1586193266743,1169.145
1586193266743,1169.145
1586193266743,1169.145
1586193266743,1169.145
1586193304355,1168.51
1586193304355,1168.51
1586193304355,1168.51
1586193304355,1168.51
1586193304355,1168.51
1586193304355,1168.51
1586193304355,1168.51
1586193304355,1168.51
1586193304355,1168.51
1586193304355,1168.51
1586193304355,1168.51
1586193304355,1168.51
1586193433027,1168.295
1586193440456,1167.69
1586193440456,1167.69
1586193440456,1167.69
1586193440456,1167.69
1586193440456,1167.69
1586193440456,1167.69
1586193440456,1167.69
1586193440456,1167.69
1586193440456,1167.69
1586193534551,1169.07
1586193534551,1169.07
1586193534551,1169.07
1586193534551,1169.07
1586193579856,1169.84
1586193579856,1169.84
1586193579856,1169.84
1586193609584,1169.24
1586193609584,1169.24
1586193609584,1169.24
1586193609584,1169.24
1586193609584,1169.24
1586193609584,1169.24
1586193609584,1169.24
1586193609584,1169.24
1586193609584,1169.24
1586193609584,1169.24
1586193609584,1169.24
1586193609584,1169.24
1586193609584,1169.24
1586193609584,1169.24
1586193609584,1169.24
1586193609584,1169.24
1586193609584,1169.24
1586193609584,1169.24
1586193609584,1169.24
1586193609584,1169.24
1586193609584,1169.24
1586193609584,1169.24
1586193609584,1169.24
1586193857824,1171.325
1586193857824,1171.325
1586193872076,1170.62
1586193872076,1170.62
1586193897923,1170.615
1586193909537,1170.655
1586193909537,1170.655
1586193909537,1170.655
1586193909537,1170.655
1586193950966,1169.825
1586193950966,1169.825
1586193950966,1169.825
1586193977579,1169.96
1586193977579,1169.96
1586193977579,1169.96
1586193977579,1169.96
1586193977579,1169.96
1586193977579,1169.96
1586193977579,1169.96
1586193977579,1169.96
1586193977579,1169.96
1586194078020,1169.46
1586194078020,1169.46
1586194094654,1169.745
1586194094654,1169.745
1586194094654,1169.745
1586194094654,1169.745
1586194133918,1169.985
1586194133918,1169.985
1586194133918,1169.985
1586194133918,1169.985
1586194133918,1169.985
1586194133918,1169.985
1586194202275,1170.48
1586194202275,1170.48
1586194202275,1170.48
1586194228485,1171.115
1586194228485,1171.115
1586194228485,1171.115
1586194228485,1171.115
1586194228485,1171.115
1586194228485,1171.115
1586194228485,1171.115
1586194228485,1171.115
1586194228485,1171.115
1586194228485,1171.115
1586194341619,1169.96
1586194341619,1169.96
1586194341619,1169.96
1586194341619,1169.96
1586194341619,1169.96
1586194341619,1169.96
1586194341619,1169.96
1586194341619,1169.96
1586194341619,1169.96
1586194341619,1169.96
1586194341619,1169.96
1586194341619,1169.96
1586194341619,1169.96
1586194341619,1169.96
1586194341619,1169.96
1586194341619,1169.96
1586194341619,1169.96
1586194514603,1172
1586194527254,1172.13
1586194527254,1172.13
1586194527254,1172.13
1586194527254,1172.13
1586194527254,1172.13
1586194527254,1172.13
1586194527254,1172.13
1586194605316,1171.86
1586194605316,1171.86
1586194623851,1172.35
1586194623851,1172.35
1586194623851,1172.35
1586194623851,1172.35
1586194623851,1172.35
1586194623851,1172.35
1586194688443,1172.275
1586194688443,1172.275
1586194688443,1172.275
1586194688443,1172.275
1586194688443,1172.275
1586194688443,1172.275
1586194753591,1172.97
1586194761396,1172.28
1586194761396,1172.28
1586194782672,1172.13
1586194782672,1172.13
1586194782672,1172.13
1586194782672,1172.13
1586194782672,1172.13
1586194829612,1172.51
1586194829612,1172.51
1586194829612,1172.51
1586194829612,1172.51
1586194829612,1172.51
1586194884520,1173.35
1586194884520,1173.35
1586194911210,1173.295
1586194911210,1173.295
1586194911210,1173.295
1586194911210,1173.295
1586194954180,1173.32
1586194954180,1173.32
1586194954180,1173.32
1586194954180,1173.32
1586194954180,1173.32
1586194954180,1173.32
1586194954180,1173.32
1586194954180,1173.32
1586194954180,1173.32
1586194954180,1173.32
1586194954180,1173.32
1586194954180,1173.32
1586194954180,1173.32
1586194954180,1173.32
1586194954180,1173.32
1586194954180,1173.32
1586194954180,1173.32
1586194954180,1173.32
1586194954180,1173.32
1586194954180,1173.32
1586194954180,1173.32
1586194954180,1173.32
1586194954180,1173.32
1586194954180,1173.32
1586194954180,1173.32
1586194954180,1173.32
1586194954180,1173.32
1586194954180,1173.32
1586194954180,1173.32
1586194954180,1173.32
1586194954180,1173.32
1586194954180,1173.32
1586194954180,1173.32
1586194954180,1173.32
1586194954180,1173.32
1586194954180,1173.32
1586194954180,1173.32
1586194954180,1173.32
1586194954180,1173.32
1586195360996,1172.82
1586195372699,1172.62
1586195380393,1172.91
1586195380393,1172.91
1586195408313,1172.385
1586195408313,1172.385
1586195408313,1172.385
1586195408313,1172.385
1586195408313,1172.385
1586195408313,1172.385
1586195408313,1172.385
1586195408313,1172.385
1586195408313,1172.385
1586195408313,1172.385
1586195408313,1172.385
1586195408313,1172.385
1586195408313,1172.385
1586195408313,1172.385
1586195408313,1172.385
1586195408313,1172.385
1586195408313,1172.385
1586195589221,1173.08
1586195589221,1173.08
1586195589221,1173.08
1586195589221,1173.08
1586195632429,1173.165
1586195636917,1173.17
1586195636917,1173.17
1586195636917,1173.17
1586195636917,1173.17
1586195636917,1173.17
1586195636917,1173.17
1586195636917,1173.17
1586195707182,1173.33
1586195707182,1173.33
1586195707182,1173.33
1586195707182,1173.33
1586195756694,1173.1
1586195756694,1173.1
1586195778454,1173.335
1586195778454,1173.335
1586195778454,1173.335
1586195778454,1173.335
1586195778454,1173.335
1586195778454,1173.335
1586195778454,1173.335
1586195778454,1173.335
1586195778454,1173.335
1586195869776,1173.86
1586195875488,1173.49
1586195875488,1173.49
1586195875488,1173.49
1586195875488,1173.49
1586195875488,1173.49
1586195875488,1173.49
1586195950062,1174.45
1586195959728,1174.755
1586195961287,1174.81
1586195973864,1175.31
1586195973864,1175.31
1586195973864,1175.31
1586195973864,1175.31
1586195973864,1175.31
1586195973864,1175.31
1586196037354,1175.29
1586196037354,1175.29
1586196037354,1175.29
1586196037354,1175.29
1586196037354,1175.29
1586196037354,1175.29
1586196037354,1175.29
1586196037354,1175.29
1586196037354,1175.29
1586196037354,1175.29
1586196037354,1175.29
1586196037354,1175.29
1586196037354,1175.29
1586196037354,1175.29
1586196037354,1175.29
1586196037354,1175.29
1586196037354,1175.29
1586196037354,1175.29
1586196037354,1175.29
1586196037354,1175.29
1586196037354,1175.29
1586196037354,1175.29
1586196037354,1175.29
1586196037354,1175.29
1586196037354,1175.29
1586196037354,1175.29
1586196037354,1175.29
1586196037354,1175.29
1586196037354,1175.29
1586196037354,1175.29
1586196037354,1175.29
1586196037354,1175.29
1586196037354,1175.29
1586196037354,1175.29
1586196037354,1175.29
1586196037354,1175.29
1586196037354,1175.29
1586196037354,1175.29
1586196037354,1175.29
1586196457649,1172.015
1586196457649,1172.015
1586196479007,1172.105
1586196479007,1172.105
1586196479007,1172.105
1586196479007,1172.105
1586196479007,1172.105
1586196479007,1172.105
1586196479007,1172.105
1586196479007,1172.105
1586196479007,1172.105
1586196479007,1172.105
1586196578508,1170.87
1586196578508,1170.87
1586196578508,1170.87
1586196578508,1170.87
1586196626927,1168
1586196626927,1168
1586196626927,1168
1586196626927,1168
1586196665944,1167.67
1586196665944,1167.67
1586196665944,1167.67
1586196692890,1166
1586196706760,1165.97
1586196706760,1165.97
1586196706760,1165.97
1586196706760,1165.97
1586196706760,1165.97
1586196706760,1165.97
1586196706760,1165.97
1586196706760,1165.97
1586196706760,1165.97
1586196706760,1165.97
1586196706760,1165.97
1586196706760,1165.97
1586196706760,1165.97
1586196706760,1165.97
1586196706760,1165.97
1586196706760,1165.97
1586196706760,1165.97
1586196886819,1164.62
1586196886819,1164.62
1586196886819,1164.62
1586196924354,1163.69
1586196924354,1163.69
1586196924354,1163.69
1586196955750,1164.565
1586196961353,1164.46
1586196969856,1164.54
1586196969856,1164.54
1586196969856,1164.54
1586196969856,1164.54
1586196969856,1164.54
1586196969856,1164.54
1586196969856,1164.54
1586196969856,1164.54
1586196969856,1164.54
1586196969856,1164.54
1586196969856,1164.54
1586196969856,1164.54
1586196969856,1164.54
1586196969856,1164.54
1586196969856,1164.54
1586196969856,1164.54
1586196969856,1164.54
1586196969856,1164.54
1586196969856,1164.54
1586197180287,1166.5
1586197180287,1166.5
1586197180287,1166.5
1586197180287,1166.5
1586197180287,1166.5
1586197180287,1166.5
1586197180287,1166.5
1586197180287,1166.5
1586197180287,1166.5
1586197180287,1166.5
1586197180287,1166.5
1586197180287,1166.5
1586197180287,1166.5
1586197180287,1166.5
1586197180287,1166.5
1586197344812,1164.545
1586197344812,1164.545
1586197344812,1164.545
1586197344812,1164.545
1586197388570,1165.37
1586197388570,1165.37
1586197402905,1165.37
1586197414083,1166.01
1586197414083,1166.01
1586197414083,1166.01
1586197414083,1166.01
1586197414083,1166.01
1586197414083,1166.01
1586197414083,1166.01
1586197414083,1166.01
1586197414083,1166.01
1586197512318,1166.64
1586197527934,1166.08
1586197527934,1166.08
1586197527934,1166.08
1586197527934,1166.08
1586197561307,1166.57
1586197561307,1166.57
1586197561307,1166.57
1586197561307,1166.57
1586197561307,1166.57
1586197561307,1166.57
1586197561307,1166.57
1586197561307,1166.57
1586197561307,1166.57
1586197561307,1166.57
1586197670275,1167.39
1586197670275,1167.39
1586197670275,1167.39
1586197670275,1167.39
1586197708876,1166.49
1586197708876,1166.49
1586197708876,1166.49
1586197708876,1166.49
1586197708876,1166.49
1586197708876,1166.49
1586197708876,1166.49
1586197708876,1166.49
1586197708876,1166.49
1586197708876,1166.49
1586197708876,1166.49
1586197708876,1166.49
1586197708876,1166.49
1586197708876,1166.49
1586197708876,1166.49
1586197708876,1166.49
1586197708876,1166.49
1586197708876,1166.49
1586197708876,1166.49
1586197708876,1166.49
1586197708876,1166.49
1586197708876,1166.49
1586197708876,1166.49
1586197708876,1166.49
1586197964190,1168.575
1586197964190,1168.575
1586197964190,1168.575
1586197964190,1168.575
1586197964190,1168.575
1586197964190,1168.575
1586197964190,1168.575
1586197964190,1168.575
1586197964190,1168.575
1586197964190,1168.575
1586197964190,1168.575
1586197964190,1168.575
1586197964190,1168.575
1586197964190,1168.575
1586197964190,1168.575
1586197964190,1168.575
1586197964190,1168.575
1586197964190,1168.575
1586197964190,1168.575
1586197964190,1168.575
1586197964190,1168.575
1586197964190,1168.575
1586197964190,1168.575
1586197964190,1168.575
1586197964190,1168.575
1586197964190,1168.575
1586197964190,1168.575
1586197964190,1168.575
1586197964190,1168.575
1586197964190,1168.575
1586197964190,1168.575
1586197964190,1168.575
1586197964190,1168.575
1586197964190,1168.575
1586197964190,1168.575
1586197964190,1168.575
1586197964190,1168.575
1586197964190,1168.575
1586197964190,1168.575
1586197964190,1168.575
1586197964190,1168.575
1586197964190,1168.575
1586197964190,1168.575
1586198419142,1170.135
1586198419142,1170.135
1586198419142,1170.135
1586198419142,1170.135
1586198419142,1170.135
1586198419142,1170.135
1586198419142,1170.135
1586198419142,1170.135
1586198419142,1170.135
1586198419142,1170.135
1586198419142,1170.135
1586198419142,1170.135
1586198419142,1170.135
1586198419142,1170.135
1586198419142,1170.135
1586198419142,1170.135
1586198419142,1170.135
1586198419142,1170.135
1586198419142,1170.135
1586198419142,1170.135
1586198629987,1170
1586198629987,1170
1586198629987,1170
1586198629987,1170
1586198629987,1170
1586198629987,1170
1586198629987,1170
1586198629987,1170
1586198715192,1170.65
1586198715192,1170.65
1586198715192,1170.65
1586198715192,1170.65
1586198715192,1170.65
1586198715192,1170.65
1586198715192,1170.65
1586198715192,1170.65
1586198715192,1170.65
1586198715192,1170.65
1586198715192,1170.65
1586198715192,1170.65
1586198715192,1170.65
1586198715192,1170.65
1586198715192,1170.65
1586198715192,1170.65
1586198715192,1170.65
1586198715192,1170.65
1586198715192,1170.65
1586198715192,1170.65
1586198715192,1170.65
1586198715192,1170.65
1586198715192,1170.65
1586198715192,1170.65
1586198715192,1170.65
1586198715192,1170.65
1586198715192,1170.65
1586198715192,1170.65
1586198715192,1170.65
1586199014453,1171.22
1586199014453,1171.22
1586199014453,1171.22
1586199014453,1171.22
1586199014453,1171.22
1586199014453,1171.22
1586199014453,1171.22
1586199014453,1171.22
1586199014453,1171.22
1586199014453,1171.22
1586199014453,1171.22
1586199014453,1171.22
1586199014453,1171.22
1586199014453,1171.22
1586199014453,1171.22
1586199014453,1171.22
1586199014453,1171.22
1586199014453,1171.22
1586199014453,1171.22
1586199014453,1171.22
1586199014453,1171.22
1586199014453,1171.22
1586199248259,1171.795
1586199248259,1171.795
1586199248259,1171.795
1586199248259,1171.795
1586199248259,1171.795
1586199302108,1171.06
1586199323489,1171.29
1586199323489,1171.29
1586199323489,1171.29
1586199323489,1171.29
1586199323489,1171.29
1586199323489,1171.29
1586199323489,1171.29
1586199323489,1171.29
1586199323489,1171.29
1586199323489,1171.29
1586199422232,1172
1586199422232,1172
1586199422232,1172
1586199422232,1172
1586199422232,1172
1586199422232,1172
1586199422232,1172
1586199422232,1172
1586199422232,1172
1586199422232,1172
1586199422232,1172
1586199422232,1172
1586199422232,1172
1586199422232,1172
1586199422232,1172
1586199422232,1172
1586199422232,1172
