0,0
0,0
0,0
0,0
1582813899488,119.56
1582813906256,119.56
1582813918188,119.555
1582813918188,119.555
1582813918188,119.555
1582813957515,119.62
1582813968265,119.62
1582813975257,119.62
1582813987841,119.05
1582813999799,119.09
1582814009834,119.08
1582814016736,119.13
1582814026925,119.18
1582814036092,119.265
1582814045633,119.32
1582814055444,119.15
1582814066796,119.225
1582814078321,119.24
1582814078321,119.24
1582814078321,119.24
1582814107200,118.98
1582814107200,118.98
1582814130375,119.2
1582814138636,119.21
1582814156931,119.28
1582814165303,119.19
1582814174439,119.09
1582814179202,119.14
1582814192669,119.14
1582814209266,119.09
1582814220208,118.98
1582814229638,119.05
1582814236942,118.975
1582814249130,119.09
1582814259807,119.105
1582814265220,119.22
1582814280356,119.05
1582814291539,119.15
1582814302661,119.19
1582814302661,119.19
1582814302661,119.19
1582814302661,119.19
1582814302661,119.19
1582814302661,119.19
1582814302661,119.19
1582814302661,119.19
1582814302661,119.19
1582814302661,119.19
1582814302661,119.19
1582814415276,119.085
1582814415276,119.085
1582814415276,119.085
1582814415276,119.085
1582814415276,119.085
1582814466236,118.955
1582814466236,118.955
1582814490085,119.1
1582814490085,119.1
1582814490085,119.1
1582814490085,119.1
1582814529558,119.12
1582814529558,119.12
1582814529558,119.12
1582814529558,119.12
1582814529558,119.12
1582814586799,119.1
1582814595508,119.06
1582814595508,119.06
1582814595508,119.06
1582814595508,119.06
1582814633242,118.845
1582814644930,118.825
1582814658002,118.75
1582814660954,118.79
1582814660954,118.79
1582814660954,118.79
1582814700503,118.89
1582814700503,118.89
1582814700503,118.89
1582814729655,118.875
1582814729655,118.875
1582814751687,118.72
1582814751687,118.72
1582814772745,118.705
1582814772745,118.705
1582814797170,118.535
1582814807788,118.425
1582814814246,118.35
1582814814246,118.35
1582814837840,118.395
1582814844706,118.41
1582814844706,118.41
1582814862045,118.22
1582814862045,118.22
1582814887133,118.21
1582814887133,118.21
1582814910421,118.28
1582814923693,118.29
1582814923693,118.29
1582814943940,118.32
1582814943940,118.32
1582814943940,118.32
1582814969521,118.245
1582814985669,118.24
1582814996439,118.25
1582814996439,118.25
1582815012767,118.28
1582815022044,118.29
1582815036259,118.29
1582815036259,118.29
1582815050359,118.265
1582815067010,118.185
1582815079526,118.1
1582815089298,118.035
1582815100355,118.155
1582815107593,118.16
1582815118205,118.17
1582815125372,118.175
1582815125372,118.175
1582815125372,118.175
1582815161605,118.18
1582815165444,118.12
1582815179087,118.085
1582815179087,118.085
1582815196829,118
1582815216875,118.125
1582815216875,118.125
1582815236675,118.13
1582815242276,118.135
1582815256679,118.18
1582815268803,118.22
1582815276877,118.3
1582815289741,118.305
1582815290376,118.3
1582815310141,118.455
1582815310141,118.455
1582815325952,118.48
1582815339855,118.37
1582815352240,118.34
1582815352240,118.34
1582815372676,118.26
1582815380174,118.27
1582815380174,118.27
1582815403638,118.11
1582815403638,118.11
1582815403638,118.11
1582815403638,118.11
1582815403638,118.11
1582815403638,118.11
1582815461156,118.04
1582815461156,118.04
1582815461156,118.04
1582815461156,118.04
1582815506018,117.91
1582815514878,117.85
1582815522393,117.765
1582815531127,117.82
1582815550120,117.75
1582815550120,117.75
1582815550120,117.75
1582815550120,117.75
1582815550120,117.75
1582815599132,117.85
1582815611865,117.89
1582815622349,117.81
1582815622349,117.81
1582815641931,117.74
1582815641931,117.74
1582815641931,117.74
1582815676136,117.61
1582815685001,117.6
1582815685001,117.6
1582815708021,117.54
1582815715063,117.55
1582815725916,117.49
1582815734804,117.46
1582815743307,117.45
1582815743307,117.45
1582815743307,117.45
1582815743307,117.45
1582815743307,117.45
1582815791724,117.475
1582815791724,117.475
1582815816588,117.48
1582815816588,117.48
1582815816588,117.48
1582815816588,117.48
1582815859536,117.43
1582815859536,117.43
1582815880552,117.41
1582815880552,117.41
1582815905707,117.47
1582815909106,117.48
1582815909106,117.48
1582815909106,117.48
1582815945278,117.43
1582815952666,117.38
1582815952666,117.38
1582815952666,117.38
1582815952666,117.38
1582815991999,117.4
1582815991999,117.4
1582815991999,117.4
1582815991999,117.4
1582815991999,117.4
1582815991999,117.4
1582815991999,117.4
1582816067298,117.33
1582816067298,117.33
1582816067298,117.33
1582816067298,117.33
1582816067298,117.33
1582816116474,117.38
1582816134449,117.45
1582816136450,117.45
1582816136450,117.45
1582816136450,117.45
1582816168370,117.43
1582816168370,117.43
1582816195922,117.295
1582816195922,117.295
1582816195922,117.295
1582816195922,117.295
1582816237055,117.24
1582816243013,117.24
1582816243013,117.24
1582816243013,117.24
1582816243013,117.24
1582816243013,117.24
1582816243013,117.24
1582816307361,117.25
1582816307361,117.25
1582816307361,117.25
1582816307361,117.25
1582816307361,117.25
1582816363847,117.33
1582816363847,117.33
1582816363847,117.33
1582816363847,117.33
1582816404995,117.375
1582816404995,117.375
1582816404995,117.375
1582816404995,117.375
1582816444826,117.265
1582816444826,117.265
1582816468567,117.27
1582816468567,117.27
1582816468567,117.27
1582816468567,117.27
1582816507220,117.42
1582816507220,117.42
1582816531036,117.46
1582816538724,117.43
1582816538724,117.43
1582816538724,117.43
1582816538724,117.43
1582816538724,117.43
1582816538724,117.43
1582816538724,117.43
1582816538724,117.43
1582816538724,117.43
1582816538724,117.43
1582816538724,117.43
1582816538724,117.43
1582816538724,117.43
1582816538724,117.43
1582816538724,117.43
1582816699390,117.62
1582816699390,117.62
1582816699390,117.62
1582816699390,117.62
1582816699390,117.62
1582816699390,117.62
1582816699390,117.62
1582816699390,117.62
1582816699390,117.62
1582816699390,117.62
1582816699390,117.62
1582816815170,117.51
1582816823596,117.52
1582816836152,117.485
1582816842552,117.47
1582816847751,117.47
1582816860944,117.45
1582816860944,117.45
1582816884236,117.465
1582816884236,117.465
1582816884236,117.465
1582816912648,117.43
1582816923170,117.4
1582816939973,117.3
1582816939973,117.3
1582816958101,117.27
1582816958101,117.27
1582816982177,117.235
1582816982177,117.235
1582816999725,117.13
1582817004413,117.15
1582817014490,117.05
1582817033872,117
1582817033872,117
1582817033872,117
1582817033872,117
1582817033872,117
1582817033872,117
1582817033872,117
1582817033872,117
1582817033872,117
1582817033872,117
1582817033872,117
1582817033872,117
1582817159753,117.06
1582817159753,117.06
1582817173869,117.07
1582817173869,117.07
1582817200866,117.085
1582817200866,117.085
1582817200866,117.085
1582817226603,117.065
1582817226603,117.065
1582817226603,117.065
1582817262035,117.08
1582817262035,117.08
1582817262035,117.08
1582817289562,117.13
1582817289562,117.13
1582817308141,117.26
1582817308141,117.26
1582817308141,117.26
1582817308141,117.26
1582817358008,117.07
1582817358008,117.07
1582817358008,117.07
1582817358008,117.07
1582817396773,117.045
1582817396773,117.045
1582817414523,117.18
1582817414523,117.18
1582817414523,117.18
1582817414523,117.18
1582817459873,117.03
1582817465223,117.04
1582817465223,117.04
1582817465223,117.04
1582817465223,117.04
1582817465223,117.04
1582817525006,116.85
1582817525006,116.85
1582817544863,116.75
1582817544863,116.75
1582817544863,116.75
1582817577361,116.65
1582817577361,116.65
1582817577361,116.65
1582817577361,116.65
1582817577361,116.65
1582817577361,116.65
1582817577361,116.65
1582817577361,116.65
1582817577361,116.65
1582817577361,116.65
1582817678278,116.58
1582817678278,116.58
1582817678278,116.58
1582817678278,116.58
1582817720265,116.475
1582817735556,116.43
1582817745908,116.505
1582817755161,116.535
1582817763219,116.65
1582817763219,116.65
1582817763219,116.65
1582817763219,116.65
1582817763219,116.65
1582817763219,116.65
1582817830446,116.95
1582817830446,116.95
1582817830446,116.95
1582817830446,116.95
1582817830446,116.95
1582817830446,116.95
1582817830446,116.95
1582817902397,116.875
1582817902397,116.875
1582817917981,117
1582817917981,117
1582817917981,117
1582817917981,117
1582817917981,117
1582817975696,117.16
1582817986677,117.19
1582817993489,117.25
1582818008369,117.18
1582818018790,117.2
1582818018790,117.2
1582818018790,117.2
1582818050811,117.08
1582818050811,117.08
1582818061513,117.16
1582818061513,117.16
1582818061513,117.16
1582818061513,117.16
1582818111022,116.97
1582818124292,116.985
1582818126667,117.005
1582818126667,117.005
1582818126667,117.005
1582818126667,117.005
1582818126667,117.005
1582818126667,117.005
1582818126667,117.005
1582818126667,117.005
1582818126667,117.005
1582818126667,117.005
1582818126667,117.005
1582818126667,117.005
1582818126667,117.005
1582818126667,117.005
1582818126667,117.005
1582818126667,117.005
1582818303033,116.68
1582818312835,116.82
1582818312835,116.82
1582818312835,116.82
1582818312835,116.82
1582818312835,116.82
1582818312835,116.82
1582818312835,116.82
1582818312835,116.82
1582818394110,116.89
1582818405002,116.98
1582818411381,117.03
1582818411381,117.03
1582818435043,117.21
1582818449612,117.11
1582818449612,117.11
1582818449612,117.11
1582818449612,117.11
1582818449612,117.11
1582818449612,117.11
1582818449612,117.11
1582818449612,117.11
1582818449612,117.11
1582818449612,117.11
1582818449612,117.11
1582818449612,117.11
1582818449612,117.11
1582818449612,117.11
1582818591388,117.2
1582818607536,117.15
1582818614079,117.13
1582818614079,117.13
1582818614079,117.13
1582818614079,117.13
1582818614079,117.13
1582818666060,117.305
1582818666060,117.305
1582818666060,117.305
1582818666060,117.305
1582818666060,117.305
1582818722362,117.4
1582818722362,117.4
1582818722362,117.4
1582818753116,117.34
1582818753116,117.34
1582818769287,117.34
1582818769287,117.34
1582818790099,117.36
1582818790099,117.36
1582818790099,117.36
1582818790099,117.36
1582818790099,117.36
1582818790099,117.36
1582818790099,117.36
1582818790099,117.36
1582818790099,117.36
1582818790099,117.36
1582818790099,117.36
1582818790099,117.36
1582818914201,117.21
1582818922670,117.175
1582818941162,117.045
1582818941162,117.045
1582818941162,117.045
1582818941162,117.045
1582818941162,117.045
1582818941162,117.045
1582818941162,117.045
1582818941162,117.045
1582819025558,117.305
1582819025558,117.305
1582819046690,117.275
1582819046690,117.275
1582819046690,117.275
1582819046690,117.275
1582819046690,117.275
1582819097212,117.3
1582819102962,117.3
1582819102962,117.3
1582819102962,117.3
1582819133262,117.34
1582819145749,117.355
1582819145749,117.355
1582819145749,117.355
1582819145749,117.355
1582819145749,117.355
1582819145749,117.355
1582819145749,117.355
1582819224106,117.535
1582819227568,117.585
1582819239722,117.555
1582819239722,117.555
1582819259428,117.49
1582819275241,117.55
1582819275241,117.55
1582819275241,117.55
1582819275241,117.55
1582819314910,117.7
1582819314910,117.7
1582819314910,117.7
1582819314910,117.7
1582819314910,117.7
1582819314910,117.7
1582819314910,117.7
1582819391239,117.55
1582819402361,117.575
1582819402361,117.575
1582819402361,117.575
1582819434055,117.63
1582819443852,117.63
1582819449161,117.61
1582819449161,117.61
1582819449161,117.61
1582819479180,117.66
1582819490720,117.55
1582819503383,117.54
1582819503383,117.54
1582819503383,117.54
1582819503383,117.54
1582819503383,117.54
1582819503383,117.54
1582819562286,117.59
1582819562286,117.59
1582819584024,117.555
1582819584024,117.555
1582819584024,117.555
1582819616107,117.48
1582819630329,117.415
1582819630329,117.415
1582819630329,117.415
1582819657065,117.38
1582819657065,117.38
1582819687201,117.5
1582819687201,117.5
1582819706492,117.53
1582819706492,117.53
1582819722806,117.46
1582819730236,117.45
1582819741775,117.435
1582819741775,117.435
1582819741775,117.435
1582819741775,117.435
1582819782965,117.44
1582819782965,117.44
1582819803635,117.43
1582819803635,117.43
1582819834447,117.3
1582819838098,117.23
1582819838098,117.23
1582819838098,117.23
1582819838098,117.23
1582819878174,117.28
1582819891119,117.24
1582819891119,117.24
1582819916076,117.22
1582819916076,117.22
1582819929407,117.26
1582819929407,117.26
1582819952807,117.31
1582819966809,117.3
1582819966809,117.3
1582819989771,117.2
1582819989771,117.2
1582819989771,117.2
1582819989771,117.2
1582820033780,117.17
1582820033780,117.17
1582820033780,117.17
1582820064492,117.22
1582820072630,117.22
1582820072630,117.22
1582820072630,117.22
1582820098109,117.345
1582820098109,117.345
1582820127420,117.38
1582820127420,117.38
1582820127420,117.38
1582820127420,117.38
1582820167881,117.28
1582820178686,117.3
1582820178686,117.3
1582820178686,117.3
1582820178686,117.3
1582820215618,117.23
1582820215618,117.23
1582820215618,117.23
1582820246504,117.325
1582820246504,117.325
1582820246504,117.325
1582820282169,117.345
1582820282169,117.345
1582820306626,117.435
1582820306626,117.435
1582820306626,117.435
1582820306626,117.435
1582820306626,117.435
1582820306626,117.435
1582820368138,117.43
1582820372964,117.46
1582820389275,117.55
1582820389275,117.55
1582820389275,117.55
1582820389275,117.55
1582820389275,117.55
1582820434697,117.42
1582820434697,117.42
1582820463755,117.43
1582820463755,117.43
1582820463755,117.43
1582820463755,117.43
1582820463755,117.43
1582820463755,117.43
1582820463755,117.43
1582820530708,117.33
1582820530708,117.33
1582820553445,117.32
1582820553445,117.32
1582820553445,117.32
1582820553445,117.32
1582820553445,117.32
1582820603195,117.19
1582820603195,117.19
1582820603195,117.19
1582820603195,117.19
1582820603195,117.19
1582820663986,117.13
1582820663986,117.13
1582820663986,117.13
1582820663986,117.13
1582820663986,117.13
1582820663986,117.13
1582820663986,117.13
1582820733289,116.94
1582820747644,116.945
1582820747644,116.945
1582820768486,116.92
1582820768486,116.92
1582820768486,116.92
1582820768486,116.92
1582820768486,116.92
1582820822016,116.82
1582820826975,116.865
1582820826975,116.865
1582820826975,116.865
1582820862941,116.84
1582820862941,116.84
1582820881175,116.91
1582820886040,116.94
1582820886040,116.94
1582820886040,116.94
1582820886040,116.94
1582820935820,116.89
1582820939766,116.9
1582820949134,116.9
1582820966375,116.98
1582820972176,117.07
1582820972176,117.07
1582820972176,117.07
1582820972176,117.07
1582820972176,117.07
1582820972176,117.07
1582820972176,117.07
1582821047811,116.94
1582821047811,116.94
1582821047811,116.94
1582821047811,116.94
1582821086475,116.94
1582821086475,116.94
1582821086475,116.94
1582821125436,116.87
1582821125436,116.87
1582821147075,116.815
1582821147075,116.815
1582821147075,116.815
1582821147075,116.815
1582821147075,116.815
1582821147075,116.815
1582821147075,116.815
1582821215216,116.68
1582821221460,116.675
1582821221460,116.675
1582821221460,116.675
1582821254170,116.61
1582821254170,116.61
1582821254170,116.61
1582821254170,116.61
1582821296071,116.525
1582821296071,116.525
1582821296071,116.525
1582821296071,116.525
1582821296071,116.525
1582821296071,116.525
1582821296071,116.525
1582821296071,116.525
1582821384525,116.455
1582821384525,116.455
1582821384525,116.455
1582821419936,116.375
1582821419936,116.375
1582821437359,116.39
1582821446777,116.39
1582821446777,116.39
1582821446777,116.39
1582821473490,116.32
1582821473490,116.32
1582821497282,116.21
1582821497282,116.21
1582821497282,116.21
1582821497282,116.21
1582821540028,116.115
1582821554919,116.12
1582821562251,116.095
1582821575790,116.185
1582821586637,116.31
1582821591465,116.31
1582821607435,116.22
1582821607435,116.22
1582821625492,116.335
1582821625492,116.335
1582821625492,116.335
1582821655847,116.275
1582821655847,116.275
1582821655847,116.275
1582821692264,116.23
1582821692264,116.23
1582821705138,116.245
1582821705138,116.245
1582821705138,116.245
1582821705138,116.245
1582821705138,116.245
1582821760895,116.29
1582821760895,116.29
1582821760895,116.29
1582821790641,116.275
1582821790641,116.275
1582821790641,116.275
1582821790641,116.275
1582821790641,116.275
1582821790641,116.275
1582821790641,116.275
1582821790641,116.275
1582821790641,116.275
1582821884865,116.2
1582821884865,116.2
1582821906317,116.11
1582821906317,116.11
1582821930331,115.985
1582821930331,115.985
1582821950888,115.84
1582821965551,115.86
1582821965551,115.86
1582821965551,115.86
1582821992531,115.88
1582821992531,115.88
1582822016543,115.86
1582822025740,115.87
1582822035298,115.99
1582822035298,115.99
1582822060221,116.07
1582822060221,116.07
1582822060221,116.07
1582822060221,116.07
1582822060221,116.07
1582822060221,116.07
1582822060221,116.07
1582822060221,116.07
1582822060221,116.07
1582822060221,116.07
1582822060221,116.07
1582822173994,116.435
1582822173994,116.435
1582822173994,116.435
1582822173994,116.435
1582822173994,116.435
1582822173994,116.435
1582822173994,116.435
1582822243024,116.21
1582822243024,116.21
1582822270748,116.25
1582822270748,116.25
1582822283291,116.26
1582822283291,116.26
1582822306427,116.32
1582822306427,116.32
1582822333172,116.31
1582822333172,116.31
1582822333172,116.31
1582822361092,116.35
1582822361092,116.35
1582822361092,116.35
1582822361092,116.35
1582822361092,116.35
1582822361092,116.35
1582822424257,116.46
1582822424257,116.46
1582822424257,116.46
1582822424257,116.46
1582822424257,116.46
1582822424257,116.46
1582822424257,116.46
1582822424257,116.46
1582822424257,116.46
1582822424257,116.46
1582822424257,116.46
1582822424257,116.46
1582822424257,116.46
1582822424257,116.46
1582822424257,116.46
1582822424257,116.46
1582822593626,116.36
1582822593626,116.36
1582822613524,116.37
1582822624957,116.46
1582822624957,116.46
1582822647404,116.62
1582822647404,116.62
1582822647404,116.62
1582822678363,116.54
1582822687930,116.7
1582822693091,116.7
1582822693091,116.7
1582822693091,116.7
1582822693091,116.7
1582822693091,116.7
1582822693091,116.7
1582822693091,116.7
1582822693091,116.7
1582822781494,116.83
1582822788693,116.8
1582822795702,116.81
1582822812625,116.78
1582822821975,116.82
1582822821975,116.82
1582822821975,116.82
1582822855522,116.82
1582822863100,116.81
1582822863100,116.81
1582822887470,116.855
1582822897029,116.9
1582822900106,116.91
1582822900106,116.91
1582822900106,116.91
1582822900106,116.91
1582822947072,117.06
1582822947072,117.06
1582822947072,117.06
1582822947072,117.06
1582822947072,117.06
1582822947072,117.06
1582822947072,117.06
1582823021804,116.93
1582823034352,116.89
1582823036128,116.89
1582823036128,116.89
1582823036128,116.89
1582823036128,116.89
1582823036128,116.89
1582823036128,116.89
1582823107204,116.9
1582823107204,116.9
1582823107204,116.9
1582823134261,116.905
1582823148285,116.885
1582823148285,116.885
1582823166150,116.92
1582823179180,116.97
1582823179180,116.97
1582823197969,117.1
1582823197969,117.1
1582823197969,117.1
1582823225876,117.04
1582823225876,117.04
1582823225876,117.04
1582823225876,117.04
1582823225876,117.04
1582823225876,117.04
1582823288654,117.1
1582823288654,117.1
1582823288654,117.1
1582823288654,117.1
1582823288654,117.1
1582823288654,117.1
1582823352435,117.225
1582823352435,117.225
1582823352435,117.225
1582823352435,117.225
1582823352435,117.225
1582823352435,117.225
1582823423053,117.27
1582823423053,117.27
1582823423053,117.27
1582823423053,117.27
1582823463885,117.22
1582823463885,117.22
1582823463885,117.22
1582823463885,117.22
1582823504862,117.135
1582823504862,117.135
1582823523750,117.22
1582823523750,117.22
1582823523750,117.22
1582823523750,117.22
1582823523750,117.22
1582823523750,117.22
1582823523750,117.22
1582823523750,117.22
1582823608540,117.3
1582823612858,117.33
1582823612858,117.33
1582823640299,117.33
1582823640299,117.33
1582823640299,117.33
1582823640299,117.33
1582823640299,117.33
1582823687406,117.485
1582823687406,117.485
1582823713231,117.57
1582823718238,117.53
1582823729565,117.51
1582823729565,117.51
1582823751239,117.405
1582823751239,117.405
1582823774698,117.43
1582823774698,117.43
1582823774698,117.43
1582823807040,117.39
1582823813219,117.43
1582823832310,117.37
1582823832810,117.37
1582823848994,117.33
1582823862643,117.37
1582823873305,117.39
1582823873305,117.39
1582823873305,117.39
1582823898835,117.41
1582823908730,117.39
1582823908730,117.39
1582823931014,117.42
1582823931014,117.42
1582823931014,117.42
1582823931014,117.42
1582823931014,117.42
1582823987136,117.425
1582823987136,117.425
1582823987136,117.425
1582823987136,117.425
1582823987136,117.425
1582823987136,117.425
1582823987136,117.425
1582823987136,117.425
1582823987136,117.425
1582824074097,117.23
1582824074097,117.23
1582824074097,117.23
1582824111768,117.05
1582824122548,117.065
1582824136495,117.16
1582824136495,117.16
1582824153418,117.135
1582824166482,117.065
1582824176492,117.05
1582824187251,117.07
1582824187251,117.07
1582824187251,117.07
1582824187251,117.07
1582824226086,117.125
1582824239000,117.06
1582824239000,117.06
1582824239000,117.06
1582824266831,116.98
1582824275113,117.055
1582824275113,117.055
1582824297648,117.09
1582824297648,117.09
1582824297648,117.09
1582824297648,117.09
1582824297648,117.09
1582824297648,117.09
1582824297648,117.09
1582824373681,117.165
1582824373681,117.165
1582824394592,117.245
1582824400784,117.28
1582824413473,117.25
1582824413473,117.25
1582824413473,117.25
1582824413473,117.25
1582824453021,117.34
1582824453021,117.34
1582824453021,117.34
1582824491856,117.3
1582824491856,117.3
1582824491856,117.3
1582824491856,117.3
1582824491856,117.3
1582824491856,117.3
1582824491856,117.3
1582824491856,117.3
1582824491856,117.3
1582824491856,117.3
1582824491856,117.3
1582824491856,117.3
1582824491856,117.3
1582824491856,117.3
1582824491856,117.3
1582824491856,117.3
1582824655938,117.45
1582824655938,117.45
1582824655938,117.45
1582824655938,117.45
1582824696228,117.42
1582824696228,117.42
1582824696228,117.42
1582824696228,117.42
1582824741076,117.55
1582824748367,117.56
1582824748367,117.56
1582824748367,117.56
1582824748367,117.56
1582824748367,117.56
1582824748367,117.56
1582824748367,117.56
1582824748367,117.56
1582824748367,117.56
1582824748367,117.56
1582824748367,117.56
1582824748367,117.56
1582824879205,117.535
1582824879205,117.535
1582824879205,117.535
1582824879205,117.535
1582824879205,117.535
1582824879205,117.535
1582824879205,117.535
1582824879205,117.535
1582824879205,117.535
1582824879205,117.535
1582824879205,117.535
1582824879205,117.535
1582824879205,117.535
1582824879205,117.535
1582824879205,117.535
1582824879205,117.535
1582824879205,117.535
1582824879205,117.535
1582825067566,117.69
1582825067566,117.69
1582825088243,117.72
1582825095439,117.73
1582825095439,117.73
1582825120929,117.79
1582825120929,117.79
1582825141016,117.8
1582825141016,117.8
1582825141016,117.8
1582825141016,117.8
1582825141016,117.8
1582825141016,117.8
1582825141016,117.8
1582825141016,117.8
1582825219615,117.6
1582825219615,117.6
1582825219615,117.6
1582825219615,117.6
1582825219615,117.6
1582825219615,117.6
1582825219615,117.6
1582825219615,117.6
1582825219615,117.6
1582825219615,117.6
1582825219615,117.6
1582825219615,117.6
1582825219615,117.6
1582825219615,117.6
1582825219615,117.6
1582825219615,117.6
1582825392092,117.61
1582825392092,117.61
1582825392092,117.61
1582825392092,117.61
1582825392092,117.61
1582825392092,117.61
1582825392092,117.61
1582825392092,117.61
1582825392092,117.61
1582825485149,117.355
1582825485149,117.355
1582825485149,117.355
1582825485149,117.355
1582825485149,117.355
1582825485149,117.355
1582825485149,117.355
1582825485149,117.355
1582825576240,117.36
1582825576240,117.36
1582825576240,117.36
1582825576240,117.36
1582825576240,117.36
1582825576240,117.36
1582825576240,117.36
1582825649852,117.35
1582825649852,117.35
1582825649852,117.35
1582825649852,117.35
1582825649852,117.35
1582825698554,117.425
1582825698554,117.425
1582825724520,117.49
1582825728845,117.475
1582825739313,117.5
1582825754943,117.52
1582825754943,117.52
1582825766628,117.53
1582825766628,117.53
1582825794355,117.51
1582825794355,117.51
1582825794355,117.51
1582825794355,117.51
1582825838350,117.44
1582825845502,117.465
1582825845502,117.465
1582825845502,117.465
1582825845502,117.465
1582825845502,117.465
1582825845502,117.465
1582825845502,117.465
1582825845502,117.465
1582825845502,117.465
1582825939204,117.64
1582825955041,117.7
1582825956136,117.72
1582825975053,117.645
1582825975053,117.645
1582825975053,117.645
1582825975053,117.645
1582825975053,117.645
1582825975053,117.645
1582826035072,117.65
1582826035072,117.65
1582826050559,117.665
1582826068103,117.665
1582826068103,117.665
1582826068103,117.665
1582826068103,117.665
1582826068103,117.665
1582826121449,117.6
1582826128205,117.58
1582826144165,117.58
1582826144165,117.58
1582826144165,117.58
1582826144165,117.58
1582826144165,117.58
1582826144165,117.58
1582826144165,117.58
1582826144165,117.58
1582826228069,117.485
1582826231115,117.505
1582826231115,117.505
1582826231115,117.505
1582826268984,117.36
1582826279668,117.4
1582826286735,117.455
1582826292443,117.47
1582826292443,117.47
1582826313329,117.41
1582826313329,117.41
1582826335071,117.375
1582826335071,117.375
1582826361857,117.225
1582826374971,117.275
1582826384386,117.265
1582826392293,117.29
1582826402103,117.175
1582826414768,117.185
1582826419103,117.24
1582826431597,117.19
1582826444807,117.115
1582826456729,117.09
1582826469507,117.09
1582826469507,117.09
1582826469507,117.09
1582826469507,117.09
1582826469507,117.09
1582826469507,117.09
1582826525685,117.05
1582826525685,117.05
1582826525685,117.05
1582826525685,117.05
1582826574670,117.21
1582826574670,117.21
1582826574670,117.21
1582826574670,117.21
1582826574670,117.21
1582826574670,117.21
1582826574670,117.21
1582826574670,117.21
1582826574670,117.21
1582826574670,117.21
1582826574670,117.21
1582826685498,117.535
1582826685498,117.535
1582826709573,117.45
1582826709573,117.45
1582826709573,117.45
1582826709573,117.45
1582826709573,117.45
1582826709573,117.45
1582826709573,117.45
1582826709573,117.45
1582826709573,117.45
1582826807749,117.46
1582826807749,117.46
1582826807749,117.46
1582826807749,117.46
1582826844427,117.62
1582826844427,117.62
1582826844427,117.62
1582826844427,117.62
1582826844427,117.62
1582826901348,117.53
1582826901348,117.53
1582826901348,117.53
1582826901348,117.53
1582826901348,117.53
1582826954602,117.52
1582826954602,117.52
1582826954602,117.52
1582826954602,117.52
1582826954602,117.52
1582826954602,117.52
1582826954602,117.52
1582826954602,117.52
1582826954602,117.52
1582827046277,117.66
1582827046277,117.66
1582827046277,117.66
1582827077882,117.64
1582827090772,117.62
1582827090772,117.62
1582827090772,117.62
1582827090772,117.62
1582827090772,117.62
1582827090772,117.62
1582827152607,117.48
1582827152607,117.48
1582827152607,117.48
1582827152607,117.48
1582827152607,117.48
1582827152607,117.48
1582827152607,117.48
1582827223105,117.56
1582827223105,117.56
1582827223105,117.56
1582827254154,117.555
1582827254154,117.555
1582827254154,117.555
1582827282958,117.49
1582827282958,117.49
1582827282958,117.49
1582827282958,117.49
1582827282958,117.49
1582827341776,117.46
1582827341776,117.46
1582827341776,117.46
1582827372957,117.4
1582827372957,117.4
1582827372957,117.4
1582827396070,117.39
1582827396070,117.39
1582827396070,117.39
1582827396070,117.39
1582827396070,117.39
1582827396070,117.39
1582827396070,117.39
1582827396070,117.39
1582827396070,117.39
1582827396070,117.39
1582827396070,117.39
1582827396070,117.39
1582827396070,117.39
1582827396070,117.39
1582827544738,117.37
1582827544738,117.37
1582827544738,117.37
1582827575124,117.35
1582827575124,117.35
1582827597111,117.34
1582827597111,117.34
1582827620134,117.3
1582827631200,117.215
1582827631200,117.215
1582827631200,117.215
1582827667053,117.335
1582827667053,117.335
1582827681759,117.33
1582827681759,117.33
1582827681759,117.33
1582827681759,117.33
1582827681759,117.33
1582827681759,117.33
1582827681759,117.33
1582827681759,117.33
1582827681759,117.33
1582827681759,117.33
1582827681759,117.33
1582827681759,117.33
1582827681759,117.33
1582827820557,117.05
1582827820557,117.05
1582827820557,117.05
1582827820557,117.05
1582827820557,117.05
1582827820557,117.05
1582827820557,117.05
1582827820557,117.05
1582827820557,117.05
1582827820557,117.05
1582827820557,117.05
1582827820557,117.05
1582827820557,117.05
1582827820557,117.05
1582827820557,117.05
1582827820557,117.05
1582827820557,117.05
1582827820557,117.05
1582827820557,117.05
1582827820557,117.05
1582827820557,117.05
1582827820557,117.05
1582827820557,117.05
1582827820557,117.05
1582827820557,117.05
1582827820557,117.05
1582827820557,117.05
1582827820557,117.05
1582827820557,117.05
1582827820557,117.05
1582828138859,116.86
1582828152314,116.9
1582828152314,116.9
1582828152314,116.9
1582828152314,116.9
1582828152314,116.9
1582828205252,116.85
1582828205252,116.85
1582828205252,116.85
1582828205252,116.85
1582828205252,116.85
1582828252274,116.87
1582828263600,116.85
1582828263600,116.85
1582828263600,116.85
1582828263600,116.85
1582828263600,116.85
1582828263600,116.85
1582828263600,116.85
1582828263600,116.85
1582828263600,116.85
1582828263600,116.85
1582828263600,116.85
1582828263600,116.85
1582828263600,116.85
1582828263600,116.85
1582828263600,116.85
1582828424972,116.785
1582828424972,116.785
1582828424972,116.785
1582828424972,116.785
1582828424972,116.785
1582828424972,116.785
1582828424972,116.785
1582828424972,116.785
1582828424972,116.785
1582828424972,116.785
1582828525941,116.715
1582828525941,116.715
1582828525941,116.715
1582828525941,116.715
1582828525941,116.715
1582828525941,116.715
1582828525941,116.715
1582828525941,116.715
1582828525941,116.715
1582828525941,116.715
1582828525941,116.715
1582828643676,116.45
1582828652996,116.4
1582828652996,116.4
1582828652996,116.4
1582828691224,116.385
1582828691224,116.385
1582828691224,116.385
1582828718835,116.5
1582828718835,116.5
1582828743702,116.36
1582828747317,116.35
1582828747317,116.35
1582828747317,116.35
1582828747317,116.35
1582828747317,116.35
1582828747317,116.35
1582828813354,116.52
1582828813354,116.52
1582828813354,116.52
1582828813354,116.52
1582828813354,116.52
1582828813354,116.52
1582828813354,116.52
1582828813354,116.52
1582828813354,116.52
1582828813354,116.52
1582828813354,116.52
1582828813354,116.52
1582828940488,116.33
1582828944491,116.26
1582828944491,116.26
1582828961974,116.205
1582828974872,115.925
1582828974872,115.925
1582828974872,115.925
1582828997909,115.9
1582829007172,115.89
1582829007172,115.89
1582829007172,115.89
1582829007172,115.89
1582829007172,115.89
1582829007172,115.89
1582829007172,115.89
1582829007172,115.89
1582829104590,115.98
1582829104590,115.98
1582829104590,115.98
1582829139286,116.005
1582829139286,116.005
1582829139286,116.005
1582829139286,116.005
1582829139286,116.005
1582829139286,116.005
1582829139286,116.005
1582829139286,116.005
1582829220829,116.24
1582829220829,116.24
1582829243929,116.18
1582829243929,116.18
1582829270128,116.2
1582829270128,116.2
1582829270128,116.2
1582829270128,116.2
1582829270128,116.2
1582829270128,116.2
1582829270128,116.2
1582829270128,116.2
1582829270128,116.2
1582829270128,116.2
1582829270128,116.2
1582829270128,116.2
1582829270128,116.2
1582829270128,116.2
1582829270128,116.2
1582829270128,116.2
1582829435222,116.235
1582829435222,116.235
1582829435222,116.235
1582829435222,116.235
1582829435222,116.235
1582829435222,116.235
1582829500260,116.16
1582829500260,116.16
1582829500260,116.16
1582829500260,116.16
1582829539506,116.09
1582829554228,116.02
1582829554228,116.02
1582829565908,116.04
1582829565908,116.04
1582829565908,116.04
1582829565908,116.04
1582829565908,116.04
1582829624815,116.36
1582829624815,116.36
1582829640723,116.32
1582829640723,116.32
1582829640723,116.32
1582829640723,116.32
1582829640723,116.32
1582829640723,116.32
1582829640723,116.32
1582829640723,116.32
1582829640723,116.32
1582829640723,116.32
1582829640723,116.32
1582829640723,116.32
1582829640723,116.32
1582829795696,116.47
1582829795696,116.47
1582829795696,116.47
1582829795696,116.47
1582829838598,116.25
1582829839904,116.16
1582829839904,116.16
1582829839904,116.16
1582829839904,116.16
1582829839904,116.16
1582829839904,116.16
1582829839904,116.16
1582829906453,116.12
1582829906453,116.12
1582829906453,116.12
1582829944740,116.08
1582829944740,116.08
1582829974600,115.88
1582829984780,115.76
1582829984780,115.76
1582829984780,115.76
1582829984780,115.76
1582829984780,115.76
1582829984780,115.76
1582829984780,115.76
1582829984780,115.76
1582830064365,115.85
1582830064365,115.85
1582830089016,115.79
1582830089016,115.79
1582830109627,115.92
1582830113424,115.92
1582830113424,115.92
1582830113424,115.92
1582830113424,115.92
1582830113424,115.92
1582830170185,115.91
1582830170185,115.91
1582830170185,115.91
1582830170185,115.91
1582830170185,115.91
1582830170185,115.91
1582830170185,115.91
1582830248574,115.73
1582830251813,115.71
1582830251813,115.71
1582830251813,115.71
1582830251813,115.71
1582830251813,115.71
1582830251813,115.71
1582830251813,115.71
1582830251813,115.71
1582830251813,115.71
1582830251813,115.71
1582830251813,115.71
1582830251813,115.71
1582830387895,115.645
1582830387895,115.645
1582830387895,115.645
1582830387895,115.645
1582830387895,115.645
1582830434211,115.63
1582830434211,115.63
1582830456224,115.62
1582830456224,115.62
1582830480286,115.54
1582830480286,115.54
1582830498002,115.42
1582830498002,115.42
1582830523070,115.18
1582830523070,115.18
1582830523070,115.18
1582830523070,115.18
1582830571716,115.145
1582830571716,115.145
1582830571716,115.145
1582830571716,115.145
1582830608143,115.13
1582830608143,115.13
1582830608143,115.13
1582830608143,115.13
1582830651433,115.22
1582830651433,115.22
1582830651433,115.22
1582830651433,115.22
1582830651433,115.22
1582830651433,115.22
1582830651433,115.22
1582830651433,115.22
1582830738482,115.115
1582830738482,115.115
1582830753842,115.13
1582830753842,115.13
1582830753842,115.13
1582830792768,115.225
1582830792768,115.225
1582830814236,115.17
1582830814236,115.17
1582830814236,115.17
1582830837041,115.3
1582830837041,115.3
1582830837041,115.3
1582830837041,115.3
1582830883223,115.49
1582830883223,115.49
1582830883223,115.49
1582830883223,115.49
1582830883223,115.49
1582830883223,115.49
1582830883223,115.49
1582830883223,115.49
1582830883223,115.49
1582830883223,115.49
1582830883223,115.49
1582830883223,115.49
1582831013785,115.29
1582831021290,115.32
1582831021290,115.32
1582831045470,115.31
1582831045470,115.31
1582831045470,115.31
1582831045470,115.31
1582831078745,115.31
1582831078745,115.31
1582831107924,115.57
1582831107924,115.57
1582831107924,115.57
1582831107924,115.57
1582831143232,115.49
1582831158545,115.445
1582831158545,115.445
1582831158545,115.445
1582831191802,115.43
1582831198312,115.355
1582831214297,115.425
1582831215177,115.425
1582831235178,115.435
1582831237325,115.47
1582831251181,115.51
1582831251181,115.51
1582831251181,115.51
1582831251181,115.51
1582831251181,115.51
1582831251181,115.51
1582831251181,115.51
1582831251181,115.51
1582831251181,115.51
1582831251181,115.51
1582831251181,115.51
1582831251181,115.51
1582831377758,115.44
1582831377758,115.44
1582831394429,115.47
1582831394429,115.47
1582831414675,115.53
1582831431399,115.54
1582831431399,115.54
1582831431399,115.54
1582831431399,115.54
1582831431399,115.54
1582831431399,115.54
1582831431399,115.54
1582831431399,115.54
1582831431399,115.54
1582831431399,115.54
1582831431399,115.54
1582831550739,115.68
1582831550739,115.68
1582831550739,115.68
1582831550739,115.68
1582831550739,115.68
1582831550739,115.68
1582831609276,115.89
1582831623068,115.96
1582831623068,115.96
1582831623068,115.96
1582831623068,115.96
1582831623068,115.96
1582831676964,115.92
1582831686775,116.01
1582831686775,116.01
1582831704979,116.04
1582831704979,116.04
1582831704979,116.04
1582831704979,116.04
1582831704979,116.04
1582831758590,116.155
1582831758590,116.155
1582831777926,116.2
1582831777926,116.2
1582831777926,116.2
1582831777926,116.2
1582831777926,116.2
1582831777926,116.2
1582831777926,116.2
1582831851088,116.04
1582831851088,116.04
1582831851088,116.04
1582831889619,115.935
1582831889619,115.935
1582831907706,115.965
1582831907706,115.965
1582831907706,115.965
1582831907706,115.965
1582831907706,115.965
1582831907706,115.965
1582831907706,115.965
1582831907706,115.965
1582831907706,115.965
1582831998993,115.885
1582832006798,115.845
1582832006798,115.845
1582832031806,115.83
1582832031806,115.83
1582832052862,115.97
1582832052862,115.97
1582832052862,115.97
1582832081516,115.9
1582832095262,115.96
1582832095262,115.96
1582832095262,115.96
1582832095262,115.96
1582832137313,115.96
1582832137313,115.96
1582832137313,115.96
1582832137313,115.96
1582832176449,116.03
1582832176449,116.03
1582832176449,116.03
1582832217374,116.06
1582832225394,116.06
1582832225394,116.06
1582832246767,116.12
1582832259169,116.08
1582832259169,116.08
1582832259169,116.08
1582832259169,116.08
1582832259169,116.08
1582832304413,116.13
1582832304413,116.13
1582832330270,116.17
1582832330270,116.17
1582832330270,116.17
1582832359032,116.065
1582832365604,116.08
1582832365604,116.08
1582832389677,116.03
1582832401773,115.99
1582832412835,115.97
1582832418752,115.97
1582832437294,115.88
1582832437294,115.88
1582832453165,115.805
1582832453165,115.805
1582832453165,115.805
1582832453165,115.805
1582832495497,115.78
1582832495497,115.78
1582832495497,115.78
1582832495497,115.78
1582832495497,115.78
1582832547364,115.87
1582832547364,115.87
1582832547364,115.87
1582832547364,115.87
1582832547364,115.87
1582832547364,115.87
1582832611321,116.03
1582832611321,116.03
1582832611321,116.03
1582832611321,116.03
1582832654495,116.03
1582832654495,116.03
1582832654495,116.03
1582832654495,116.03
1582832691357,116.03
1582832691357,116.03
1582832691357,116.03
1582832691357,116.03
1582832691357,116.03
1582832691357,116.03
1582832691357,116.03
1582832691357,116.03
1582832691357,116.03
1582832691357,116.03
1582832691357,116.03
1582832691357,116.03
1582832821250,115.91
1582832821250,115.91
1582832821250,115.91
1582832821250,115.91
1582832821250,115.91
1582832821250,115.91
1582832882353,115.845
1582832882353,115.845
1582832882353,115.845
1582832882353,115.845
1582832929654,115.88
1582832929654,115.88
1582832929654,115.88
1582832960846,116.02
1582832960846,116.02
1582832960846,116.02
1582832994884,115.99
1582832994884,115.99
1582832994884,115.99
1582833022812,116.07
1582833022812,116.07
1582833022812,116.07
1582833022812,116.07
1582833022812,116.07
1582833022812,116.07
1582833022812,116.07
1582833022812,116.07
1582833022812,116.07
1582833022812,116.07
1582833022812,116.07
1582833022812,116.07
1582833022812,116.07
1582833022812,116.07
1582833171911,116
1582833171911,116
1582833171911,116
1582833171911,116
1582833171911,116
1582833171911,116
1582833171911,116
1582833247912,115.9
1582833259427,115.945
1582833269446,115.9
1582833269446,115.9
1582833269446,115.9
1582833269446,115.9
1582833269446,115.9
1582833269446,115.9
1582833328213,115.87
1582833328213,115.87
1582833352263,115.86
1582833352263,115.86
1582833352263,115.86
1582833376350,115.805
1582833376350,115.805
1582833402281,115.7
1582833402281,115.7
1582833418958,115.7
1582833431772,115.7
1582833431772,115.7
1582833431772,115.7
1582833431772,115.7
1582833431772,115.7
1582833431772,115.7
1582833431772,115.7
1582833431772,115.7
1582833431772,115.7
1582833431772,115.7
1582833431772,115.7
1582833431772,115.7
1582833431772,115.7
1582833431772,115.7
1582833431772,115.7
1582833588846,115.565
1582833588846,115.565
1582833588846,115.565
1582833588846,115.565
1582833588846,115.565
1582833588846,115.565
1582833588846,115.565
1582833665274,115.33
1582833680729,115.3
1582833686925,115.265
1582833693803,115.34
1582833705202,115.27
1582833705202,115.27
1582833705202,115.27
1582833705202,115.27
1582833705202,115.27
1582833757768,115.24
1582833757768,115.24
1582833757768,115.24
1582833757768,115.24
1582833757768,115.24
1582833817809,115.11
1582833824802,115.1
1582833829525,115.14
1582833829525,115.14
1582833829525,115.14
1582833829525,115.14
1582833829525,115.14
1582833890589,115.22
1582833890589,115.22
1582833905911,115.27
1582833905911,115.27
1582833905911,115.27
1582833905911,115.27
1582833905911,115.27
1582833960561,115.31
1582833960561,115.31
1582833960561,115.31
1582833960561,115.31
1582833960561,115.31
1582834022208,115.61
1582834022208,115.61
1582834022208,115.61
1582834022208,115.61
1582834061745,115.72
1582834061745,115.72
1582834061745,115.72
1582834086514,115.7
1582834086514,115.7
1582834086514,115.7
1582834086514,115.7
1582834129634,115.83
1582834129634,115.83
1582834156467,115.85
1582834156467,115.85
1582834178004,115.86
1582834178004,115.86
1582834178004,115.86
1582834178004,115.86
1582834218664,115.95
1582834218664,115.95
1582834218664,115.95
1582834218664,115.95
1582834218664,115.95
1582834218664,115.95
1582834284115,115.98
1582834294468,116.04
1582834294468,116.04
1582834309204,116.02
1582834309204,116.02
1582834309204,116.02
1582834309204,116.02
1582834358328,115.91
1582834358328,115.91
1582834358328,115.91
1582834358328,115.91
1582834358328,115.91
1582834358328,115.91
1582834358328,115.91
1582834431413,115.87
1582834440280,115.88
1582834440280,115.88
1582834440280,115.88
1582834440280,115.88
1582834440280,115.88
1582834440280,115.88
1582834506379,115.85
1582834506379,115.85
1582834506379,115.85
1582834538106,115.7
1582834538106,115.7
1582834538106,115.7
1582834567765,115.81
1582834567765,115.81
1582834567765,115.81
1582834603889,115.89
1582834607014,115.89
1582834620847,115.89
1582834620847,115.89
1582834620847,115.89
1582834620847,115.89
1582834620847,115.89
1582834620847,115.89
1582834620847,115.89
1582834620847,115.89
1582834620847,115.89
1582834714640,115.855
1582834714640,115.855
1582834714640,115.855
1582834714640,115.855
1582834760501,115.7
1582834771686,115.74
1582834771686,115.74
1582834787517,115.69
1582834787517,115.69
1582834787517,115.69
1582834787517,115.69
1582834830071,115.76
1582834830071,115.76
1582834830071,115.76
1582834866022,115.7
1582834866022,115.7
1582834866022,115.7
1582834866022,115.7
1582834866022,115.7
1582834866022,115.7
1582834866022,115.7
1582834866022,115.7
1582834866022,115.7
1582834866022,115.7
1582834866022,115.7
1582834866022,115.7
1582834866022,115.7
1582834866022,115.7
1582834866022,115.7
1582834866022,115.7
1582834866022,115.7
1582834866022,115.7
1582834866022,115.7
1582834866022,115.7
1582834866022,115.7
1582834866022,115.7
1582834866022,115.7
1582834866022,115.7
1582834866022,115.7
1582834866022,115.7
1582834866022,115.7
1582834866022,115.7
1582834866022,115.7
1582834866022,115.7
1582834866022,115.7
1582834866022,115.7
1582834866022,115.7
1582834866022,115.7
1582834866022,115.7
1582834866022,115.7
1582834866022,115.7
1582835249849,115.6
1582835249849,115.6
1582835249849,115.6
1582835249849,115.6
1582835249849,115.6
1582835249849,115.6
1582835320267,115.495
1582835324454,115.5
1582835324454,115.5
1582835324454,115.5
1582835324454,115.5
1582835324454,115.5
1582835324454,115.5
1582835324454,115.5
1582835399121,115.47
1582835410320,115.45
1582835410320,115.45
1582835436251,115.4
1582835441304,115.37
1582835441304,115.37
1582835441304,115.37
1582835478480,115.4
1582835478480,115.4
1582835498641,115.32
1582835498641,115.32
1582835498641,115.32
1582835529710,115.34
1582835536088,115.315
1582835549235,115.25
1582835561811,115.21
1582835561811,115.21
1582835584745,115.2
1582835584745,115.2
1582835584745,115.2
1582835612515,115.23
1582835612515,115.23
1582835612515,115.23
1582835612515,115.23
1582835658771,115.31
1582835663991,115.35
1582835681845,115.355
1582835681845,115.355
1582835681845,115.355
1582835712822,115.29
1582835720266,115.25
1582835734649,115.29
1582835743050,115.26
1582835748250,115.245
1582835764270,115.25
1582835764270,115.25
1582835783652,115.22
1582835783652,115.22
1582835798852,115.265
1582835798852,115.265
1582835798852,115.265
1582835835322,115.19
1582835835322,115.19
1582835856853,115.145
1582835872856,115.12
1582835877841,115.1
1582835891995,115.11
1582835891995,115.11
1582835905650,115.085
1582835924906,115.045
1582835925399,115.045
1582835943149,115.065
1582835953075,115.09
1582835953075,115.09
1582835953075,115.09
1582835983455,115.11
1582835983455,115.11
1582835983455,115.11
1582835983455,115.11
1582835983455,115.11
1582836038990,114.86
1582836038990,114.86
1582836051808,114.85
1582836068583,114.73
1582836068583,114.73
1582836088629,114.75
1582836088629,114.75
1582836112491,114.82
1582836122353,114.82
1582836135276,114.88
1582836139259,114.89
1582836139259,114.89
1582836159819,114.79
1582836159819,114.79
1582836159819,114.79
1582836193099,114.73
1582836193099,114.73
1582836193099,114.73
1582836220358,114.665
1582836220358,114.665
1582836246216,114.645
1582836246216,114.645
1582836246216,114.645
1582836279715,114.72
1582836279715,114.72
1582836301479,114.69
1582836307575,114.75
1582836318347,114.85
1582836333108,114.94
1582836333108,114.94
1582836355856,114.87
1582836364336,114.81
1582836364336,114.81
1582836364336,114.81
1582836394044,114.725
1582836394044,114.725
1582836415161,114.765
1582836415161,114.765
1582836415161,114.765
1582836415161,114.765
1582836415161,114.765
1582836415161,114.765
1582836415161,114.765
1582836415161,114.765
1582836499252,114.85
1582836514621,114.845
1582836514621,114.845
1582836514621,114.845
1582836541624,114.89
1582836553003,114.95
1582836553142,114.96
1582836573156,114.93
