1585575058979,152.62
1585575072446,152.855
1585575084232,152.91
1585575095976,153.06
1585575105733,153.24
1585575116916,153.5
1585575126616,153.88
1585575130819,153.73
1585575148453,153.91
1585575157413,153.99
1585575165349,153.84
1585575178609,153.93
1585575189931,153.87
1585575194780,153.88
1585575210716,153.935
1585575219893,153.73
1585575230414,153.99
1585575242007,154.09
1585575252585,154.35
1585575261383,154.36
1585575272087,154.655
1585575283294,154.57
1585575294068,154.63
1585575303262,154.64
1585575313980,154.28
1585575321889,154.07
1585575336205,154.16
1585575346424,153.95
1585575357126,153.86
1585575358964,154
1585575377610,154.3
1585575382211,154.15
1585575398775,154.21
1585575409913,154.18
1585575418694,154.2
1585575430981,154.06
1585575439168,154.06
1585575451328,153.965
1585575458091,153.81
1585575470851,153.84
1585575483050,153.9
1585575493492,154
1585575497087,153.92
1585575512994,154.05
1585575518155,154.02
1585575534745,154.15
1585575543469,153.98
1585575543469,153.98
1585575565290,153.95
1585575576550,153.895
1585575586610,153.835
1585575596601,153.87
1585575607791,153.94
1585575607791,153.94
1585575628009,153.965
1585575639045,153.95
1585575648523,153.88
1585575659603,153.82
1585575670651,153.73
1585575678285,153.805
1585575690837,153.9
1585575698388,153.975
1585575710238,153.995
1585575716388,154.02
1585575733199,154.045
1585575737385,153.88
1585575752412,154.015
1585575764545,153.77
1585575770006,153.77
1585575783627,153.85
1585575789097,153.48
1585575803226,153.865
1585575803226,153.865
1585575825843,153.78
1585575836224,153.77
1585575836224,153.77
1585575855015,154.05
1585575855015,154.05
1585575879897,154.365
1585575887927,154.4
1585575900547,154.43
1585575910185,154.41
1585575920154,154.37
1585575924972,154.3
1585575938537,154.31
1585575952406,154.345
1585575961248,154.54
1585575973595,154.52
1585575983276,154.43
1585575991586,154.41
1585575991586,154.41
1585576015956,154.61
1585576024896,154.87
1585576029736,154.875
1585576043408,154.865
1585576056001,154.87
1585576063733,154.875
1585576078607,155.16
1585576086721,154.995
1585576094522,155.15
1585576105728,155.185
1585576119964,155.23
1585576129032,155.38
1585576137305,155.4
1585576150444,155.505
1585576162628,155.64
1585576173232,155.66
1585576179317,155.79
1585576192932,155.83
1585576204478,156
1585576215022,156.095
1585576224279,156.03
1585576235428,155.94
1585576241849,155.82
1585576255740,156
1585576265223,156.05
1585576276845,156.15
1585576287251,156.18
1585576289768,156.09
1585576303716,156.06
1585576318440,156.12
1585576327513,156.415
1585576338860,156.32
1585576350766,156.415
1585576361321,156.6
1585576371650,156.77
1585576381064,156.775
1585576391992,156.87
1585576403226,156.87
1585576412367,156.75
1585576423374,156.585
1585576434109,156.71
1585576442809,156.62
1585576454205,156.57
1585576461988,156.39
1585576476157,156.37
1585576486649,156.43
1585576497122,156.545
1585576505539,156.53
1585576513218,156.19
1585576528318,156.24
1585576536844,156.2
1585576547575,156.18
1585576559706,156.18
1585576566826,156.28
1585576575270,156.45
1585576586570,156.54
1585576597282,156.4
1585576610552,156.11
1585576621808,156.04
1585576631267,155.86
1585576642146,156.08
1585576653017,155.965
1585576663223,156.095
1585576674002,156.36
1585576677899,156.31
1585576688889,156.18
1585576703774,156.245
1585576714678,156.2
1585576726232,156.16
1585576735677,156.065
1585576746254,156.135
1585576757352,156.24
1585576769008,156
1585576778731,155.98
1585576789679,156
1585576800006,156.12
1585576808343,156.33
1585576821229,156.5
1585576828306,156.485
1585576837668,156.475
1585576851760,156.51
1585576860599,156.45
1585576873288,156.41
1585576884446,156.3
1585576894804,156.31
1585576903230,156.275
1585576912330,156.22
1585576922377,156.22
1585576932672,156.205
1585576946205,156.12
1585576955089,156.265
1585576962569,156.36
1585576973401,156.24
1585576981422,156.505
1585576981422,156.505
1585577010007,156.56
1585577013973,156.6
1585577025041,156.59
1585577040117,156.76
1585577047388,156.655
1585577047388,156.655
1585577072112,156.92
1585577082819,157.175
1585577090657,157.295
1585577104213,157.27
1585577113337,157.27
1585577113337,157.27
1585577134561,157.335
1585577140776,157.38
1585577155070,157.44
1585577163519,157.47
1585577176980,157.45
1585577185865,157.45
1585577194047,157.45
1585577206861,157.25
1585577215935,157.33
1585577221893,157.445
1585577239151,157.26
1585577241195,157.2
1585577260109,157.11
1585577265089,157.16
1585577265089,157.16
1585577265089,157.16
1585577302000,157.065
1585577302000,157.065
1585577316288,157.07
1585577332934,157.025
1585577338810,157.07
1585577348079,157.2
1585577364843,157.13
1585577372074,157.16
1585577383419,157.22
1585577383419,157.22
1585577406067,157.19
1585577413756,157.08
1585577427269,157.07
1585577435732,156.945
1585577446358,156.95
1585577458256,156.85
1585577468842,156.845
1585577477726,156.46
1585577489503,156.4
1585577497331,156.5
1585577497331,156.5
1585577518934,156.48
1585577525587,156.63
1585577537404,156.62
1585577552290,156.725
1585577559252,156.81
1585577572216,156.72
1585577582541,156.61
1585577591894,156.49
1585577597349,156.59
1585577610119,156.445
1585577620153,156.48
1585577635916,156.52
1585577642721,156.58
1585577655411,156.64
1585577667431,156.61
1585577678155,156.67
1585577688597,156.7
1585577698850,156.63
1585577705650,156.605
1585577705650,156.605
1585577728764,156.65
1585577740096,156.81
1585577750278,156.66
1585577758552,156.65
1585577765822,156.72
1585577774560,156.685
1585577793397,156.8
1585577800219,156.745
1585577800219,156.745
1585577823513,156.735
1585577831564,156.65
1585577836663,156.78
1585577854032,156.8
1585577854032,156.8
1585577854032,156.8
1585577886188,156.92
1585577894823,156.97
1585577904090,157.06
1585577918514,157
1585577928853,157.055
1585577928853,157.055
1585577949273,156.78
1585577952186,156.88
1585577965081,156.94
1585577975741,156.88
1585577975741,156.88
1585577975741,156.88
1585578007343,157.06
1585578021880,157.035
1585578027762,157.065
1585578039024,157.165
1585578048045,157.125
1585578063684,157.23
1585578074615,157.22
1585578085067,157.255
1585578095551,157.36
1585578102868,157.32
1585578102868,157.32
1585578126731,157.44
1585578131238,157.435
1585578146176,157.305
1585578158038,157.43
1585578168255,157.43
1585578179262,157.44
1585578189234,157.395
1585578199157,157.25
1585578207340,157.42
1585578216609,157.52
1585578227950,157.575
1585578239094,157.585
1585578247662,157.585
1585578259643,157.67
1585578272640,157.66
1585578283499,157.73
1585578293404,157.78
1585578302999,157.82
1585578311305,157.8
1585578324538,157.73
1585578335474,157.775
1585578345947,157.945
1585578356201,157.9
1585578365853,157.81
1585578377519,157.95
1585578387097,157.865
1585578392361,157.705
1585578392361,157.705
1585578392361,157.705
1585578425504,157.81
1585578436965,157.82
1585578446634,157.83
1585578459173,157.77
1585578459173,157.77
1585578459173,157.77
1585578492049,157.7
1585578492049,157.7
1585578492049,157.7
1585578522745,157.61
1585578534612,157.685
1585578542329,157.685
1585578547191,157.57
1585578563685,157.47
1585578568954,157.41
1585578568954,157.41
1585578568954,157.41
1585578605124,157.46
1585578605124,157.46
1585578628635,157.545
1585578640699,157.565
1585578648883,157.44
1585578658598,157.34
1585578668836,157.21
1585578679498,157.37
1585578684835,157.27
1585578684835,157.27
1585578713036,157.18
1585578724171,157.195
1585578735507,157.22
1585578747743,157.29
1585578751951,157.375
1585578751951,157.375
1585578778174,157.16
1585578780810,157.11
1585578797609,157.22
1585578802450,157.355
1585578819705,157.215
1585578825111,157.19
1585578841945,157.41
1585578845069,157.47
1585578845069,157.47
1585578864635,157.455
1585578881809,157.465
1585578893189,157.49
1585578904254,157.62
1585578914983,157.605
1585578926320,157.735
1585578933837,157.68
1585578947750,157.71
1585578956217,157.775
1585578965176,157.77
1585578974088,157.77
1585578982000,157.77
1585578995291,157.84
1585578995291,157.84
1585578995291,157.84
1585579027581,157.96
1585579037202,157.96
1585579051839,157.865
1585579055552,157.855
1585579072346,157.995
1585579080162,157.91
1585579091227,157.9
1585579103720,158.035
1585579111840,158
1585579123937,158.075
1585579135349,158.085
1585579143901,158.1
1585579156358,157.99
1585579166699,158.04
1585579176322,158.05
1585579188157,158.02
1585579194932,157.95
1585579200226,157.985
1585579219538,158.01
1585579229247,158.01
1585579237249,158
1585579249886,158.045
1585579252760,158.1
1585579252760,158.1
1585579282950,158.165
1585579284226,158.225
1585579303423,158.21
1585579313293,158.15
1585579316772,158.185
1585579335333,158.095
1585579338895,158.105
1585579353643,158.085
1585579361453,158.075
1585579376675,158.07
1585579387104,157.92
1585579387104,157.92
1585579406494,157.85
1585579412979,157.8
1585579428847,157.82
1585579428847,157.82
1585579446394,157.79
1585579446394,157.79
1585579470771,157.795
1585579479468,157.805
1585579490021,157.895
1585579494617,157.86
1585579503914,157.7
1585579518762,157.8
1585579533467,157.88
1585579541263,157.88
1585579547739,157.835
1585579562780,157.9
1585579574948,157.88
1585579579098,157.82
1585579596990,157.9
1585579601500,157.89
1585579616062,157.9
1585579627873,157.98
1585579636502,157.83
1585579641619,157.795
1585579658767,157.775
1585579669810,157.735
1585579680520,157.86
1585579690414,157.715
1585579698031,157.705
1585579698031,157.705
1585579698031,157.705
1585579728938,157.505
1585579741343,157.57
1585579752877,157.54
1585579761901,157.64
1585579768768,157.71
1585579775414,157.82
1585579790869,157.73
1585579800542,157.76
1585579811057,157.69
1585579811057,157.69
1585579831192,157.69
1585579844772,157.775
1585579855492,157.685
1585579868228,157.535
1585579878981,157.51
1585579890344,157.49
1585579899324,157.43
1585579907338,157.265
1585579920765,157.135
1585579920765,157.135
1585579938737,157.305
1585579947656,157.365
1585579954409,157.38
1585579973746,157.475
1585579983242,157.6
1585579991878,157.57
1585579991878,157.57
1585580010299,157.39
1585580020425,157.475
1585580020425,157.475
1585580039227,157.65
1585580056849,157.47
1585580056849,157.47
1585580076468,157.55
1585580076468,157.55
1585580076468,157.55
1585580076468,157.55
1585580117361,157.605
1585580125595,157.51
1585580138739,157.51
1585580146114,157.515
1585580146114,157.515
1585580167436,157.45
1585580176613,157.465
1585580193226,157.44
1585580193226,157.44
1585580214331,157.16
1585580223297,157.27
1585580223297,157.27
1585580235855,157.115
1585580235855,157.115
1585580257399,157.09
1585580257399,157.09
1585580281318,156.95
1585580297372,157.01
1585580304908,157.02
1585580309217,156.97
1585580328517,156.975
1585580328517,156.975
1585580328517,156.975
1585580354258,157.34
1585580361959,157.15
1585580361959,157.15
1585580361959,157.15
1585580397487,157.35
1585580410030,157.26
1585580417594,157.255
1585580417594,157.255
1585580441492,157.35
1585580441492,157.35
1585580455700,157.3
1585580474852,157.48
1585580479522,157.47
1585580495109,157.45
1585580495109,157.45
1585580509347,157.41
1585580525172,157.405
1585580528107,157.405
1585580548283,157.595
1585580554492,157.635
1585580570021,157.52
1585580570021,157.52
1585580586630,157.69
1585580600978,157.65
1585580606224,157.64
1585580606224,157.64
1585580627967,157.6
1585580640207,157.57
1585580653271,157.69
1585580657202,157.75
1585580672527,157.83
1585580681135,157.715
1585580681135,157.715
1585580697690,157.89
1585580716507,157.805
1585580726143,157.775
1585580737250,157.8
1585580744171,157.775
1585580758234,157.83
1585580768503,157.965
1585580779144,157.93
1585580787606,157.94
1585580798031,157.93
1585580808750,157.89
1585580818756,157.94
1585580826808,158
1585580840697,157.98
1585580851032,157.935
1585580862064,157.935
1585580870406,157.97
1585580881936,157.83
1585580881936,157.83
1585580902016,157.855
1585580913007,157.905
1585580923456,157.97
1585580931339,158.08
1585580944796,158.02
1585580956101,157.96
1585580967724,157.88
1585580967724,157.88
1585580985079,157.89
1585580998169,157.67
1585581001408,157.71
1585581019455,157.81
1585581029580,157.91
1585581032301,157.91
1585581049753,157.96
1585581057518,157.95
1585581069027,158.01
1585581069027,158.01
1585581088047,158.02
1585581088047,158.02
1585581110483,158.05
1585581123440,158.075
1585581126311,158.06
1585581137755,158.15
1585581148689,158.04
1585581166218,158.04
1585581175795,158.14
1585581185341,158.07
1585581196264,158.04
1585581196264,158.04
1585581217136,158.02
1585581221220,158.025
1585581239149,157.98
1585581247589,158.06
1585581256513,157.95
1585581270181,158.055
1585581275862,157.98
1585581289686,157.93
1585581289686,157.93
1585581311061,157.97
1585581318739,157.815
1585581326985,157.71
1585581342520,157.78
1585581347761,157.705
1585581360553,157.83
1585581368778,157.85
1585581368778,157.85
1585581395861,157.76
1585581395861,157.76
1585581409220,157.8
1585581409220,157.8
1585581409220,157.8
1585581409220,157.8
1585581454859,157.75
1585581466244,157.64
1585581466244,157.64
1585581486608,157.77
1585581499333,157.76
1585581499333,157.76
1585581514091,157.825
1585581526940,157.905
1585581539038,157.77
1585581539038,157.77
1585581562329,157.89
1585581566431,157.86
1585581566431,157.86
1585581588916,157.96
1585581604223,157.97
1585581615336,158.06
1585581625161,158.215
1585581636382,158.16
1585581643435,158.22
1585581648989,158.28
1585581668541,158.24
1585581677252,158.19
1585581677252,158.19
1585581696913,158.265
1585581706696,158.275
1585581720604,158.385
1585581730633,158.42
1585581740502,158.42
1585581751463,158.485
1585581751463,158.485
1585581751463,158.485
1585581782801,158.32
1585581791044,158.215
1585581791044,158.215
1585581814474,158.31
1585581824266,158.25
1585581835962,158.34
1585581844961,158.34
1585581856578,158.485
1585581866861,158.53
1585581873473,158.51
1585581888122,158.59
1585581891097,158.58
1585581906005,158.375
1585581909566,158.385
1585581921391,158.4
1585581921391,158.4
1585581947249,158.51
1585581947249,158.51
1585581947249,158.51
1585581976375,158.51
1585581987674,158.41
1585582002648,158.33
1585582002648,158.33
1585582015017,158.455
1585582032610,158.615
1585582043121,158.56
1585582053497,158.63
1585582064718,158.62
1585582074589,158.64
1585582084623,158.565
1585582090973,158.57
1585582105857,158.615
1585582117509,158.67
1585582126787,158.67
1585582136559,158.7
1585582148616,158.705
1585582158798,158.76
1585582169044,158.755
1585582180363,158.77
1585582181141,158.74
1585582194622,158.84
1585582211889,158.81
1585582217789,158.87
1585582231780,158.915
1585582237229,158.88
1585582237229,158.88
1585582260809,158.91
1585582268977,158.895
1585582279708,158.93
1585582290423,159
1585582305398,158.98
1585582305398,158.98
1585582305398,158.98
1585582305398,158.98
1585582305398,158.98
1585582356314,158.88
1585582366991,158.93
1585582377732,158.81
1585582385902,158.83
1585582385902,158.83
1585582406197,158.85
1585582420567,158.81
1585582420567,158.81
1585582441799,158.81
1585582446698,158.81
1585582459505,158.89
1585582459505,158.89
1585582482304,158.85
1585582482304,158.85
1585582504027,158.975
1585582512058,158.96
1585582517507,158.9
1585582517507,158.9
1585582541714,158.88
1585582553397,158.81
1585582566135,158.865
1585582574546,158.62
1585582574546,158.62
1585582598785,158.55
1585582603961,158.63
1585582617684,158.515
1585582628170,158.65
1585582640949,158.705
1585582644152,158.645
1585582644152,158.645
1585582672687,158.75
1585582681419,158.76
1585582690355,158.74
1585582700814,158.71
1585582700814,158.71
1585582700814,158.71
1585582734389,158.77
1585582742056,158.73
1585582742056,158.73
1585582759273,158.735
1585582759273,158.735
1585582780704,158.7
1585582780704,158.7
1585582809531,158.76
1585582809531,158.76
1585582830099,158.725
1585582836214,158.77
1585582843674,158.765
1585582860837,158.795
1585582867836,158.84
1585582867836,158.84
1585582889077,158.8
1585582901450,158.77
1585582912118,158.77
1585582912118,158.77
1585582912118,158.77
1585582944223,158.71
1585582950985,158.7
1585582956769,158.74
1585582967658,158.765
1585582983133,158.865
1585582995240,158.86
1585583007359,158.81
1585583007359,158.81
1585583022877,158.875
1585583034263,158.92
1585583047570,158.82
1585583059434,158.95
1585583069696,159
1585583080665,159.025
1585583090186,158.99
1585583090186,158.99
1585583106064,158.99
1585583115754,158.965
1585583115754,158.965
1585583139004,158.715
1585583152171,158.84
1585583162168,158.9
1585583174877,158.815
1585583185110,158.885
1585583191600,158.8
1585583200379,158.8
1585583208605,158.855
1585583222287,158.91
1585583222287,158.91
1585583222287,158.91
1585583249334,158.9
1585583262396,158.84
1585583273924,158.835
1585583273924,158.835
1585583296230,158.86
1585583308778,158.88
1585583319684,158.925
1585583322221,159.02
1585583340661,158.92
1585583350270,159.165
1585583361847,159.2
1585583368473,159.23
1585583368473,159.23
1585583393252,159.105
1585583401420,159.11
1585583401420,159.11
1585583425810,159.215
1585583432348,159.175
1585583445748,159.06
1585583456168,159.26
1585583466366,159.07
1585583476559,159.115
1585583487553,159
1585583498979,158.87
1585583498979,158.87
1585583513822,159.025
1585583513822,159.025
1585583535247,158.84
1585583551561,158.96
1585583556536,158.895
1585583566554,158.945
1585583582861,158.9
1585583582861,158.9
1585583596751,159.02
1585583613207,158.99
1585583615597,158.99
1585583626907,158.945
1585583626907,158.945
1585583626907,158.945
1585583664116,158.805
1585583671345,158.88
1585583679470,158.985
1585583696340,158.96
1585583705954,158.78
1585583717538,158.8
1585583727370,158.76
1585583738376,158.86
1585583748578,158.865
1585583758275,158.9
1585583768332,158.89
1585583779341,158.91
1585583779341,158.91
1585583801831,158.96
1585583801831,158.96
1585583801831,158.96
1585583827807,158.87
1585583827807,158.87
1585583847357,158.79
1585583847357,158.79
1585583873912,158.79
1585583878526,158.81
1585583892192,158.69
1585583902731,158.695
1585583915960,158.71
1585583927710,158.66
1585583935617,158.725
1585583948333,158.7
1585583960466,158.66
1585583967935,158.65
1585583967935,158.65
1585583967935,158.65
1585583994711,158.58
1585584007279,158.6
1585584022587,158.685
1585584030900,158.59
1585584044439,158.45
1585584053976,158.42
1585584065215,158.305
1585584075234,158.38
1585584079644,158.405
1585584093177,158.33
1585584104207,158.12
1585584117095,158.21
1585584117095,158.21
1585584137913,158.295
1585584137913,158.295
1585584152018,158.18
1585584161046,158.145
1585584178014,158.12
1585584186481,158.105
1585584201651,158.09
1585584209588,158.04
1585584220801,158.09
1585584228680,158.06
1585584237205,158.085
1585584250860,158.16
1585584264750,158.13
1585584273600,158.195
1585584277842,158.2
1585584277842,158.2
1585584302362,158.17
1585584317247,158.23
1585584331749,158.365
1585584337680,158.38
1585584352909,158.375
1585584359367,158.245
1585584374278,158.29
1585584377623,158.28
1585584393639,158.31
1585584401067,158.155
1585584415268,158.175
1585584425927,158.25
1585584434598,158.275
1585584446695,158.18
1585584456906,158.17
1585584467991,158.16
1585584476921,157.965
1585584485493,157.835
1585584499205,157.795
1585584499205,157.795
1585584515940,157.68
1585584530146,157.765
1585584530146,157.765
1585584549059,157.89
1585584560090,157.855
1585584564282,157.795
1585584576711,157.87
1585584588928,157.79
1585584588928,157.79
1585584612462,157.82
1585584612462,157.82
1585584630401,157.94
1585584630401,157.94
1585584646685,157.9
1585584646685,157.9
1585584671202,158.14
1585584682540,158.24
1585584682540,158.24
1585584682540,158.24
1585584682540,158.24
1585584724007,158.255
1585584739457,158.18
1585584741312,158.2
1585584761011,158.14
1585584771474,158.12
1585584771474,158.12
1585584792725,158.13
1585584803818,158.02
1585584805329,158
1585584805329,158
1585584827799,158.085
1585584844948,158.095
1585584852023,158.03
1585584852023,158.03
1585584852023,158.03
1585584882982,158.1
1585584889204,158.14
1585584907927,157.97
1585584907927,157.97
1585584922325,158.135
1585584930267,158.17
1585584930267,158.17
1585584952518,158.255
1585584970323,158.24
1585584970323,158.24
1585584991774,158.29
1585585001151,158.33
1585585001151,158.33
1585585015814,158.49
1585585034485,158.42
1585585034485,158.42
1585585034485,158.42
1585585034485,158.42
1585585073634,158.37
1585585073634,158.37
1585585092999,158.45
1585585103943,158.58
1585585103943,158.58
1585585126668,158.56
1585585132069,158.545
1585585132069,158.545
1585585132069,158.545
1585585168640,158.71
1585585178913,158.71
1585585178913,158.71
1585585201381,158.67
1585585212843,158.67
1585585217133,158.765
1585585217133,158.765
1585585234759,158.675
1585585254285,158.44
1585585261641,158.585
1585585261641,158.585
1585585282206,158.6
1585585291803,158.615
1585585304258,158.53
1585585304258,158.53
1585585320226,158.52
1585585320226,158.52
1585585346537,158.56
1585585357012,158.63
1585585365777,158.62
1585585372822,158.57
1585585388515,158.57
1585585392663,158.53
1585585402239,158.46
1585585402239,158.46
1585585402239,158.46
1585585402239,158.46
1585585447431,158.45
1585585447431,158.45
1585585447431,158.45
1585585482476,158.38
1585585494186,158.43
1585585506948,158.555
1585585510737,158.555
1585585522978,158.615
1585585522978,158.615
1585585522978,158.615
1585585556472,158.51
1585585556472,158.51
1585585556472,158.51
1585585587696,158.65
1585585597874,158.68
1585585597874,158.68
1585585618445,158.69
1585585618445,158.69
1585585618445,158.69
1585585618445,158.69
1585585618445,158.69
1585585672389,158.775
1585585672389,158.775
1585585672389,158.775
1585585672389,158.775
1585585716668,158.77
1585585717065,158.76
1585585732172,158.77
1585585732172,158.77
1585585749897,158.76
1585585749897,158.76
1585585749897,158.76
1585585749897,158.76
1585585749897,158.76
1585585810518,158.94
1585585810518,158.94
1585585810518,158.94
1585585810518,158.94
1585585844366,158.98
1585585855016,158.9
1585585871853,158.97
1585585874614,158.99
1585585893426,159.02
1585585900583,158.98
1585585913069,158.815
1585585918246,158.73
1585585918246,158.73
1585585918246,158.73
1585585950170,158.9
1585585964191,158.97
1585585976192,158.885
1585585983887,158.97
1585585994218,158.98
1585585994218,158.98
1585586011934,159.01
1585586029329,158.99
1585586029329,158.99
1585586029329,158.99
1585586062033,158.76
1585586065525,158.74
1585586065525,158.74
1585586090344,158.77
1585586090344,158.77
1585586111228,158.71
1585586120349,158.82
1585586120349,158.82
1585586120349,158.82
1585586120349,158.82
1585586120349,158.82
1585586120349,158.82
1585586185857,158.81
1585586193330,158.79
1585586201258,158.78
1585586219302,158.885
1585586224917,158.805
1585586239368,158.84
1585586239368,158.84
1585586253252,158.855
1585586253252,158.855
1585586253252,158.855
1585586253252,158.855
1585586295398,158.85
1585586315789,158.9
1585586320935,158.935
1585586329308,158.92
1585586329308,158.92
1585586329308,158.92
1585586329308,158.92
1585586373800,158.93
1585586373800,158.93
1585586394238,158.9
1585586394238,158.9
1585586394238,158.9
1585586394238,158.9
1585586436411,158.925
1585586447923,158.955
1585586462792,158.98
1585586471451,159.02
1585586471451,159.02
1585586484318,159.05
1585586498254,158.935
1585586498254,158.935
1585586498254,158.935
1585586534988,158.88
1585586546689,158.88
1585586553204,158.91
1585586559509,158.97
1585586559509,158.97
1585586584381,159.06
1585586584381,159.06
1585586584381,159.06
1585586613526,159.01
1585586627202,159.015
1585586631643,159.015
1585586650336,158.95
1585586661218,158.93
1585586666028,158.93
1585586678010,158.91
1585586678010,158.91
1585586703049,159.02
1585586711187,158.965
1585586722518,159.09
1585586733445,159.15
1585586744489,159.18
1585586752724,159.13
1585586765094,159.19
1585586775706,159.16
1585586775706,159.16
1585586794899,159.19
1585586802450,159.16
1585586816894,159.26
1585586816894,159.26
1585586839193,159.175
1585586839193,159.175
1585586839193,159.175
1585586839193,159.175
1585586873164,159.13
1585586890558,159.12
1585586900209,159.09
1585586910817,159.07
1585586921585,158.8
1585586921585,158.8
1585586937479,158.775
1585586949204,158.55
1585586956008,158.64
1585586972924,158.66
1585586980373,158.815
1585586995598,158.85
1585586995598,158.85
1585587013349,158.99
1585587013349,158.99
1585587037052,159.07
1585587037052,159.07
1585587057566,159.35
1585587057566,159.35
1585587072175,159.43
1585587087605,159.47
1585587087605,159.47
1585587087605,159.47
1585587112642,159.58
1585587112642,159.58
1585587139581,159.68
1585587139581,159.68
1585587162198,159.8
1585587170276,159.9
1585587183784,159.86
1585587186240,159.87
1585587204858,159.88
1585587217354,159.93
1585587220743,159.95
1585587235226,159.9
1585587246290,159.86
1585587246290,159.86
1585587260144,159.795
1585587260144,159.795
1585587282170,159.83
1585587282170,159.83
1585587302806,159.73
1585587319650,159.99
1585587330640,159.755
1585587330640,159.755
1585587347781,159.605
1585587362488,159.645
1585587368773,159.68
1585587375207,159.63
1585587389807,159.61
1585587389807,159.61
1585587389807,159.61
1585587418166,159.52
1585587418166,159.52
1585587445906,159.7
1585587457600,159.55
1585587457600,159.55
1585587473118,159.75
1585587483264,159.78
1585587489262,159.71
1585587505258,159.76
1585587517362,159.81
1585587528278,159.83
1585587538629,159.925
1585587549520,159.8
1585587552815,159.78
1585587570231,159.8
1585587576514,159.79
1585587589968,159.9
1585587603911,159.82
1585587614513,159.93
1585587620710,159.94
1585587636456,159.855
1585587645949,159.885
1585587648139,159.89
1585587667794,159.735
1585587675012,159.805
1585587688558,159.81
1585587694736,159.83
1585587703362,159.885
1585587715202,159.86
1585587715202,159.86
1585587740869,159.85
1585587740869,159.85
1585587761408,159.84
1585587761408,159.84
1585587761408,159.84
1585587787610,159.755
1585587787610,159.755
1585587806757,159.84
1585587806757,159.84
1585587806757,159.84
1585587806757,159.84
1585587846857,159.825
1585587846857,159.825
1585587870453,159.84
1585587870453,159.84
1585587870453,159.84
1585587904079,159.77
1585587915752,159.86
1585587915752,159.86
1585587915752,159.86
1585587915752,159.86
1585587961163,159.83
1585587969129,159.91
1585587969129,159.91
1585587991078,159.78
1585587991078,159.78
1585588011078,159.78
1585588011078,159.78
1585588031921,159.79
1585588036035,159.77
1585588036035,159.77
1585588036035,159.77
1585588036035,159.77
1585588080696,159.71
1585588091040,159.665
1585588106339,159.58
1585588118045,159.665
1585588118045,159.665
1585588137350,159.62
1585588137350,159.62
1585588153936,159.5
1585588153936,159.5
1585588175442,159.42
1585588192070,159.4
1585588206995,159.455
1585588206995,159.455
1585588206995,159.455
1585588232986,159.455
1585588232986,159.455
1585588256526,159.39
1585588270371,159.595
1585588270371,159.595
1585588270371,159.595
1585588270371,159.595
1585588270371,159.595
1585588270371,159.595
1585588270371,159.595
1585588270371,159.595
1585588270371,159.595
1585588270371,159.595
1585588371172,159.46
1585588371172,159.46
1585588371172,159.46
1585588398735,159.41
1585588413358,159.425
1585588413358,159.425
1585588439449,159.38
1585588445212,159.4
1585588445212,159.4
1585588445212,159.4
1585588445212,159.4
1585588487202,159.25
1585588502055,159.325
1585588507444,159.32
1585588514949,159.35
1585588530446,159.51
1585588530446,159.51
1585588550691,159.39
1585588560995,159.435
1585588560995,159.435
1585588583402,159.49
1585588595611,159.535
1585588607817,159.53
1585588611339,159.52
1585588611339,159.52
1585588635273,159.425
1585588645233,159.5
1585588657510,159.55
1585588667289,159.635
1585588667289,159.635
1585588667289,159.635
1585588693766,159.69
1585588712083,159.75
1585588712083,159.75
1585588727762,159.69
1585588741712,159.7
1585588754060,159.61
1585588762131,159.63
1585588768534,159.545
1585588785571,159.63
1585588785571,159.63
1585588804173,159.615
1585588815773,159.44
1585588815773,159.44
1585588828903,159.505
1585588844016,159.525
1585588859206,159.635
1585588868050,159.62
1585588879662,159.635
1585588879662,159.635
1585588894770,159.575
1585588894770,159.575
1585588894770,159.575
1585588925280,159.56
1585588939528,159.53
1585588939528,159.53
1585588960518,159.38
1585588960518,159.38
1585588960518,159.38
1585588960518,159.38
1585588998127,159.495
1585589010456,159.48
1585589027116,159.51
1585589028416,159.5
1585589043036,159.6
1585589050661,159.53
1585589070012,159.685
1585589079394,159.63
1585589089089,159.61
1585589100347,159.63
1585589105071,159.56
1585589114342,159.55
1585589132267,159.67
1585589137592,159.69
1585589153639,159.63
1585589154079,159.61
1585589164944,159.605
1585589182695,159.78
1585589191900,159.83
1585589191900,159.83
1585589209269,159.73
1585589217743,159.715
1585589227935,159.77
1585589239357,159.74
1585589256144,159.76
1585589260008,159.74
1585589278600,159.76
1585589284948,159.76
1585589298144,159.75
1585589303247,159.79
1585589317613,159.81
1585589329293,159.78
1585589329293,159.78
1585589343323,159.88
1585589361976,159.825
1585589368427,159.83
1585589380269,159.9
1585589388535,159.855
1585589402383,159.945
1585589413217,159.935
1585589423630,160
1585589431099,159.96
1585589442861,159.84
1585589454853,159.765
1585589463655,159.64
1585589467612,159.65
1585589487329,159.88
1585589492806,159.8
1585589498822,159.76
1585589498822,159.76
1585589528395,159.745
1585589538847,159.69
1585589549617,159.72
1585589549617,159.72
1585589568221,159.685
1585589579700,159.8
1585589585315,159.74
1585589585315,159.74
1585589606093,159.675
1585589623396,159.61
1585589623396,159.61
1585589623396,159.61
1585589646681,159.56
1585589657912,159.63
1585589657912,159.63
1585589678236,159.57
1585589694405,159.68
1585589694405,159.68
1585589712526,159.515
1585589723734,159.65
1585589723734,159.65
1585589723734,159.65
1585589751360,159.545
1585589770152,159.5
1585589770152,159.5
1585589770152,159.5
1585589793562,159.38
1585589808115,159.415
1585589808115,159.415
1585589808115,159.415
1585589808115,159.415
1585589848624,159.25
1585589860068,159.23
1585589876197,159.2
1585589876197,159.2
1585589876197,159.2
1585589900882,159.345
1585589900882,159.345
1585589900882,159.345
1585589900882,159.345
1585589944353,159.38
1585589958688,159.48
1585589963765,159.545
1585589963765,159.545
1585589990118,159.55
1585589992772,159.6
1585590005269,159.7
1585590021932,159.67
1585590024083,159.71
1585590042699,159.67
1585590053812,159.66
1585590057543,159.45
1585590073712,159.13
1585590073712,159.13
1585590095688,159.25
1585590095688,159.25
1585590095688,159.25
1585590126659,159.24
1585590128532,159.315
1585590128532,159.315
1585590128532,159.315
1585590128532,159.315
1585590128532,159.315
1585590128532,159.315
1585590128532,159.315
1585590208740,159.115
1585590212543,159.18
1585590212543,159.18
1585590241246,159.24
1585590241246,159.24
1585590255797,159.22
1585590255797,159.22
1585590255797,159.22
1585590255797,159.22
1585590299037,159.295
1585590307820,159.26
1585590319858,159.22
1585590335834,159.12
1585590335834,159.12
1585590350668,158.97
1585590362272,159.06
1585590362272,159.06
1585590385537,159.08
1585590385537,159.08
1585590406295,159.08
1585590416693,159.2
1585590429844,159.16
1585590437770,159.125
1585590444779,159.24
1585590444779,159.24
1585590463964,159.315
1585590463964,159.315
1585590463964,159.315
1585590503000,159.44
1585590510370,159.46
1585590522746,159.38
1585590526016,159.415
1585590526016,159.415
1585590547336,159.425
1585590547336,159.425
1585590547336,159.425
1585590586137,159.47
1585590590721,159.54
1585590602570,159.54
1585590615367,159.515
1585590625952,159.57
1585590634105,159.63
1585590646169,159.72
1585590653163,159.635
1585590669848,159.68
1585590674659,159.73
1585590689350,159.67
1585590701531,159.84
1585590703352,159.855
1585590723766,159.795
1585590727868,159.77
1585590727868,159.77
1585590727868,159.77
1585590764144,159.86
1585590764144,159.86
1585590764144,159.86
1585590792507,159.83
1585590792507,159.83
1585590817118,159.855
1585590823739,159.84
1585590834742,159.89
1585590846070,159.93
1585590846070,159.93
1585590846070,159.93
1585590873544,159.895
1585590881591,159.88
1585590893602,159.87
1585590909632,159.845
1585590922375,159.7
1585590922375,159.7
1585590922375,159.7
1585590952931,159.505
1585590952931,159.505
1585590952931,159.505
1585590952931,159.505
1585590952931,159.505
1585591006165,159.49
1585591009295,159.47
1585591024667,159.425
1585591024667,159.425
1585591042021,159.54
1585591056455,159.575
1585591065211,159.49
1585591080718,159.64
1585591092107,159.68
1585591103611,159.72
1585591113718,159.68
1585591116227,159.73
1585591134460,159.595
1585591134460,159.595
1585591146274,159.57
1585591158314,159.57
1585591158314,159.57
1585591182934,159.53
1585591182934,159.53
1585591203339,159.41
1585591203339,159.41
1585591203339,159.41
1585591203339,159.41
1585591203339,159.41
1585591203339,159.41
1585591266433,159.44
1585591266433,159.44
1585591288953,159.36
1585591295104,159.32
1585591309248,159.27
1585591316810,159.315
1585591329561,159.38
1585591329561,159.38
1585591329561,159.38
1585591360288,159.43
1585591360288,159.43
1585591360288,159.43
1585591388853,159.455
1585591402761,159.535
1585591413887,159.53
1585591413887,159.53
1585591435020,159.545
1585591435020,159.545
1585591435020,159.545
1585591465471,159.51
1585591474463,159.53
1585591484862,159.51
1585591499062,159.35
1585591509263,159.39
1585591522263,159.355
1585591527463,159.31
1585591527463,159.31
1585591551754,159.215
1585591559880,159.255
1585591559880,159.255
1585591559880,159.255
1585591559880,159.255
1585591603394,159.22
1585591611822,159.14
1585591611822,159.14
1585591637551,159.21
1585591648517,159.18
1585591656044,159.2
1585591656044,159.2
1585591676513,159.175
1585591686033,159.165
1585591686033,159.165
1585591701968,159.185
1585591701968,159.185
1585591701968,159.185
1585591701968,159.185
1585591701968,159.185
1585591756343,159.295
1585591756343,159.295
1585591783260,159.315
1585591783260,159.315
1585591804111,159.305
1585591804111,159.305
1585591825205,159.02
1585591833649,159.07
1585591839637,159.16
1585591855950,159.1
1585591867691,159.12
1585591878597,159.085
1585591887361,159.01
1585591900908,158.96
1585591900908,158.96
1585591900908,158.96
1585591929308,158.915
1585591937712,158.925
1585591950053,158.86
1585591963788,158.77
1585591974411,158.77
1585591982404,158.71
1585591982404,158.71
1585591997321,158.64
1585591997321,158.64
1585592021821,158.705
1585592021821,158.705
1585592045057,158.77
1585592058916,158.87
1585592067438,158.91
1585592076001,158.895
1585592089350,158.925
1585592089350,158.925
1585592110736,159.05
1585592120238,158.96
1585592125693,158.85
1585592125693,158.85
1585592150208,158.67
1585592162046,158.705
1585592162046,158.705
1585592176649,158.745
1585592176649,158.745
1585592199012,158.835
1585592199012,158.835
1585592217206,158.82
1585592234919,158.77
1585592245573,158.75
1585592254272,158.775
1585592254272,158.775
1585592270072,158.875
1585592283267,158.93
1585592295792,158.865
1585592310427,159.13
1585592310427,159.13
1585592331663,159.12
1585592342258,159.13
1585592348811,159.055
1585592357687,159.18
1585592357687,159.18
1585592384263,159.41
1585592384263,159.41
1585592402753,159.21
1585592408812,159.22
1585592408812,159.22
1585592432856,159.09
1585592432856,159.09
1585592449130,159.055
1585592449130,159.055
1585592474876,159.065
1585592480903,159.05
1585592480903,159.05
1585592507258,159.065
1585592520677,159.13
1585592526587,159.075
1585592526587,159.075
1585592552487,159.255
1585592560942,159.24
1585592571550,159.36
1585592571550,159.36
1585592588244,159.32
1585592600095,159.5
1585592600095,159.5
1585592623796,159.57
1585592623796,159.57
1585592641849,159.64
1585592659104,159.575
1585592669842,159.595
1585592679029,159.52
1585592679029,159.52
1585592701060,159.66
1585592709055,159.665
1585592718888,159.66
1585592730216,159.555
1585592737147,159.595
1585592746001,159.625
1585592763641,159.5
1585592773052,159.5
1585592773052,159.5
1585592773052,159.5
1585592805314,159.63
1585592805314,159.63
1585592824763,159.665
1585592824763,159.665
1585592846051,159.585
1585592857793,159.7
1585592866519,159.72
1585592875830,159.67
1585592875830,159.67
1585592875830,159.67
1585592908908,159.895
1585592918888,159.855
1585592927273,159.9
1585592934250,159.95
1585592944949,159.905
1585592955920,159.905
1585592970234,159.955
1585592984117,159.995
1585592994936,160.07
1585593004974,160.045
1585593016385,159.945
1585593028222,159.84
1585593036789,159.9
1585593036789,159.9
1585593054324,159.915
1585593070358,159.985
1585593070358,159.985
1585593087653,160.015
1585593098571,159.975
1585593110824,160.04
1585593119459,159.94
1585593128018,160.06
1585593143520,160.04
1585593157280,160.045
1585593166584,160.11
1585593177863,160.2
1585593177863,160.2
1585593199540,160.27
1585593208824,160.215
1585593210310,160.295
1585593229744,160.245
1585593239985,160.215
1585593239985,160.215
1585593255284,160.15
1585593272467,160.105
1585593272467,160.105
1585593293098,160.205
1585593299169,160.115
1585593299169,160.115
1585593320143,160.17
1585593335011,160.14
1585593345694,160.13
1585593348991,160.105
1585593348991,160.105
1585593377312,160.225
1585593386479,160.26
1585593390534,160.255
1585593406351,160.35
1585593416898,160.41
1585593427711,160.4
1585593427711,160.4
1585593443785,160.29
1585593443785,160.29
1585593469605,160.225
1585593469605,160.225
1585593493286,160.38
1585593501837,160.265
1585593512722,160.295
1585593524111,160.23
1585593531442,160.32
1585593531442,160.32
1585593553623,160.385
1585593565836,160.42
1585593572422,160.365
1585593583998,160.41
1585593598135,160.41
1585593608337,160.425
1585593618186,160.365
1585593626208,160.38
1585593638578,160.26
1585593638578,160.26
1585593652794,160.41
1585593668753,160.415
1585593680137,160.425
1585593690739,160.37
1585593698343,160.355
1585593710862,160.4
1585593715656,160.41
1585593732745,160.415
1585593734730,160.43
1585593753855,160.335
1585593765862,160.19
1585593765862,160.19
1585593765862,160.19
1585593792401,160.275
1585593807811,160.255
1585593815923,160.32
1585593825474,160.31
1585593825474,160.31
1585593847616,160.325
1585593858587,160.335
1585593858587,160.335
1585593877028,160.42
1585593891599,160.43
1585593896889,160.39
1585593910497,160.435
1585593910497,160.435
1585593933502,160.42
1585593933502,160.42
1585593933502,160.42
1585593933502,160.42
1585593975689,160.345
1585593980659,160.35
1585593993350,160.29
1585594004296,160.315
1585594016183,160.335
1585594027875,160.28
1585594036258,160.29
1585594048205,160.21
1585594052492,160.195
1585594068544,160.155
1585594077143,160.03
1585594090132,160.115
1585594090132,160.115
1585594110458,160.11
1585594120015,160.085
1585594120015,160.085
1585594120015,160.085
1585594120015,160.085
1585594157217,160.05
1585594174014,160.18
1585594186444,160.31
1585594196295,160.245
1585594206857,160.285
1585594217219,160.21
1585594221469,160.255
1585594232110,160.27
1585594248416,160.13
1585594259301,160.215
1585594270260,160.19
1585594278580,160.315
1585594278580,160.315
1585594278580,160.315
1585594278580,160.315
1585594322650,160.345
1585594324805,160.35
1585594341765,160.33
1585594353290,160.5
1585594358344,160.44
1585594372517,160.395
1585594376325,160.41
1585594391785,160.47
1585594405858,160.445
1585594415897,160.49
1585594426429,160.425
1585594437004,160.395
1585594444506,160.405
1585594458037,160.39
1585594469582,160.415
1585594479632,160.295
1585594490216,160.3
1585594500453,160.105
1585594501706,160.15
1585594519171,160.2
1585594531314,160.135
1585594539273,160.225
1585594539273,160.225
1585594563415,159.99
1585594571003,160.13
1585594579476,160.115
1585594579476,160.115
1585594605590,160.115
1585594613659,160.045
1585594621050,159.985
1585594636657,159.97
1585594646091,159.88
1585594657845,160.02
1585594667370,160
1585594667370,160
1585594685075,159.9
1585594700051,159.865
1585594700051,159.865
1585594700051,159.865
1585594726475,159.85
1585594741802,159.9
1585594747087,159.92
1585594762204,160.06
1585594772487,159.9
1585594781713,160
1585594793684,159.91
