1585747862126,154.24
1585747869913,154.305
1585747883194,154.27
1585747883194,154.27
1585747903257,154.6
1585747913436,154.87
1585747924962,154.785
1585747935345,154.84
1585747946676,154.665
1585747954989,154.75
1585747963845,154.95
1585747975589,155.11
1585747988273,154.95
1585747996945,154.95
1585748009064,155.015
1585748018833,154.93
1585748028982,154.815
1585748040417,154.75
1585748050893,154.63
1585748060040,155.01
1585748071385,154.885
1585748081692,154.76
1585748090976,154.87
1585748102763,155.07
1585748112338,155.18
1585748124049,155.37
1585748131961,155.285
1585748143194,155.155
1585748154773,155.23
1585748165171,155.34
1585748170522,155.46
1585748185904,155.39
1585748194393,155.47
1585748204997,155.64
1585748217864,155.64
1585748227655,155.85
1585748237753,156.035
1585748248454,156.22
1585748260026,155.98
1585748270401,156.06
1585748280842,156.175
1585748288250,155.96
1585748301314,155.89
1585748310931,155.84
1585748321850,155.87
1585748331309,155.925
1585748342052,155.82
1585748353741,156.01
1585748362282,156.015
1585748370585,155.92
1585748383020,155.72
1585748392623,155.52
1585748403603,155.445
1585748415004,155.45
1585748426257,155.3
1585748437466,155.15
1585748447007,155.26
1585748453098,155.26
1585748466648,155.325
1585748479064,155.4
1585748489401,155.305
1585748498279,155.32
1585748509873,155.24
1585748515745,155.305
1585748530345,155.345
1585748540985,155.44
1585748547902,155.42
1585748561336,155.85
1585748568293,155.71
1585748574121,155.585
1585748591221,155.67
1585748606303,155.7
1585748612323,155.715
1585748626011,155.725
1585748634241,155.56
1585748648002,155.21
1585748657954,155.26
1585748666362,155.27
1585748677479,155.25
1585748688999,155.23
1585748699715,155.08
1585748706807,155.17
1585748717652,155.09
1585748723069,154.935
1585748736081,155.08
1585748751846,154.695
1585748754346,154.73
1585748765477,154.74
1585748779529,154.6
1585748792162,154.29
1585748800450,154.4
1585748809403,154.23
1585748824580,154.4
1585748829650,154.47
1585748846467,154.46
1585748855860,154.5
1585748868094,154.52
1585748877455,154.55
1585748889533,154.645
1585748892274,154.58
1585748892274,154.58
1585748910974,154.54
1585748922050,154.5
1585748922050,154.5
1585748952069,154.48
1585748952942,154.48
1585748952942,154.48
1585748973650,154.395
1585748993665,154.49
1585749004432,154.45
1585749012392,154.415
1585749023669,154.85
1585749032462,154.79
1585749046283,154.8
1585749055585,154.84
1585749062601,154.95
1585749076588,154.93
1585749080671,155
1585749096249,155.02
1585749105490,155.03
1585749116872,154.945
1585749122729,154.93
1585749131444,154.835
1585749148965,154.77
1585749154848,154.6
1585749161559,154.705
1585749178822,154.6
1585749189734,154.66
1585749189734,154.66
1585749189734,154.66
1585749221446,154.69
1585749221446,154.69
1585749238318,154.9
1585749252231,155
1585749266077,155.045
1585749275500,155.135
1585749286939,155.1
1585749297031,155.07
1585749300890,154.99
1585749316890,155.13
1585749327341,155.04
1585749334200,155.3
1585749347722,155.19
1585749355402,155.295
1585749370576,155.43
1585749371022,155.39
1585749371022,155.39
1585749401507,155.355
1585749408578,155.23
1585749416115,155.375
1585749429458,155.17
1585749442185,155.31
1585749452873,155.345
1585749463627,155.42
1585749463627,155.42
1585749480915,155.49
1585749494337,155.385
1585749501434,155.45
1585749514197,155.265
1585749522263,155.345
1585749537196,155
1585749542007,155.115
1585749548799,155.155
1585749565139,155.105
1585749579201,155.22
1585749588241,155.15
1585749598092,154.95
1585749608977,155.21
1585749615871,155.14
1585749615871,155.14
1585749636312,155.46
1585749651970,155.18
1585749662609,155.22
1585749672569,155.25
1585749683375,154.85
1585749693189,155.01
1585749702416,154.95
1585749714499,155.09
1585749725845,154.995
1585749730262,155.06
1585749738916,155.085
1585749756667,155.035
1585749762645,155.05
1585749771229,155.02
1585749782171,154.96
1585749782171,154.96
1585749807887,155.025
1585749818162,154.9
1585749831651,155.02
1585749831651,155.02
1585749852334,155.015
1585749860835,155.005
1585749868030,154.985
1585749881027,154.94
1585749891441,154.855
1585749903328,154.82
1585749912198,154.675
1585749922287,154.625
1585749935558,154.61
1585749943454,154.78
1585749956880,154.605
1585749966822,154.79
1585749966822,154.79
1585749985063,155.045
1585749994421,154.995
1585750003679,154.905
1585750012673,154.96
1585750026285,155.01
1585750026285,155.01
1585750050177,155.175
1585750053186,155.225
1585750070702,155.48
1585750070702,155.48
1585750092484,155.55
1585750101235,155.52
1585750109189,155.54
1585750122555,155.63
1585750134458,155.55
1585750144900,155.57
1585750154795,155.525
1585750158842,155.505
1585750175729,155.6
1585750180458,155.545
1585750180458,155.545
1585750180458,155.545
1585750180458,155.545
1585750220275,155.26
1585750234210,155.345
1585750242027,155.405
1585750258345,155.55
1585750270221,155.48
1585750276778,155.67
1585750289713,155.66
1585750301988,155.71
1585750301988,155.71
1585750321761,155.64
1585750329045,155.675
1585750334888,155.585
1585750334888,155.585
1585750360595,155.58
1585750369619,155.58
1585750369619,155.58
1585750393952,155.435
1585750393952,155.435
1585750417432,155.435
1585750421707,155.455
1585750436356,155.6
1585750447126,155.53
1585750456694,155.62
1585750465966,155.65
1585750478269,155.645
1585750488144,155.78
1585750499517,155.79
1585750504216,155.91
1585750517569,155.995
1585750524349,156.03
1585750537742,155.995
1585750553274,155.815
1585750559589,155.895
1585750573995,156.065
1585750583996,156.05
1585750594864,156.07
1585750602212,156.045
1585750615830,156.1
1585750615830,156.1
1585750636703,156.045
1585750648708,156.085
1585750654689,156.025
1585750668976,155.925
1585750679412,155.795
1585750690015,155.67
1585750700904,155.84
1585750709650,155.83
1585750717488,155.97
1585750728142,156.06
1585750740736,156.1
1585750752308,156.14
1585750762730,155.96
1585750771272,155.74
1585750782296,155.785
1585750789845,155.59
1585750802670,155.66
1585750813789,155.745
1585750825534,155.7
1585750833019,155.75
1585750846924,155.865
1585750849769,155.93
1585750861495,155.95
1585750877153,156.11
1585750887618,156.055
1585750897985,156.08
1585750907624,156.075
1585750919883,156.03
1585750929821,155.75
1585750940938,155.81
1585750948190,155.895
1585750959270,155.88
1585750968726,155.915
1585750976767,155.93
1585750992741,155.905
1585750998868,155.905
1585751011333,155.75
1585751014658,155.68
1585751033560,155.8
1585751045275,155.595
1585751054344,155.31
1585751062286,155.365
1585751075244,155.465
1585751085185,155.34
1585751096331,155.31
1585751104207,155.41
1585751118484,155.49
1585751129538,155.51
1585751139005,155.51
1585751149997,155.36
1585751160797,155.275
1585751170416,155.36
1585751181780,155.4
1585751193046,155.37
1585751198404,155.345
1585751210759,155.44
1585751210759,155.44
1585751227325,155.39
1585751244449,155.44
1585751249052,155.43
1585751249052,155.43
1585751269883,155.505
1585751282639,155.485
1585751296113,155.45
1585751305655,155.445
1585751316075,155.45
1585751320285,155.435
1585751332592,155.44
1585751341084,155.4
1585751358753,155.5
1585751358753,155.5
1585751372116,155.4
1585751372116,155.4
1585751400405,155.345
1585751407684,155.25
1585751417257,155.14
1585751431515,155.15
1585751438765,155.135
1585751448912,155.24
1585751457753,155.29
1585751475341,155.54
1585751482444,155.61
1585751490565,155.58
1585751490565,155.58
1585751517789,155.78
1585751519301,155.75
1585751538314,155.865
1585751547608,155.81
1585751554357,155.83
1585751569304,155.87
1585751578931,155.91
1585751588811,156.05
1585751597104,156.13
1585751611473,156.09
1585751614251,156.06
1585751631555,156.03
1585751636496,156.01
1585751653138,156.005
1585751663637,155.91
1585751674238,155.925
1585751678600,155.84
1585751694544,155.955
1585751695624,155.93
1585751714708,155.88
1585751717993,155.87
1585751717993,155.87
1585751741175,155.97
1585751741175,155.97
1585751767656,155.875
1585751772579,155.86
1585751772579,155.86
1585751801663,155.875
1585751809906,155.9
1585751813242,155.83
1585751826867,155.66
1585751839320,155.45
1585751839320,155.45
1585751863741,155.56
1585751863741,155.56
1585751875540,155.84
1585751895599,155.945
1585751899738,155.935
1585751899738,155.935
1585751927329,155.9
1585751937409,155.85
1585751947084,155.73
1585751959233,155.79
1585751960207,155.78
1585751979361,155.775
1585751979361,155.775
1585751995704,155.7
1585752010582,155.595
1585752010582,155.595
1585752032748,155.63
1585752042872,155.475
1585752042872,155.475
1585752062292,155.51
1585752069007,155.565
1585752078099,155.38
1585752095285,155.41
1585752103210,155.435
1585752116061,155.415
1585752121867,155.45
1585752121867,155.45
1585752147229,155.535
1585752156812,155.63
1585752169709,155.67
1585752177746,155.79
1585752190622,155.98
1585752199525,155.91
1585752211642,155.96
1585752222829,155.74
1585752233323,155.77
1585752242813,155.855
1585752250037,155.895
1585752263806,155.88
1585752274808,155.85
1585752284076,155.785
1585752295147,155.87
1585752304526,155.94
1585752313448,155.86
1585752326965,155.93
1585752334211,155.87
1585752346472,155.935
1585752356051,156.11
1585752366562,156.02
1585752377238,156.09
1585752389453,156.13
1585752400308,156.45
1585752408857,156.405
1585752417823,156.425
1585752431198,156.485
1585752441208,156.44
1585752445625,156.49
1585752445625,156.49
1585752445625,156.49
1585752483336,156.215
1585752492069,156.285
1585752504273,156.295
1585752514055,156.42
1585752524154,156.48
1585752532009,156.38
1585752532009,156.38
1585752532009,156.38
1585752532009,156.38
1585752572851,156.415
1585752572851,156.415
1585752593157,156.39
1585752610026,156.245
1585752616189,156.22
1585752627624,156.23
1585752627624,156.23
1585752643162,156.16
1585752659863,156.295
1585752670477,156.275
1585752676339,156.31
1585752676339,156.31
1585752698416,156.23
1585752711098,156.285
1585752723496,156.325
1585752733835,156.15
1585752746975,156.14
1585752758732,156.245
1585752758732,156.245
1585752779442,156.335
1585752789674,156.36
1585752792959,156.36
1585752807042,156.46
1585752807042,156.46
1585752827352,156.4
1585752827352,156.4
1585752845900,156.255
1585752845900,156.255
1585752871582,156.07
1585752883738,156.11
1585752894448,156.125
1585752894448,156.125
1585752912493,156.06
1585752912493,156.06
1585752935211,155.945
1585752944771,155.945
1585752944771,155.945
1585752966921,155.81
1585752977973,155.65
1585752988149,155.72
1585752988149,155.72
1585753005342,155.81
1585753005342,155.81
1585753030673,155.95
1585753030673,155.95
1585753047576,156.025
1585753058859,156.025
1585753058859,156.025
1585753081660,156.035
1585753091942,156.05
1585753091942,156.05
1585753110629,156.1
1585753124875,156.01
1585753124875,156.01
1585753144960,156.16
1585753155845,156.26
1585753161818,156.22
1585753172696,156.29
1585753172696,156.29
1585753197483,156.375
1585753197483,156.375
1585753213826,156.54
1585753213826,156.54
1585753235656,156.465
1585753235656,156.465
1585753253694,156.53
1585753272597,156.47
1585753272597,156.47
1585753289798,156.385
1585753289798,156.385
1585753289798,156.385
1585753318489,156.42
1585753335303,156.53
1585753343709,156.51
1585753343709,156.51
1585753362896,156.4
1585753375319,156.285
1585753375319,156.285
1585753395293,156.415
1585753403902,156.44
1585753413344,156.41
1585753413344,156.41
1585753436089,156.545
1585753448621,156.73
1585753456203,156.915
1585753464315,156.72
1585753480572,157
1585753491771,156.815
1585753502576,156.84
1585753502576,156.84
1585753502576,156.84
1585753527432,156.815
1585753527432,156.815
1585753527432,156.815
1585753562876,157.06
1585753567444,157.03
1585753583542,157.115
1585753597390,157.1
1585753608233,157.12
1585753618566,157.03
1585753619383,157.035
1585753634134,156.98
1585753646002,156.97
1585753659360,156.995
1585753661355,156.99
1585753675163,157.13
1585753688943,157.26
1585753696598,157.135
1585753710768,157.275
1585753720581,157.25
1585753728759,157.15
1585753735589,157.2
1585753752714,157.34
1585753766033,157.475
1585753766033,157.475
1585753787102,157.53
1585753796669,157.565
1585753800343,157.57
1585753809703,157.46
1585753828726,157.705
1585753832697,157.705
1585753832697,157.705
1585753861095,157.685
1585753870958,157.67
1585753871634,157.69
1585753892609,157.705
1585753892609,157.705
1585753913987,157.705
1585753925323,157.62
1585753934593,157.65
1585753948039,157.655
1585753957580,157.635
1585753964920,157.44
1585753978197,157.53
1585753988578,157.44
1585754000017,157.295
1585754000017,157.295
1585754000017,157.295
1585754031818,157.34
1585754041992,157.465
1585754052758,157.365
1585754063095,157.34
1585754073356,157.39
1585754078430,157.345
1585754093249,157.31
1585754099581,157.37
1585754112630,157.43
1585754112630,157.43
1585754134800,157.01
1585754134800,157.01
1585754155376,157.08
1585754165258,157.05
1585754165258,157.05
1585754165258,157.05
1585754199527,156.985
1585754206533,156.955
1585754206533,156.955
1585754230833,157.015
1585754232135,157.005
1585754249745,157.09
1585754249745,157.09
1585754272080,157.04
1585754272080,157.04
1585754272080,157.04
1585754304934,157.12
1585754304934,157.12
1585754304934,157.12
1585754335873,157.08
1585754335873,157.08
1585754335873,157.08
1585754364974,157.075
1585754364974,157.075
1585754388943,157.09
1585754398100,156.985
1585754406959,156.82
1585754418899,157.05
1585754418899,157.05
1585754440580,157.14
1585754440580,157.14
1585754440580,157.14
1585754440580,157.14
1585754440580,157.14
1585754440580,157.14
1585754440580,157.14
1585754440580,157.14
1585754440580,157.14
1585754440580,157.14
1585754440580,157.14
1585754440580,157.14
1585754567345,157.055
1585754574337,156.94
1585754574337,156.94
1585754574337,156.94
1585754606579,157.075
1585754617201,157.075
1585754624408,156.89
1585754624408,156.89
1585754642080,156.73
1585754642080,156.73
1585754642080,156.73
1585754642080,156.73
1585754690118,156.785
1585754702817,156.785
1585754710116,156.745
1585754724368,156.87
1585754729188,156.935
1585754729188,156.935
1585754746511,156.815
1585754756666,156.775
1585754774778,156.415
1585754787211,156.41
1585754795350,156.335
1585754795350,156.335
1585754795350,156.335
1585754795350,156.335
1585754795350,156.335
1585754795350,156.335
1585754795350,156.335
1585754865977,156.175
1585754865977,156.175
1585754865977,156.175
1585754902830,156.08
1585754912551,156.095
1585754918589,156.095
1585754918589,156.095
1585754918589,156.095
1585754950816,156.12
1585754959020,156.23
1585754977729,156.02
1585754979675,155.88
1585754979675,155.88
1585754979675,155.88
1585754979675,155.88
1585755027231,155.69
1585755042407,155.75
1585755050229,155.74
1585755058312,155.84
1585755072884,155.83
1585755072884,155.83
1585755072884,155.83
1585755104694,156
1585755104694,156
1585755124645,156.065
1585755136856,156.03
1585755136856,156.03
1585755157753,155.96
1585755168076,155.855
1585755175564,155.82
1585755185978,155.77
1585755197702,155.765
1585755208355,155.845
1585755217487,155.95
1585755217487,155.95
1585755237428,155.77
1585755250133,155.585
1585755262050,155.635
1585755273197,155.615
1585755283939,155.725
1585755292342,155.69
1585755305420,155.725
1585755315424,155.89
1585755320398,155.895
1585755331729,155.745
1585755331729,155.745
1585755355582,155.825
1585755367814,155.835
1585755376192,155.91
1585755386741,155.865
1585755396599,155.95
1585755396599,155.95
1585755396599,155.95
1585755396599,155.95
1585755396599,155.95
1585755396599,155.95
1585755396599,155.95
1585755396599,155.95
1585755396599,155.95
1585755396599,155.95
1585755500801,156
1585755500801,156
1585755500801,156
1585755500801,156
1585755542060,155.865
1585755542060,155.865
1585755565993,155.65
1585755574344,155.465
1585755584301,155.565
1585755599786,155.23
1585755599786,155.23
1585755619287,155.24
1585755628254,155.25
1585755635188,155.12
1585755645411,155.09
1585755652776,154.99
1585755652776,154.99
1585755652776,154.99
1585755689214,155.1
1585755699002,155.01
1585755699002,155.01
1585755699002,155.01
1585755699002,155.01
1585755699002,155.01
1585755699002,155.01
1585755699002,155.01
1585755699002,155.01
1585755784751,155.165
1585755797919,155.195
1585755797919,155.195
1585755820291,155.19
1585755824972,155.215
1585755840471,155
1585755840471,155
1585755840471,155
1585755840471,155
1585755882183,155.105
1585755885577,155.13
1585755903326,155.22
1585755913825,155.25
1585755913825,155.25
1585755934352,155.205
1585755941451,155.21
1585755941451,155.21
1585755960990,155.1
1585755976170,154.94
1585755979117,155
1585755988854,154.975
1585756006497,154.805
1585756013226,154.74
1585756019886,154.785
1585756029969,154.93
1585756040940,154.885
1585756040940,154.885
1585756040940,154.885
1585756078129,154.96
1585756078129,154.96
1585756099627,154.8
1585756099627,154.8
1585756121624,154.71
1585756131136,154.71
1585756143340,154.67
1585756143340,154.67
1585756161986,154.69
1585756169539,154.7
1585756185230,154.835
1585756187055,154.82
1585756207805,154.88
1585756207805,154.88
1585756207805,154.88
1585756207805,154.88
1585756207805,154.88
1585756252504,155.015
1585756252504,155.015
1585756252504,155.015
1585756289212,155.065
1585756297821,155.095
1585756309847,155.035
1585756322015,155.08
1585756331774,155.145
1585756331774,155.145
1585756353012,155.31
1585756359689,155.315
1585756359689,155.315
1585756376863,155.355
1585756391786,155.23
1585756398377,155.36
1585756413894,155.33
1585756413894,155.33
1585756413894,155.33
1585756442088,155.28
1585756442088,155.28
1585756442088,155.28
1585756442088,155.28
1585756442088,155.28
1585756442088,155.28
1585756442088,155.28
1585756442088,155.28
1585756531591,155.435
1585756543697,155.525
1585756550692,155.455
1585756555804,155.525
1585756574422,155.525
1585756579474,155.515
1585756597451,155.46
1585756607767,155.35
1585756615787,155.395
1585756628732,155.385
1585756628732,155.385
1585756628732,155.385
1585756628732,155.385
1585756628732,155.385
1585756628732,155.385
1585756628732,155.385
1585756628732,155.385
1585756712308,155.535
1585756712308,155.535
1585756732672,155.44
1585756740092,155.395
1585756754280,155.17
1585756766575,155.15
1585756772332,155.085
1585756778928,155
1585756778928,155
1585756807604,155
1585756807604,155
1585756807604,155
1585756807604,155
1585756807604,155
1585756859764,154.92
1585756859764,154.92
1585756859764,154.92
1585756859764,154.92
1585756900238,154.83
1585756900238,154.83
1585756922411,154.84
1585756922411,154.84
1585756944487,154.775
1585756955716,154.78
1585756968068,154.72
1585756974085,154.66
1585756984532,154.67
1585756984532,154.67
1585756984532,154.67
1585757014010,154.81
1585757014010,154.81
1585757014010,154.81
1585757042579,154.78
1585757042579,154.78
1585757042579,154.78
1585757083132,154.525
1585757089314,154.57
1585757103990,154.54
1585757109771,154.575
1585757109771,154.575
1585757109771,154.575
1585757109771,154.575
1585757155012,154.7
1585757155012,154.7
1585757155012,154.7
1585757155012,154.7
1585757155012,154.7
1585757155012,154.7
1585757155012,154.7
1585757221943,154.55
1585757221943,154.55
1585757250935,154.54
1585757256211,154.455
1585757256211,154.455
1585757256211,154.455
1585757256211,154.455
1585757256211,154.455
1585757307698,154.505
1585757307698,154.505
1585757334506,154.475
1585757340796,154.475
1585757352497,154.425
1585757359342,154.3
1585757359342,154.3
1585757384728,154.39
1585757395063,154.465
1585757395063,154.465
1585757395063,154.465
1585757395063,154.465
1585757395063,154.465
1585757442355,154.6
1585757461503,154.545
1585757461503,154.545
1585757479031,154.655
1585757485508,154.59
1585757496353,154.59
1585757496353,154.59
1585757496353,154.59
1585757524963,154.76
1585757540394,154.475
1585757550662,154.6
1585757550662,154.6
1585757574211,154.315
1585757585988,154.355
1585757596814,154.345
1585757604310,154.4
1585757604310,154.4
1585757604310,154.4
1585757604310,154.4
1585757604310,154.4
1585757660290,154.845
1585757665648,154.75
1585757681271,154.67
1585757691189,154.725
1585757691189,154.725
1585757711694,154.745
1585757711694,154.745
1585757725951,154.77
1585757725951,154.77
1585757753133,154.78
1585757753133,154.78
1585757753133,154.78
1585757784568,154.565
1585757790592,154.485
1585757790592,154.485
1585757790592,154.485
1585757790592,154.485
1585757790592,154.485
1585757790592,154.485
1585757856962,154.53
1585757870680,154.495
1585757870680,154.495
1585757882616,154.585
1585757898308,154.575
1585757898308,154.575
1585757898308,154.575
1585757928062,154.5
1585757928062,154.5
1585757928062,154.5
1585757961382,154.51
1585757973463,154.535
1585757978479,154.4
1585757991887,154.39
1585757991887,154.39
1585757991887,154.39
1585757991887,154.39
1585757991887,154.39
1585757991887,154.39
1585757991887,154.39
1585758068508,154.58
1585758071390,154.54
1585758087106,154.63
1585758095692,154.75
1585758107920,154.72
1585758116875,154.8
1585758116875,154.8
1585758116875,154.8
1585758116875,154.8
1585758116875,154.8
1585758116875,154.8
1585758185018,154.87
1585758185018,154.87
1585758185018,154.87
1585758185018,154.87
1585758185018,154.87
1585758185018,154.87
1585758241375,154.94
1585758241375,154.94
1585758263709,154.945
1585758279193,154.95
1585758287655,154.84
1585758287655,154.84
1585758287655,154.84
1585758287655,154.84
1585758327039,154.92
1585758327039,154.92
1585758327039,154.92
1585758327039,154.92
1585758366477,154.93
1585758380690,154.985
1585758380690,154.985
1585758380690,154.985
1585758405323,154.69
1585758420285,154.78
1585758420285,154.78
1585758420285,154.78
1585758449704,154.795
1585758449704,154.795
1585758471338,154.635
1585758484247,154.655
1585758484247,154.655
1585758484247,154.655
1585758520011,154.555
1585758520011,154.555
1585758531151,154.66
1585758531151,154.66
1585758531151,154.66
1585758566658,154.545
1585758566658,154.545
1585758566658,154.545
1585758566658,154.545
1585758614555,154.71
1585758618338,154.66
1585758618338,154.66
1585758618338,154.66
1585758618338,154.66
1585758660184,154.74
1585758660184,154.74
1585758681146,154.64
1585758691684,154.75
1585758710866,154.745
1585758721611,154.62
1585758721611,154.62
1585758721611,154.62
1585758721611,154.62
1585758721611,154.62
1585758721611,154.62
1585758782931,154.5
1585758782931,154.5
1585758782931,154.5
1585758809664,154.325
1585758816093,154.3
1585758816093,154.3
1585758840700,154.2
1585758856615,154.325
1585758856615,154.325
1585758856615,154.325
1585758856615,154.325
1585758897712,154.28
1585758897712,154.28
1585758897712,154.28
1585758921574,154.105
1585758921574,154.105
1585758921574,154.105
1585758962501,154.1
1585758962501,154.1
1585758981533,154.08
1585758987322,154.18
1585758987322,154.18
1585759015201,154.23
1585759019712,154.21
1585759031364,154.06
1585759031364,154.06
1585759051103,153.96
1585759051103,153.96
1585759078934,153.96
1585759088663,153.84
1585759088663,153.84
1585759088663,153.84
1585759116815,153.82
1585759116815,153.82
1585759136887,153.735
1585759149280,153.74
1585759149280,153.74
1585759149280,153.74
1585759175864,153.59
1585759193748,153.605
1585759195922,153.64
1585759195922,153.64
1585759195922,153.64
1585759195922,153.64
1585759195922,153.64
1585759195922,153.64
1585759265031,153.485
1585759265031,153.485
1585759265031,153.485
1585759265031,153.485
1585759306139,153.52
1585759317472,153.375
1585759317472,153.375
1585759333427,153.415
1585759346008,153.36
1585759353509,153.28
1585759370260,153.17
1585759377873,153.17
1585759389126,153.17
1585759389126,153.17
1585759408642,153.275
1585759421900,153.325
1585759421900,153.325
1585759421900,153.325
1585759450989,153.405
1585759465101,153.535
1585759472427,153.47
1585759484802,153.475
1585759491205,153.49
1585759508055,153.41
1585759508055,153.41
1585759508055,153.41
1585759508055,153.41
1585759547145,153.39
1585759547145,153.39
1585759547145,153.39
1585759547145,153.39
1585759582581,153.42
1585759596524,153.41
1585759606847,153.32
1585759606847,153.32
1585759630587,153.14
1585759635557,153.16
1585759653114,153.08
1585759657877,153.12
1585759666742,153.25
1585759678969,153.36
1585759678969,153.36
1585759702111,153.28
1585759702111,153.28
1585759702111,153.28
1585759736203,153.18
1585759736203,153.18
1585759736203,153.18
1585759767759,153
1585759767759,153
1585759789022,152.93
1585759789022,152.93
1585759802631,152.97
1585759813025,153.06
1585759813025,153.06
1585759840617,153.335
1585759845949,153.29
1585759845949,153.29
1585759845949,153.29
1585759845949,153.29
1585759845949,153.29
1585759901051,153.16
1585759918529,153.145
1585759927196,153.11
1585759927196,153.11
1585759943394,153.13
1585759960825,153.12
1585759960825,153.12
1585759976659,153.08
1585759990869,152.93
1585759996709,152.925
1585759996709,152.925
1585760022408,152.82
1585760033051,152.905
1585760044087,152.89
1585760044087,152.89
1585760059077,152.855
1585760068980,152.875
1585760086352,152.895
1585760095429,152.855
1585760098737,152.84
1585760112443,152.845
1585760127277,152.945
1585760137421,152.945
1585760142700,153.105
1585760159871,153.08
1585760170098,153.1
1585760173523,153.195
1585760173523,153.195
1585760199629,153.325
1585760204063,153.33
1585760218440,153.32
1585760218440,153.32
1585760218440,153.32
1585760218440,153.32
1585760218440,153.32
1585760273144,153.295
1585760273144,153.295
1585760292866,153.215
1585760297603,153.09
1585760317373,153.025
1585760319788,152.93
1585760338190,152.98
1585760340422,152.99
1585760359778,152.95
1585760366643,152.925
1585760378930,152.91
1585760389920,152.915
1585760397301,152.84
1585760410847,152.9
1585760413975,152.91
1585760413975,152.91
1585760442061,152.83
1585760453578,152.84
1585760462332,152.79
1585760474439,152.775
1585760481899,152.7
1585760494055,152.87
1585760502297,152.87
1585760509397,152.875
1585760521086,152.87
1585760535941,152.955
1585760538155,152.905
1585760557970,152.96
1585760567049,152.965
1585760577684,152.975
1585760587508,152.98
1585760598991,152.98
1585760609565,153.09
1585760619607,153.095
1585760630275,153.165
1585760631860,153.125
1585760650440,153.065
1585760661807,153.105
1585760672540,153.185
1585760677304,153.165
1585760685000,153.135
1585760701599,153.19
1585760701599,153.19
1585760701599,153.19
1585760732534,153.245
1585760732534,153.245
1585760732534,153.245
1585760764939,153.06
1585760764939,153.06
1585760783574,153.16
1585760794784,153.07
1585760802576,153.1
1585760802576,153.1
1585760820640,153.1
1585760835947,152.86
1585760842082,152.96
1585760851178,153.09
1585760861266,153.09
1585760870918,153.05
1585760889324,153.09
1585760889324,153.09
1585760912195,153.25
1585760920624,153.23
1585760927000,153.16
1585760942779,153.09
1585760953986,153.085
1585760961443,153.05
1585760961443,153.05
1585760961443,153.05
1585760986759,153.09
1585761000308,153.12
1585761017119,152.975
1585761017119,152.975
1585761037995,152.885
1585761041360,152.9
1585761050127,152.91
1585761061966,152.93
1585761074619,153.08
1585761085497,153.145
1585761085497,153.145
1585761108741,153.135
1585761108741,153.135
1585761130423,153.185
1585761130423,153.185
1585761130423,153.185
1585761130423,153.185
1585761130423,153.185
1585761180924,153.25
1585761180924,153.25
1585761180924,153.25
1585761180924,153.25
1585761223366,153.095
1585761223366,153.095
1585761240727,152.94
1585761257255,153.035
1585761257255,153.035
1585761275799,152.92
1585761275799,152.92
1585761275799,152.92
1585761275799,152.92
1585761316559,152.765
1585761329760,152.785
1585761336154,152.795
1585761348692,152.725
1585761348692,152.725
1585761370742,152.84
1585761370742,152.84
1585761393710,152.825
1585761393710,152.825
1585761406538,152.79
1585761406538,152.79
1585761431640,152.87
1585761431640,152.87
1585761431640,152.87
1585761431640,152.87
1585761471359,152.89
1585761471359,152.89
1585761471359,152.89
1585761509191,153.04
1585761517473,153.13
1585761517473,153.13
1585761537542,153.075
1585761540915,153.02
1585761540915,153.02
1585761540915,153.02
1585761576593,153.065
1585761592224,153.05
1585761600290,152.985
1585761608667,153.06
1585761608667,153.06
1585761608667,153.06
1585761639367,153.225
1585761639367,153.225
1585761660930,153.23
1585761660930,153.23
1585761660930,153.23
1585761660930,153.23
1585761707947,153.39
1585761718515,153.36
1585761718515,153.36
1585761730766,153.34
1585761747471,153.28
1585761755683,153.315
1585761769214,153.34
1585761769214,153.34
1585761788712,153.46
1585761793490,153.455
1585761811376,153.43
1585761819894,153.465
1585761819894,153.465
1585761836676,153.3
1585761845363,153.265
1585761860924,153.36
1585761872787,153.375
1585761884528,153.48
1585761895324,153.405
1585761902090,153.38
1585761912948,153.445
1585761926609,153.43
1585761933550,153.43
1585761945260,153.43
1585761953517,153.43
1585761964049,153.405
1585761976403,153.23
1585761991382,153.2
1585762001258,153.105
1585762007608,153.14
1585762016592,153.14
1585762023617,153.015
1585762023617,153.015
1585762051526,153.045
1585762064047,153.07
1585762071711,153.06
1585762083500,153.075
1585762090780,153.07
1585762102988,153.08
1585762117178,152.885
1585762125522,152.99
1585762135348,153.035
1585762145152,153.14
1585762156453,153.3
1585762165856,153.265
1585762179839,153.115
1585762183293,153.125
1585762200627,153.2
1585762200627,153.2
1585762200627,153.2
1585762229445,153.005
1585762237835,153.045
1585762237835,153.045
1585762260401,153.005
1585762266174,152.92
1585762285469,153.09
1585762293648,153.13
1585762307791,153.06
1585762307791,153.06
1585762322978,152.98
1585762322978,152.98
1585762349408,152.95
1585762356805,152.94
1585762356805,152.94
1585762378152,152.94
1585762386162,153.04
1585762386162,153.04
1585762386162,153.04
1585762416897,153.13
1585762433333,153.065
1585762437862,153.035
1585762450520,152.95
1585762450520,152.95
1585762469924,152.965
1585762479638,152.955
1585762489847,152.9
1585762505016,153.005
1585762505016,153.005
1585762524261,152.945
1585762524261,152.945
1585762550383,153.045
1585762560737,152.945
1585762572668,153.035
1585762572668,153.035
1585762594653,152.985
1585762594653,152.985
1585762613330,152.875
1585762613330,152.875
1585762613330,152.875
1585762646378,152.96
1585762652684,152.985
1585762666020,152.945
1585762671996,152.94
1585762687004,153.015
1585762687004,153.015
1585762709220,152.98
1585762709220,152.98
1585762709220,152.98
1585762737012,153.035
1585762750274,153.005
1585762754125,153.005
1585762764474,153.04
1585762764474,153.04
1585762787705,153.06
1585762802949,153.08
1585762802949,153.08
1585762802949,153.08
1585762802949,153.08
1585762802949,153.08
1585762802949,153.08
1585762802949,153.08
1585762802949,153.08
1585762883179,153.22
1585762894011,153.26
1585762894011,153.26
1585762894011,153.26
1585762930650,153.28
1585762930650,153.28
1585762930650,153.28
1585762930650,153.28
1585762968076,153.25
1585762977221,153.225
1585762977221,153.225
1585763001602,153.215
1585763014394,153.135
1585763023020,153.015
1585763028123,153.07
1585763028123,153.07
1585763054395,153.005
1585763067671,153.15
1585763067671,153.15
1585763086702,153.215
1585763092865,153.215
1585763092865,153.215
1585763117361,153.03
1585763130919,153.02
1585763130919,153.02
1585763130919,153.02
1585763161704,152.86
1585763174232,152.89
1585763180529,152.92
1585763187760,152.96
1585763187760,152.96
1585763212632,153.08
1585763212632,153.08
1585763228457,153.04
1585763228457,153.04
1585763249015,152.975
1585763249015,152.975
1585763276814,153.065
1585763284434,153.15
1585763284434,153.15
1585763305618,153.11
1585763305618,153.11
1585763329415,153.175
1585763329415,153.175
1585763329415,153.175
1585763355338,153.235
1585763355338,153.235
1585763380779,153.205
1585763388645,153.24
1585763396134,153.12
1585763415008,153.06
1585763415008,153.06
1585763415008,153.06
1585763439549,153.08
1585763439549,153.08
1585763439549,153.08
1585763439549,153.08
1585763439549,153.08
1585763439549,153.08
1585763505109,153.195
1585763520286,153.18
1585763520286,153.18
1585763520286,153.18
1585763550377,153.245
1585763557332,153.28
1585763557332,153.28
1585763557332,153.28
1585763592551,153.495
1585763592551,153.495
1585763614300,153.645
1585763614300,153.645
1585763633184,153.575
1585763639845,153.57
1585763639845,153.57
1585763667553,153.425
1585763678338,153.435
1585763678338,153.435
1585763696713,153.37
1585763701182,153.42
1585763701182,153.42
1585763701182,153.42
1585763738757,153.625
1585763738757,153.625
1585763738757,153.625
1585763769329,153.835
1585763769329,153.835
1585763793519,153.63
1585763793519,153.63
1585763793519,153.63
1585763793519,153.63
1585763793519,153.63
1585763793519,153.63
1585763851519,153.77
1585763864120,153.725
1585763864120,153.725
1585763889664,153.635
1585763891432,153.63
1585763891432,153.63
1585763891432,153.63
1585763929111,153.8
1585763935730,153.85
1585763946998,153.83
1585763957169,153.745
1585763968717,153.73
1585763968717,153.73
1585763991257,153.77
1585763991257,153.77
1585764013646,153.845
1585764018617,153.87
1585764032694,153.835
1585764046568,153.73
1585764055334,153.67
1585764064428,153.64
1585764071172,153.68
1585764071172,153.68
1585764093534,153.655
1585764093534,153.655
1585764093534,153.655
1585764125173,153.51
1585764125173,153.51
1585764153853,153.475
1585764157114,153.465
1585764175276,153.625
1585764175276,153.625
1585764196227,153.83
1585764199855,153.855
1585764211744,153.92
1585764211744,153.92
1585764211744,153.92
1585764248062,153.92
1585764258532,153.98
1585764263898,153.97
1585764276763,153.9
1585764276763,153.9
1585764301391,153.93
1585764312824,153.83
1585764315684,153.78
1585764315684,153.78
1585764343854,153.91
1585764343854,153.91
1585764343854,153.91
1585764373334,154.07
1585764385153,154.17
1585764394325,154.07
1585764406122,154.09
1585764409331,154.08
1585764425937,154.115
1585764436566,154.06
1585764448849,154.03
1585764450550,154.05
1585764469005,154.005
1585764472260,153.99
1585764488627,154.01
1585764488627,154.01
1585764511968,153.97
1585764521198,154
1585764521198,154
1585764540970,153.94
1585764540970,153.94
1585764559855,153.94
1585764573451,153.98
1585764583230,153.86
1585764592405,153.76
1585764597838,153.65
1585764615692,153.74
1585764626004,153.86
1585764626004,153.86
1585764646991,153.86
1585764656267,153.83
1585764663369,153.81
1585764671092,153.72
1585764688949,153.69
1585764700632,153.48
1585764702538,153.49
1585764719652,153.61
1585764730122,153.56
1585764740071,153.385
1585764752019,153.335
1585764752019,153.335
1585764769695,153.53
1585764780904,153.515
1585764790685,153.54
1585764790685,153.54
1585764814022,153.645
1585764823878,153.69
1585764832974,153.71
1585764832974,153.71
1585764832974,153.71
1585764867653,153.51
1585764867653,153.51
1585764867653,153.51
1585764900024,153.39
1585764910689,153.555
1585764910689,153.555
1585764910689,153.555
1585764938596,153.425
1585764938596,153.425
1585764961693,153.355
1585764961693,153.355
1585764981793,153.39
1585764981793,153.39
1585765005165,153.175
1585765016890,153.18
1585765024627,153.25
1585765033726,153.21
1585765048692,153.22
1585765048692,153.22
1585765048692,153.22
1585765079891,153.135
1585765087513,153.245
1585765091988,153.275
1585765091988,153.275
1585765091988,153.275
1585765129553,153.28
1585765129553,153.28
1585765152816,153.255
1585765152816,153.255
1585765173973,153.16
1585765182553,153.14
1585765188921,153.22
1585765197750,153.195
1585765213492,153.32
1585765225716,153.36
1585765225716,153.36
1585765225716,153.36
1585765225716,153.36
1585765225716,153.36
1585765225716,153.36
1585765225716,153.36
1585765225716,153.36
1585765225716,153.36
1585765225716,153.36
1585765225716,153.36
1585765343551,153.365
1585765343551,153.365
1585765364332,153.265
1585765364332,153.265
1585765384003,153.16
1585765384003,153.16
1585765384003,153.16
1585765384003,153.16
1585765384003,153.16
1585765384003,153.16
1585765442978,153.115
1585765442978,153.115
1585765468963,153.07
1585765471553,152.995
1585765471553,152.995
1585765471553,152.995
1585765471553,152.995
1585765471553,152.995
1585765471553,152.995
1585765471553,152.995
1585765471553,152.995
1585765563765,153.155
1585765574253,153.215
1585765574253,153.215
1585765574253,153.215
1585765574253,153.215
1585765615528,153.225
1585765615528,153.225
1585765615528,153.225
1585765648554,153.115
1585765652777,153.1
1585765661979,153.02
1585765661979,153.02
1585765683890,153.1
1585765683890,153.1
1585765706089,153.16
1585765722944,153.1
1585765722944,153.1
1585765722944,153.1
1585765722944,153.1
1585765722944,153.1
1585765765210,153.19
1585765776075,153.24
1585765786752,153.14
1585765805137,153
1585765818132,152.96
1585765824920,152.98
1585765838549,152.92
1585765851901,152.845
1585765860428,152.905
1585765869995,152.85
1585765875788,152.85
1585765891881,152.8
1585765900828,152.845
1585765900828,152.845
1585765916462,152.805
1585765916462,152.805
1585765916462,152.805
1585765916462,152.805
1585765916462,152.805
1585765916462,152.805
1585765916462,152.805
1585765993503,152.715
1585766007856,152.735
1585766020224,152.59
1585766020224,152.59
1585766042391,152.64
1585766049952,152.67
1585766060858,152.655
1585766065672,152.655
1585766075866,152.6
1585766075866,152.6
1585766097272,152.635
1585766097272,152.635
1585766097272,152.635
1585766136145,152.53
1585766145718,152.43
1585766145718,152.43
1585766167249,152.385
1585766175304,152.39
1585766179309,152.485
1585766179309,152.485
1585766206383,152.62
1585766220791,152.705
1585766227649,152.675
1585766227649,152.675
1585766227649,152.675
1585766263149,152.825
1585766272923,152.94
1585766279738,152.875
1585766294762,152.8
1585766298395,152.84
1585766314742,152.83
1585766318757,152.87
1585766336435,153.035
1585766344258,152.955
1585766354754,153.12
1585766366677,153.12
1585766366677,153.12
1585766389269,153.1
1585766389269,153.1
1585766407653,152.95
1585766420274,152.935
1585766420274,152.935
1585766420274,152.935
1585766449511,152.905
1585766449511,152.905
1585766468024,152.845
1585766468024,152.845
1585766489805,152.71
1585766489805,152.71
1585766489805,152.71
1585766489805,152.71
1585766489805,152.71
1585766547519,152.8
1585766551885,152.78
1585766551885,152.78
1585766580722,152.67
1585766580722,152.67
1585766597281,152.54
1585766608777,152.58
1585766614827,152.68
1585766614827,152.68
1585766641997,152.72
1585766641997,152.72
1585766659400,152.83
1585766672436,152.78
1585766682460,152.87
1585766682460,152.87
1585766702234,152.695
1585766708322,152.79
1585766728165,152.645
1585766734727,152.62
1585766746326,152.85
1585766757302,152.8
1585766763812,152.73
1585766779184,152.78
1585766790228,152.745
1585766801505,152.805
1585766812681,152.875
1585766812681,152.875
1585766829410,152.755
1585766843454,152.7
1585766850253,152.765
1585766863072,152.765
1585766863072,152.765
1585766880918,152.685
1585766891192,152.73
1585766898376,152.785
1585766910260,152.745
1585766923957,152.75
1585766931797,152.745
1585766947552,152.91
1585766958340,152.89
1585766969034,152.88
1585766975141,152.86
1585766989913,152.755
1585767000394,152.64
1585767011637,152.665
1585767019782,152.59
1585767019782,152.59
1585767039563,152.505
1585767053406,152.46
1585767064890,152.44
1585767064890,152.44
1585767064890,152.44
1585767096025,152.42
1585767102689,152.435
1585767102689,152.435
1585767128059,152.32
1585767128059,152.32
1585767149338,152.41
1585767154156,152.39
1585767154156,152.39
1585767178880,152.37
1585767188354,152.33
1585767203077,152.3
1585767209924,152.2
1585767216074,152.18
1585767230272,152.26
1585767239591,152.17
1585767248703,152.285
1585767248703,152.285
1585767267365,152.24
1585767281339,152.27
1585767281339,152.27
1585767281339,152.27
1585767319987,152.14
1585767330674,152.075
1585767339180,152.06
1585767339180,152.06
1585767359814,152.04
1585767368922,151.955
1585767379579,151.97
1585767391985,151.935
1585767395737,151.95
1585767395737,151.95
1585767425563,151.86
1585767434076,151.875
1585767437483,151.87
1585767457739,151.76
1585767462180,151.755
1585767478825,151.68
1585767487723,151.675
1585767499503,151.745
1585767499503,151.745
1585767518964,151.765
1585767531467,151.71
1585767541217,151.645
1585767550018,151.595
1585767553406,151.615
1585767566734,151.455
1585767583684,151.41
1585767590342,151.33
