1584711061477,144.67
1584711069853,144.76
1584711083555,145.12
1584711090808,145.36
1584711096722,145.23
1584711110980,145.3
1584711122707,145.19
1584711136087,145.48
1584711141847,145.62
1584711157069,146
1584711166387,145.64
1584711178073,145.845
1584711186172,145.995
1584711198515,146.42
1584711208551,145.81
1584711208551,145.81
1584711227938,145.69
1584711234731,146.01
1584711248393,145.42
1584711260692,145.365
1584711268356,145.27
1584711281836,145.295
1584711291810,145.38
1584711302262,145.58
1584711308474,145.87
1584711323436,145.535
1584711331092,145.8
1584711342040,146.185
1584711351591,145.85
1584711365299,145.79
1584711365299,145.79
1584711385500,145.73
1584711395425,145.735
1584711407300,145.73
1584711410245,145.73
1584711426048,145.4
1584711433440,145.23
1584711446290,145.31
1584711453829,145.05
1584711467601,145.095
1584711480192,144.65
1584711487429,144.355
1584711500806,144.275
1584711509536,144.5
1584711517140,144.2
1584711530511,144.2
1584711541395,144.1
1584711548861,144.23
1584711562735,143.77
1584711569799,143.77
1584711579882,143.94
1584711591952,144.055
1584711597772,144.05
1584711609302,144.12
1584711623246,143.62
1584711635826,143.59
1584711645212,143.38
1584711656051,144
1584711668741,143.99
1584711678638,143.73
1584711678638,143.73
1584711693875,143.75
1584711693875,143.75
1584711717769,143.64
1584711725667,143.68
1584711725667,143.68
1584711751994,144.08
1584711760282,144.28
1584711773078,144.665
1584711782498,144.17
1584711792871,143.93
1584711797050,144.035
1584711810637,143.825
1584711819844,143.87
1584711819844,143.87
1584711845012,143.56
1584711853599,143.4
1584711863913,143.4
1584711863913,143.4
1584711886872,143.195
1584711898646,143.395
1584711907776,143.385
1584711919212,143.69
1584711929759,143.48
1584711929759,143.48
1584711949035,143.45
1584711960552,143.445
1584711962853,143.45
1584711980380,143.84
1584711988749,143.9
1584712002588,143.62
1584712009104,143.9
1584712020039,143.8
1584712029934,143.815
1584712043354,144.07
1584712054089,143.58
1584712063805,143.63
1584712063805,143.63
1584712087079,143.92
1584712095779,143.85
1584712107552,144.155
1584712118304,143.9
1584712123966,143.94
1584712138626,144.06
1584712151020,143.84
1584712160889,144.015
1584712170398,143.75
1584712181947,143.945
1584712185890,144.035
1584712200580,143.57
1584712212869,143.58
1584712216440,143.6
1584712231261,143.72
1584712245001,143.795
1584712254183,143.85
1584712265278,144
1584712267002,143.86
1584712285197,143.99
1584712298051,144.075
1584712308971,144.08
1584712318473,143.99
1584712330460,143.73
1584712331495,143.83
1584712350712,143.845
1584712361469,143.84
1584712368442,143.985
1584712382289,143.91
1584712382289,143.91
1584712396451,144.07
1584712412747,144.05
1584712421251,144.25
1584712435323,144.275
1584712444409,144.05
1584712456098,143.9
1584712457733,143.96
1584712471030,144.43
1584712471030,144.43
1584712471030,144.43
1584712506742,144.415
1584712518208,144.56
1584712531678,144.63
1584712536804,144.74
1584712553976,144.66
1584712560487,144.59
1584712570880,144.485
1584712585158,144.37
1584712585158,144.37
1584712585158,144.37
1584712585158,144.37
1584712585158,144.37
1584712637848,144.68
1584712645030,144.77
1584712645030,144.77
1584712668294,144.49
1584712680514,144.16
1584712681864,144.2
1584712681864,144.2
1584712681864,144.2
1584712715393,144.21
1584712730552,144.46
1584712741012,144.43
1584712750530,144.37
1584712761570,144.37
1584712761570,144.37
1584712761570,144.37
1584712795313,144.74
1584712802420,144.82
1584712814644,145.255
1584712822829,145.27
1584712837253,145.1
1584712843955,145.45
1584712857419,144.945
1584712865457,145.225
1584712878289,145.1
1584712884568,145.23
1584712895112,144.615
1584712906192,144.54
1584712914715,144.96
1584712928159,144.93
1584712938901,145.165
1584712950106,145.02
1584712955313,145.07
1584712973347,145.235
1584712975706,145.38
1584712993722,145.28
1584713005138,145.095
1584713005138,145.095
1584713005138,145.095
1584713029482,145.27
1584713047072,145.235
1584713047072,145.235
1584713066894,145.23
1584713075643,145.26
1584713089116,145.39
1584713096762,145.34
1584713105342,145.31
1584713118031,145.04
1584713127651,145.11
1584713138801,145
1584713151146,144.95
1584713161426,144.87
1584713167551,144.87
1584713182582,144.705
1584713190231,144.33
1584713197887,144.59
1584713197887,144.59
1584713223014,144.395
1584713235829,144.56
1584713235984,144.56
1584713255660,144.685
1584713266852,144.615
1584713277317,144.57
1584713286227,144.65
1584713291301,144.74
1584713305429,144.38
1584713319358,144.18
1584713327964,144.27
1584713340118,144.47
1584713351049,144.33
1584713355652,144.42
1584713368388,144.39
1584713380611,144.355
1584713389421,144.335
1584713399646,144.315
1584713413406,144.13
1584713422415,144.5
1584713431564,144.415
1584713443848,144.715
1584713454133,144.57
1584713465691,144.73
1584713465691,144.73
1584713486382,144.315
1584713496718,144.22
1584713506518,144.47
1584713517044,144.605
1584713525848,144.83
1584713536930,144.585
1584713549431,144.695
1584713558918,144.68
1584713567390,144.84
1584713580627,144.54
1584713583756,144.57
1584713599841,144.69
1584713599841,144.69
1584713613858,144.555
1584713626000,144.48
1584713626000,144.48
1584713626000,144.48
1584713663410,144.7
1584713663410,144.7
1584713663410,144.7
1584713696179,144.76
1584713698433,144.675
1584713715089,144.95
1584713726740,144.85
1584713738008,145.23
1584713744464,145
1584713754823,144.95
1584713766107,144.87
1584713779069,144.98
1584713784751,144.98
1584713792326,144.93
1584713803793,145.1
1584713815492,145.07
1584713829937,145.135
1584713829937,145.135
1584713829937,145.135
1584713862148,145.12
1584713873083,145.195
1584713883637,145.26
1584713886873,145.27
1584713906132,145.35
1584713909450,145.33
1584713921877,145.16
1584713934931,145.205
1584713947107,145.16
1584713954937,145.16
1584713960946,145.245
1584713973372,145.215
1584713973372,145.215
1584713999675,145.1
1584714008403,144.865
1584714008403,144.865
1584714030012,144.98
1584714032442,144.96
1584714052093,144.92
1584714061159,144.975
1584714073335,145.045
1584714085175,145.06
1584714085175,145.06
1584714103749,145.01
1584714114994,145.15
1584714126657,145.205
1584714135511,145.4
1584714135511,145.4
1584714150010,145.35
1584714165603,145.355
1584714165603,145.355
1584714189556,145.45
1584714189556,145.45
1584714202498,145.51
1584714217773,145.46
1584714224769,145.52
1584714224769,145.52
1584714251653,145.535
1584714251653,145.535
1584714270356,145.35
1584714283084,145.51
1584714290341,145.545
1584714303512,145.68
1584714303512,145.68
1584714326005,145.84
1584714333891,145.745
1584714333891,145.745
1584714356404,145.85
1584714367800,145.935
1584714371139,145.94
1584714382318,145.975
1584714396957,145.775
1584714411426,145.79
1584714419360,145.76
1584714429355,145.795
1584714441936,145.84
1584714449089,145.88
1584714459136,146.005
1584714467615,145.99
1584714475115,145.875
1584714494539,145.92
1584714505152,145.86
1584714509708,145.92
1584714517424,145.91
1584714535321,145.95
1584714546496,145.985
1584714548974,146.055
1584714559973,146.125
1584714574323,146.43
1584714583317,146.4
1584714600072,146.14
1584714605336,146.18
1584714619601,146.16
1584714619601,146.16
1584714641628,146.02
1584714653560,145.92
1584714662082,146
1584714664803,146
1584714678177,145.93
1584714694620,146.09
1584714694620,146.09
1584714715438,146.125
1584714725246,146.215
1584714734967,146.3
1584714749032,146.355
1584714749032,146.355
1584714749032,146.355
1584714779960,146.545
1584714789398,146.58
1584714789398,146.58
1584714789398,146.58
1584714816662,146.81
1584714830756,146.6
1584714839186,146.675
1584714843901,146.675
1584714855245,146.73
1584714855245,146.73
1584714855245,146.73
1584714892546,146.62
1584714903061,146.675
1584714910180,146.625
1584714910180,146.625
1584714934661,146.405
1584714944739,146.43
1584714949719,146.555
1584714964717,146.43
1584714964717,146.43
1584714964717,146.43
1584714964717,146.43
1584715009719,146.53
1584715017891,146.54
1584715027154,146.53
1584715041652,146.51
1584715041652,146.51
1584715052659,146.53
1584715070109,146.65
1584715070109,146.65
1584715091588,146.63
1584715091588,146.63
1584715110238,146.715
1584715122176,146.72
1584715130859,146.7
1584715141133,146.69
1584715156761,146.68
1584715163035,146.52
1584715177635,146.59
1584715182514,146.63
1584715196101,146.625
1584715207728,146.7
1584715218369,146.855
1584715227988,146.89
1584715234256,146.82
1584715251513,146.67
1584715260255,146.5
1584715260255,146.5
1584715282728,146.54
1584715290736,146.52
1584715290736,146.52
1584715290736,146.52
1584715319196,146.32
1584715333109,146.215
1584715333109,146.215
1584715348578,145.985
1584715357846,146.21
1584715367178,146.16
1584715386200,146.12
1584715395136,146.3
1584715395136,146.3
1584715415396,146.32
1584715415396,146.32
1584715439207,146.32
1584715439207,146.32
1584715455759,146.42
1584715455759,146.42
1584715480639,146.4
1584715488563,146.39
1584715500928,146.305
1584715507384,146.33
1584715524519,145.7
1584715530907,145.67
1584715545541,145.685
1584715553719,145.43
1584715565548,145.43
1584715577399,145.34
1584715582268,145.455
1584715589770,145.515
1584715601259,145.68
1584715601259,145.68
1584715601259,145.68
1584715632278,145.875
1584715650822,145.77
1584715650822,145.77
1584715662396,145.905
1584715662396,145.905
1584715662396,145.905
1584715712626,145.82
1584715712626,145.82
1584715736063,145.81
1584715747231,145.775
1584715762943,145.875
1584715762943,145.875
1584715780658,145.96
1584715790513,146.06
1584715801966,146.07
1584715809658,146.19
1584715819576,146.08
1584715831488,146.08
1584715838581,145.94
1584715854241,146.045
1584715866503,146.185
1584715875788,146.17
1584715886962,146.175
1584715899281,146.24
1584715905341,146.205
1584715914777,146.34
1584715921413,146.39
1584715931807,146.36
1584715931807,146.36
1584715954565,146.425
1584715966917,146.54
1584715982184,146.41
1584715992596,146.475
1584715998655,146.62
1584716013027,146.695
1584716015447,146.695
1584716031406,146.75
1584716031406,146.75
1584716052012,146.75
1584716063754,146.67
1584716076997,146.65
1584716080227,146.51
1584716080227,146.51
1584716103462,146.69
1584716117417,146.7
1584716129313,146.415
1584716139604,146.47
1584716139604,146.47
1584716156954,146.38
1584716170886,146.53
1584716170886,146.53
1584716192697,146.78
1584716199307,146.765
1584716213196,146.92
1584716213196,146.92
1584716231658,146.915
1584716240929,147
1584716248557,147
1584716262905,147.02
1584716262905,147.02
1584716284877,147.055
1584716296844,147.04
1584716305457,146.995
1584716314175,146.965
1584716324048,146.96
1584716324048,146.96
1584716349837,146.96
1584716359728,146.89
1584716368932,146.93
1584716381257,146.8
1584716381257,146.8
1584716402476,146.77
1584716410109,146.76
1584716424634,146.885
1584716432889,146.79
1584716442462,146.635
1584716453709,146.635
1584716453709,146.635
1584716470137,146.51
1584716483636,146.4
1584716491850,146.57
1584716504283,146.745
1584716513357,146.595
1584716525159,146.555
1584716538467,146.57
1584716548021,146.505
1584716559883,146.55
1584716564968,146.35
1584716580435,146.42
1584716590853,146.1
1584716590853,146.1
1584716607476,146.28
1584716622580,146.275
1584716633515,146.375
1584716644644,146.26
1584716653696,146.11
1584716653696,146.11
1584716675695,145.955
1584716675695,145.955
1584716691522,146.02
1584716691522,146.02
1584716711653,146.13
1584716727916,145.985
1584716727916,145.985
1584716751339,146.19
1584716751339,146.19
1584716764103,146.205
1584716764103,146.205
1584716790787,146.12
1584716803772,146.22
1584716803772,146.22
1584716823421,146.045
1584716826464,146.02
1584716840412,145.8
1584716851773,145.81
1584716867022,145.78
1584716867022,145.78
1584716885993,145.865
1584716899512,145.885
1584716908535,145.89
1584716908535,145.89
1584716921196,145.855
1584716932193,145.87
1584716945011,145.925
1584716961303,146.04
1584716963925,146.065
1584716979200,146.14
1584716985132,146.21
1584716985132,146.21
1584717013841,146.375
1584717024637,146.4
1584717033336,146.58
1584717042532,146.49
1584717051534,146.55
1584717060883,146.59
1584717060883,146.59
1584717086938,146.595
1584717086938,146.595
1584717107728,146.825
1584717116578,146.82
1584717129331,146.79
1584717137863,146.675
1584717148272,146.43
1584717159684,146.45
1584717170625,146.22
1584717178510,146.29
1584717184430,146.27
1584717201894,146.145
1584717209424,146
1584717220741,145.845
1584717233308,145.965
1584717233308,145.965
1584717253155,146.155
1584717264476,146.21
1584717274809,146.01
1584717286073,145.9
1584717296318,145.96
1584717305486,145.98
1584717313562,145.815
1584717328244,145.87
1584717331205,145.88
1584717342498,145.83
1584717351586,145.92
1584717369944,145.965
1584717376566,146.11
1584717383490,146.07
1584717398849,146.05
1584717408788,146
1584717418576,145.96
1584717432250,145.965
1584717440512,145.825
1584717451173,145.79
1584717461437,145.735
1584717474800,145.705
1584717484690,145.795
1584717495815,145.84
1584717506024,145.87
1584717516999,145.845
1584717526936,145.825
1584717530389,145.855
1584717546251,145.925
1584717558247,145.88
1584717559631,145.815
1584717576620,145.59
1584717588943,145.745
1584717588943,145.745
1584717608014,145.33
1584717615546,145.28
1584717625553,145.295
1584717625553,145.295
1584717647906,145.07
1584717662939,145
1584717670530,144.94
1584717679174,144.75
1584717694451,144.86
1584717704804,144.63
1584717707524,144.55
1584717726798,144.59
1584717736248,144.86
1584717748182,144.77
1584717752537,144.69
1584717752537,144.69
1584717778761,144.795
1584717789115,144.735
1584717789115,144.735
1584717804190,144.56
1584717804190,144.56
1584717804190,144.56
1584717838381,144.25
1584717845301,144
1584717862218,143.875
1584717870458,143.65
1584717884865,143.75
1584717895402,143.53
1584717901015,143.49
1584717909200,143.69
1584717919616,143.68
1584717929067,143.675
1584717929067,143.675
1584717952115,143.62
1584717965482,143.87
1584717972759,143.79
1584717972759,143.79
1584717972759,143.79
1584717972759,143.79
1584718015341,144.195
1584718029702,144.69
1584718036743,144.66
1584718036743,144.66
1584718064277,144.55
1584718073902,144.66
1584718086124,144.6
1584718090769,144.47
1584718106593,144.465
1584718108009,144.53
1584718127996,144.825
1584718127996,144.825
1584718146335,144.815
1584718152963,144.79
1584718163507,144.76
1584718163507,144.76
1584718163507,144.76
1584718163507,144.76
1584718203554,144.6
1584718203554,144.6
1584718229178,144.415
1584718240980,144.22
1584718253107,144.18
1584718261164,144.09
1584718273936,144.375
1584718284941,144.275
1584718290852,144.04
1584718296712,144.2
1584718310009,144.145
1584718326362,144.455
1584718337064,144.375
1584718346425,144.475
1584718359957,144.36
1584718365623,144.48
1584718371819,144.755
1584718371819,144.755
1584718394697,144.5
1584718394697,144.5
1584718394697,144.5
1584718394697,144.5
1584718440331,144.69
1584718440331,144.69
1584718454165,144.38
1584718474248,144.2
1584718477461,144.19
1584718477461,144.19
1584718477461,144.19
1584718477461,144.19
1584718526447,144.47
1584718526447,144.47
1584718547460,144.225
1584718557108,144.08
1584718567510,144.17
1584718567510,144.17
1584718586346,144
1584718596062,144.24
1584718609947,144.52
1584718617458,144.545
1584718630957,144.71
1584718639591,144.68
1584718649476,145.1
1584718663402,144.91
1584718667990,144.81
1584718667990,144.81
1584718692607,144.83
1584718702344,144.89
1584718715543,145.11
1584718724761,145.01
1584718736883,144.89
1584718746592,144.83
1584718746592,144.83
1584718746592,144.83
1584718777574,144.79
1584718777574,144.79
1584718777574,144.79
1584718777574,144.79
1584718820333,144.58
1584718820333,144.58
1584718820333,144.58
1584718820333,144.58
1584718855010,144.625
1584718855010,144.625
1584718880566,144.75
1584718891935,144.92
1584718891935,144.92
1584718891935,144.92
1584718918190,145.075
1584718918190,145.075
1584718936161,144.99
1584718955309,144.96
1584718966854,145.025
1584718976948,144.885
1584718980098,144.83
1584718995881,144.855
1584719006687,144.935
1584719011889,144.83
1584719022938,144.87
1584719035685,144.94
1584719050189,144.92
1584719059212,144.84
1584719059212,144.84
1584719072642,144.83
1584719090464,144.85
1584719100945,144.58
1584719108886,144.445
1584719121919,144.41
1584719128541,144.22
1584719142870,144.18
1584719150713,144.14
1584719164174,144.075
1584719172854,144.14
1584719187294,144.115
1584719196968,144.07
1584719206464,143.82
1584719215538,143.835
1584719225014,143.845
1584719233556,143.855
1584719233556,143.855
1584719253266,143.8
1584719271298,143.79
1584719279924,143.77
1584719292202,143.99
1584719293942,144.13
1584719293942,144.13
1584719321233,144.44
1584719332913,144.36
1584719344206,144.25
1584719348209,144.2
1584719363807,144.15
1584719372912,144.24
1584719379221,144.35
1584719386803,144.45
1584719405849,144.33
1584719415049,144.39
1584719427005,144.71
1584719429232,144.76
1584719444857,144.38
1584719456497,144.44
1584719467275,144.55
1584719467275,144.55
1584719480646,144.52
1584719493160,144.57
1584719493160,144.57
1584719493160,144.57
1584719493160,144.57
1584719493160,144.57
1584719543795,144.29
1584719543795,144.29
1584719543795,144.29
1584719583778,144.13
1584719594755,144.1
1584719604558,144
1584719613316,143.97
1584719626396,143.99
1584719634075,144.22
1584719641816,143.82
1584719641816,143.82
1584719666637,143.83
1584719673681,144.085
1584719684919,144.01
1584719691675,144.06
1584719691675,144.06
1584719715865,144.18
1584719715865,144.18
1584719734188,144.035
1584719747732,144.09
1584719757050,144.13
1584719765988,143.84
1584719780432,144.1
1584719780432,144.1
1584719803458,144.15
1584719811975,144.26
1584719819216,144.16
1584719835327,144.07
1584719843376,144.02
1584719856256,144.2
1584719859812,144.22
1584719859812,144.22
1584719885373,144.36
1584719888475,144.17
1584719900004,144.05
1584719917388,144.03
1584719924655,143.93
1584719934616,144.22
1584719941615,144.18
1584719941615,144.18
1584719968921,144.13
1584719977893,144.31
1584719990872,144.34
1584720003599,144.25
1584720003599,144.25
1584720003599,144.25
1584720031276,144.22
1584720037905,144.17
1584720037905,144.17
1584720059928,144.23
1584720075337,144.395
1584720085907,144.54
1584720095176,144.465
1584720099259,144.58
1584720113048,144.55
1584720127928,144.49
1584720138838,144.54
1584720145637,144.59
1584720158036,144.45
1584720158036,144.45
1584720179743,144.615
1584720184061,144.61
1584720197916,144.85
1584720210169,144.79
1584720221675,144.57
1584720230106,144.73
1584720234935,144.75
1584720247978,144.58
1584720247978,144.58
1584720274299,144.015
1584720284714,144.17
1584720288173,144.19
1584720305009,144.13
1584720305009,144.13
1584720327292,143.8
1584720333142,144.02
1584720342695,143.995
1584720342695,143.995
1584720342695,143.995
1584720342695,143.995
1584720385027,143.695
1584720398250,143.62
1584720398250,143.62
1584720419129,143.71
1584720419129,143.71
1584720440746,143.615
1584720450073,143.64
1584720463121,143.645
1584720467843,143.685
1584720484928,143.6
1584720490133,143.555
1584720490133,143.555
1584720513387,143.5
1584720523120,143.75
1584720523120,143.75
1584720548073,143.5
1584720557061,143.41
1584720567076,143.49
1584720577445,143.31
1584720581347,143.385
1584720600139,143.22
1584720610489,143.32
1584720618128,143.41
1584720632773,143.24
1584720641744,143.25
1584720641744,143.25
1584720663660,143.38
1584720674564,143.36
1584720684974,143.31
1584720689600,143.315
1584720701546,143.18
1584720701546,143.18
1584720724381,143.12
1584720732192,143.25
1584720746186,143.25
1584720746186,143.25
1584720762776,143.24
1584720775458,143.46
1584720787137,143.335
1584720787137,143.335
1584720808113,143.37
1584720814211,143.6
1584720814211,143.6
1584720814211,143.6
1584720842564,143.4
1584720862029,143.32
1584720872219,143.57
1584720881414,143.48
1584720893578,143.41
1584720902287,143.41
1584720908082,143.46
1584720925661,143.29
1584720933277,143.415
1584720942419,143.385
1584720949548,143.37
1584720949548,143.37
1584720975239,143.475
1584720986040,143.36
1584720995495,143.15
1584721004455,143.295
1584721016475,143.15
1584721016475,143.15
1584721034187,142.98
1584721046735,143.18
1584721046735,143.18
1584721046735,143.18
1584721079416,143.07
1584721091165,143.05
1584721098902,142.97
1584721107222,142.88
1584721107222,142.88
1584721137955,142.97
1584721141660,142.9
1584721158072,142.75
1584721167323,142.73
1584721178433,142.89
1584721185282,142.82
1584721197718,142.93
1584721211193,143.16
1584721215321,143.2
1584721227850,143.02
1584721242283,142.95
1584721248822,142.71
1584721257099,142.7
1584721270008,142.67
1584721270008,142.67
1584721284658,142.53
1584721297799,142.425
1584721315027,142.6
1584721320080,142.47
1584721333277,142.55
1584721337783,142.47
1584721349542,142.375
1584721364095,142.245
1584721370951,142.235
1584721384784,142.16
1584721398279,142.115
1584721404425,142.075
1584721416755,142.1
1584721416755,142.1
1584721438294,142.14
1584721448469,142.15
1584721462156,142.345
1584721471638,142.23
1584721482625,142.06
1584721483318,142.035
1584721502935,142
1584721507414,142.07
1584721522061,141.95
1584721532647,141.93
1584721544455,141.73
1584721551290,141.95
1584721561595,141.935
1584721574659,141.91
1584721587634,141.865
1584721593568,141.73
1584721608526,141.59
1584721608526,141.59
1584721629022,141.665
1584721638862,141.61
1584721645094,141.585
1584721657726,141.695
1584721668083,141.535
1584721681176,141.59
1584721687492,141.445
1584721702528,141.3
1584721707893,141.34
1584721721276,141.16
1584721721276,141.16
1584721743647,141.1
1584721746649,141.18
1584721760815,141.22
1584721772492,141.19
1584721772492,141.19
1584721796217,141.92
1584721806342,141.74
1584721813673,141.88
1584721827714,141.99
1584721831830,141.945
1584721846808,141.92
1584721854576,142.07
1584721866498,142.01
1584721879185,142.09
1584721891205,142.02
1584721892146,142.07
1584721912183,142.55
1584721924116,142.42
1584721927910,142.37
1584721944488,142.24
1584721953774,142.425
1584721962399,142.52
1584721973220,142.495
1584721979856,142.56
1584721997253,142.77
1584722001736,142.72
1584722016383,142.73
1584722028017,142.83
1584722041000,143
1584722051645,143.06
1584722057797,143.1
1584722071858,143.2
1584722082464,143.19
1584722082464,143.19
1584722098084,143.33
1584722110316,143.11
1584722123277,143.185
1584722134740,142.87
1584722134740,142.87
1584722134740,142.87
1584722159304,143.11
1584722159304,143.11
1584722181252,142.99
1584722194789,142.875
1584722194789,142.875
1584722220631,142.8
1584722220631,142.8
1584722241001,142.59
1584722250597,142.845
1584722257037,142.67
1584722264227,142.625
1584722277617,142.47
1584722291083,142.275
1584722291083,142.275
1584722314208,142.1
1584722317744,142.1
1584722327406,141.99
1584722340282,142.04
1584722351913,142.26
1584722351913,142.26
1584722371327,142.29
1584722385878,142.06
1584722395999,142.185
1584722395999,142.185
1584722418751,142.21
1584722427102,142.035
1584722435822,141.895
1584722441180,141.88
1584722441180,141.88
1584722470857,141.75
1584722477857,141.6
1584722491859,141.595
1584722500080,141.555
1584722510758,141.68
1584722521970,141.595
1584722521970,141.595
1584722521970,141.595
1584722556182,141.93
1584722557724,141.99
1584722557724,141.99
1584722587166,142.08
1584722598472,142.17
1584722603784,141.94
1584722613594,141.96
1584722621008,142.09
1584722621008,142.09
1584722621008,142.09
1584722659230,142
1584722663175,142.06
1584722682530,142.07
1584722689857,141.99
1584722689857,141.99
1584722689857,141.99
1584722723136,142.13
1584722735172,142.215
1584722744448,142.165
1584722751246,142.05
1584722767253,142.07
1584722776982,142.1
1584722788863,142.125
1584722795265,142.18
1584722802167,142.15
1584722814409,142.28
1584722814409,142.28
1584722814409,142.28
1584722848605,142.19
1584722856727,142.37
1584722871807,142.59
1584722871807,142.59
1584722871807,142.59
1584722871807,142.59
1584722871807,142.59
1584722919838,142.62
1584722919838,142.62
1584722919838,142.62
1584722919838,142.62
1584722919838,142.62
1584722978630,142.85
1584722978630,142.85
1584722978630,142.85
1584723008044,142.74
1584723008044,142.74
1584723029193,143
1584723029193,143
1584723029193,143
1584723061484,143.025
1584723066559,142.88
1584723066559,142.88
1584723066559,142.88
1584723099012,143.21
1584723110739,143.13
1584723110739,143.13
1584723135326,143.22
1584723145148,143.38
1584723145148,143.38
1584723163771,143.5
1584723177292,143.54
1584723182841,143.71
1584723182841,143.71
1584723209432,143.755
1584723219384,143.765
1584723227073,143.53
1584723227073,143.53
1584723249012,143.87
1584723255372,143.88
1584723255372,143.88
1584723255372,143.88
1584723255372,143.88
1584723255372,143.88
1584723307056,143.58
1584723318969,143.74
1584723334366,143.98
1584723341934,143.97
1584723347683,144
1584723347683,144
1584723373629,143.96
1584723373629,143.96
1584723373629,143.96
1584723407935,144.03
1584723407935,144.03
1584723429263,144.25
1584723429263,144.25
1584723429263,144.25
1584723453308,144.12
1584723462611,144.155
1584723481907,144.01
1584723492595,143.97
1584723500244,143.71
1584723505089,143.74
1584723505089,143.74
1584723534277,143.57
1584723534277,143.57
1584723534277,143.57
1584723564773,143.45
1584723576553,143.12
1584723585157,143.14
1584723596848,142.785
1584723596848,142.785
1584723610533,142.695
1584723624201,142.86
1584723624201,142.86
1584723624201,142.86
1584723662304,143
1584723671616,143.15
1584723677873,143.18
1584723688204,143.25
1584723703470,143.23
1584723704722,143.23
1584723704722,143.23
1584723731493,143.7
1584723745434,143.75
1584723754660,143.71
1584723754660,143.71
1584723775422,143.75
1584723787180,143.5
1584723787180,143.5
1584723787180,143.5
1584723816870,143.78
1584723816870,143.78
1584723839083,143.795
1584723846141,143.6
1584723859547,143.645
1584723865115,143.74
1584723865115,143.74
1584723865115,143.74
1584723903953,143.58
1584723911833,143.56
1584723919259,143.72
1584723919259,143.72
1584723919259,143.72
1584723919259,143.72
1584723965011,143.66
1584723965011,143.66
1584723965011,143.66
1584723991366,143.53
1584724005011,143.54
1584724013488,143.39
1584724027679,143.56
1584724027679,143.56
1584724043601,143.71
1584724061457,143.89
1584724061732,143.84
1584724076576,143.77
1584724089715,143.77
1584724089715,143.77
1584724111923,143.87
1584724123258,143.98
1584724123258,143.98
1584724139693,143.97
1584724154522,143.825
1584724163151,143.9
1584724163151,143.9
1584724183489,143.75
1584724183489,143.75
1584724204237,143.81
1584724209608,143.85
1584724209608,143.85
1584724209608,143.85
1584724209608,143.85
1584724209608,143.85
1584724269881,143.89
1584724280608,143.9
1584724285535,143.93
1584724296971,143.85
1584724310869,143.82
1584724321608,143.7
1584724326790,143.34
1584724336336,143.515
1584724350180,143.535
1584724361617,143.74
1584724361617,143.74
1584724386568,143.69
1584724396838,143.74
1584724401902,143.63
1584724401902,143.63
1584724401902,143.63
1584724434263,143.68
1584724443594,143.705
1584724443594,143.705
1584724443594,143.705
1584724472811,143.43
1584724485835,143.58
1584724485835,143.58
1584724512075,143.61
1584724512075,143.61
1584724533823,143.425
1584724541640,143.45
1584724541640,143.45
1584724557063,143.25
1584724557063,143.25
1584724557063,143.25
1584724557063,143.25
1584724557063,143.25
1584724557063,143.25
1584724557063,143.25
1584724557063,143.25
1584724650602,143.54
1584724650602,143.54
1584724663845,143.9
1584724663845,143.9
1584724687689,143.68
1584724697653,143.82
1584724710354,143.84
1584724721886,143.78
1584724726676,143.76
1584724742515,143.88
1584724755789,143.88
1584724767158,143.9
1584724769644,143.85
1584724786921,143.79
1584724786921,143.79
1584724808247,143.545
1584724818255,143.365
1584724830170,143.47
1584724836242,143.43
1584724836242,143.43
1584724856329,143.625
1584724856329,143.625
1584724856329,143.625
1584724887995,143.68
1584724896340,143.8
1584724896340,143.8
1584724896340,143.8
1584724896340,143.8
1584724896340,143.8
1584724950930,143.44
1584724963595,143.475
1584724963595,143.475
1584724987338,143.32
1584724987338,143.32
1584724987338,143.32
1584725013772,143.29
1584725013772,143.29
1584725033387,143.2
1584725047582,143.16
1584725060033,143.15
1584725070487,143.18
1584725070487,143.18
1584725092309,142.995
1584725098465,143.07
1584725109005,142.91
1584725115325,142.8
1584725133644,143.08
1584725138837,142.87
1584725138837,142.87
1584725138837,142.87
1584725138837,142.87
1584725138837,142.87
1584725138837,142.87
1584725198795,142.7
1584725198795,142.7
1584725198795,142.7
1584725230077,142.845
1584725230077,142.845
1584725260075,142.69
1584725262675,142.74
1584725262675,142.74
1584725290115,142.64
1584725302443,142.71
1584725312130,142.89
1584725323055,142.77
1584725323055,142.77
1584725338585,142.765
1584725350010,142.64
1584725350010,142.64
1584725374840,142.69
1584725376559,142.65
1584725392053,142.77
1584725398447,142.73
1584725398447,142.73
1584725426749,143.05
1584725426749,143.05
1584725439727,143.36
1584725455696,143.14
1584725469073,143.16
1584725469073,143.16
1584725489952,143.13
1584725500160,143.28
1584725510981,143.02
1584725521816,143.065
1584725526598,142.99
1584725536945,142.945
1584725551180,143.06
1584725561589,143.03
1584725561589,143.03
1584725583323,143.09
1584725591714,143.07
1584725605803,142.95
1584725605803,142.95
1584725619035,142.94
1584725619035,142.94
1584725619035,142.94
1584725619035,142.94
1584725619035,142.94
1584725673947,142.82
1584725673947,142.82
1584725673947,142.82
1584725706051,142.81
1584725706051,142.81
1584725721302,142.98
1584725742180,142.9
1584725742180,142.9
1584725742180,142.9
1584725742180,142.9
1584725782898,142.7
1584725785641,142.61
1584725801745,142.805
1584725810790,142.54
1584725821721,142.28
1584725826856,142.39
1584725826856,142.39
1584725856145,142.5
1584725862342,142.49
1584725873239,142.39
1584725890113,142.285
1584725892892,142.35
1584725892892,142.35
1584725918620,142.47
1584725918620,142.47
1584725933495,142.52
1584725944060,142.49
1584725955882,142.49
1584725972910,142.675
1584725974440,142.85
1584725974440,142.85
1584725999194,142.78
1584726015791,142.59
1584726016318,142.62
1584726016318,142.62
1584726044812,142.63
1584726055797,142.73
1584726055797,142.73
1584726075551,142.6
1584726088698,142.675
1584726095010,142.585
1584726095010,142.585
1584726095010,142.585
1584726123400,142.685
1584726135934,142.69
1584726135934,142.69
1584726161945,142.735
1584726170569,142.81
1584726182844,142.63
1584726186648,142.795
1584726202039,142.785
1584726214521,142.85
1584726214521,142.85
1584726231054,142.77
1584726239067,142.76
1584726239067,142.76
1584726239067,142.76
1584726277718,142.73
1584726287383,142.68
1584726294805,142.71
1584726294805,142.71
1584726318455,142.85
1584726318455,142.85
1584726337500,142.98
1584726349637,142.91
1584726349637,142.91
1584726364413,142.83
1584726373177,142.855
1584726389509,142.955
1584726400474,142.93
1584726413389,142.86
1584726423025,142.855
1584726434129,142.68
1584726445083,142.6
1584726454610,142.45
1584726454610,142.45
1584726473700,142.68
1584726473700,142.68
1584726473700,142.68
1584726505947,142.655
1584726518637,142.515
1584726527773,142.51
1584726537681,142.38
1584726547583,142.34
1584726559403,142.21
1584726571040,142.27
1584726571390,142.265
1584726590087,142.25
1584726599246,142.24
1584726611643,142.33
1584726613518,142.31
1584726624012,142.41
1584726643412,142.31
1584726643412,142.31
1584726655379,142.285
1584726671964,142.47
1584726684843,142.355
1584726696320,142.53
1584726696320,142.53
1584726709656,142.495
1584726724695,142.37
1584726736175,142.445
1584726742646,142.63
1584726751989,142.49
1584726765138,142.51
1584726778409,142.55
1584726778409,142.55
1584726799723,142.73
1584726810756,142.37
1584726817834,142.57
1584726817834,142.57
1584726840662,142.605
1584726853265,142.55
1584726858713,142.63
1584726858713,142.63
1584726878819,142.51
1584726878819,142.51
1584726896458,142.45
1584726896458,142.45
1584726896458,142.45
1584726896458,142.45
1584726946872,142.56
1584726948440,142.51
1584726948440,142.51
1584726977918,142.405
1584726988863,142.43
1584726994544,142.365
1584727003000,142.41
1584727003000,142.41
1584727029156,142.205
1584727035251,142.12
1584727035251,142.12
1584727035251,142.12
1584727072594,142.265
1584727072594,142.265
1584727072594,142.265
1584727072594,142.265
1584727072594,142.265
1584727072594,142.265
1584727126379,142.27
1584727141181,142.25
1584727154828,142.25
1584727164308,142.21
1584727164308,142.21
1584727183805,142.475
1584727194206,142.37
1584727207354,142.385
1584727214224,142.61
1584727222768,142.41
1584727240012,142.5
1584727240012,142.5
1584727240012,142.5
1584727240012,142.5
1584727240012,142.5
1584727290193,142.315
1584727290193,142.315
1584727314676,142.56
1584727314676,142.56
1584727314676,142.56
1584727346786,142.43
1584727356428,142.44
1584727356428,142.44
1584727376802,142.58
1584727383455,142.62
1584727383455,142.62
1584727383455,142.62
1584727417260,142.345
1584727428998,142.35
1584727440339,142.35
1584727440339,142.35
1584727457563,142.45
1584727467935,142.46
1584727480818,142.51
1584727494009,142.52
1584727501860,142.5
1584727515343,142.72
1584727515343,142.72
1584727515343,142.72
1584727515343,142.72
1584727515343,142.72
1584727567275,142.98
1584727567275,142.98
1584727567275,142.98
1584727567275,142.98
1584727609580,143.42
1584727609580,143.42
1584727629009,143.2
1584727629009,143.2
1584727629009,143.2
1584727661283,142.96
1584727661283,142.96
1584727661283,142.96
1584727661283,142.96
1584727661283,142.96
1584727661283,142.96
1584727661283,142.96
1584727661283,142.96
1584727736213,143.05
1584727748478,142.94
1584727759791,143.04
1584727771578,143.135
1584727771578,143.135
1584727791586,142.96
1584727799209,142.98
1584727799209,142.98
1584727827446,143.09
1584727835999,142.94
1584727835999,142.94
1584727835999,142.94
1584727835999,142.94
1584727879790,142.98
1584727879790,142.98
1584727900224,142.785
1584727900224,142.785
1584727916008,142.92
1584727916008,142.92
1584727916008,142.92
1584727945367,142.6
1584727961600,142.6
1584727966856,142.525
1584727966856,142.525
1584727966856,142.525
1584728006014,142.51
1584728015862,142.43
1584728015862,142.43
1584728015862,142.43
1584728044670,142.345
1584728056396,142.31
1584728067456,142.36
1584728076037,142.25
1584728085060,142.3
1584728097540,142.22
1584728102836,141.93
1584728102836,141.93
1584728130091,141.77
1584728142502,141.78
1584728148458,141.62
1584728163469,141.54
1584728171062,141.415
1584728182920,141.47
1584728194475,141.33
1584728204901,141.42
1584728216137,141.545
1584728226123,141.47
1584728236145,141.39
1584728247983,141.18
1584728252783,141.15
1584728252783,141.15
1584728275512,141.19
1584728290194,141.08
1584728299168,141.18
1584728311634,141.08
1584728311634,141.08
1584728311634,141.08
1584728341840,141.14
1584728350874,141.225
1584728357447,141.135
1584728374126,141.16
1584728380548,141.185
1584728385230,141.3
1584728400435,141.3
1584728410934,141.54
1584728426058,141.45
1584728435948,141.415
1584728447578,141.57
1584728457100,141.62
1584728468156,141.805
1584728477168,141.735
1584728488701,141.52
1584728494048,141.44
1584728508451,141.32
1584728520303,141.415
1584728531308,141.345
1584728537144,141.315
1584728551976,141.325
1584728558715,141.275
1584728573304,141.325
1584728580849,141.305
1584728590415,141.23
1584728595868,141.32
1584728615524,141.43
1584728625835,141.32
1584728631960,141.305
1584728645949,141.215
1584728657375,141.095
1584728667387,141.13
1584728673908,141.09
1584728687298,141.06
1584728697991,141.13
1584728704097,141.195
1584728718977,141.23
1584728729328,141.06
1584728736482,140.97
1584728746459,140.84
1584728758005,140.95
1584728767988,140.53
1584728779878,140.66
1584728790893,140.42
1584728803418,140.39
1584728804466,140.455
1584728804466,140.455
1584728804466,140.455
1584728804466,140.455
1584728850476,140.65
1584728850476,140.65
1584728874472,140.5
1584728874472,140.5
1584728897411,140.815
1584728903385,140.57
1584728903385,140.57
1584728923158,140.53
1584728923158,140.53
1584728948534,140.5
1584728948534,140.5
1584728948534,140.5
1584728980467,141.015
1584728984925,140.96
1584728999028,140.87
1584728999028,140.87
1584729020536,141.17
1584729020536,141.17
1584729041138,141.18
1584729041138,141.18
1584729066283,141.27
1584729075063,141.295
1584729086052,141.11
1584729086052,141.11
1584729107754,141.02
1584729116599,141.13
1584729116599,141.13
1584729116599,141.13
1584729147616,140.98
1584729153939,140.985
1584729153939,140.985
1584729174040,140.93
1584729184153,140.89
1584729202017,140.76
1584729211434,140.67
1584729219515,140.69
1584729219515,140.69
1584729240275,141.07
1584729254798,140.78
1584729262204,140.85
1584729268961,140.77
1584729268961,140.77
1584729295901,140.555
1584729307606,140.57
1584729318499,140.57
1584729328511,140.49
1584729331957,140.485
1584729349845,140.575
1584729359669,140.56
1584729359669,140.56
1584729374104,140.95
1584729387426,140.63
1584729394251,140.65
1584729412359,140.5
1584729420662,140.56
1584729431936,140.5
1584729442336,140.48
1584729452758,140.29
1584729462555,140.33
1584729462555,140.33
1584729484608,140.29
1584729484608,140.29
1584729498887,140.18
1584729498887,140.18
1584729525756,140.21
1584729534137,140.3
1584729534137,140.3
1584729534137,140.3
1584729569180,140.07
1584729569180,140.07
1584729590061,140.36
1584729595546,140.555
1584729610235,140.575
1584729622030,140.29
1584729627676,140.34
1584729643590,140.14
1584729643590,140.14
1584729658279,140.06
1584729658279,140.06
1584729658279,140.06
1584729686912,140.17
1584729686912,140.17
1584729686912,140.17
1584729725835,140.53
1584729728641,140.57
1584729728641,140.57
1584729754266,140.45
1584729768281,140.545
1584729775591,140.36
1584729780566,140.45
1584729780566,140.45
1584729780566,140.45
1584729820570,140.36
1584729820570,140.36
1584729820570,140.36
1584729820570,140.36
1584729861009,140.32
1584729874265,140.5
1584729875491,140.48
1584729895217,140.55
1584729903567,140.75
1584729903567,140.75
1584729921352,140.7
1584729932775,140.65
1584729947474,140.72
1584729958444,140.72
1584729967473,140.74
1584729972057,140.8
1584729987414,140.915
1584729999856,141.21
1584730003836,141.12
1584730018809,141.12
1584730030561,140.99
1584730040050,140.87
1584730040050,140.87
1584730055413,140.63
1584730055413,140.63
1584730055413,140.63
1584730086952,140.785
1584730086952,140.785
1584730111296,140.86
1584730111296,140.86
1584730111296,140.86
1584730111296,140.86
1584730153470,140.81
1584730161494,140.77
1584730178054,140.86
1584730190077,140.87
1584730200026,140.94
1584730209427,141.09
1584730209427,141.09
1584730209427,141.09
1584730234980,141.02
1584730248691,141.21
1584730257145,141.02
1584730257145,141.02
1584730284151,141.19
1584730284151,141.19
1584730284151,141.19
1584730284151,141.19
1584730284151,141.19
1584730334405,140.86
1584730334405,140.86
1584730334405,140.86
1584730365288,140.66
1584730369640,140.615
1584730369640,140.615
1584730395365,140.53
1584730408025,140.35
1584730421622,140.21
1584730427886,140.025
1584730439797,140.04
1584730446080,139.9
1584730446080,139.9
1584730469022,139.8
1584730481313,139.735
1584730481313,139.735
1584730481313,139.735
1584730509147,139.935
1584730509147,139.935
1584730533502,139.76
1584730533502,139.76
1584730556698,139.57
1584730559401,139.5
1584730572031,139.55
1584730583910,139.6
1584730592303,139.5
1584730592303,139.5
1584730620622,139.425
1584730630334,139.25
1584730632722,139.25
1584730648571,139.34
1584730648571,139.34
1584730672804,139.145
1584730680412,139.155
1584730693871,139.04
1584730703633,139
1584730712564,139.1
1584730724727,139.395
1584730732844,139.41
1584730742849,139.395
1584730748550,139.16
1584730748550,139.16
1584730748550,139.16
1584730785282,139.6
1584730796460,139.515
