1587648662869,173.92
1587648670028,173.73
1587648670028,173.73
1587648689372,173.745
1587648705275,173.645
1587648711476,173.74
1587648716939,173.7
1587648716939,173.7
1587648744972,173.74
1587648753171,173.745
1587648765970,173.99
1587648772127,174.21
1587648789144,174.41
1587648793177,174.33
1587648812884,174.415
1587648822620,174.5
1587648832637,174.52
1587648840189,174.57
1587648854507,174.84
1587648859065,174.98
1587648875116,174.77
1587648884243,174.825
1587648894246,174.945
1587648905553,175.02
1587648916357,174.78
1587648923553,174.76
1587648936005,174.76
1587648945961,174.615
1587648955961,174.705
1587648969160,174.665
1587648972928,174.64
1587648990615,174.62
1587648991766,174.67
1587649012145,174.765
1587649022973,174.855
1587649032424,174.95
1587649039745,174.885
1587649039745,174.885
1587649060864,174.79
1587649066648,174.68
1587649083555,174.72
1587649093335,174.645
1587649104784,174.555
1587649115447,174.54
1587649125096,174.58
1587649130478,174.56
1587649142286,174.625
1587649156522,174.515
1587649168720,174.435
1587649172061,174.44
1587649191515,174.375
1587649191515,174.375
1587649191515,174.375
1587649221019,174.47
1587649233052,174.6
1587649234751,174.58
1587649234751,174.58
1587649262669,174.685
1587649270977,174.785
1587649279152,174.71
1587649279152,174.71
1587649297664,174.715
1587649314070,174.63
1587649314070,174.63
1587649329650,174.56
1587649347900,174.58
1587649354395,174.655
1587649354395,174.655
1587649373586,174.605
1587649373586,174.605
1587649397421,174.43
1587649406251,174.395
1587649420710,174.465
1587649420710,174.465
1587649443918,174.56
1587649452754,174.505
1587649459621,174.505
1587649470639,174.525
1587649479699,174.53
1587649491784,174.57
1587649501042,174.635
1587649515593,174.6
1587649519324,174.56
1587649532238,174.34
1587649545707,174.42
1587649545707,174.42
1587649568230,174.37
1587649577255,174.34
1587649577255,174.34
1587649601050,174.36
1587649605544,174.34
1587649623196,174.25
1587649623196,174.25
1587649623196,174.25
1587649652004,174.16
1587649656681,174.16
1587649656681,174.16
1587649656681,174.16
1587649690636,174.39
1587649690636,174.39
1587649690636,174.39
1587649690636,174.39
1587649690636,174.39
1587649690636,174.39
1587649753229,174.61
1587649753229,174.61
1587649777013,174.635
1587649777013,174.635
1587649799813,174.57
1587649807624,174.39
1587649807624,174.39
1587649823969,174.29
1587649823969,174.29
1587649853379,174.34
1587649853379,174.34
1587649877170,174.29
1587649877170,174.29
1587649894691,174.11
1587649901249,174.1
1587649916621,174.1
1587649916621,174.1
1587649916621,174.1
1587649948837,174.15
1587649948837,174.15
1587649948837,174.15
1587649979951,174.235
1587649990166,174.16
1587649997301,174.26
1587650011968,174.32
1587650011968,174.32
1587650032913,174.185
1587650032913,174.185
1587650048443,174.085
1587650048443,174.085
1587650048443,174.085
1587650085427,174.11
1587650088560,174.14
1587650107855,174.16
1587650107855,174.16
1587650124323,174.095
1587650139348,174.16
1587650147773,174.19
1587650147773,174.19
1587650147773,174.19
1587650147773,174.19
1587650147773,174.19
1587650147773,174.19
1587650147773,174.19
1587650225510,174.38
1587650233479,174.36
1587650242317,174.37
1587650242317,174.37
1587650242317,174.37
1587650242317,174.37
1587650289182,174.23
1587650302189,174.16
1587650303797,174.155
1587650320116,174.095
1587650320116,174.095
1587650320116,174.095
1587650353678,174.225
1587650353678,174.225
1587650353678,174.225
1587650353678,174.225
1587650396159,174.29
1587650398231,174.335
1587650419406,174.27
1587650428776,174.305
1587650428776,174.305
1587650452324,174.43
1587650452324,174.43
1587650452324,174.43
1587650479859,174.48
1587650489150,174.44
1587650489150,174.44
1587650508250,174.475
1587650508250,174.475
1587650508250,174.475
1587650548886,174.225
1587650548886,174.225
1587650548886,174.225
1587650580455,174.08
1587650580455,174.08
1587650580455,174.08
1587650605329,173.94
1587650605329,173.94
1587650605329,173.94
1587650605329,173.94
1587650654777,174.27
1587650664148,174.23
1587650664148,174.23
1587650681381,174.18
1587650694538,174.1
1587650694538,174.1
1587650714674,174.14
1587650714674,174.14
1587650736137,174.11
1587650736137,174.11
1587650736137,174.11
1587650736137,174.11
1587650736137,174.11
1587650736137,174.11
1587650736137,174.11
1587650736137,174.11
1587650736137,174.11
1587650736137,174.11
1587650736137,174.11
1587650736137,174.11
1587650861404,174.04
1587650861404,174.04
1587650883414,174.195
1587650895720,174.22
1587650895720,174.22
1587650921019,174.2
1587650921019,174.2
1587650934015,174.26
1587650934015,174.26
1587650960035,174.255
1587650960035,174.255
1587650960035,174.255
1587650960035,174.255
1587650960035,174.255
1587650960035,174.255
1587651021061,174.32
1587651021061,174.32
1587651021061,174.32
1587651053402,174.195
1587651053402,174.195
1587651053402,174.195
1587651053402,174.195
1587651053402,174.195
1587651053402,174.195
1587651120822,174.105
1587651120822,174.105
1587651135690,174.09
1587651135690,174.09
1587651135690,174.09
1587651135690,174.09
1587651177594,174.11
1587651187316,174.03
1587651205484,173.86
1587651205484,173.86
1587651205484,173.86
1587651205484,173.86
1587651238028,173.9
1587651254354,173.9
1587651258606,173.895
1587651274003,173.875
1587651290813,173.81
1587651290813,173.81
1587651306364,173.69
1587651306364,173.69
1587651331255,173.62
1587651331255,173.62
1587651331255,173.62
1587651331255,173.62
1587651331255,173.62
1587651331255,173.62
1587651331255,173.62
1587651331255,173.62
1587651331255,173.62
1587651331255,173.62
1587651331255,173.62
1587651447563,174.055
1587651447563,174.055
1587651470980,174.07
1587651470980,174.07
1587651486464,174.06
1587651500133,174.125
1587651504433,174.16
1587651524181,174.2
1587651524181,174.2
1587651524181,174.2
1587651524181,174.2
1587651524181,174.2
1587651575280,174.4
1587651575280,174.4
1587651597318,174.345
1587651606770,174.41
1587651606770,174.41
1587651626131,174.385
1587651626131,174.385
1587651626131,174.385
1587651626131,174.385
1587651626131,174.385
1587651626131,174.385
1587651626131,174.385
1587651626131,174.385
1587651626131,174.385
1587651626131,174.385
1587651626131,174.385
1587651737110,174.31
1587651754280,174.3
1587651755887,174.32
1587651768517,174.365
1587651775719,174.35
1587651775719,174.35
1587651804016,174.44
1587651809822,174.445
1587651824382,174.44
1587651840497,174.365
1587651847410,174.405
1587651847410,174.405
1587651858965,174.42
1587651883196,174.41
1587651883196,174.41
1587651883196,174.41
1587651911320,174.335
1587651911320,174.335
1587651933338,174.34
1587651933338,174.34
1587651933338,174.34
1587651967015,174.4
1587651967015,174.4
1587651987832,174.5
1587651987832,174.5
1587652007665,174.445
1587652014637,174.475
1587652029418,174.415
1587652033197,174.385
1587652033197,174.385
1587652033197,174.385
1587652033197,174.385
1587652078531,174.465
1587652078531,174.465
1587652078531,174.465
1587652110839,174.41
1587652110839,174.41
1587652110839,174.41
1587652143218,174.28
1587652153070,174.2
1587652165396,174.225
1587652165396,174.225
1587652187170,174.28
1587652187170,174.28
1587652187170,174.28
1587652213597,174.37
1587652213597,174.37
1587652230549,174.32
1587652230549,174.32
1587652259601,174.4
1587652259601,174.4
1587652275089,174.34
1587652275089,174.34
1587652275089,174.34
1587652310150,174.355
1587652323942,174.375
1587652329388,174.32
1587652329388,174.32
1587652350213,174.34
1587652350213,174.34
1587652350213,174.34
1587652350213,174.34
1587652350213,174.34
1587652350213,174.34
1587652350213,174.34
1587652426354,174.5
1587652426354,174.5
1587652447767,174.6
1587652447767,174.6
1587652447767,174.6
1587652447767,174.6
1587652447767,174.6
1587652447767,174.6
1587652447767,174.6
1587652447767,174.6
1587652447767,174.6
1587652447767,174.6
1587652447767,174.6
1587652567647,174.535
1587652575394,174.525
1587652592594,174.485
1587652596106,174.525
1587652609433,174.575
1587652609433,174.575
1587652609433,174.575
1587652609433,174.575
1587652609433,174.575
1587652663913,174.52
1587652666620,174.485
1587652666620,174.485
1587652666620,174.485
1587652703598,174.525
1587652703598,174.525
1587652703598,174.525
1587652703598,174.525
1587652745115,174.555
1587652745115,174.555
1587652745115,174.555
1587652780530,174.57
1587652780530,174.57
1587652780530,174.57
1587652780530,174.57
1587652826115,174.71
1587652826115,174.71
1587652826115,174.71
1587652857648,174.89
1587652862885,174.82
1587652862885,174.82
1587652888388,174.83
1587652899441,174.9
1587652904599,174.885
1587652921328,174.94
1587652922090,174.94
1587652933722,174.93
1587652953855,175.035
1587652961476,174.95
1587652961476,174.95
1587652981102,174.92
1587652986138,174.92
1587652997421,174.935
1587653009482,174.88
1587653026221,174.9
1587653036299,174.9
1587653036299,174.9
1587653054574,174.91
1587653054574,174.91
1587653075131,174.89
1587653091678,174.87
1587653098579,174.84
1587653104584,174.815
1587653104584,174.815
1587653104584,174.815
1587653141119,174.76
1587653147556,174.765
1587653147556,174.765
1587653147556,174.765
1587653184961,174.73
1587653196251,174.685
1587653196251,174.685
1587653196251,174.685
1587653196251,174.685
1587653196251,174.685
1587653249748,174.68
1587653249748,174.68
1587653264654,174.64
1587653264654,174.64
1587653264654,174.64
1587653264654,174.64
1587653264654,174.64
1587653264654,174.64
1587653264654,174.64
1587653264654,174.64
1587653264654,174.64
1587653264654,174.64
1587653377163,174.76
1587653378083,174.755
1587653378083,174.755
1587653378083,174.755
1587653378083,174.755
1587653378083,174.755
1587653378083,174.755
1587653378083,174.755
1587653378083,174.755
1587653472243,174.7
1587653472243,174.7
1587653472243,174.7
1587653505769,174.71
1587653508967,174.68
1587653508967,174.68
1587653527275,174.68
1587653527275,174.68
1587653557981,174.68
1587653558697,174.685
1587653569754,174.7
1587653580809,174.715
1587653580809,174.715
1587653580809,174.715
1587653580809,174.715
1587653580809,174.715
1587653580809,174.715
1587653645927,174.73
1587653645927,174.73
1587653666365,174.7
1587653666365,174.7
1587653687261,174.64
1587653687261,174.64
1587653712734,174.675
1587653722192,174.685
1587653730618,174.685
1587653730618,174.685
1587653754856,174.645
1587653754856,174.645
1587653754856,174.645
1587653754856,174.645
1587653754856,174.645
1587653754856,174.645
1587653813734,174.65
1587653813734,174.65
1587653813734,174.65
1587653813734,174.65
1587653813734,174.65
1587653813734,174.65
1587653880008,174.7
1587653890927,174.71
1587653890927,174.71
1587653912691,174.79
1587653920583,174.8
1587653932035,174.84
1587653932035,174.84
1587653953531,174.705
1587653966311,174.7
1587653972538,174.64
1587653972538,174.64
1587653972538,174.64
1587653972538,174.64
1587653972538,174.64
1587654026735,174.545
1587654026735,174.545
1587654050832,174.545
1587654063456,174.55
1587654074202,174.48
1587654074202,174.48
1587654097606,174.435
1587654097606,174.435
1587654118267,174.48
1587654118267,174.48
1587654118267,174.48
1587654118267,174.48
1587654118267,174.48
1587654169910,174.48
1587654169910,174.48
1587654169910,174.48
1587654206451,174.515
1587654211101,174.53
1587654226983,174.54
1587654228408,174.535
1587654248061,174.495
1587654253797,174.475
1587654253797,174.475
1587654282196,174.445
1587654290069,174.395
1587654298256,174.38
1587654307115,174.36
1587654322286,174.25
1587654332557,174.285
1587654332557,174.285
1587654332557,174.285
1587654365104,174.32
1587654365104,174.32
1587654365104,174.32
1587654392916,174.29
1587654410255,174.22
1587654410255,174.22
1587654410255,174.22
1587654441601,174.18
1587654452300,174.215
1587654452300,174.215
1587654472559,174.215
1587654472559,174.215
1587654472559,174.215
1587654472559,174.215
1587654472559,174.215
1587654527357,174.28
1587654527357,174.28
1587654550598,174.29
1587654561782,174.265
1587654561782,174.265
1587654579406,174.24
1587654592637,174.21
1587654592637,174.21
1587654609324,174.2
1587654609324,174.2
1587654626337,174.21
1587654643149,174.235
1587654643149,174.235
1587654656550,174.235
1587654670459,174.265
1587654688099,174.14
1587654699387,174.115
1587654699387,174.115
1587654699387,174.115
1587654699387,174.115
1587654735458,174.005
1587654735458,174.005
1587654760235,174.04
1587654767622,174.045
1587654782065,174.045
1587654782065,174.045
1587654782065,174.045
1587654782065,174.045
1587654816312,174.07
1587654816312,174.07
1587654816312,174.07
1587654851448,174.005
1587654866029,173.99
1587654866029,173.99
1587654866029,173.99
1587654866029,173.99
1587654866029,173.99
1587654866029,173.99
1587654866029,173.99
1587654941012,174.135
1587654941012,174.135
1587654941012,174.135
1587654971971,174.095
1587654985691,174.04
1587654994477,174
1587654994477,174
1587655014463,174.02
1587655014463,174.02
1587655030694,174.045
1587655048335,174.07
1587655060286,174.065
1587655060286,174.065
1587655072308,174.1
1587655085861,174.115
1587655095122,174.07
1587655095122,174.07
1587655113508,174.02
1587655131010,174.005
1587655139546,174.03
1587655149092,174.02
1587655159118,174.015
1587655169940,174
1587655185208,173.985
1587655190302,173.9
1587655190302,173.9
1587655213215,173.87
1587655221735,173.885
1587655221735,173.885
1587655221735,173.885
1587655258852,173.895
1587655258852,173.895
1587655282281,173.89
1587655288381,173.9
1587655288381,173.9
1587655305469,173.865
1587655324275,173.865
1587655334580,173.87
1587655343145,173.84
1587655343145,173.84
1587655343145,173.84
1587655374570,173.9
1587655374570,173.9
1587655374570,173.9
1587655374570,173.9
1587655413194,173.975
1587655413194,173.975
1587655440974,174.03
1587655446147,174.04
1587655446147,174.04
1587655469060,174.02
1587655469060,174.02
1587655469060,174.02
1587655494085,173.975
1587655494085,173.975
1587655517348,174.06
1587655517348,174.06
1587655517348,174.06
1587655517348,174.06
1587655565300,174.21
1587655565300,174.21
1587655565300,174.21
1587655593919,174.3
1587655593919,174.3
1587655615029,174.28
1587655629482,174.29
1587655639363,174.31
1587655639363,174.31
1587655655816,174.285
1587655672816,174.315
1587655672816,174.315
1587655672816,174.315
1587655702666,174.285
1587655702666,174.285
1587655720535,174.295
1587655736327,174.305
1587655739266,174.305
1587655748237,174.315
1587655748237,174.315
1587655773091,174.295
1587655788015,174.305
1587655793079,174.305
1587655803020,174.285
1587655820365,174.17
1587655820365,174.17
1587655841817,174.185
1587655841817,174.185
1587655841817,174.185
1587655841817,174.185
1587655878203,174
1587655878203,174
1587655878203,174
1587655878203,174
1587655917011,173.93
1587655933301,173.9
1587655933301,173.9
1587655960098,173.85
1587655965922,173.8
1587655965922,173.8
1587655985083,173.845
1587655997976,173.895
1587655997976,173.895
1587656019082,173.82
1587656028535,173.89
1587656039767,173.965
1587656039767,173.965
1587656058179,174.01
1587656058179,174.01
1587656058179,174.01
1587656058179,174.01
1587656058179,174.01
1587656113123,173.94
1587656113123,173.94
1587656128829,173.935
1587656147315,173.92
1587656158142,173.91
1587656158142,173.91
1587656158142,173.91
1587656158142,173.91
1587656195847,173.98
1587656208222,173.975
1587656222392,174.02
1587656232972,174.02
1587656232972,174.02
1587656250026,174.035
1587656263692,174.125
1587656263692,174.125
1587656280993,174.095
1587656301115,174.025
1587656311464,174.025
1587656321366,174.03
1587656331234,174.025
1587656344468,173.99
1587656356597,173.99
1587656356597,173.99
1587656377736,173.91
1587656386290,173.935
1587656400633,173.86
1587656408373,173.8
1587656420163,173.855
1587656433248,173.895
1587656448427,173.94
1587656448427,173.94
1587656467290,173.93
1587656478936,173.935
1587656488203,173.94
1587656488203,173.94
1587656488203,173.94
1587656517142,173.91
1587656527416,173.845
1587656537144,173.8
1587656549550,173.785
1587656549550,173.785
1587656566809,173.775
1587656566809,173.775
1587656593047,173.765
1587656593047,173.765
1587656593047,173.765
1587656593047,173.765
1587656593047,173.765
1587656593047,173.765
1587656593047,173.765
1587656669176,173.715
1587656677399,173.725
1587656677399,173.725
1587656677399,173.725
1587656711117,173.61
1587656711117,173.61
1587656711117,173.61
1587656744494,173.47
1587656755491,173.41
1587656755491,173.41
1587656755491,173.41
1587656755491,173.41
1587656799170,173.555
1587656799170,173.555
1587656816254,173.555
1587656816254,173.555
1587656816254,173.555
1587656816254,173.555
1587656859078,173.37
1587656873459,173.395
1587656873459,173.395
1587656873459,173.395
1587656873459,173.395
1587656873459,173.395
1587656873459,173.395
1587656873459,173.395
1587656873459,173.395
1587656873459,173.395
1587656873459,173.395
1587656873459,173.395
1587656978849,173.375
1587656978849,173.375
1587656978849,173.375
1587656978849,173.375
1587657024905,173.45
1587657038464,173.465
1587657047345,173.495
1587657062263,173.455
1587657071987,173.44
1587657071987,173.44
1587657071987,173.44
1587657071987,173.44
1587657115349,173.465
1587657115349,173.465
1587657115349,173.465
1587657115349,173.465
1587657115349,173.465
1587657164092,173.46
1587657164092,173.46
1587657164092,173.46
1587657164092,173.46
1587657203199,173.45
1587657218995,173.43
1587657218995,173.43
1587657218995,173.43
1587657218995,173.43
1587657259307,173.385
1587657272853,173.45
1587657278802,173.44
1587657278802,173.44
1587657302111,173.475
1587657315000,173.52
1587657315000,173.52
1587657324726,173.49
1587657337235,173.515
1587657355326,173.58
1587657367670,173.565
1587657367670,173.565
1587657367670,173.565
1587657367670,173.565
1587657367670,173.565
1587657367670,173.565
1587657367670,173.565
1587657442305,173.51
1587657442305,173.51
1587657463520,173.52
1587657463520,173.52
1587657479218,173.47
1587657479218,173.47
1587657501291,173.47
1587657501291,173.47
1587657501291,173.47
1587657501291,173.47
1587657501291,173.47
1587657501291,173.47
1587657571068,173.56
1587657579555,173.545
1587657579555,173.545
1587657579555,173.545
1587657579555,173.545
1587657617383,173.535
1587657617383,173.535
1587657617383,173.535
1587657617383,173.535
1587657617383,173.535
1587657617383,173.535
1587657617383,173.535
1587657699213,173.5
1587657699213,173.5
1587657699213,173.5
1587657725941,173.5
1587657725941,173.5
1587657725941,173.5
1587657725941,173.5
1587657770080,173.49
1587657782122,173.455
1587657782122,173.455
1587657802448,173.485
1587657809393,173.455
1587657809393,173.455
1587657831512,173.395
1587657831512,173.395
1587657854310,173.395
1587657854310,173.395
1587657880875,173.405
1587657880875,173.405
1587657893582,173.38
1587657893582,173.38
1587657893582,173.38
1587657893582,173.38
1587657893582,173.38
1587657954494,173.43
1587657954494,173.43
1587657973935,173.38
1587657986804,173.36
1587657997033,173.415
1587657999945,173.4
1587657999945,173.4
1587657999945,173.4
1587657999945,173.4
1587658047834,173.45
1587658057156,173.45
1587658057156,173.45
1587658057156,173.45
1587658089389,173.47
1587658089389,173.47
1587658089389,173.47
1587658118472,173.5
1587658128584,173.54
1587658139337,173.535
1587658139337,173.535
1587658139337,173.535
1587658139337,173.535
1587658139337,173.535
1587658139337,173.535
1587658206908,173.675
1587658206908,173.675
1587658220033,173.65
1587658236822,173.6
1587658236822,173.6
1587658236822,173.6
1587658236822,173.6
1587658277005,173.695
1587658277005,173.695
1587658277005,173.695
1587658311940,173.715
1587658311940,173.715
1587658311940,173.715
1587658340099,173.75
1587658340099,173.75
1587658340099,173.75
1587658340099,173.75
1587658386256,173.825
1587658390902,173.78
1587658405003,173.77
1587658405003,173.77
1587658405003,173.77
1587658405003,173.77
1587658405003,173.77
1587658465155,173.825
1587658476134,173.775
1587658476134,173.775
1587658476134,173.775
1587658508143,173.785
1587658508143,173.785
1587658525724,173.735
1587658544031,173.83
1587658544031,173.83
1587658544031,173.83
1587658574140,173.84
1587658577243,173.89
1587658577243,173.89
1587658577243,173.89
1587658577243,173.89
1587658577243,173.89
1587658637058,173.96
1587658637058,173.96
1587658637058,173.96
1587658637058,173.96
1587658637058,173.96
1587658692635,173.99
1587658692635,173.99
1587658718977,173.95
1587658718977,173.95
1587658718977,173.95
1587658718977,173.95
1587658751762,173.92
1587658751762,173.92
1587658751762,173.92
1587658751762,173.92
1587658751762,173.92
1587658751762,173.92
1587658751762,173.92
1587658824618,173.86
1587658824618,173.86
1587658824618,173.86
1587658824618,173.86
1587658824618,173.86
1587658883613,173.86
1587658883613,173.86
1587658883613,173.86
1587658883613,173.86
1587658883613,173.86
1587658883613,173.86
1587658883613,173.86
1587658883613,173.86
1587658883613,173.86
1587658883613,173.86
1587658883613,173.86
1587658883613,173.86
1587658883613,173.86
1587658883613,173.86
1587658883613,173.86
1587659043344,173.93
1587659043344,173.93
1587659043344,173.93
1587659043344,173.93
1587659043344,173.93
1587659043344,173.93
1587659043344,173.93
1587659043344,173.93
1587659043344,173.93
1587659043344,173.93
1587659043344,173.93
1587659043344,173.93
1587659043344,173.93
1587659179693,174.055
1587659179693,174.055
1587659179693,174.055
1587659179693,174.055
1587659179693,174.055
1587659232386,174.08
1587659232386,174.08
1587659232386,174.08
1587659232386,174.08
1587659232386,174.08
1587659232386,174.08
1587659297591,174.125
1587659302908,174.11
1587659302908,174.11
1587659323657,174.165
1587659333663,174.17
1587659333663,174.17
1587659362288,174.17
1587659362288,174.17
1587659385144,174.17
1587659394704,174.185
1587659402565,174.2
1587659416508,174.065
1587659416508,174.065
1587659433186,174.105
1587659433186,174.105
1587659433186,174.105
1587659433186,174.105
1587659433186,174.105
1587659433186,174.105
1587659505258,174.16
1587659505258,174.16
1587659505258,174.16
1587659531305,174.095
1587659531305,174.095
1587659531305,174.095
1587659531305,174.095
1587659531305,174.095
1587659531305,174.095
1587659531305,174.095
1587659531305,174.095
1587659531305,174.095
1587659531305,174.095
1587659531305,174.095
1587659652011,174.035
1587659652011,174.035
1587659652011,174.035
1587659683888,174.015
1587659683888,174.015
1587659683888,174.015
1587659715483,174.075
1587659715483,174.075
1587659715483,174.075
1587659715483,174.075
1587659715483,174.075
1587659715483,174.075
1587659715483,174.075
1587659715483,174.075
1587659715483,174.075
1587659715483,174.075
1587659715483,174.075
1587659829979,173.895
1587659829979,173.895
1587659829979,173.895
1587659829979,173.895
1587659829979,173.895
1587659890750,173.96
1587659890750,173.96
1587659890750,173.96
1587659890750,173.96
1587659890750,173.96
1587659890750,173.96
1587659945576,174.1
1587659945576,174.1
1587659970389,174.055
1587659970389,174.055
1587659989023,174.08
1587660008115,174.095
1587660008115,174.095
1587660008115,174.095
1587660008115,174.095
1587660047719,174.11
1587660052727,174.095
1587660052727,174.095
1587660052727,174.095
1587660087442,174.14
1587660102651,174.11
1587660106455,174.065
1587660119894,174.095
1587660130505,174.065
1587660134773,174.07
1587660134773,174.07
1587660134773,174.07
1587660134773,174.07
1587660134773,174.07
1587660134773,174.07
1587660134773,174.07
1587660134773,174.07
1587660134773,174.07
1587660134773,174.07
1587660244889,173.96
1587660244889,173.96
1587660268863,173.04
1587660279101,172.84
1587660284271,172.845
1587660295181,172.43
1587660295181,172.43
1587660325788,172.58
1587660332175,172.05
1587660344219,171.85
1587660362419,171.52
1587660368739,171.765
1587660378919,171.73
1587660378919,171.73
1587660401900,171.17
1587660416212,170.965
1587660425066,171.29
1587660436591,171.635
1587660446345,172.225
1587660451232,172.17
1587660463981,172.35
1587660474955,172.73
1587660483454,172.835
1587660497362,173.34
1587660497362,173.34
1587660520315,173.075
1587660520315,173.075
1587660539963,172.925
1587660551746,172.71
1587660559908,172.6
1587660573005,172.67
1587660573005,172.67
1587660595807,172.96
1587660595807,172.96
1587660618652,172.81
1587660628156,172.595
1587660639179,172.545
1587660639179,172.545
1587660655401,172.38
1587660664668,172.3
1587660678575,172.42
1587660678575,172.42
1587660678575,172.42
1587660711360,171.98
1587660727799,172
1587660727799,172
1587660727799,172
1587660756657,172
1587660767388,172.22
1587660767388,172.22
1587660767388,172.22
1587660767388,172.22
1587660767388,172.22
1587660767388,172.22
1587660767388,172.22
1587660840552,172.615
1587660840552,172.615
1587660840552,172.615
1587660840552,172.615
1587660887728,172.6
1587660887728,172.6
1587660907638,172.615
1587660907638,172.615
1587660907638,172.615
1587660907638,172.615
1587660946784,172.93
1587660946784,172.93
1587660946784,172.93
1587660976459,172.76
1587660976459,172.76
1587660998224,172.825
1587661013953,172.98
1587661016997,173.07
1587661035706,173.02
1587661036968,172.95
1587661050600,172.85
1587661050600,172.85
1587661050600,172.85
1587661050600,172.85
1587661050600,172.85
1587661050600,172.85
1587661050600,172.85
1587661050600,172.85
1587661050600,172.85
1587661050600,172.85
1587661050600,172.85
1587661050600,172.85
1587661050600,172.85
1587661050600,172.85
1587661198812,172.905
1587661198812,172.905
1587661198812,172.905
1587661242047,172.86
1587661242047,172.86
1587661253902,172.985
1587661253902,172.985
1587661253902,172.985
1587661292548,173.14
1587661304330,173.24
1587661304330,173.24
1587661304330,173.24
1587661304330,173.24
1587661304330,173.24
1587661354861,173.19
1587661354861,173.19
1587661354861,173.19
1587661354861,173.19
1587661354861,173.19
1587661354861,173.19
1587661421116,173.31
1587661434552,173.375
1587661444415,173.485
1587661458163,173.42
1587661458163,173.42
1587661478132,173.42
1587661478132,173.42
1587661478132,173.42
1587661522899,173.45
1587661532007,173.33
1587661532007,173.33
1587661532007,173.33
1587661532007,173.33
1587661532007,173.33
1587661582404,173.32
1587661582404,173.32
1587661606959,173.415
1587661615841,173.35
1587661615841,173.35
1587661638736,173.18
1587661638736,173.18
1587661638736,173.18
1587661638736,173.18
1587661638736,173.18
1587661638736,173.18
1587661701143,173.325
1587661701143,173.325
1587661701143,173.325
1587661701143,173.325
1587661701143,173.325
1587661701143,173.325
1587661701143,173.325
1587661701143,173.325
1587661701143,173.325
1587661790251,173.21
1587661805858,173.28
1587661805858,173.28
1587661805858,173.28
1587661805858,173.28
1587661805858,173.28
1587661805858,173.28
1587661805858,173.28
1587661805858,173.28
1587661805858,173.28
1587661805858,173.28
1587661805858,173.28
1587661805858,173.28
1587661805858,173.28
1587661805858,173.28
1587661951002,173.5
1587661968050,173.49
1587661979725,173.51
1587661979725,173.51
1587661979725,173.51
1587661979725,173.51
1587661979725,173.51
1587661979725,173.51
1587662044556,173.395
1587662047234,173.36
1587662065234,173.395
1587662065234,173.395
1587662065234,173.395
1587662065234,173.395
1587662104697,173.44
1587662104697,173.44
1587662104697,173.44
1587662140168,173.46
1587662146415,173.44
1587662163416,173.415
1587662174743,173.44
1587662174743,173.44
1587662174743,173.44
1587662174743,173.44
1587662174743,173.44
1587662174743,173.44
1587662174743,173.44
1587662174743,173.44
1587662174743,173.44
1587662263100,173.295
1587662263100,173.295
1587662263100,173.295
1587662301849,173.21
1587662301849,173.21
1587662316423,173.23
1587662316423,173.23
1587662316423,173.23
1587662346728,173.155
1587662358044,173.09
1587662358044,173.09
1587662379476,173.1
1587662395956,172.915
1587662404781,172.935
1587662413673,172.94
1587662413673,172.94
1587662433049,172.79
1587662441253,172.845
1587662441253,172.845
1587662461979,172.71
1587662474661,172.78
1587662474661,172.78
1587662474661,172.78
1587662474661,172.78
1587662474661,172.78
1587662474661,172.78
1587662474661,172.78
1587662551425,172.57
1587662551425,172.57
1587662576461,172.18
1587662576461,172.18
1587662576461,172.18
1587662602658,172.35
1587662619329,172.455
1587662627153,172.47
1587662642190,172.32
1587662642190,172.32
1587662666150,172.33
1587662674102,172.35
1587662686088,172.385
1587662697679,172.28
1587662697679,172.28
1587662697679,172.28
1587662697679,172.28
1587662697679,172.28
1587662697679,172.28
1587662754645,172.25
1587662754645,172.25
1587662776280,172.23
1587662776280,172.23
1587662776280,172.23
1587662776280,172.23
1587662776280,172.23
1587662776280,172.23
1587662776280,172.23
1587662776280,172.23
1587662776280,172.23
1587662776280,172.23
1587662888259,172.31
1587662888259,172.31
1587662888259,172.31
1587662888259,172.31
1587662888259,172.31
1587662888259,172.31
1587662888259,172.31
1587662888259,172.31
1587662888259,172.31
1587662888259,172.31
1587662888259,172.31
1587663000641,172.29
1587663012041,172.285
1587663024137,172.33
1587663024137,172.33
1587663024137,172.33
1587663024137,172.33
1587663024137,172.33
1587663079406,172.32
1587663079406,172.32
1587663079406,172.32
1587663079406,172.32
1587663079406,172.32
1587663079406,172.32
1587663142992,172.44
1587663154420,172.38
1587663167820,172.39
1587663167820,172.39
1587663183420,172.4
1587663183420,172.4
1587663203841,172.43
1587663203841,172.43
1587663224809,172.37
1587663224809,172.37
1587663250551,172.42
1587663265729,172.48
1587663265729,172.48
1587663265729,172.48
1587663294280,172.57
1587663300552,172.62
1587663300552,172.62
1587663332748,172.54
1587663336142,172.54
1587663348570,172.7
1587663357127,172.65
1587663357127,172.65
1587663357127,172.65
1587663391312,172.66
1587663391312,172.66
1587663391312,172.66
1587663391312,172.66
1587663391312,172.66
1587663439790,172.585
1587663457646,172.54
1587663457646,172.54
1587663478068,172.55
1587663478068,172.55
1587663478068,172.55
1587663478068,172.55
1587663478068,172.55
1587663478068,172.55
1587663478068,172.55
1587663478068,172.55
1587663478068,172.55
1587663478068,172.55
1587663478068,172.55
1587663478068,172.55
1587663607500,172.32
1587663607500,172.32
1587663607500,172.32
1587663607500,172.32
1587663652261,172.31
1587663652261,172.31
1587663652261,172.31
1587663652261,172.31
1587663652261,172.31
1587663652261,172.31
1587663652261,172.31
1587663723537,171.995
1587663736584,172.07
1587663742335,172.12
1587663742335,172.12
1587663742335,172.12
1587663742335,172.12
1587663792451,172.03
1587663792451,172.03
1587663816846,172.005
1587663816846,172.005
1587663816846,172.005
1587663816846,172.005
1587663861263,171.79
1587663861263,171.79
1587663861263,171.79
1587663861263,171.79
1587663904815,171.925
1587663914032,171.885
1587663914032,171.885
1587663914032,171.885
1587663914032,171.885
1587663959486,172.035
1587663959486,172.035
1587663959486,172.035
1587663959486,172.035
1587663959486,172.035
1587664008812,172.11
1587664017608,172.12
1587664017608,172.12
1587664017608,172.12
1587664017608,172.12
1587664058493,171.96
1587664058493,171.96
1587664058493,171.96
1587664095143,171.88
1587664102512,171.87
1587664116926,171.79
1587664131836,171.875
1587664142522,171.88
1587664142522,171.88
1587664161181,171.645
1587664171461,171.62
1587664182429,171.5
1587664187998,171.52
1587664208020,171.53
1587664208020,171.53
1587664208020,171.53
1587664208020,171.53
1587664208020,171.53
1587664208020,171.53
1587664208020,171.53
1587664208020,171.53
1587664208020,171.53
1587664303651,171.65
1587664303651,171.65
1587664303651,171.65
1587664303651,171.65
1587664303651,171.65
1587664356850,171.685
1587664366231,171.705
1587664366231,171.705
1587664390416,171.485
1587664390416,171.485
1587664416575,171.5
1587664416575,171.5
1587664416575,171.5
1587664416575,171.5
1587664416575,171.5
1587664416575,171.5
1587664481537,171.56
1587664488531,171.595
1587664496736,171.59
1587664496736,171.59
1587664522131,171.585
1587664534082,171.6
1587664534082,171.6
1587664534082,171.6
1587664557938,171.46
1587664557938,171.46
1587664587053,171.54
1587664600959,171.67
1587664600959,171.67
1587664616562,171.67
1587664616562,171.67
1587664639223,171.795
1587664651737,171.7
1587664666672,171.7
1587664671562,171.705
1587664680690,171.715
1587664680690,171.715
1587664680690,171.715
1587664680690,171.715
1587664733000,171.68
1587664733000,171.68
1587664733000,171.68
1587664733000,171.68
1587664733000,171.68
1587664733000,171.68
1587664733000,171.68
1587664806080,171.875
1587664806080,171.875
1587664826653,171.91
1587664841753,171.835
1587664841753,171.835
1587664841753,171.835
1587664841753,171.835
1587664841753,171.835
1587664841753,171.835
1587664906256,171.77
1587664915495,171.895
1587664915495,171.895
1587664915495,171.895
1587664915495,171.895
1587664962886,171.815
1587664962886,171.815
1587664962886,171.815
1587664962886,171.815
1587664962886,171.815
1587664962886,171.815
1587665023532,171.92
1587665023532,171.92
1587665023532,171.92
1587665023532,171.92
1587665023532,171.92
1587665023532,171.92
1587665023532,171.92
1587665023532,171.92
1587665108361,171.91
1587665108361,171.91
1587665108361,171.91
1587665108361,171.91
1587665108361,171.91
1587665108361,171.91
1587665184401,172.03
1587665184401,172.03
1587665184401,172.03
1587665184401,172.03
1587665217348,172.01
1587665217348,172.01
1587665248375,171.87
1587665248375,171.87
1587665248375,171.87
1587665248375,171.87
1587665248375,171.87
1587665248375,171.87
1587665310405,171.765
1587665310405,171.765
1587665331665,171.98
1587665336438,171.94
1587665336438,171.94
1587665336438,171.94
1587665336438,171.94
1587665388192,171.585
1587665403533,171.53
1587665403533,171.53
1587665403533,171.53
1587665423703,171.335
1587665423703,171.335
1587665451587,171.14
1587665460713,171.235
1587665468337,171.26
1587665484309,171.21
1587665484309,171.21
1587665484309,171.21
1587665523135,171.36
1587665525684,171.395
1587665541091,171.44
1587665541091,171.44
1587665541091,171.44
1587665566905,171.6
1587665566905,171.6
1587665566905,171.6
1587665605383,171.57
1587665605383,171.57
1587665605383,171.57
1587665640818,171.61
1587665640818,171.61
1587665640818,171.61
1587665670062,171.78
1587665670062,171.78
1587665670062,171.78
1587665702795,171.84
1587665705911,171.935
1587665705911,171.935
1587665705911,171.935
1587665745953,171.95
1587665745953,171.95
1587665745953,171.95
1587665745953,171.95
1587665791103,172.145
1587665798333,172.26
1587665798333,172.26
1587665824595,172.18
1587665824595,172.18
1587665824595,172.18
1587665824595,172.18
1587665824595,172.18
1587665824595,172.18
1587665892730,172.25
1587665892730,172.25
1587665892730,172.25
1587665892730,172.25
1587665892730,172.25
1587665892730,172.25
1587665956164,172.12
1587665956164,172.12
1587665956164,172.12
1587665986571,172.155
1587665986571,172.155
1587665986571,172.155
1587665986571,172.155
1587666037685,172.11
1587666037685,172.11
1587666037685,172.11
1587666037685,172.11
1587666037685,172.11
1587666037685,172.11
1587666099952,172.05
1587666099952,172.05
1587666099952,172.05
1587666099952,172.05
1587666099952,172.05
1587666099952,172.05
1587666099952,172.05
1587666169615,172.15
1587666169615,172.15
1587666196118,172.2
1587666196118,172.2
1587666214506,172.205
1587666214506,172.205
1587666236066,172.25
1587666252272,172.275
1587666252272,172.275
1587666252272,172.275
1587666252272,172.275
1587666252272,172.275
1587666304968,172.355
1587666315313,172.38
1587666324310,172.405
1587666324310,172.405
1587666324310,172.405
1587666351601,172.46
1587666370281,172.485
1587666383839,172.515
1587666383839,172.515
1587666400400,172.515
1587666408544,172.47
1587666423054,172.395
1587666434282,172.42
1587666442217,172.43
1587666442217,172.43
1587666442217,172.43
1587666442217,172.43
1587666442217,172.43
1587666442217,172.43
1587666442217,172.43
1587666442217,172.43
1587666442217,172.43
1587666442217,172.43
1587666442217,172.43
1587666442217,172.43
1587666442217,172.43
1587666442217,172.43
1587666442217,172.43
1587666608367,172.41
1587666608367,172.41
1587666627802,172.52
1587666627802,172.52
1587666650191,172.56
1587666660217,172.58
1587666660217,172.58
1587666660217,172.58
1587666660217,172.58
1587666660217,172.58
1587666710433,172.62
1587666724100,172.66
1587666729449,172.635
1587666729449,172.635
1587666754010,172.645
1587666772212,172.695
1587666774528,172.63
1587666774528,172.63
1587666774528,172.63
1587666808412,172.63
1587666808412,172.63
1587666808412,172.63
1587666846454,172.62
1587666846454,172.62
1587666862191,172.63
1587666862191,172.63
1587666862191,172.63
1587666899553,172.62
1587666904481,172.675
1587666916359,172.625
1587666916359,172.625
1587666916359,172.625
1587666955986,172.69
1587666960435,172.67
1587666960435,172.67
1587666960435,172.67
1587666960435,172.67
1587667006509,172.625
1587667006509,172.625
1587667032601,172.51
1587667047383,172.56
1587667047383,172.56
1587667047383,172.56
1587667047383,172.56
1587667089984,172.465
1587667089984,172.465
1587667089984,172.465
1587667089984,172.465
1587667089984,172.465
1587667089984,172.465
1587667145925,172.4
1587667145925,172.4
1587667145925,172.4
1587667145925,172.4
1587667191866,172.49
1587667191866,172.49
1587667213055,172.59
1587667213055,172.59
1587667232195,172.49
1587667232195,172.49
1587667257215,172.52
1587667269587,172.59
1587667279906,172.63
1587667290043,172.56
1587667299659,172.54
1587667310390,172.46
1587667310390,172.46
1587667332519,172.44
1587667332519,172.44
1587667332519,172.44
1587667370702,172.44
1587667382068,172.46
1587667388306,172.47
1587667388306,172.47
1587667410444,172.48
1587667422574,172.45
1587667422574,172.45
1587667438575,172.43
1587667438575,172.43
1587667438575,172.43
1587667467269,172.395
1587667486985,172.37
1587667495876,172.34
1587667495876,172.34
1587667495876,172.34
1587667495876,172.34
1587667539000,172.31
1587667539790,172.31
1587667539790,172.31
1587667566592,172.39
1587667575388,172.43
1587667575388,172.43
1587667575388,172.43
1587667575388,172.43
1587667575388,172.43
1587667575388,172.43
1587667575388,172.43
1587667654839,172.425
1587667654839,172.425
1587667672789,172.525
1587667672789,172.525
1587667672789,172.525
1587667672789,172.525
1587667672789,172.525
1587667672789,172.525
1587667672789,172.525
1587667672789,172.525
1587667672789,172.525
1587667672789,172.525
1587667672789,172.525
1587667672789,172.525
1587667801605,172.4
1587667801605,172.4
1587667801605,172.4
1587667801605,172.4
1587667801605,172.4
1587667801605,172.4
1587667801605,172.4
1587667801605,172.4
1587667895963,172.57
1587667895963,172.57
1587667917597,172.63
1587667919962,172.84
1587667919962,172.84
1587667919962,172.84
1587667919962,172.84
1587667919962,172.84
1587667919962,172.84
1587667919962,172.84
1587668001732,172.65
1587668001732,172.65
1587668022564,172.685
1587668036308,172.68
1587668036308,172.68
1587668057651,172.66
1587668064758,172.685
1587668076145,172.64
1587668090114,172.69
1587668090114,172.69
1587668090114,172.69
1587668090114,172.69
1587668123893,172.78
1587668138808,172.785
1587668138808,172.785
1587668160890,172.79
1587668160890,172.79
1587668160890,172.79
1587668191452,172.91
1587668191452,172.91
1587668222777,173.03
1587668226647,173.04
1587668238830,173.035
1587668238830,173.035
1587668264250,173.05
1587668271590,173.125
1587668284841,173.095
1587668297005,173.115
1587668301798,173.11
1587668301798,173.11
1587668327368,173.075
1587668327368,173.075
1587668327368,173.075
1587668327368,173.075
1587668327368,173.075
1587668327368,173.075
1587668327368,173.075
