1587735043027,29.57
1587735072249,29.54
1587735072249,29.54
1587735091724,29.53
1587735100494,29.515
1587735114480,29.48
1587735122224,29.5
1587735129896,29.53
1587735129896,29.53
1587735129896,29.53
1587735168515,29.54
1587735168515,29.54
1587735188224,29.535
1587735195227,29.55
1587735195227,29.55
1587735214463,29.55
1587735228376,29.535
1587735228376,29.535
1587735248673,29.55
1587735258944,29.565
1587735258944,29.565
1587735279299,29.605
1587735291283,29.605
1587735295551,29.61
1587735309496,29.61
1587735325458,29.655
1587735327222,29.645
1587735327222,29.645
1587735354038,29.65
1587735354038,29.65
1587735368832,29.63
1587735388022,29.63
1587735393858,29.645
1587735403400,29.66
1587735415172,29.655
1587735415172,29.655
1587735440703,29.695
1587735440703,29.695
1587735458646,29.66
1587735458646,29.66
1587735458646,29.66
1587735492740,29.715
1587735492740,29.715
1587735505644,29.715
1587735505644,29.715
1587735505644,29.715
1587735542032,29.715
1587735549276,29.72
1587735561330,29.76
1587735574191,29.775
1587735586007,29.775
1587735593062,29.795
1587735602868,29.775
1587735611453,29.765
1587735626018,29.76
1587735632015,29.77
1587735632015,29.77
1587735632015,29.77
1587735669499,29.775
1587735669499,29.775
1587735688514,29.765
1587735700392,29.725
1587735708730,29.74
1587735708730,29.74
1587735728968,29.735
1587735740577,29.715
1587735740577,29.715
1587735756444,29.745
1587735756444,29.745
1587735782744,29.73
1587735782744,29.73
1587735782744,29.73
1587735813744,29.72
1587735822980,29.71
1587735830044,29.735
1587735845249,29.74
1587735856859,29.73
1587735863868,29.715
1587735877843,29.735
1587735880344,29.74
1587735892648,29.755
1587735892648,29.755
1587735920110,29.735
1587735920110,29.735
1587735920110,29.735
1587735951441,29.725
1587735958095,29.72
1587735958095,29.72
1587735974791,29.73
1587735989248,29.72
1587735989248,29.72
1587735989248,29.72
1587735989248,29.72
1587736029451,29.71
1587736029451,29.71
1587736029451,29.71
1587736029451,29.71
1587736029451,29.71
1587736087597,29.685
1587736096254,29.695
1587736106654,29.705
1587736116721,29.71
1587736124170,29.705
1587736137711,29.69
1587736149218,29.675
1587736151969,29.675
1587736170418,29.645
1587736177419,29.645
1587736190086,29.645
1587736190086,29.645
1587736208473,29.67
1587736208473,29.67
1587736232154,29.67
1587736239662,29.665
1587736239662,29.665
1587736239662,29.665
1587736239662,29.665
1587736278597,29.65
1587736288040,29.69
1587736303714,29.68
1587736303714,29.68
1587736324559,29.655
1587736324559,29.655
1587736324559,29.655
1587736354144,29.72
1587736354144,29.72
1587736354144,29.72
1587736390157,29.72
1587736399824,29.72
1587736399824,29.72
1587736399824,29.72
1587736427053,29.7
1587736440186,29.7
1587736451767,29.68
1587736456250,29.68
1587736467870,29.67
1587736483346,29.7
1587736494241,29.685
1587736506028,29.675
1587736515085,29.665
1587736515085,29.665
1587736515085,29.665
1587736547602,29.66
1587736547602,29.66
1587736547602,29.66
1587736575041,29.635
1587736584507,29.615
1587736592017,29.615
1587736604354,29.61
1587736615419,29.635
1587736615419,29.635
1587736639999,29.655
1587736644812,29.655
1587736644812,29.655
1587736644812,29.655
1587736679192,29.635
1587736679192,29.635
1587736699941,29.61
1587736699941,29.61
1587736722914,29.6
1587736722914,29.6
1587736747317,29.59
1587736747317,29.59
1587736767474,29.565
1587736767474,29.565
1587736767474,29.565
1587736767474,29.565
1587736767474,29.565
1587736767474,29.565
1587736767474,29.565
1587736839812,29.595
1587736839812,29.595
1587736862703,29.6
1587736868996,29.61
1587736868996,29.61
1587736868996,29.61
1587736896788,29.63
1587736896788,29.63
1587736921485,29.635
1587736934963,29.635
1587736938586,29.645
1587736938586,29.645
1587736961885,29.62
1587736961885,29.62
1587736961885,29.62
1587736992877,29.6
1587736992877,29.6
1587736992877,29.6
1587737030714,29.615
1587737034581,29.615
1587737047954,29.63
1587737060368,29.605
1587737060368,29.605
1587737077273,29.595
1587737077273,29.595
1587737103620,29.61
1587737114745,29.625
1587737116106,29.625
1587737136235,29.625
1587737146168,29.61
1587737149620,29.615
1587737160114,29.635
1587737172255,29.635
1587737172255,29.635
1587737199825,29.655
1587737199825,29.655
1587737215137,29.655
1587737215137,29.655
1587737237747,29.64
1587737250460,29.635
1587737250460,29.635
1587737250460,29.635
1587737250460,29.635
1587737250460,29.635
1587737297620,29.6
1587737307991,29.61
1587737307991,29.61
1587737331143,29.58
1587737331143,29.58
1587737331143,29.58
1587737331143,29.58
1587737372349,29.575
1587737389197,29.57
1587737399364,29.56
1587737408786,29.55
1587737408786,29.55
1587737428586,29.575
1587737436091,29.575
1587737436091,29.575
1587737462870,29.59
1587737468429,29.595
1587737484019,29.6
1587737484019,29.6
1587737484019,29.6
1587737484019,29.6
1587737526831,29.6
1587737530686,29.62
1587737530686,29.62
1587737558392,29.67
1587737560682,29.68
1587737575226,29.66
1587737582697,29.665
1587737599550,29.68
1587737604849,29.685
1587737615096,29.68
1587737615096,29.68
1587737615096,29.68
1587737647575,29.655
1587737660538,29.655
1587737660538,29.655
1587737660538,29.655
1587737660538,29.655
1587737701418,29.64
1587737701418,29.64
1587737701418,29.64
1587737701418,29.64
1587737701418,29.64
1587737701418,29.64
1587737761773,29.66
1587737761773,29.66
1587737786991,29.65
1587737794106,29.68
1587737794106,29.68
1587737815608,29.69
1587737821165,29.69
1587737840069,29.685
1587737851499,29.67
1587737860339,29.67
1587737873599,29.68
1587737880379,29.685
1587737884990,29.685
1587737884990,29.685
1587737909667,29.675
1587737920150,29.695
1587737931429,29.695
1587737947003,29.775
1587737956593,29.83
1587737967925,29.79
1587737973796,29.88
1587737988863,29.82
1587737998080,29.71
1587738009194,29.65
1587738019706,29.66
1587738026588,29.66
1587738032084,29.66
1587738045742,29.635
1587738054858,29.635
1587738072100,29.71
1587738075498,29.72
1587738091196,29.71
1587738097781,29.74
1587738110463,29.75
1587738124254,29.725
1587738133693,29.71
1587738146026,29.715
1587738155628,29.665
1587738165390,29.72
1587738177995,29.77
1587738188736,29.815
1587738198961,29.83
1587738209775,29.845
1587738219443,29.835
1587738229544,29.86
1587738240465,29.9
1587738251536,29.92
1587738260907,29.94
1587738266484,29.91
1587738281543,29.83
1587738293323,29.86
1587738293323,29.86
1587738305181,29.89
1587738320391,29.89
1587738330890,29.855
1587738342748,29.815
1587738351162,29.83
1587738365734,29.785
1587738370783,29.765
1587738384266,29.77
1587738390684,29.76
1587738402191,29.74
1587738417294,29.8
1587738427967,29.79
1587738438227,29.765
1587738449053,29.745
1587738461777,29.72
1587738463038,29.725
1587738477405,29.705
1587738490728,29.705
1587738503072,29.69
1587738510802,29.69
1587738519034,29.69
1587738534294,29.69
1587738542730,29.69
1587738542730,29.69
1587738565856,29.67
1587738575411,29.665
1587738586273,29.695
1587738597149,29.685
1587738607795,29.685
1587738617372,29.665
1587738628035,29.655
1587738639250,29.645
1587738645563,29.645
1587738657227,29.66
1587738665243,29.655
1587738677312,29.625
1587738677312,29.625
1587738700121,29.655
1587738700121,29.655
1587738721046,29.63
1587738732454,29.635
1587738734560,29.635
1587738753402,29.675
1587738757066,29.67
1587738757066,29.67
1587738779210,29.655
1587738779210,29.655
1587738805548,29.64
1587738808097,29.64
1587738823915,29.635
1587738837765,29.615
1587738844228,29.62
1587738844228,29.62
1587738870064,29.655
1587738878516,29.655
1587738890717,29.67
1587738900528,29.665
1587738910227,29.635
1587738922299,29.655
1587738929076,29.645
1587738929076,29.645
1587738929076,29.645
1587738958388,29.645
1587738975235,29.63
1587738975235,29.63
1587738992045,29.635
1587738992045,29.635
1587738992045,29.635
1587738992045,29.635
1587739040007,29.62
1587739040007,29.62
1587739040007,29.62
1587739040007,29.62
1587739080344,29.635
1587739091607,29.635
1587739095875,29.64
1587739103337,29.655
1587739117830,29.655
1587739117830,29.655
1587739117830,29.655
1587739151068,29.645
1587739163012,29.655
1587739167762,29.645
1587739182165,29.65
1587739194234,29.645
1587739194234,29.645
1587739194234,29.645
1587739194234,29.645
1587739194234,29.645
1587739194234,29.645
1587739257352,29.645
1587739257352,29.645
1587739257352,29.645
1587739290181,29.63
1587739290181,29.63
1587739290181,29.63
1587739323296,29.63
1587739330401,29.625
1587739337536,29.62
1587739346298,29.62
1587739357760,29.63
1587739357760,29.63
1587739357760,29.63
1587739393911,29.615
1587739393911,29.615
1587739416996,29.62
1587739426408,29.625
1587739426408,29.625
1587739447513,29.62
1587739447513,29.62
1587739461041,29.605
1587739480181,29.62
1587739480181,29.62
1587739500507,29.64
1587739500507,29.64
1587739515934,29.655
1587739515934,29.655
1587739541487,29.63
1587739548553,29.63
1587739548553,29.63
1587739548553,29.63
1587739548553,29.63
1587739548553,29.63
1587739548553,29.63
1587739615006,29.61
1587739623270,29.605
1587739623270,29.605
1587739649091,29.605
1587739649091,29.605
1587739663538,29.615
1587739663538,29.615
1587739663538,29.615
1587739702999,29.61
1587739707275,29.605
1587739724007,29.62
1587739724007,29.62
1587739743637,29.6
1587739743637,29.6
1587739757335,29.6
1587739775727,29.59
1587739775727,29.59
1587739775727,29.59
1587739806646,29.61
1587739812515,29.615
1587739828384,29.59
1587739828384,29.59
1587739828384,29.59
1587739828384,29.59
1587739870094,29.595
1587739870094,29.595
1587739890379,29.595
1587739903122,29.605
1587739908330,29.6
1587739920877,29.6
1587739920877,29.6
1587739946099,29.605
1587739952022,29.605
1587739964355,29.595
1587739977590,29.6
1587739989177,29.61
1587739989177,29.61
1587740002656,29.615
1587740002656,29.615
1587740021697,29.595
1587740040183,29.605
1587740047715,29.6
1587740047715,29.6
1587740047715,29.6
1587740047715,29.6
1587740091777,29.57
1587740102518,29.565
1587740102518,29.565
1587740122851,29.57
1587740133543,29.555
1587740133543,29.555
1587740146228,29.56
1587740160653,29.54
1587740173277,29.535
1587740185354,29.525
1587740192925,29.515
1587740209050,29.53
1587740215754,29.535
1587740215754,29.535
1587740233040,29.53
1587740247770,29.54
1587740247770,29.54
1587740247770,29.54
1587740247770,29.54
1587740291552,29.525
1587740295653,29.515
1587740305646,29.505
1587740305646,29.505
1587740330728,29.505
1587740343284,29.505
1587740349240,29.505
1587740349240,29.505
1587740375371,29.505
1587740382595,29.505
1587740396791,29.475
1587740403928,29.455
1587740417382,29.445
1587740430688,29.455
1587740439868,29.44
1587740446503,29.44
1587740461904,29.445
1587740467208,29.44
1587740481689,29.445
1587740494237,29.445
1587740503706,29.445
1587740503706,29.445
1587740521370,29.435
1587740521370,29.435
1587740547853,29.405
1587740556357,29.405
1587740568410,29.39
1587740576766,29.405
1587740587433,29.405
1587740594019,29.395
1587740603732,29.39
1587740603732,29.39
1587740624511,29.375
1587740640987,29.375
1587740643124,29.375
1587740657958,29.385
1587740670537,29.38
1587740683385,29.38
1587740683385,29.38
1587740704008,29.365
1587740711098,29.375
1587740718847,29.39
1587740735765,29.395
1587740743834,29.395
1587740743834,29.395
1587740763161,29.405
1587740777946,29.425
1587740787786,29.445
1587740797644,29.445
1587740797644,29.445
1587740797644,29.445
1587740825133,29.42
1587740835683,29.43
1587740835683,29.43
1587740861691,29.445
1587740872062,29.445
1587740879007,29.45
1587740885903,29.44
1587740895079,29.455
1587740895079,29.455
1587740895079,29.455
1587740895079,29.455
1587740895079,29.455
1587740895079,29.455
1587740895079,29.455
1587740976122,29.435
1587740976122,29.435
1587740976122,29.435
1587740976122,29.435
1587740976122,29.435
1587741027519,29.4
1587741027519,29.4
1587741042494,29.395
1587741042494,29.395
1587741069607,29.375
1587741069607,29.375
1587741069607,29.375
1587741098783,29.36
1587741112553,29.355
1587741112553,29.355
1587741132425,29.365
1587741132425,29.365
1587741154435,29.38
1587741165432,29.355
1587741165432,29.355
1587741165432,29.355
1587741165432,29.355
1587741165432,29.355
1587741218274,29.375
1587741226395,29.375
1587741234092,29.395
1587741247951,29.425
1587741247951,29.425
1587741266595,29.415
1587741278273,29.41
1587741289674,29.43
1587741297896,29.435
1587741297896,29.435
1587741319077,29.44
1587741331847,29.44
1587741331847,29.44
1587741331847,29.44
1587741331847,29.44
1587741331847,29.44
1587741331847,29.44
1587741394081,29.465
1587741394081,29.465
1587741394081,29.465
1587741425621,29.445
1587741425621,29.445
1587741425621,29.445
1587741425621,29.445
1587741425621,29.445
1587741425621,29.445
1587741491234,29.455
1587741491234,29.455
1587741491234,29.455
1587741521326,29.465
1587741521326,29.465
1587741521326,29.465
1587741554041,29.515
1587741561938,29.51
1587741571524,29.495
1587741571524,29.495
1587741594690,29.485
1587741594690,29.485
1587741616394,29.5
1587741617226,29.5
1587741617226,29.5
1587741642801,29.465
1587741659051,29.475
1587741662217,29.475
1587741675184,29.495
1587741675184,29.495
1587741675184,29.495
1587741675184,29.495
1587741675184,29.495
1587741726716,29.475
1587741726716,29.475
1587741726716,29.475
1587741763883,29.485
1587741763883,29.485
1587741763883,29.485
1587741790865,29.485
1587741790865,29.485
1587741816795,29.475
1587741816795,29.475
1587741816795,29.475
1587741842696,29.465
1587741842696,29.465
1587741842696,29.465
1587741842696,29.465
1587741842696,29.465
1587741900953,29.495
1587741909514,29.485
1587741909514,29.485
1587741909514,29.485
1587741909514,29.485
1587741950604,29.465
1587741950604,29.465
1587741964426,29.47
1587741964426,29.47
1587741964426,29.47
1587741964426,29.47
1587741964426,29.47
1587742023997,29.485
1587742023997,29.485
1587742046200,29.48
1587742046200,29.48
1587742046200,29.48
1587742046200,29.48
1587742046200,29.48
1587742046200,29.48
1587742104323,29.475
1587742104323,29.475
1587742104323,29.475
1587742138833,29.475
1587742138833,29.475
1587742159024,29.455
1587742159024,29.455
1587742159024,29.455
1587742159024,29.455
1587742204179,29.425
1587742205613,29.425
1587742205613,29.425
1587742205613,29.425
1587742244953,29.445
1587742244953,29.445
1587742244953,29.445
1587742244953,29.445
1587742244953,29.445
1587742244953,29.445
1587742244953,29.445
1587742244953,29.445
1587742244953,29.445
1587742244953,29.445
1587742244953,29.445
1587742244953,29.445
1587742367242,29.385
1587742381695,29.375
1587742385052,29.38
1587742402871,29.385
1587742402871,29.385
1587742402871,29.385
1587742402871,29.385
1587742444650,29.39
1587742444650,29.39
1587742444650,29.39
1587742444650,29.39
1587742444650,29.39
1587742497919,29.38
1587742497919,29.38
1587742518142,29.395
1587742518142,29.395
1587742518142,29.395
1587742542345,29.385
1587742542345,29.385
1587742562550,29.385
1587742562550,29.385
1587742562550,29.385
1587742562550,29.385
1587742613940,29.385
1587742615027,29.385
1587742633626,29.385
1587742635713,29.375
1587742635713,29.375
1587742635713,29.375
1587742676836,29.34
1587742685851,29.335
1587742694793,29.335
1587742704239,29.325
1587742711357,29.325
1587742729938,29.315
1587742739020,29.325
1587742739020,29.325
1587742756730,29.33
1587742769857,29.335
1587742778163,29.34
1587742778163,29.34
1587742778163,29.34
1587742814017,29.335
1587742823868,29.335
1587742833949,29.325
1587742842550,29.325
1587742852021,29.315
1587742852021,29.315
1587742868811,29.305
1587742868811,29.305
1587742889805,29.285
1587742907701,29.285
1587742917599,29.285
1587742927764,29.285
1587742931780,29.285
1587742951305,29.265
1587742960849,29.265
1587742960849,29.265
1587742960849,29.265
1587742991698,29.27
1587743001420,29.265
1587743005428,29.26
1587743024419,29.255
1587743034489,29.255
1587743038403,29.255
1587743051636,29.265
1587743059601,29.285
1587743073921,29.295
1587743073921,29.295
1587743098158,29.295
1587743101728,29.295
1587743115378,29.315
1587743126447,29.315
1587743138516,29.32
1587743138516,29.32
1587743138516,29.32
1587743173267,29.285
1587743181902,29.28
1587743186842,29.285
1587743201642,29.29
1587743201642,29.29
1587743201642,29.29
1587743201642,29.29
1587743247355,29.275
1587743254537,29.275
1587743260818,29.295
1587743278017,29.295
1587743278017,29.295
1587743278017,29.295
1587743311001,29.28
1587743311001,29.28
1587743311001,29.28
1587743311001,29.28
1587743311001,29.28
1587743361289,29.28
1587743374465,29.275
1587743374465,29.275
1587743390758,29.285
1587743390758,29.285
1587743390758,29.285
1587743428258,29.275
1587743428258,29.275
1587743444505,29.255
1587743459551,29.255
1587743459551,29.255
1587743474792,29.235
1587743474792,29.235
1587743474792,29.235
1587743504789,29.225
1587743520106,29.235
1587743530899,29.235
1587743543584,29.23
1587743551860,29.215
1587743560037,29.225
1587743575827,29.225
1587743580472,29.225
1587743600616,29.23
1587743600616,29.23
1587743600616,29.23
1587743600616,29.23
1587743600616,29.23
1587743600616,29.23
1587743662153,29.205
1587743673616,29.205
1587743684140,29.18
1587743692381,29.16
1587743692381,29.16
1587743707750,29.165
1587743723372,29.17
1587743737583,29.185
1587743744446,29.185
1587743749321,29.185
1587743749321,29.185
1587743774009,29.225
1587743785096,29.22
1587743785096,29.22
1587743805632,29.215
1587743821172,29.195
1587743821172,29.195
1587743836658,29.19
1587743836658,29.19
1587743862782,29.205
1587743872492,29.205
1587743872492,29.205
1587743872492,29.205
1587743872492,29.205
1587743910828,29.185
1587743920059,29.175
1587743927695,29.19
1587743927695,29.19
1587743957888,29.2
1587743961732,29.195
1587743961732,29.195
1587743984565,29.2
1587743984565,29.2
1587743984565,29.2
1587743984565,29.2
1587744028910,29.215
1587744028910,29.215
1587744053200,29.195
1587744053200,29.195
1587744073424,29.19
1587744073424,29.19
1587744089763,29.175
1587744099757,29.195
1587744107500,29.2
1587744126113,29.195
1587744127511,29.195
1587744127511,29.195
1587744150648,29.22
1587744150648,29.22
1587744172689,29.21
1587744172689,29.21
1587744195017,29.195
1587744207685,29.205
1587744207685,29.205
1587744226953,29.195
1587744232805,29.195
1587744232805,29.195
1587744255028,29.185
1587744267780,29.195
1587744279514,29.195
1587744279514,29.195
1587744279514,29.195
1587744279514,29.195
1587744279514,29.195
1587744334447,29.19
1587744345858,29.205
1587744345858,29.205
1587744345858,29.205
1587744345858,29.205
1587744345858,29.205
1587744345858,29.205
1587744345858,29.205
1587744345858,29.205
1587744422908,29.215
1587744441046,29.21
1587744450211,29.205
1587744450211,29.205
1587744467389,29.235
1587744473599,29.24
1587744473599,29.24
1587744501138,29.255
1587744509183,29.245
1587744509183,29.245
1587744509183,29.245
1587744542161,29.25
1587744550003,29.255
1587744550003,29.255
1587744577048,29.255
1587744579736,29.255
1587744579736,29.255
1587744579736,29.255
1587744614349,29.265
1587744622897,29.255
1587744637905,29.24
1587744641110,29.24
1587744657650,29.255
1587744662883,29.265
1587744677533,29.27
1587744692907,29.28
1587744702886,29.265
1587744706664,29.265
1587744714279,29.265
1587744728889,29.265
1587744728889,29.265
1587744728889,29.265
1587744764358,29.255
1587744770495,29.245
1587744770495,29.245
1587744793679,29.255
1587744804274,29.255
1587744814603,29.255
1587744814603,29.255
1587744835592,29.245
1587744844617,29.245
1587744859272,29.245
1587744863406,29.245
1587744883984,29.235
1587744883984,29.235
1587744883984,29.235
1587744883984,29.235
1587744883984,29.235
1587744928940,29.265
1587744946317,29.245
1587744956835,29.235
1587744961774,29.235
1587744961774,29.235
1587744961774,29.235
1587744961774,29.235
1587744961774,29.235
1587744961774,29.235
1587745028710,29.255
1587745032646,29.255
1587745051832,29.265
1587745051832,29.265
1587745051832,29.265
1587745051832,29.265
1587745051832,29.265
1587745051832,29.265
1587745108364,29.255
1587745108364,29.255
1587745129051,29.245
1587745129051,29.245
1587745155320,29.245
1587745161567,29.25
1587745161567,29.25
1587745161567,29.25
1587745161567,29.25
1587745161567,29.25
1587745161567,29.25
1587745228007,29.205
1587745228007,29.205
1587745228007,29.205
1587745228007,29.205
1587745266689,29.235
1587745266689,29.235
1587745266689,29.235
1587745266689,29.235
1587745266689,29.235
1587745266689,29.235
1587745266689,29.235
1587745348282,29.235
1587745348282,29.235
1587745348282,29.235
1587745348282,29.235
1587745348282,29.235
1587745348282,29.235
1587745348282,29.235
1587745348282,29.235
1587745348282,29.235
1587745348282,29.235
1587745348282,29.235
1587745348282,29.235
1587745348282,29.235
1587745348282,29.235
1587745491597,29.215
1587745491597,29.215
1587745508470,29.215
1587745508470,29.215
1587745508470,29.215
1587745508470,29.215
1587745557338,29.22
1587745557338,29.22
1587745578487,29.215
1587745578487,29.215
1587745578487,29.215
1587745578487,29.215
1587745621273,29.22
1587745621273,29.22
1587745641020,29.22
1587745641020,29.22
1587745641020,29.22
1587745641020,29.22
1587745641020,29.22
1587745641020,29.22
1587745641020,29.22
1587745641020,29.22
1587745727437,29.245
1587745727437,29.245
1587745727437,29.245
1587745750195,29.265
1587745750195,29.265
1587745750195,29.265
1587745786065,29.265
1587745786065,29.265
1587745811093,29.275
1587745813453,29.285
1587745813453,29.285
1587745840080,29.275
1587745840080,29.275
1587745840080,29.275
1587745840080,29.275
1587745878831,29.265
1587745878831,29.265
1587745878831,29.265
1587745878831,29.265
1587745878831,29.265
1587745878831,29.265
1587745878831,29.265
1587745878831,29.265
1587745971331,29.285
1587745971331,29.285
1587745971331,29.285
1587745971331,29.285
1587745971331,29.285
1587746022866,29.28
1587746022866,29.28
1587746022866,29.28
1587746022866,29.28
1587746022866,29.28
1587746022866,29.28
1587746082574,29.285
1587746093136,29.285
1587746093136,29.285
1587746107620,29.275
1587746127073,29.285
1587746138940,29.29
1587746138940,29.29
1587746153715,29.285
1587746153715,29.285
1587746153715,29.285
1587746153715,29.285
1587746153715,29.285
1587746153715,29.285
1587746213806,29.285
1587746213806,29.285
1587746213806,29.285
1587746213806,29.285
1587746265051,29.285
1587746265051,29.285
1587746265051,29.285
1587746293080,29.305
1587746299562,29.31
1587746299562,29.31
1587746299562,29.31
1587746299562,29.31
1587746299562,29.31
1587746360943,29.335
1587746367903,29.325
1587746367903,29.325
1587746367903,29.325
1587746367903,29.325
1587746404642,29.335
1587746404642,29.335
1587746404642,29.335
1587746443347,29.335
1587746443347,29.335
1587746443347,29.335
1587746474117,29.325
1587746482533,29.325
1587746494910,29.325
1587746498721,29.325
1587746517914,29.355
1587746527902,29.36
1587746530939,29.36
1587746548125,29.355
1587746555787,29.355
1587746569047,29.375
1587746572260,29.375
1587746572260,29.375
1587746572260,29.375
1587746572260,29.375
1587746622783,29.385
1587746626160,29.38
1587746626160,29.38
1587746652477,29.385
1587746660369,29.385
1587746668269,29.385
1587746675887,29.385
1587746692716,29.375
1587746692716,29.375
1587746711080,29.395
1587746711080,29.395
1587746711080,29.395
1587746711080,29.395
1587746711080,29.395
1587746767304,29.385
1587746776594,29.375
1587746788421,29.365
1587746799850,29.385
1587746804153,29.385
1587746804153,29.385
1587746830931,29.365
1587746843852,29.375
1587746851174,29.365
1587746851174,29.365
1587746872353,29.365
1587746879832,29.385
1587746879832,29.385
1587746901935,29.385
1587746917150,29.365
1587746927353,29.365
1587746935014,29.375
1587746935014,29.375
1587746954399,29.385
1587746966363,29.375
1587746977125,29.365
1587746977125,29.365
1587746998607,29.375
1587747011593,29.365
1587747021924,29.365
1587747032741,29.355
1587747033780,29.355
1587747049398,29.345
1587747049398,29.345
1587747070051,29.345
1587747085188,29.345
1587747095228,29.335
1587747104881,29.335
1587747104881,29.335
1587747104881,29.335
1587747136331,29.335
1587747145154,29.335
1587747159006,29.335
1587747169623,29.335
1587747179178,29.335
1587747188624,29.335
1587747190990,29.335
1587747209304,29.33
1587747221608,29.335
1587747223969,29.335
1587747223969,29.335
1587747223969,29.335
1587747259284,29.335
1587747272990,29.335
1587747280632,29.335
1587747294660,29.335
1587747306049,29.335
1587747313740,29.335
1587747325082,29.335
1587747337634,29.335
1587747344413,29.335
1587747354068,29.335
1587747368469,29.34
1587747368469,29.34
1587747368469,29.34
1587747397102,29.345
1587747407032,29.345
1587747416962,29.335
1587747416962,29.335
1587747416962,29.335
1587747416962,29.335
1587747416962,29.335
1587747416962,29.335
1587747480509,29.35
1587747480509,29.35
1587747480509,29.35
1587747507421,29.35
1587747507421,29.35
1587747507421,29.35
1587747507421,29.35
1587747507421,29.35
1587747507421,29.35
1587747507421,29.35
1587747584682,29.345
1587747584682,29.345
1587747584682,29.345
1587747584682,29.345
1587747584682,29.345
1587747584682,29.345
1587747584682,29.345
1587747584682,29.345
1587747667078,29.335
1587747674691,29.325
1587747674691,29.325
1587747674691,29.325
1587747674691,29.325
1587747716820,29.33
1587747730956,29.335
1587747736826,29.335
1587747736826,29.335
1587747761207,29.335
1587747761207,29.335
1587747761207,29.335
1587747790303,29.325
1587747806338,29.325
1587747818162,29.33
1587747818162,29.33
1587747818162,29.33
1587747818162,29.33
1587747818162,29.33
1587747872925,29.335
1587747872925,29.335
1587747872925,29.335
1587747872925,29.335
1587747872925,29.335
1587747872925,29.335
1587747872925,29.335
1587747872925,29.335
1587747872925,29.335
1587747872925,29.335
1587747872925,29.335
1587747872925,29.335
1587747872925,29.335
1587748004811,29.29
1587748015433,29.285
1587748015433,29.285
1587748033955,29.295
1587748033955,29.295
1587748033955,29.295
1587748033955,29.295
1587748075493,29.305
1587748075493,29.305
1587748103554,29.3
1587748103554,29.3
1587748103554,29.3
1587748103554,29.3
1587748103554,29.3
1587748155149,29.295
1587748155149,29.295
1587748178375,29.285
1587748178375,29.285
1587748190895,29.285
1587748190895,29.285
1587748217587,29.28
1587748217587,29.28
1587748217587,29.28
1587748252240,29.27
1587748260877,29.27
1587748271188,29.27
1587748279011,29.275
1587748279011,29.275
1587748279011,29.275
1587748313845,29.27
1587748313845,29.27
1587748313845,29.27
1587748347998,29.275
1587748358473,29.275
1587748368537,29.275
1587748373102,29.275
1587748389595,29.275
1587748395934,29.285
1587748395934,29.285
1587748413216,29.275
1587748424839,29.275
1587748440671,29.275
1587748440671,29.275
1587748462653,29.275
1587748473241,29.275
1587748485293,29.275
1587748494750,29.275
1587748503800,29.275
1587748517185,29.275
1587748523051,29.275
1587748537027,29.275
1587748548950,29.275
1587748554662,29.275
1587748571553,29.275
1587748580185,29.275
1587748584095,29.275
1587748601954,29.275
1587748609054,29.265
1587748620119,29.265
1587748631435,29.265
1587748645033,29.265
1587748650625,29.265
1587748666139,29.265
1587748675539,29.265
1587748682815,29.265
1587748694545,29.265
1587748708523,29.265
1587748716649,29.275
1587748716649,29.275
1587748716649,29.275
1587748716649,29.275
1587748716649,29.275
1587748766709,29.265
1587748774358,29.275
1587748774358,29.275
1587748799410,29.255
1587748813095,29.245
1587748813095,29.245
1587748813095,29.245
1587748813095,29.245
1587748848909,29.245
1587748848909,29.245
1587748848909,29.245
1587748848909,29.245
1587748848909,29.245
1587748903521,29.235
1587748903521,29.235
1587748903521,29.235
1587748903521,29.235
1587748903521,29.235
1587748967668,29.225
1587748967668,29.225
1587748967668,29.225
1587748999770,29.215
1587748999770,29.215
1587748999770,29.215
1587748999770,29.215
1587749033284,29.24
1587749033284,29.24
1587749033284,29.24
1587749033284,29.24
1587749033284,29.24
1587749033284,29.24
1587749033284,29.24
1587749107096,29.255
1587749107096,29.255
1587749136885,29.255
1587749150203,29.265
1587749150203,29.265
1587749150203,29.265
1587749178978,29.27
1587749178978,29.27
1587749178978,29.27
1587749209569,29.255
1587749221480,29.255
1587749221480,29.255
1587749221480,29.255
1587749249993,29.255
1587749261520,29.255
1587749261520,29.255
1587749261520,29.255
1587749261520,29.255
1587749261520,29.255
1587749261520,29.255
1587749261520,29.255
1587749331117,29.285
1587749331117,29.285
1587749331117,29.285
1587749331117,29.285
1587749331117,29.285
1587749387864,29.295
1587749387864,29.295
1587749387864,29.295
1587749387864,29.295
1587749429319,29.295
1587749441794,29.29
1587749441794,29.29
1587749441794,29.29
1587749441794,29.29
1587749441794,29.29
1587749441794,29.29
1587749441794,29.29
1587749514862,29.295
1587749514862,29.295
1587749514862,29.295
1587749514862,29.295
1587749514862,29.295
1587749514862,29.295
1587749514862,29.295
1587749592636,29.285
1587749592636,29.285
1587749592636,29.285
1587749592636,29.285
1587749592636,29.285
1587749640102,29.265
1587749640102,29.265
1587749640102,29.265
1587749675375,29.275
1587749675375,29.275
1587749693654,29.275
1587749704979,29.275
1587749704979,29.275
1587749704979,29.275
1587749734401,29.275
1587749734401,29.275
1587749734401,29.275
1587749775317,29.275
1587749777927,29.295
1587749777927,29.295
1587749777927,29.295
1587749777927,29.295
1587749777927,29.295
1587749777927,29.295
1587749777927,29.295
1587749777927,29.295
1587749777927,29.295
1587749777927,29.295
1587749885935,29.305
1587749892624,29.315
1587749892624,29.315
1587749892624,29.315
1587749892624,29.315
1587749892624,29.315
1587749892624,29.315
1587749957145,29.295
1587749969267,29.295
1587749969267,29.295
1587749969267,29.295
1587749969267,29.295
1587750007694,29.29
1587750007694,29.29
1587750007694,29.29
1587750049417,29.275
1587750053860,29.275
1587750053860,29.275
1587750053860,29.275
1587750053860,29.275
1587750053860,29.275
1587750053860,29.275
1587750053860,29.275
1587750053860,29.275
1587750053860,29.275
1587750053860,29.275
1587750160389,29.28
1587750160389,29.28
1587750182588,29.275
1587750192900,29.28
1587750196181,29.285
1587750196181,29.285
1587750224471,29.275
1587750224471,29.275
1587750224471,29.275
1587750254296,29.275
1587750266430,29.255
1587750276063,29.255
1587750287643,29.255
1587750287643,29.255
1587750310803,29.285
1587750310803,29.285
1587750328196,29.275
1587750328196,29.275
1587750346943,29.285
1587750364131,29.275
1587750374937,29.265
1587750379703,29.265
1587750379703,29.265
1587750379703,29.265
1587750411716,29.265
1587750421848,29.29
1587750421848,29.29
1587750448826,29.325
1587750448826,29.325
1587750448826,29.325
1587750477811,29.32
1587750490622,29.31
1587750490622,29.31
1587750490622,29.31
1587750490622,29.31
1587750490622,29.31
1587750490622,29.31
1587750490622,29.31
1587750559244,29.325
1587750559244,29.325
1587750559244,29.325
1587750559244,29.325
1587750559244,29.325
1587750559244,29.325
1587750559244,29.325
1587750559244,29.325
1587750647565,29.315
1587750647565,29.315
1587750647565,29.315
1587750647565,29.315
1587750687660,29.305
1587750687660,29.305
1587750687660,29.305
1587750721311,29.3
1587750721311,29.3
1587750721311,29.3
1587750721311,29.3
1587750721311,29.3
1587750775695,29.31
1587750781140,29.32
1587750781140,29.32
1587750781140,29.32
1587750781140,29.32
1587750781140,29.32
1587750781140,29.32
1587750781140,29.32
1587750857114,29.345
1587750857114,29.345
1587750857114,29.345
1587750894605,29.355
1587750904717,29.355
1587750915518,29.355
1587750927801,29.35
1587750927801,29.35
1587750927801,29.35
1587750958515,29.365
1587750958515,29.365
1587750958515,29.365
1587750989921,29.365
1587750989921,29.365
1587751002984,29.375
1587751017378,29.365
1587751017378,29.365
1587751017378,29.365
1587751052767,29.385
1587751061591,29.385
1587751061591,29.385
1587751078266,29.385
1587751091030,29.395
1587751107404,29.385
1587751110432,29.385
1587751127019,29.395
1587751127019,29.395
1587751127019,29.395
1587751160120,29.4
1587751165022,29.41
1587751179797,29.415
1587751192161,29.43
1587751201277,29.435
1587751205391,29.435
1587751205391,29.435
1587751227383,29.43
1587751244603,29.42
1587751256298,29.42
1587751256298,29.42
1587751276086,29.415
1587751276086,29.415
1587751297303,29.395
1587751297303,29.395
1587751297303,29.395
1587751297303,29.395
1587751297303,29.395
1587751348259,29.415
1587751360801,29.395
1587751374441,29.385
1587751375847,29.385
1587751375847,29.385
1587751375847,29.385
1587751414590,29.42
1587751419528,29.425
1587751419528,29.425
1587751419528,29.425
1587751419528,29.425
1587751464163,29.425
1587751476216,29.425
1587751476216,29.425
1587751500753,29.415
1587751500753,29.415
1587751522439,29.435
1587751529510,29.435
1587751535016,29.435
1587751551757,29.435
1587751559012,29.435
1587751572293,29.455
1587751585380,29.455
1587751593166,29.465
1587751605382,29.475
1587751616712,29.475
1587751618455,29.475
1587751638000,29.485
1587751640062,29.485
1587751656157,29.485
1587751656157,29.485
1587751670308,29.485
1587751687296,29.485
1587751698540,29.485
1587751704827,29.485
1587751704827,29.485
1587751728750,29.485
1587751737328,29.485
1587751749780,29.49
1587751756798,29.495
1587751756798,29.495
1587751756798,29.495
1587751792608,29.485
1587751806687,29.465
1587751809537,29.465
1587751809537,29.465
1587751829600,29.465
1587751829600,29.465
1587751829600,29.465
1587751829600,29.465
1587751881185,29.45
1587751881185,29.45
1587751881185,29.45
1587751908094,29.435
1587751908094,29.435
1587751925000,29.455
1587751934222,29.455
1587751954327,29.455
1587751963994,29.455
1587751963994,29.455
1587751986426,29.445
1587751988634,29.45
1587751988634,29.45
1587751988634,29.45
1587751988634,29.45
1587752040181,29.43
1587752046672,29.435
1587752046672,29.435
1587752070306,29.435
1587752070306,29.435
1587752083593,29.445
1587752103239,29.445
1587752108757,29.445
1587752108757,29.445
1587752126550,29.445
1587752126550,29.445
1587752126550,29.445
1587752126550,29.445
1587752174412,29.46
1587752189322,29.455
1587752189322,29.455
1587752209673,29.455
1587752209673,29.455
1587752230238,29.475
1587752241408,29.465
1587752253647,29.455
1587752262818,29.455
1587752265001,29.455
1587752284829,29.455
1587752284829,29.455
1587752307090,29.465
1587752311287,29.47
1587752328350,29.465
1587752328350,29.465
1587752347156,29.465
1587752356467,29.465
1587752364306,29.455
1587752381867,29.455
1587752391286,29.465
1587752402097,29.455
1587752405433,29.465
1587752405433,29.465
1587752426133,29.465
1587752443085,29.465
1587752453794,29.465
1587752462233,29.465
1587752475661,29.455
1587752483239,29.455
1587752494493,29.455
1587752494493,29.455
1587752494493,29.455
1587752530440,29.465
1587752540521,29.465
1587752548796,29.465
1587752560062,29.465
1587752565176,29.455
1587752565176,29.455
1587752565176,29.455
1587752565176,29.455
1587752565176,29.455
1587752565176,29.455
1587752565176,29.455
1587752642502,29.425
1587752651947,29.425
1587752660240,29.425
1587752670987,29.42
1587752683424,29.425
1587752698335,29.415
1587752698335,29.415
1587752698335,29.415
1587752698335,29.415
1587752698335,29.415
1587752698335,29.415
1587752698335,29.415
1587752767866,29.405
1587752767866,29.405
1587752767866,29.405
1587752767866,29.405
1587752818936,29.395
1587752818936,29.395
1587752836542,29.395
1587752845779,29.395
1587752845779,29.395
1587752845779,29.395
1587752882212,29.395
1587752890943,29.395
1587752890943,29.395
1587752914267,29.385
1587752914267,29.385
1587752914267,29.385
1587752941719,29.385
1587752952263,29.375
1587752960675,29.375
1587752968111,29.385
1587752985428,29.395
1587752993811,29.395
1587753006751,29.385
1587753019646,29.395
1587753019646,29.395
1587753019646,29.395
1587753019646,29.395
1587753062605,29.39
1587753062605,29.39
1587753062605,29.39
1587753088598,29.395
1587753088598,29.395
1587753116090,29.38
1587753116090,29.38
1587753116090,29.38
1587753146444,29.385
1587753146444,29.385
1587753146444,29.385
1587753146444,29.385
1587753146444,29.385
1587753146444,29.385
1587753207130,29.395
1587753220671,29.405
1587753220671,29.405
1587753243460,29.4
1587753253128,29.4
1587753253128,29.4
1587753253128,29.4
1587753281745,29.395
1587753281745,29.395
1587753299722,29.385
1587753299722,29.385
1587753323577,29.395
1587753323577,29.395
1587753349605,29.395
1587753358891,29.395
1587753363669,29.395
1587753379915,29.395
1587753382399,29.405
1587753382399,29.405
1587753382399,29.405
1587753382399,29.405
1587753382399,29.405
1587753382399,29.405
1587753382399,29.405
1587753462631,29.405
1587753468946,29.405
1587753468946,29.405
1587753468946,29.405
1587753468946,29.405
1587753514421,29.405
1587753521704,29.405
1587753521704,29.405
1587753545518,29.435
1587753552479,29.435
1587753561321,29.435
1587753580890,29.445
1587753580890,29.445
1587753600920,29.445
1587753600920,29.445
1587753623808,29.455
1587753629827,29.45
1587753629827,29.45
1587753629827,29.45
1587753629827,29.45
1587753672527,29.44
1587753672527,29.44
1587753695210,29.425
1587753695210,29.425
1587753712625,29.425
1587753712625,29.425
1587753712625,29.425
1587753746288,29.425
1587753746288,29.425
1587753765011,29.425
1587753779410,29.42
1587753779410,29.42
1587753804548,29.415
1587753804548,29.415
1587753804548,29.415
1587753804548,29.415
1587753847216,29.415
1587753852838,29.415
1587753852838,29.415
1587753852838,29.415
1587753882150,29.42
1587753892392,29.425
1587753907087,29.425
1587753907087,29.425
1587753929163,29.435
1587753938055,29.435
1587753948844,29.455
1587753957877,29.465
1587753967214,29.45
1587753981706,29.455
1587753981706,29.455
1587754002316,29.445
1587754009813,29.445
1587754009813,29.445
1587754009813,29.445
1587754044198,29.445
1587754044198,29.445
1587754044198,29.445
1587754044198,29.445
1587754089729,29.455
1587754099132,29.46
1587754113019,29.45
1587754115510,29.45
1587754115510,29.45
1587754115510,29.45
1587754115510,29.45
1587754115510,29.45
1587754115510,29.45
1587754188579,29.465
1587754193315,29.465
1587754193315,29.465
1587754216367,29.47
1587754216367,29.47
1587754242159,29.475
1587754242159,29.475
1587754242159,29.475
1587754275237,29.47
1587754275237,29.47
1587754275237,29.47
1587754275237,29.47
1587754275237,29.47
1587754275237,29.47
1587754338749,29.425
1587754338749,29.425
1587754338749,29.425
1587754365000,29.42
1587754365000,29.42
1587754394706,29.425
1587754396970,29.43
1587754407184,29.44
1587754407184,29.44
1587754427588,29.445
1587754427588,29.445
1587754427588,29.445
1587754427588,29.445
1587754427588,29.445
1587754427588,29.445
1587754427588,29.445
1587754502726,29.445
1587754502726,29.445
1587754528587,29.445
1587754537009,29.455
1587754546359,29.465
1587754546359,29.465
1587754546359,29.465
1587754580390,29.455
1587754580390,29.455
1587754580390,29.455
1587754580390,29.455
1587754628555,29.475
1587754637145,29.465
1587754651172,29.465
1587754657380,29.465
1587754657380,29.465
1587754657380,29.465
1587754657380,29.465
1587754657380,29.465
1587754657380,29.465
1587754657380,29.465
1587754657380,29.465
1587754657380,29.465
1587754657380,29.465
1587754657380,29.465
1587754771312,29.465
1587754783776,29.465
1587754783776,29.465
