1585920662714,179.01
1585920662714,179.01
1585920673801,179.15
1585920692272,179.54
1585920692272,179.54
1585920710464,179.72
1585920720896,179.94
1585920720896,179.94
1585920743482,180.43
1585920743482,180.43
1585920743482,180.43
1585920743482,180.43
1585920743482,180.43
1585920796798,180.41
1585920802237,180.71
1585920813190,180.325
1585920813190,180.325
1585920813190,180.325
1585920813190,180.325
1585920854283,180.89
1585920854283,180.89
1585920854283,180.89
1585920854283,180.89
1585920898456,180.26
1585920898456,180.26
1585920923439,180.41
1585920923439,180.41
1585920923439,180.41
1585920947120,180.18
1585920947120,180.18
1585920947120,180.18
1585920984408,179.555
1585920984408,179.555
1585921006213,179.84
1585921016621,180.27
1585921016621,180.27
1585921016621,180.27
1585921016621,180.27
1585921016621,180.27
1585921016621,180.27
1585921077949,180.34
1585921086111,179.96
1585921086111,179.96
1585921103702,180.01
1585921114084,180.05
1585921132490,180.14
1585921140523,180.04
1585921150283,180.22
1585921154691,180.26
1585921170487,180.29
1585921181486,180.31
1585921185292,180.57
1585921204130,180.39
1585921204130,180.39
1585921204130,180.39
1585921204130,180.39
1585921204130,180.39
1585921204130,180.39
1585921265334,180.785
1585921265334,180.785
1585921265334,180.785
1585921265334,180.785
1585921305098,181.21
1585921305098,181.21
1585921305098,181.21
1585921305098,181.21
1585921346305,180.86
1585921354300,181.07
1585921370915,180.755
1585921370915,180.755
1585921393301,181.17
1585921393301,181.17
1585921414489,181.05
1585921414489,181.05
1585921414489,181.05
1585921414489,181.05
1585921414489,181.05
1585921414489,181.05
1585921414489,181.05
1585921486114,181.11
1585921486114,181.11
1585921501439,181.17
1585921501439,181.17
1585921501439,181.17
1585921534404,180.565
1585921534404,180.565
1585921534404,180.565
1585921534404,180.565
1585921534404,180.565
1585921534404,180.565
1585921534404,180.565
1585921534404,180.565
1585921534404,180.565
1585921534404,180.565
1585921534404,180.565
1585921534404,180.565
1585921661837,180.865
1585921661837,180.865
1585921661837,180.865
1585921691439,180.885
1585921691439,180.885
1585921691439,180.885
1585921691439,180.885
1585921691439,180.885
1585921691439,180.885
1585921691439,180.885
1585921691439,180.885
1585921774601,180.635
1585921774601,180.635
1585921774601,180.635
1585921774601,180.635
1585921812436,180.87
1585921812436,180.87
1585921812436,180.87
1585921847098,180.78
1585921858968,180.49
1585921870927,180.23
1585921880844,180.265
1585921885501,180.57
1585921902053,180.49
1585921902053,180.49
1585921902053,180.49
1585921902053,180.49
1585921902053,180.49
1585921902053,180.49
1585921968489,180.425
1585921968489,180.425
1585921983065,180.35
1585922002991,180.185
1585922009001,180.18
1585922013626,180.2
1585922029576,180.45
1585922029576,180.45
1585922049512,180.53
1585922049512,180.53
1585922049512,180.53
1585922049512,180.53
1585922049512,180.53
1585922049512,180.53
1585922112937,180.56
1585922112937,180.56
1585922128528,180.65
1585922145295,180.645
1585922152336,180.5
1585922152336,180.5
1585922171888,180.45
1585922183284,180.48
1585922183284,180.48
1585922205144,180.545
1585922212793,180.79
1585922212793,180.79
1585922212793,180.79
1585922212793,180.79
1585922212793,180.79
1585922269211,180.5
1585922269211,180.5
1585922269211,180.5
1585922269211,180.5
1585922269211,180.5
1585922321846,180.45
1585922321846,180.45
1585922338677,180.355
1585922353289,180.355
1585922364086,180.31
1585922364086,180.31
1585922364086,180.31
1585922364086,180.31
1585922364086,180.31
1585922364086,180.31
1585922432272,179.535
1585922432272,179.535
1585922432272,179.535
1585922432272,179.535
1585922473430,179.64
1585922484206,179.76
1585922484206,179.76
1585922496163,179.54
1585922515242,179.64
1585922521940,179.74
1585922521940,179.74
1585922521940,179.74
1585922554485,179.855
1585922569539,179.925
1585922569539,179.925
1585922569539,179.925
1585922569539,179.925
1585922612115,179.7
1585922612115,179.7
1585922633456,179.49
1585922633456,179.49
1585922633456,179.49
1585922633456,179.49
1585922633456,179.49
1585922633456,179.49
1585922633456,179.49
1585922633456,179.49
1585922633456,179.49
1585922633456,179.49
1585922736595,178.95
1585922736595,178.95
1585922736595,178.95
1585922736595,178.95
1585922736595,178.95
1585922782974,179.36
1585922782974,179.36
1585922808077,179.22
1585922808077,179.22
1585922825456,179.305
1585922825456,179.305
1585922825456,179.305
1585922825456,179.305
1585922872471,179.39
1585922884621,179.235
1585922884621,179.235
1585922906160,179.49
1585922906160,179.49
1585922928589,179.485
1585922935878,179.575
1585922935878,179.575
1585922957989,179.41
1585922957989,179.41
1585922979354,179.31
1585922991355,179.31
1585922999179,179.21
1585923003244,179.3
1585923021476,178.955
1585923021476,178.955
1585923037134,178.93
1585923037134,178.93
1585923059803,178.8
1585923070503,178.82
1585923079973,178.815
1585923079973,178.815
1585923104989,178.83
1585923116861,178.925
1585923125931,178.86
1585923131826,178.68
1585923147787,179.01
1585923147787,179.01
1585923147787,179.01
1585923147787,179.01
1585923147787,179.01
1585923147787,179.01
1585923147787,179.01
1585923147787,179.01
1585923227286,178.785
1585923227286,178.785
1585923227286,178.785
1585923227286,178.785
1585923227286,178.785
1585923285145,178.63
1585923285145,178.63
1585923303003,178.385
1585923303003,178.385
1585923303003,178.385
1585923331326,178.21
1585923331326,178.21
1585923331326,178.21
1585923331326,178.21
1585923331326,178.21
1585923386761,178.18
1585923396037,177.9
1585923396037,177.9
1585923396037,177.9
1585923423790,177.995
1585923432292,178.13
1585923432292,178.13
1585923432292,178.13
1585923432292,178.13
1585923432292,178.13
1585923432292,178.13
1585923432292,178.13
1585923513695,177.775
1585923513695,177.775
1585923513695,177.775
1585923543597,177.78
1585923547544,177.71
1585923547544,177.71
1585923572407,177.415
1585923572407,177.415
1585923572407,177.415
1585923572407,177.415
1585923611940,177.37
1585923611940,177.37
1585923611940,177.37
1585923647966,177.25
1585923647966,177.25
1585923647966,177.25
1585923647966,177.25
1585923647966,177.25
1585923647966,177.25
1585923647966,177.25
1585923647966,177.25
1585923732084,177.25
1585923732084,177.25
1585923732084,177.25
1585923764020,177.11
1585923771832,177.22
1585923771832,177.22
1585923771832,177.22
1585923771832,177.22
1585923771832,177.22
1585923825113,176.98
1585923825113,176.98
1585923825113,176.98
1585923825113,176.98
1585923863912,177.29
1585923863912,177.29
1585923892022,177.845
1585923903127,177.715
1585923903127,177.715
1585923922754,177.665
1585923930354,177.64
1585923943006,177.55
1585923943006,177.55
1585923960904,177.39
1585923960904,177.39
1585923960904,177.39
1585923960904,177.39
1585924003366,177.29
1585924003366,177.29
1585924003366,177.29
1585924003366,177.29
1585924003366,177.29
1585924056747,176.88
1585924056747,176.88
1585924056747,176.88
1585924056747,176.88
1585924056747,176.88
1585924056747,176.88
1585924121619,176.55
1585924121619,176.55
1585924141715,176.63
1585924143550,176.58
1585924155073,176.835
1585924155073,176.835
1585924155073,176.835
1585924155073,176.835
1585924155073,176.835
1585924207082,177.085
1585924207082,177.085
1585924207082,177.085
1585924207082,177.085
1585924207082,177.085
1585924207082,177.085
1585924271224,177.43
1585924279385,177.305
1585924295099,177.37
1585924295099,177.37
1585924295099,177.37
1585924295099,177.37
1585924295099,177.37
1585924295099,177.37
1585924352031,177.405
1585924369687,177.49
1585924378331,177.445
1585924378331,177.445
1585924378331,177.445
1585924378331,177.445
1585924378331,177.445
1585924378331,177.445
1585924378331,177.445
1585924378331,177.445
1585924378331,177.445
1585924378331,177.445
1585924378331,177.445
1585924378331,177.445
1585924378331,177.445
1585924378331,177.445
1585924378331,177.445
1585924378331,177.445
1585924378331,177.445
1585924553230,177.39
1585924553230,177.39
1585924553230,177.39
1585924553230,177.39
1585924553230,177.39
1585924553230,177.39
1585924553230,177.39
1585924553230,177.39
1585924641259,177.45
1585924641259,177.45
1585924641259,177.45
1585924641259,177.45
1585924641259,177.45
1585924641259,177.45
1585924641259,177.45
1585924641259,177.45
1585924641259,177.45
1585924641259,177.45
1585924641259,177.45
1585924641259,177.45
1585924765364,176.88
1585924765364,176.88
1585924765364,176.88
1585924765364,176.88
1585924765364,176.88
1585924816667,176.945
1585924816667,176.945
1585924816667,176.945
1585924848319,176.92
1585924858466,177.04
1585924858466,177.04
1585924858466,177.04
1585924885812,177.04
1585924903166,177.035
1585924915044,176.925
1585924922024,177.015
1585924928828,177.13
1585924947042,176.98
1585924952196,176.98
1585924967675,177.05
1585924967675,177.05
1585924967675,177.05
1585924967675,177.05
1585924967675,177.05
1585924967675,177.05
1585924967675,177.05
1585924967675,177.05
1585924967675,177.05
1585924967675,177.05
1585925070080,177.09
1585925070080,177.09
1585925070080,177.09
1585925070080,177.09
1585925070080,177.09
1585925115644,176.81
1585925126251,176.8
1585925126251,176.8
1585925126251,176.8
1585925126251,176.8
1585925126251,176.8
1585925126251,176.8
1585925126251,176.8
1585925126251,176.8
1585925126251,176.8
1585925126251,176.8
1585925236440,176.795
1585925236440,176.795
1585925261955,177.145
1585925261955,177.145
1585925276844,176.975
1585925276844,176.975
1585925276844,176.975
1585925311306,176.95
1585925311306,176.95
1585925311306,176.95
1585925336861,177.135
1585925336861,177.135
1585925336861,177.135
1585925336861,177.135
1585925336861,177.135
1585925392766,176.955
1585925402361,176.96
1585925402361,176.96
1585925426344,176.965
1585925426344,176.965
1585925426344,176.965
1585925426344,176.965
1585925465786,176.75
1585925478162,176.83
1585925488976,176.9
1585925498383,176.96
1585925510380,177.09
1585925510380,177.09
1585925524009,177.17
1585925524009,177.17
1585925524009,177.17
1585925524009,177.17
1585925524009,177.17
1585925524009,177.17
1585925524009,177.17
1585925607398,176.61
1585925607398,176.61
1585925607398,176.61
1585925607398,176.61
1585925607398,176.61
1585925607398,176.61
1585925607398,176.61
1585925607398,176.61
1585925607398,176.61
1585925699968,176.43
1585925699968,176.43
1585925699968,176.43
1585925699968,176.43
1585925699968,176.43
1585925699968,176.43
1585925699968,176.43
1585925771332,176.695
1585925771332,176.695
1585925771332,176.695
1585925771332,176.695
1585925771332,176.695
1585925771332,176.695
1585925771332,176.695
1585925771332,176.695
1585925771332,176.695
1585925771332,176.695
1585925771332,176.695
1585925771332,176.695
1585925771332,176.695
1585925910279,176.08
1585925910279,176.08
1585925910279,176.08
1585925910279,176.08
1585925954734,176.16
1585925954734,176.16
1585925954734,176.16
1585925954734,176.16
1585925954734,176.16
1585925954734,176.16
1585925954734,176.16
1585925954734,176.16
1585925954734,176.16
1585925954734,176.16
1585925954734,176.16
1585926063629,176.67
1585926063629,176.67
1585926063629,176.67
1585926063629,176.67
1585926113400,176.54
1585926113400,176.54
1585926113400,176.54
1585926113400,176.54
1585926113400,176.54
1585926162085,176.565
1585926162085,176.565
1585926186974,176.445
1585926186974,176.445
1585926200284,176.36
1585926200284,176.36
1585926200284,176.36
1585926200284,176.36
1585926200284,176.36
1585926254577,176.64
1585926254577,176.64
1585926254577,176.64
1585926254577,176.64
1585926254577,176.64
1585926254577,176.64
1585926325233,176.21
1585926325233,176.21
1585926325233,176.21
1585926325233,176.21
1585926325233,176.21
1585926325233,176.21
1585926325233,176.21
1585926325233,176.21
1585926325233,176.21
1585926325233,176.21
1585926425031,175.685
1585926425031,175.685
1585926445339,175.78
1585926445339,175.78
1585926445339,175.78
1585926445339,175.78
1585926490745,175.78
1585926490745,175.78
1585926490745,175.78
1585926490745,175.78
1585926490745,175.78
1585926490745,175.78
1585926490745,175.78
1585926490745,175.78
1585926575876,175.95
1585926583945,176.07
1585926583945,176.07
1585926583945,176.07
1585926583945,176.07
1585926583945,176.07
1585926583945,176.07
1585926583945,176.07
1585926583945,176.07
1585926583945,176.07
1585926680167,175.72
1585926680167,175.72
1585926680167,175.72
1585926680167,175.72
1585926680167,175.72
1585926736845,175.355
1585926736845,175.355
1585926736845,175.355
1585926766587,175
1585926779919,175
1585926779919,175
1585926793924,175
1585926804146,175.05
1585926804146,175.05
1585926830559,175.02
1585926835943,175
1585926835943,175
1585926855409,175.09
1585926855409,175.09
1585926855409,175.09
1585926888634,175.115
1585926905770,175.055
1585926911397,175.2
1585926925942,175.415
1585926935257,175.735
1585926948266,175.99
1585926948266,175.99
1585926948266,175.99
1585926974666,175.555
1585926974666,175.555
1585926974666,175.555
1585927001819,175.68
1585927021795,175.93
1585927024324,176.18
1585927024324,176.18
1585927024324,176.18
1585927060806,176.01
1585927065982,176.01
1585927065982,176.01
1585927065982,176.01
1585927065982,176.01
1585927065982,176.01
1585927065982,176.01
1585927065982,176.01
1585927144978,175.9
1585927153887,175.84
1585927153887,175.84
1585927172215,175.98
1585927189916,176.08
1585927189916,176.08
1585927203574,176.02
1585927203574,176.02
1585927203574,176.02
1585927203574,176.02
1585927203574,176.02
1585927203574,176.02
1585927203574,176.02
1585927284046,176.105
1585927284046,176.105
1585927284046,176.105
1585927284046,176.105
1585927325974,176.75
1585927336080,176.61
1585927348010,176.58
1585927348010,176.58
1585927368203,176.53
1585927368203,176.53
1585927389442,176.24
1585927389442,176.24
1585927407369,176.13
1585927407369,176.13
1585927428421,175.96
1585927437609,175.98
1585927446752,175.975
1585927458221,175.875
1585927471255,175.74
1585927480257,175.845
1585927492313,175.83
1585927502443,175.815
1585927502443,175.815
1585927519191,175.965
1585927531406,175.965
1585927531406,175.965
1585927551454,175.745
1585927551454,175.745
1585927551454,175.745
1585927551454,175.745
1585927551454,175.745
1585927551454,175.745
1585927551454,175.745
1585927551454,175.745
1585927633786,175.46
1585927633786,175.46
1585927660951,175.5
1585927660951,175.5
1585927660951,175.5
1585927660951,175.5
1585927660951,175.5
1585927714902,175.45
1585927714902,175.45
1585927714902,175.45
1585927741871,175.75
1585927741871,175.75
1585927741871,175.75
1585927741871,175.75
1585927741871,175.75
1585927741871,175.75
1585927741871,175.75
1585927741871,175.75
1585927741871,175.75
1585927741871,175.75
1585927852274,175.79
1585927855712,175.965
1585927855712,175.965
1585927855712,175.965
1585927855712,175.965
1585927855712,175.965
1585927855712,175.965
1585927855712,175.965
1585927855712,175.965
1585927939284,176.315
1585927948714,176.5
1585927948714,176.5
1585927948714,176.5
1585927986031,176.31
1585927986031,176.31
1585927986031,176.31
1585927986031,176.31
1585927986031,176.31
1585928032084,176.6
1585928032084,176.6
1585928032084,176.6
1585928032084,176.6
1585928032084,176.6
1585928032084,176.6
1585928032084,176.6
1585928032084,176.6
1585928032084,176.6
1585928032084,176.6
1585928032084,176.6
1585928032084,176.6
1585928032084,176.6
1585928173827,176.26
1585928173827,176.26
1585928173827,176.26
1585928173827,176.26
1585928173827,176.26
1585928173827,176.26
1585928233123,176.34
1585928233123,176.34
1585928262595,176.37
1585928262595,176.37
1585928262595,176.37
1585928262595,176.37
1585928262595,176.37
1585928262595,176.37
1585928262595,176.37
1585928262595,176.37
1585928262595,176.37
1585928262595,176.37
1585928262595,176.37
1585928262595,176.37
1585928262595,176.37
1585928400731,176.4
1585928400991,176.35
1585928400991,176.35
1585928425266,176.31
1585928425266,176.31
1585928425266,176.31
1585928457478,176.325
1585928469009,176.23
1585928480664,176.315
1585928484680,176.46
1585928484680,176.46
1585928484680,176.46
1585928484680,176.46
1585928535408,176.58
1585928535408,176.58
1585928554183,176.685
1585928554183,176.685
1585928572322,176.67
1585928572322,176.67
1585928592994,176.62
1585928592994,176.62
1585928592994,176.62
1585928627678,176.455
1585928627678,176.455
1585928627678,176.455
1585928627678,176.455
1585928627678,176.455
1585928627678,176.455
1585928689634,176.47
1585928700886,176.395
1585928713419,176.4
1585928725948,176.38
1585928729179,176.42
1585928745153,176.4
1585928745153,176.4
1585928769210,176.395
1585928775977,176.34
1585928785626,176.365
1585928801437,176.38
1585928804477,176.365
1585928804477,176.365
1585928804477,176.365
1585928840355,176.3
1585928840355,176.3
1585928860356,176.3
1585928873462,176.105
1585928883565,176.2
1585928886553,176.17
1585928886553,176.17
1585928886553,176.17
1585928886553,176.17
1585928936129,176.265
1585928936129,176.265
1585928936129,176.265
1585928964197,176.33
1585928972648,176.41
1585928985651,176.45
1585928985651,176.45
1585929001313,176.57
1585929018780,176.49
1585929029627,176.445
1585929029627,176.445
1585929042524,176.425
1585929060874,176.54
1585929060874,176.54
1585929060874,176.54
1585929060874,176.54
1585929103266,176.45
1585929103266,176.45
1585929119564,176.5
1585929119564,176.5
1585929119564,176.5
1585929119564,176.5
1585929119564,176.5
1585929170220,176.745
1585929182315,176.715
1585929194606,176.725
1585929200177,176.79
1585929212446,176.81
1585929228431,176.815
1585929233040,176.815
1585929240224,176.81
1585929255758,176.785
1585929268923,176.73
1585929268923,176.73
1585929268923,176.73
1585929268923,176.73
1585929268923,176.73
1585929268923,176.73
1585929329265,176.94
1585929329265,176.94
1585929353909,177.02
1585929353909,177.02
1585929353909,177.02
1585929353909,177.02
1585929353909,177.02
1585929403805,177.09
1585929408597,177.14
1585929408597,177.14
1585929432063,177.12
1585929432063,177.12
1585929452954,177.27
1585929452954,177.27
1585929452954,177.27
1585929452954,177.27
1585929452954,177.27
1585929452954,177.27
1585929452954,177.27
1585929452954,177.27
1585929452954,177.27
1585929452954,177.27
1585929452954,177.27
1585929571876,177.11
1585929571876,177.11
1585929571876,177.11
1585929571876,177.11
1585929609434,177.39
1585929625033,177.52
1585929625033,177.52
1585929649623,177.38
1585929652689,177.235
1585929669292,177.235
1585929673648,177.31
1585929673648,177.31
1585929701386,177.3
1585929712718,177.285
1585929718469,177.355
1585929730981,177.245
1585929741227,177.11
1585929748344,177.04
1585929762484,177.07
1585929775193,177.18
1585929776670,177.19
1585929788140,177.295
1585929788140,177.295
1585929816876,177.265
1585929821273,177.235
1585929837719,177.26
1585929844212,177.275
1585929857721,177.28
1585929869375,177.29
1585929879687,177.48
1585929883440,177.47
1585929899503,177.49
1585929907991,177.42
1585929907991,177.42
1585929932625,177.41
1585929933220,177.41
1585929947043,177.38
1585929954608,177.305
1585929970931,177.3
1585929980560,177.25
1585929987609,177.3
1585929996533,177.325
1585929996533,177.325
1585930027867,177.235
1585930027867,177.235
1585930047046,177.13
1585930047046,177.13
1585930047046,177.13
1585930047046,177.13
1585930047046,177.13
1585930091542,176.83
1585930109960,176.805
1585930109960,176.805
1585930130824,176.925
1585930135744,176.895
1585930150781,177.04
1585930156066,177.14
1585930170957,177.095
1585930170957,177.095
1585930170957,177.095
1585930170957,177.095
1585930207399,177.06
1585930207399,177.06
1585930230593,177.235
1585930230593,177.235
1585930250241,177.035
1585930250241,177.035
1585930280429,177.155
1585930286772,177.18
1585930291971,177.1
1585930307143,177.06
1585930321813,176.925
1585930328551,176.855
1585930328551,176.855
1585930351304,177.01
1585930351304,177.01
1585930351304,177.01
1585930381327,176.915
1585930381327,176.915
1585930396972,176.965
1585930396972,176.965
1585930423748,176.91
1585930431633,176.8
1585930431633,176.8
1585930459885,176.625
1585930459885,176.625
1585930474573,176.66
1585930489246,176.73
1585930489246,176.73
1585930489246,176.73
1585930518046,176.86
1585930528002,176.825
1585930528002,176.825
1585930528002,176.825
1585930528002,176.825
1585930570806,176.815
1585930570806,176.815
1585930570806,176.815
1585930607970,176.67
1585930614751,176.55
1585930625296,176.495
1585930639967,176.42
1585930645101,176.42
1585930653473,176.39
1585930670075,176.44
1585930681832,176.385
1585930690024,176.765
1585930699255,176.735
1585930699255,176.735
1585930721791,176.67
1585930721791,176.67
1585930742150,176.68
1585930754312,176.8
1585930764035,176.645
1585930764035,176.645
1585930785731,176.65
1585930788722,176.695
1585930788722,176.695
1585930815711,176.67
1585930828300,176.675
1585930837204,176.685
1585930837204,176.685
1585930859385,176.735
1585930864086,176.82
1585930878025,176.87
1585930889932,176.83
1585930889932,176.83
1585930903786,176.925
1585930903786,176.925
1585930903786,176.925
1585930903786,176.925
1585930952662,176.895
1585930952662,176.895
1585930952662,176.895
1585930977472,176.72
1585930977472,176.72
1585930977472,176.72
1585931017648,176.94
1585931017648,176.94
1585931017648,176.94
1585931047712,176.96
1585931055932,176.96
1585931066637,177.135
1585931081952,177.34
1585931081952,177.34
1585931081952,177.34
1585931112987,177.355
1585931121277,177.465
1585931130597,177.44
1585931144535,177.47
1585931150814,177.48
1585931150814,177.48
1585931176752,177.475
1585931184043,177.495
1585931197331,177.27
1585931202894,177.385
1585931202894,177.385
1585931225095,177.49
1585931235479,177.475
1585931246554,177.61
1585931257024,177.495
1585931271525,177.655
1585931280567,177.755
1585931282969,177.58
1585931296591,177.505
1585931307909,177.485
1585931320270,177.37
1585931320270,177.37
1585931337255,177.395
1585931337255,177.395
1585931365252,177.48
1585931365252,177.48
1585931384514,177.46
1585931384514,177.46
1585931402717,177.28
1585931415856,177.385
1585931421758,177.55
1585931429619,177.64
1585931442477,177.55
1585931453891,177.6
1585931453891,177.6
1585931453891,177.6
1585931453891,177.6
1585931453891,177.6
1585931453891,177.6
1585931453891,177.6
1585931453891,177.6
1585931543442,177.135
1585931552350,177.1
1585931552350,177.1
1585931573570,176.99
1585931573570,176.99
1585931592313,177.11
1585931601335,177.195
1585931614823,177.31
1585931614823,177.31
1585931614823,177.31
1585931644102,177.455
1585931657995,177.38
1585931657995,177.38
1585931678342,177.475
1585931685667,177.495
1585931693935,177.45
1585931693935,177.45
1585931723547,177.67
1585931723547,177.67
1585931723547,177.67
1585931723547,177.67
1585931723547,177.67
1585931723547,177.67
1585931723547,177.67
1585931789683,177.62
1585931789683,177.62
1585931789683,177.62
1585931789683,177.62
1585931789683,177.62
1585931849482,177.84
1585931851117,177.855
1585931864895,177.915
1585931879422,177.9
1585931890474,177.94
1585931893827,177.97
1585931908621,177.83
1585931922610,177.87
1585931932824,177.94
1585931943449,178.045
1585931953942,177.93
1585931965407,177.94
1585931972159,177.83
1585931983778,177.855
1585931992929,177.945
1585932003404,177.905
1585932003404,177.905
1585932003404,177.905
1585932003404,177.905
1585932003404,177.905
1585932003404,177.905
1585932003404,177.905
1585932003404,177.905
1585932003404,177.905
1585932003404,177.905
1585932003404,177.905
1585932120692,177.835
1585932120692,177.835
1585932120692,177.835
1585932120692,177.835
1585932172096,178.3
1585932172096,178.3
1585932172096,178.3
1585932172096,178.3
1585932172096,178.3
1585932172096,178.3
1585932172096,178.3
1585932172096,178.3
1585932172096,178.3
1585932172096,178.3
1585932172096,178.3
1585932172096,178.3
1585932172096,178.3
1585932172096,178.3
1585932172096,178.3
1585932172096,178.3
1585932172096,178.3
1585932172096,178.3
1585932172096,178.3
1585932172096,178.3
1585932380315,178.225
1585932380315,178.225
1585932380315,178.225
1585932380315,178.225
1585932380315,178.225
1585932380315,178.225
1585932380315,178.225
1585932380315,178.225
1585932380315,178.225
1585932380315,178.225
1585932380315,178.225
1585932499536,177.81
1585932499536,177.81
1585932499536,177.81
1585932499536,177.81
1585932499536,177.81
1585932499536,177.81
1585932499536,177.81
1585932499536,177.81
1585932499536,177.81
1585932499536,177.81
1585932600373,177.74
1585932612343,177.785
1585932612343,177.785
1585932612343,177.785
1585932612343,177.785
1585932612343,177.785
1585932667499,177.83
1585932667499,177.83
1585932667499,177.83
1585932667499,177.83
1585932667499,177.83
1585932667499,177.83
1585932667499,177.83
1585932667499,177.83
1585932667499,177.83
1585932667499,177.83
1585932764137,178.095
1585932764137,178.095
1585932792191,177.81
1585932792191,177.81
1585932792191,177.81
1585932792191,177.81
1585932792191,177.81
1585932792191,177.81
1585932792191,177.81
1585932792191,177.81
1585932792191,177.81
1585932886207,177.9
1585932886207,177.9
1585932886207,177.9
1585932913831,177.705
1585932931811,177.82
1585932931811,177.82
1585932931811,177.82
1585932931811,177.82
1585932931811,177.82
1585932980811,178.07
1585932980811,178.07
1585932980811,178.07
1585932980811,178.07
1585932980811,178.07
1585932980811,178.07
1585932980811,178.07
1585932980811,178.07
1585932980811,178.07
1585932980811,178.07
1585932980811,178.07
1585932980811,178.07
1585933109920,177.85
1585933109920,177.85
1585933109920,177.85
1585933109920,177.85
1585933109920,177.85
1585933109920,177.85
1585933109920,177.85
1585933109920,177.85
1585933109920,177.85
1585933109920,177.85
1585933109920,177.85
1585933109920,177.85
1585933109920,177.85
1585933241813,177.88
1585933241813,177.88
1585933267280,178.065
1585933267280,178.065
1585933267280,178.065
1585933297771,178.145
1585933307589,178.155
1585933314442,178.175
1585933314442,178.175
1585933339417,178.185
1585933339417,178.185
1585933363823,178.2
1585933363823,178.2
1585933386702,178.175
1585933386702,178.175
1585933402547,178.24
1585933402547,178.24
1585933422617,178.315
1585933422617,178.315
1585933422617,178.315
1585933450371,178.2
1585933464351,178.15
1585933464351,178.15
1585933464351,178.15
1585933500002,178.185
1585933500002,178.185
1585933519224,178.18
1585933519224,178.18
1585933519224,178.18
1585933519224,178.18
1585933519224,178.18
1585933519224,178.18
1585933519224,178.18
1585933595264,178.245
1585933595264,178.245
1585933595264,178.245
1585933595264,178.245
1585933635028,178.46
1585933635028,178.46
1585933635028,178.46
1585933635028,178.46
1585933635028,178.46
1585933635028,178.46
1585933635028,178.46
1585933635028,178.46
1585933635028,178.46
1585933724933,178.31
1585933724933,178.31
1585933724933,178.31
1585933724933,178.31
1585933724933,178.31
1585933777637,178.45
1585933777637,178.45
1585933777637,178.45
1585933777637,178.45
1585933777637,178.45
1585933777637,178.45
1585933845484,178.36
1585933845484,178.36
1585933845484,178.36
1585933845484,178.36
1585933845484,178.36
1585933845484,178.36
1585933845484,178.36
1585933845484,178.36
1585933927718,178.2
1585933942575,178.165
1585933942575,178.165
1585933962775,178.205
1585933973631,178.245
1585933982388,178.275
1585933982388,178.275
1585933982388,178.275
1585934009282,178.255
1585934024070,178.195
1585934024070,178.195
1585934043380,178.225
1585934043380,178.225
1585934061128,178.225
1585934061128,178.225
1585934085177,178.06
1585934097638,178.11
1585934110527,178.02
1585934110527,178.02
1585934110527,178.02
1585934133890,178.08
1585934153377,177.785
1585934161275,177.805
1585934161275,177.805
1585934161275,177.805
1585934192764,177.96
1585934192764,177.96
1585934208562,178.22
1585934220124,178.115
1585934220124,178.115
1585934220124,178.115
1585934251475,178.04
1585934251475,178.04
1585934251475,178.04
1585934280026,178.12
1585934280026,178.12
1585934280026,178.12
1585934311602,178.225
1585934311602,178.225
1585934338440,178.235
1585934338440,178.235
1585934338440,178.235
1585934338440,178.235
1585934338440,178.235
1585934385483,178.415
1585934402750,178.38
1585934402750,178.38
1585934402750,178.38
1585934433156,178.45
1585934433156,178.45
1585934449563,178.34
1585934449563,178.34
1585934472611,178.35
1585934472611,178.35
1585934472611,178.35
1585934503033,178.475
1585934503033,178.475
1585934503033,178.475
1585934537939,178.36
1585934550164,178.195
1585934550164,178.195
1585934550164,178.195
1585934550164,178.195
1585934550164,178.195
1585934599714,178.305
1585934599714,178.305
1585934619412,178.115
1585934630838,178.05
1585934630838,178.05
1585934656748,177.91
1585934660023,177.94
1585934660023,177.94
1585934660023,177.94
1585934694243,177.99
1585934704454,177.94
1585934718649,177.785
1585934721897,177.78
1585934740355,177.625
1585934750703,177.48
1585934758618,177.5
1585934758618,177.5
1585934784094,177.55
1585934784094,177.55
1585934784094,177.55
1585934815366,177.61
1585934815366,177.61
1585934836209,177.5
1585934841645,177.5
1585934841645,177.5
1585934841645,177.5
1585934841645,177.5
1585934841645,177.5
1585934841645,177.5
1585934841645,177.5
1585934841645,177.5
1585934841645,177.5
1585934841645,177.5
1585934841645,177.5
1585934841645,177.5
1585934968708,177.64
1585934976945,177.485
1585934976945,177.485
1585934976945,177.485
1585934976945,177.485
1585934976945,177.485
1585934976945,177.485
1585935046420,177.53
1585935046420,177.53
1585935065067,177.51
1585935077552,177.495
1585935080907,177.495
1585935096666,177.495
1585935096666,177.495
1585935119839,177.5
1585935122885,177.545
1585935122885,177.545
1585935148949,177.5
1585935154529,177.485
1585935165438,177.5
1585935165438,177.5
1585935165438,177.5
1585935165438,177.5
1585935213878,177.49
1585935220615,177.5
1585935220615,177.5
1585935220615,177.5
1585935220615,177.5
1585935220615,177.5
1585935220615,177.5
1585935220615,177.5
1585935296469,177.66
1585935296469,177.66
1585935296469,177.66
1585935296469,177.66
1585935296469,177.66
1585935342417,177.74
1585935342417,177.74
1585935342417,177.74
1585935342417,177.74
1585935342417,177.74
1585935342417,177.74
1585935405922,177.65
1585935405922,177.65
1585935405922,177.65
1585935405922,177.65
1585935405922,177.65
1585935405922,177.65
1585935405922,177.65
1585935405922,177.65
1585935405922,177.65
1585935507630,177.485
1585935507630,177.485
1585935525891,177.43
1585935532866,177.56
1585935532866,177.56
1585935532866,177.56
1585935532866,177.56
1585935580353,177.47
1585935591072,177.51
1585935603414,177.37
1585935603414,177.37
1585935603414,177.37
1585935603414,177.37
1585935648497,177.3
1585935648497,177.3
1585935648497,177.3
1585935679783,177.445
1585935679783,177.445
1585935679783,177.445
1585935711221,177.5
1585935716403,177.555
1585935716403,177.555
1585935737948,177.455
1585935737948,177.455
1585935737948,177.455
1585935737948,177.455
1585935784002,177.525
1585935784002,177.525
1585935784002,177.525
1585935814019,177.47
1585935814019,177.47
1585935814019,177.47
1585935814019,177.47
1585935814019,177.47
1585935814019,177.47
1585935814019,177.47
1585935814019,177.47
1585935814019,177.47
1585935814019,177.47
1585935814019,177.47
1585935814019,177.47
1585935814019,177.47
1585935948155,177.94
1585935948155,177.94
1585935973810,178.125
1585935973810,178.125
1585935973810,178.125
1585936008154,177.985
1585936008154,177.985
1585936008154,177.985
1585936008154,177.985
1585936008154,177.985
1585936008154,177.985
1585936008154,177.985
1585936008154,177.985
1585936092022,178.07
1585936105403,178.25
1585936114612,178.165
1585936128154,178.065
1585936128154,178.065
1585936128154,178.065
1585936128154,178.065
1585936160602,177.83
1585936160602,177.83
1585936160602,177.83
1585936191743,177.825
1585936209391,177.92
1585936216132,178
1585936229191,178.025
1585936229191,178.025
1585936229191,178.025
1585936229191,178.025
1585936275573,177.81
1585936275573,177.81
1585936275573,177.81
1585936304942,177.84
1585936304942,177.84
1585936304942,177.84
1585936332598,177.7
1585936344141,177.73
1585936358994,177.625
1585936358994,177.625
1585936358994,177.625
1585936358994,177.625
1585936358994,177.625
1585936358994,177.625
1585936419627,177.655
1585936426517,177.565
1585936426517,177.565
1585936426517,177.565
1585936463316,177.56
1585936463316,177.56
1585936463316,177.56
1585936490013,177.54
1585936490013,177.54
1585936490013,177.54
1585936526613,177.45
1585936526613,177.45
1585936546308,177.5
1585936552881,177.52
1585936563820,177.635
1585936563820,177.635
1585936592104,177.555
1585936592104,177.555
1585936592104,177.555
1585936592104,177.555
1585936592104,177.555
1585936592104,177.555
1585936647411,177.895
1585936665260,177.97
1585936672451,178.02
1585936685639,178.025
1585936689635,177.96
1585936704896,178
1585936713489,178.025
1585936727296,178.015
1585936727296,178.015
1585936740882,177.945
1585936753593,177.955
1585936766308,177.995
1585936771811,178.02
1585936791712,178.17
1585936791712,178.17
1585936813384,178.25
1585936822155,178.43
1585936826889,178.44
1585936846120,178.415
1585936846120,178.415
1585936846120,178.415
1585936846120,178.415
1585936846120,178.415
1585936846120,178.415
1585936846120,178.415
1585936846120,178.415
1585936846120,178.415
1585936846120,178.415
1585936846120,178.415
1585936846120,178.415
1585936964207,178.245
1585936964207,178.245
1585936964207,178.245
1585937000521,178.06
1585937000521,178.06
1585937000521,178.06
1585937000521,178.06
1585937000521,178.06
1585937000521,178.06
1585937000521,178.06
1585937075897,178.02
1585937075897,178.02
1585937093170,178.12
1585937093170,178.12
1585937117749,178.065
1585937128623,178.19
1585937133833,178.205
1585937133833,178.205
1585937160981,178.25
1585937171320,178.13
1585937179453,178.155
1585937190142,178.085
1585937203247,178.105
1585937207761,178.115
1585937207761,178.115
1585937207761,178.115
1585937207761,178.115
1585937250837,178.205
1585937267766,178.205
1585937267766,178.205
1585937267766,178.205
1585937291508,178.235
1585937302331,178.24
1585937302331,178.24
1585937302331,178.24
1585937302331,178.24
1585937302331,178.24
1585937302331,178.24
1585937372015,178.22
1585937378966,178.04
1585937393023,178.05
1585937393023,178.05
1585937413416,178.08
1585937422096,178
1585937422096,178
1585937446778,178
1585937450910,177.995
1585937465817,177.82
1585937465817,177.82
1585937465817,177.82
1585937465817,177.82
1585937507393,177.69
1585937507393,177.69
1585937507393,177.69
1585937537689,177.59
1585937537689,177.59
1585937537689,177.59
1585937537689,177.59
1585937537689,177.59
1585937537689,177.59
1585937597263,177.46
1585937597263,177.46
1585937597263,177.46
1585937597263,177.46
1585937597263,177.46
1585937597263,177.46
1585937661310,177.365
1585937661310,177.365
1585937661310,177.365
1585937696883,177.5
1585937696883,177.5
1585937696883,177.5
1585937696883,177.5
1585937738275,177.58
1585937743091,177.54
1585937756058,177.5
1585937771650,177.5
1585937771650,177.5
1585937771650,177.5
1585937771650,177.5
1585937808816,177.5
1585937819497,177.5
1585937827487,177.54
1585937827487,177.54
1585937827487,177.54
1585937827487,177.54
1585937827487,177.54
1585937880282,177.56
1585937880282,177.56
1585937880282,177.56
1585937914857,177.665
1585937914857,177.665
1585937914857,177.665
1585937914857,177.665
1585937914857,177.665
1585937970358,177.55
1585937975333,177.56
1585937975333,177.56
1585937995970,177.585
1585937995970,177.585
1585938023757,177.66
1585938023757,177.66
1585938042609,177.715
1585938042609,177.715
1585938042609,177.715
1585938068391,177.995
1585938068391,177.995
1585938068391,177.995
1585938068391,177.995
1585938068391,177.995
1585938068391,177.995
1585938068391,177.995
1585938068391,177.995
1585938161407,178.02
1585938168126,178.015
1585938173416,177.99
1585938192609,178
1585938201725,178.005
1585938201725,178.005
1585938201725,178.005
1585938227094,178.125
1585938244748,178.225
1585938244748,178.225
1585938244748,178.225
1585938244748,178.225
1585938287609,178.18
1585938287609,178.18
1585938287609,178.18
1585938287609,178.18
1585938332012,178.205
1585938332012,178.205
1585938349004,178.25
1585938349004,178.25
1585938369810,178.21
1585938381711,178.23
1585938381711,178.23
1585938381711,178.23
1585938381711,178.23
1585938417352,178.35
1585938434269,178.12
1585938434269,178.12
1585938434269,178.12
1585938467404,178.21
1585938469918,178.21
1585938484902,178.185
1585938484902,178.185
1585938502991,178.38
1585938502991,178.38
1585938531056,178.3
1585938531056,178.3
1585938531056,178.3
1585938531056,178.3
1585938531056,178.3
1585938531056,178.3
1585938531056,178.3
1585938599072,178.485
1585938599072,178.485
1585938599072,178.485
1585938637772,178.245
1585938637772,178.245
1585938659365,178.245
1585938664907,178.24
1585938664907,178.24
1585938689396,178.25
1585938689396,178.25
1585938712530,178.25
1585938712530,178.25
1585938712530,178.25
1585938712530,178.25
1585938712530,178.25
1585938712530,178.25
1585938775672,178.27
1585938787872,178.235
1585938787872,178.235
1585938803125,178.25
1585938803125,178.25
1585938803125,178.25
1585938836676,178.25
1585938849473,178.25
1585938853325,178.21
1585938853325,178.21
1585938853325,178.21
1585938853325,178.21
1585938853325,178.21
1585938853325,178.21
1585938853325,178.21
1585938853325,178.21
1585938853325,178.21
1585938853325,178.21
1585938853325,178.21
1585938853325,178.21
1585938979323,178.365
1585938979323,178.365
1585938979323,178.365
1585939018179,178.25
1585939019296,178.245
1585939019296,178.245
1585939019296,178.245
1585939019296,178.245
1585939068886,178.3
1585939068886,178.3
1585939068886,178.3
1585939068886,178.3
1585939068886,178.3
1585939122929,178.475
1585939132504,178.455
1585939143039,178.505
1585939150415,178.57
1585939165467,178.58
1585939167378,178.485
1585939185780,178.485
1585939188792,178.485
1585939204519,178.54
1585939209249,178.605
1585939209249,178.605
1585939237919,178.84
1585939248847,178.695
1585939257332,178.675
1585939257332,178.675
1585939257332,178.675
1585939283256,178.82
1585939294352,178.83
1585939294352,178.83
1585939294352,178.83
1585939294352,178.83
1585939336976,178.695
1585939336976,178.695
1585939359676,178.695
1585939368992,178.695
1585939368992,178.695
1585939394693,178.59
1585939397653,178.54
1585939410948,178.625
1585939428137,178.64
1585939436987,178.535
1585939447663,178.37
1585939455792,178.305
1585939468507,178.285
1585939472332,178.22
1585939472332,178.22
1585939493963,178.11
1585939493963,178.11
1585939493963,178.11
1585939493963,178.11
1585939493963,178.11
1585939549818,178.18
1585939549818,178.18
1585939570436,178.23
1585939580023,178.15
1585939580023,178.15
1585939607522,178.425
1585939608936,178.38
1585939608936,178.38
1585939637131,178.33
1585939637131,178.33
1585939637131,178.33
1585939637131,178.33
1585939637131,178.33
1585939637131,178.33
1585939695362,178.255
1585939711850,178.18
1585939711850,178.18
1585939711850,178.18
1585939711850,178.18
1585939711850,178.18
1585939759249,178.115
1585939774097,178.235
1585939774097,178.235
1585939788801,178.27
1585939788801,178.27
1585939812870,178.42
1585939827949,178.48
1585939827949,178.48
1585939848882,178.545
1585939848882,178.545
1585939870534,178.65
1585939879389,178.67
1585939892079,178.79
1585939901978,178.87
1585939912072,178.92
1585939915334,179.08
1585939931306,179.2
1585939946253,179.28
1585939955894,179.53
1585939957339,179.52
1585939973198,179.545
1585939987011,179.555
1585939987011,179.555
1585939987011,179.555
1585939987011,179.555
1585939987011,179.555
1585939987011,179.555
1585939987011,179.555
1585939987011,179.555
1585940066877,179.405
1585940081969,179.4
1585940081969,179.4
1585940095760,179.39
1585940105979,179.425
1585940119360,179.515
1585940119360,179.515
1585940140569,179.46
1585940151948,179.195
1585940151948,179.195
1585940173654,179.32
1585940173654,179.32
1585940173654,179.32
1585940207323,179.09
1585940209533,179.06
1585940230725,179.49
1585940230725,179.49
1585940230725,179.49
1585940230725,179.49
1585940230725,179.49
1585940230725,179.49
1585940230725,179.49
1585940230725,179.49
1585940230725,179.49
1585940318998,179.08
1585940318998,179.08
1585940318998,179.08
1585940318998,179.08
1585940318998,179.08
1585940318998,179.08
1585940318998,179.08
1585940318998,179.08
