1585834250475,175.645
1585834250475,175.645
1585834278893,176.54
1585834278893,176.54
1585834278893,176.54
1585834312808,177.31
1585834312808,177.31
1585834312808,177.31
1585834346069,177.225
1585834346069,177.225
1585834365082,177.04
1585834365082,177.04
1585834380193,177.24
1585834389929,177.74
1585834389929,177.74
1585834414576,177.56
1585834414576,177.56
1585834414576,177.56
1585834414576,177.56
1585834414576,177.56
1585834470925,178.09
1585834480286,178.325
1585834484895,178.315
1585834503251,178.28
1585834503251,178.28
1585834519736,178.95
1585834519736,178.95
1585834519736,178.95
1585834546874,178.65
1585834546874,178.65
1585834566997,178.84
1585834581529,178.585
1585834581529,178.585
1585834604182,178.49
1585834604182,178.49
1585834604182,178.49
1585834635913,178.42
1585834635913,178.42
1585834635913,178.42
1585834668029,178.54
1585834676509,178.01
1585834687828,178.145
1585834701123,177.85
1585834711510,178.14
1585834711510,178.14
1585834731064,178.18
1585834731064,178.18
1585834745402,178.14
1585834745402,178.14
1585834745402,178.14
1585834785986,178.1
1585834785986,178.1
1585834802143,177.845
1585834802143,177.845
1585834820550,177.49
1585834836106,178.11
1585834847577,177.74
1585834859833,177.255
1585834870625,177.02
1585834876528,177.08
1585834876528,177.08
1585834894604,177.15
1585834911552,177.18
1585834911552,177.18
1585834929130,177.19
1585834929130,177.19
1585834929130,177.19
1585834964367,176.68
1585834966695,176.91
1585834982581,176.88
1585834993068,176.82
1585834993068,176.82
1585834993068,176.82
1585835022638,176.52
1585835022638,176.52
1585835022638,176.52
1585835022638,176.52
1585835062104,175.95
1585835078651,175.67
1585835078651,175.67
1585835095591,175.51
1585835107768,175.61
1585835118990,175.51
1585835131503,175.53
1585835131503,175.53
1585835151881,175.715
1585835162865,175.5
1585835162865,175.5
1585835162865,175.5
1585835184911,175.4
1585835201082,175.29
1585835215290,174.98
1585835218773,175.175
1585835218773,175.175
1585835218773,175.175
1585835218773,175.175
1585835264471,175.87
1585835264471,175.87
1585835264471,175.87
1585835264471,175.87
1585835303192,175.685
1585835303192,175.685
1585835303192,175.685
1585835303192,175.685
1585835303192,175.685
1585835351448,176.19
1585835351448,176.19
1585835351448,176.19
1585835390551,176.01
1585835390551,176.01
1585835390551,176.01
1585835390551,176.01
1585835390551,176.01
1585835439706,176.19
1585835439706,176.19
1585835439706,176.19
1585835439706,176.19
1585835439706,176.19
1585835488636,176.22
1585835488636,176.22
1585835509960,176.23
1585835523063,176.48
1585835523063,176.48
1585835541959,176.15
1585835541959,176.15
1585835568025,176.22
1585835568025,176.22
1585835568025,176.22
1585835568025,176.22
1585835568025,176.22
1585835568025,176.22
1585835568025,176.22
1585835568025,176.22
1585835568025,176.22
1585835568025,176.22
1585835568025,176.22
1585835568025,176.22
1585835568025,176.22
1585835568025,176.22
1585835709264,175.71
1585835727651,176.015
1585835733383,176.01
1585835733383,176.01
1585835760258,175.98
1585835770851,176.01
1585835770851,176.01
1585835770851,176.01
1585835770851,176.01
1585835770851,176.01
1585835770851,176.01
1585835770851,176.01
1585835838102,176.49
1585835838102,176.49
1585835838102,176.49
1585835838102,176.49
1585835838102,176.49
1585835838102,176.49
1585835838102,176.49
1585835838102,176.49
1585835838102,176.49
1585835936595,176.64
1585835942171,176.52
1585835954684,176.465
1585835954684,176.465
1585835975430,176.75
1585835989927,177.015
1585835989927,177.015
1585836001481,177.11
1585836001481,177.11
1585836001481,177.11
1585836001481,177.11
1585836001481,177.11
1585836001481,177.11
1585836001481,177.11
1585836001481,177.11
1585836001481,177.11
1585836001481,177.11
1585836001481,177.11
1585836121399,176.46
1585836133625,176.605
1585836143650,176.6
1585836143650,176.6
1585836161292,176.755
1585836161292,176.755
1585836161292,176.755
1585836193527,177.04
1585836209094,177.015
1585836209094,177.015
1585836209094,177.015
1585836209094,177.015
1585836209094,177.015
1585836257804,177.1
1585836257804,177.1
1585836257804,177.1
1585836257804,177.1
1585836257804,177.1
1585836257804,177.1
1585836257804,177.1
1585836257804,177.1
1585836257804,177.1
1585836257804,177.1
1585836257804,177.1
1585836374353,176.435
1585836374353,176.435
1585836374353,176.435
1585836374353,176.435
1585836374353,176.435
1585836374353,176.435
1585836374353,176.435
1585836374353,176.435
1585836455438,176.33
1585836455438,176.33
1585836455438,176.33
1585836455438,176.33
1585836455438,176.33
1585836455438,176.33
1585836522056,176.735
1585836522056,176.735
1585836522056,176.735
1585836522056,176.735
1585836563900,176.85
1585836563900,176.85
1585836563900,176.85
1585836592282,176.7
1585836599397,176.78
1585836599397,176.78
1585836627565,177.05
1585836627694,177.02
1585836627694,177.02
1585836627694,177.02
1585836627694,177.02
1585836627694,177.02
1585836627694,177.02
1585836694293,176.885
1585836694293,176.885
1585836694293,176.885
1585836694293,176.885
1585836742100,176.965
1585836746331,176.96
1585836746331,176.96
1585836746331,176.96
1585836746331,176.96
1585836794108,176.74
1585836802185,176.69
1585836802185,176.69
1585836802185,176.69
1585836834845,176.41
1585836840891,176.28
1585836847807,176.3
1585836847807,176.3
1585836847807,176.3
1585836847807,176.3
1585836896815,176.68
1585836896815,176.68
1585836896815,176.68
1585836896815,176.68
1585836896815,176.68
1585836896815,176.68
1585836896815,176.68
1585836896815,176.68
1585836896815,176.68
1585836896815,176.68
1585836896815,176.68
1585836896815,176.68
1585836896815,176.68
1585837027821,175.69
1585837045920,175.61
1585837052009,175.665
1585837052009,175.665
1585837075081,175.96
1585837075081,175.96
1585837089240,176.13
1585837089240,176.13
1585837089240,176.13
1585837126953,175.96
1585837126953,175.96
1585837126953,175.96
1585837159956,175.98
1585837159956,175.98
1585837174401,176.11
1585837174401,176.11
1585837201352,176.43
1585837206352,176.65
1585837206352,176.65
1585837206352,176.65
1585837206352,176.65
1585837254996,177.35
1585837265153,177.235
1585837265955,177.38
1585837265955,177.38
1585837265955,177.38
1585837265955,177.38
1585837265955,177.38
1585837265955,177.38
1585837265955,177.38
1585837265955,177.38
1585837352316,177.5
1585837364578,177.65
1585837380846,177.58
1585837389042,177.69
1585837389042,177.69
1585837405113,177.81
1585837413487,177.74
1585837425587,177.96
1585837435188,178.05
1585837453831,178
1585837453831,178
1585837467284,177.85
1585837467284,177.85
1585837467284,177.85
1585837467284,177.85
1585837516766,178.16
1585837516766,178.16
1585837516766,178.16
1585837516766,178.16
1585837516766,178.16
1585837516766,178.16
1585837516766,178.16
1585837584163,177.81
1585837584163,177.81
1585837607942,177.73
1585837607942,177.73
1585837607942,177.73
1585837607942,177.73
1585837607942,177.73
1585837607942,177.73
1585837669274,177.54
1585837669274,177.54
1585837669274,177.54
1585837669274,177.54
1585837708827,177.09
1585837708827,177.09
1585837731524,177.15
1585837731524,177.15
1585837731524,177.15
1585837761679,177.54
1585837761679,177.54
1585837790065,177.92
1585837796932,177.88
1585837804920,177.675
1585837820069,178.33
1585837820069,178.33
1585837841632,178.805
1585837841632,178.805
1585837841632,178.805
1585837841632,178.805
1585837879204,179.12
1585837879204,179.12
1585837879204,179.12
1585837879204,179.12
1585837879204,179.12
1585837879204,179.12
1585837879204,179.12
1585837949522,179.41
1585837949522,179.41
1585837970339,179.23
1585837978553,179.275
1585837999095,179.43
1585837999095,179.43
1585838011754,179.805
1585838025162,179.74
1585838025162,179.74
1585838025162,179.74
1585838025162,179.74
1585838067653,179.72
1585838067653,179.72
1585838086385,179.755
1585838086385,179.755
1585838103353,180.025
1585838103353,180.025
1585838103353,180.025
1585838103353,180.025
1585838148755,180.41
1585838161165,180.89
1585838173803,180.74
1585838173803,180.74
1585838189156,180.98
1585838204576,180.87
1585838212859,180.86
1585838223686,181.125
1585838223686,181.125
1585838241201,181.155
1585838241201,181.155
1585838265015,180.89
1585838265015,180.89
1585838283726,180.73
1585838283726,180.73
1585838307124,180.98
1585838307124,180.98
1585838331038,180.75
1585838342308,181
1585838342308,181
1585838358398,180.94
1585838374142,180.905
1585838379904,180.845
1585838379904,180.845
1585838397190,180.99
1585838397190,180.99
1585838423105,180.71
1585838423105,180.71
1585838438678,180.62
1585838438678,180.62
1585838464201,180.145
1585838470232,180.2
1585838470232,180.2
1585838497178,180.185
1585838497178,180.185
1585838497178,180.185
1585838497178,180.185
1585838497178,180.185
1585838497178,180.185
1585838497178,180.185
1585838573379,179.85
1585838580987,179.88
1585838594679,179.93
1585838599998,179.84
1585838611941,180.06
1585838611941,180.06
1585838611941,180.06
1585838639666,180.09
1585838639666,180.09
1585838665314,180.17
1585838665314,180.17
1585838665314,180.17
1585838665314,180.17
1585838709304,180.07
1585838720269,180.06
1585838727806,179.96
1585838731139,179.845
1585838749521,179.94
1585838753156,180.21
1585838768393,180.22
1585838774839,180.48
1585838774839,180.48
1585838774839,180.48
1585838810730,179.735
1585838823822,179.28
1585838823822,179.28
1585838823822,179.28
1585838823822,179.28
1585838857053,179.445
1585838857053,179.445
1585838880887,179.43
1585838880887,179.43
1585838880887,179.43
1585838880887,179.43
1585838880887,179.43
1585838880887,179.43
1585838880887,179.43
1585838880887,179.43
1585838880887,179.43
1585838974384,179.52
1585838974384,179.52
1585838974384,179.52
1585839002887,179.78
1585839002887,179.78
1585839002887,179.78
1585839036647,179.55
1585839036647,179.55
1585839036647,179.55
1585839075544,179.655
1585839079780,179.39
1585839079780,179.39
1585839079780,179.39
1585839079780,179.39
1585839079780,179.39
1585839079780,179.39
1585839145233,178.88
1585839153162,178.65
1585839169799,178.48
1585839169799,178.48
1585839187293,178.33
1585839187293,178.33
1585839204182,178.44
1585839204182,178.44
1585839230483,178.625
1585839230483,178.625
1585839230483,178.625
1585839230483,178.625
1585839230483,178.625
1585839282878,178.46
1585839282878,178.46
1585839295992,178.65
1585839295992,178.65
1585839317096,179.245
1585839317096,179.245
1585839346015,179.38
1585839346015,179.38
1585839346015,179.38
1585839346015,179.38
1585839346015,179.38
1585839346015,179.38
1585839407814,179.71
1585839411567,179.645
1585839411567,179.645
1585839439427,179.3
1585839439427,179.3
1585839459845,178.8
1585839459845,178.8
1585839475682,179.07
1585839475682,179.07
1585839475682,179.07
1585839475682,179.07
1585839475682,179.07
1585839475682,179.07
1585839475682,179.07
1585839475682,179.07
1585839566424,179.82
1585839566424,179.82
1585839566424,179.82
1585839566424,179.82
1585839566424,179.82
1585839566424,179.82
1585839566424,179.82
1585839566424,179.82
1585839566424,179.82
1585839566424,179.82
1585839566424,179.82
1585839671774,179.585
1585839685991,179.28
1585839702368,179.545
1585839704472,179.615
1585839704472,179.615
1585839729644,179.51
1585839729644,179.51
1585839752681,179.48
1585839759691,179.655
1585839759691,179.655
1585839783194,179.58
1585839783194,179.58
1585839783194,179.58
1585839783194,179.58
1585839783194,179.58
1585839783194,179.58
1585839783194,179.58
1585839783194,179.58
1585839783194,179.58
1585839783194,179.58
1585839783194,179.58
1585839783194,179.58
1585839907232,179.71
1585839911433,179.55
1585839924216,179.51
1585839924216,179.51
1585839924216,179.51
1585839924216,179.51
1585839966487,179.53
1585839983771,179.74
1585839983771,179.74
1585839999608,179.75
1585839999608,179.75
1585839999608,179.75
1585839999608,179.75
1585840047773,179.12
1585840053762,179.105
1585840053762,179.105
1585840053762,179.105
1585840089156,178.92
1585840089156,178.92
1585840107851,178.98
1585840107851,178.98
1585840127996,178.94
1585840127996,178.94
1585840127996,178.94
1585840163420,178.9
1585840167952,178.98
1585840167952,178.98
1585840167952,178.98
1585840167952,178.98
1585840208185,179.04
1585840208185,179.04
1585840208185,179.04
1585840208185,179.04
1585840251998,178.86
1585840251998,178.86
1585840251998,178.86
1585840284221,178.52
1585840284221,178.52
1585840284221,178.52
1585840284221,178.52
1585840284221,178.52
1585840331428,178.15
1585840331428,178.15
1585840331428,178.15
1585840364484,178.42
1585840364484,178.42
1585840364484,178.42
1585840364484,178.42
1585840364484,178.42
1585840364484,178.42
1585840364484,178.42
1585840364484,178.42
1585840364484,178.42
1585840364484,178.42
1585840364484,178.42
1585840364484,178.42
1585840364484,178.42
1585840364484,178.42
1585840364484,178.42
1585840364484,178.42
1585840364484,178.42
1585840364484,178.42
1585840364484,178.42
1585840567262,178.23
1585840578201,178.18
1585840578201,178.18
1585840578201,178.18
1585840578201,178.18
1585840578201,178.18
1585840578201,178.18
1585840642697,178.36
1585840642697,178.36
1585840642697,178.36
1585840642697,178.36
1585840642697,178.36
1585840642697,178.36
1585840697945,178.54
1585840697945,178.54
1585840697945,178.54
1585840697945,178.54
1585840697945,178.54
1585840697945,178.54
1585840769187,178.685
1585840769187,178.685
1585840769187,178.685
1585840769187,178.685
1585840803009,178.48
1585840803009,178.48
1585840824320,178.475
1585840824320,178.475
1585840851326,178.615
1585840851326,178.615
1585840851326,178.615
1585840851326,178.615
1585840851326,178.615
1585840851326,178.615
1585840915575,178.53
1585840925179,178.71
1585840929606,178.68
1585840941174,178.84
1585840941174,178.84
1585840941174,178.84
1585840941174,178.84
1585840941174,178.84
1585840998208,179.08
1585840998208,179.08
1585840998208,179.08
1585840998208,179.08
1585840998208,179.08
1585840998208,179.08
1585840998208,179.08
1585840998208,179.08
1585840998208,179.08
1585841085551,179.17
1585841095066,179.215
1585841109503,178.97
1585841109503,178.97
1585841109503,178.97
1585841109503,178.97
1585841109503,178.97
1585841109503,178.97
1585841176715,178.655
1585841186788,178.68
1585841186788,178.68
1585841186788,178.68
1585841186788,178.68
1585841186788,178.68
1585841238047,178.55
1585841238047,178.55
1585841238047,178.55
1585841262634,178.42
1585841262634,178.42
1585841262634,178.42
1585841262634,178.42
1585841311099,178.51
1585841311099,178.51
1585841328577,178.7
1585841336039,178.64
1585841336039,178.64
1585841357770,178.65
1585841357770,178.65
1585841357770,178.65
1585841357770,178.65
1585841357770,178.65
1585841357770,178.65
1585841357770,178.65
1585841357770,178.65
1585841357770,178.65
1585841357770,178.65
1585841357770,178.65
1585841357770,178.65
1585841357770,178.65
1585841357770,178.65
1585841357770,178.65
1585841357770,178.65
1585841357770,178.65
1585841537652,178.8
1585841537652,178.8
1585841537652,178.8
1585841537652,178.8
1585841579897,179.045
1585841579897,179.045
1585841579897,179.045
1585841579897,179.045
1585841623908,179.14
1585841623908,179.14
1585841623908,179.14
1585841623908,179.14
1585841623908,179.14
1585841623908,179.14
1585841623908,179.14
1585841623908,179.14
1585841623908,179.14
1585841623908,179.14
1585841731735,179.03
1585841731735,179.03
1585841731735,179.03
1585841731735,179.03
1585841731735,179.03
1585841731735,179.03
1585841731735,179.03
1585841801282,179.1
1585841801282,179.1
1585841801282,179.1
1585841801282,179.1
1585841801282,179.1
1585841801282,179.1
1585841801282,179.1
1585841801282,179.1
1585841801282,179.1
1585841801282,179.1
1585841801282,179.1
1585841801282,179.1
1585841801282,179.1
1585841801282,179.1
1585841801282,179.1
1585841801282,179.1
1585841801282,179.1
1585841801282,179.1
1585841801282,179.1
1585841801282,179.1
1585842012357,179.39
1585842012357,179.39
1585842032783,179.575
1585842040602,179.505
1585842040602,179.505
1585842040602,179.505
1585842040602,179.505
1585842040602,179.505
1585842040602,179.505
1585842040602,179.505
1585842040602,179.505
1585842040602,179.505
1585842040602,179.505
1585842040602,179.505
1585842040602,179.505
1585842040602,179.505
1585842040602,179.505
1585842040602,179.505
1585842202563,179.965
1585842205213,180.09
1585842218365,179.83
1585842233541,179.53
1585842233541,179.53
1585842233541,179.53
1585842233541,179.53
1585842233541,179.53
1585842284677,179.38
1585842284677,179.38
1585842306723,179.265
1585842316253,179.285
1585842322639,179.445
1585842322639,179.445
1585842346275,179.42
1585842346275,179.42
1585842368990,179.54
1585842368990,179.54
1585842384353,179.5
1585842384353,179.5
1585842384353,179.5
1585842384353,179.5
1585842431726,179.76
1585842431726,179.76
1585842450387,180.24
1585842450387,180.24
1585842450387,180.24
1585842450387,180.24
1585842450387,180.24
1585842504516,180.37
1585842504516,180.37
1585842504516,180.37
1585842538826,180.11
1585842538826,180.11
1585842557385,180.2
1585842562306,180.265
1585842562306,180.265
1585842562306,180.265
1585842562306,180.265
1585842562306,180.265
1585842562306,180.265
1585842562306,180.265
1585842643065,180.56
1585842643065,180.56
1585842659444,180.95
1585842659444,180.95
1585842684739,180.79
1585842684739,180.79
1585842684739,180.79
1585842716079,180.845
1585842720339,180.795
1585842728816,180.76
1585842747307,181.225
1585842747307,181.225
1585842747307,181.225
1585842777955,180.99
1585842777955,180.99
1585842777955,180.99
1585842777955,180.99
1585842777955,180.99
1585842833502,181
1585842833502,181
1585842833502,181
1585842833502,181
1585842833502,181
1585842884044,181.07
1585842884044,181.07
1585842901267,180.94
1585842910775,180.91
1585842910775,180.91
1585842936450,180.86
1585842939463,180.86
1585842939463,180.86
1585842965705,180.92
1585842965705,180.92
1585842965705,180.92
1585842965705,180.92
1585843007177,181.66
1585843007177,181.66
1585843007177,181.66
1585843041861,182.21
1585843046816,182.335
1585843058188,182.35
1585843058188,182.35
1585843058188,182.35
1585843084986,182.51
1585843099847,182.45
1585843099847,182.45
1585843099847,182.45
1585843134261,182.07
1585843141079,182.205
1585843152393,182.155
1585843164209,181.98
1585843164209,181.98
1585843164209,181.98
1585843164209,181.98
1585843203024,181.715
1585843203024,181.715
1585843203024,181.715
1585843203024,181.715
1585843203024,181.715
1585843203024,181.715
1585843203024,181.715
1585843272173,181.045
1585843291307,180.91
1585843292997,180.905
1585843310940,180.925
1585843310940,180.925
1585843310940,180.925
1585843310940,180.925
1585843310940,180.925
1585843310940,180.925
1585843310940,180.925
1585843310940,180.925
1585843310940,180.925
1585843406701,180.605
1585843406701,180.605
1585843406701,180.605
1585843406701,180.605
1585843406701,180.605
1585843406701,180.605
1585843406701,180.605
1585843406701,180.605
1585843484450,180.49
1585843498371,180.67
1585843514342,180.42
1585843525264,180.5
1585843525264,180.5
1585843544716,180.65
1585843550035,180.76
1585843550035,180.76
1585843550035,180.76
1585843585865,180.825
1585843599293,180.81
1585843599293,180.81
1585843599293,180.81
1585843599293,180.81
1585843599293,180.81
1585843599293,180.81
1585843599293,180.81
1585843599293,180.81
1585843679725,180.91
1585843679725,180.91
1585843696831,180.965
1585843696831,180.965
1585843719411,181.05
1585843719411,181.05
1585843719411,181.05
1585843719411,181.05
1585843719411,181.05
1585843719411,181.05
1585843719411,181.05
1585843719411,181.05
1585843719411,181.05
1585843719411,181.05
1585843719411,181.05
1585843719411,181.05
1585843719411,181.05
1585843719411,181.05
1585843719411,181.05
1585843719411,181.05
1585843719411,181.05
1585843719411,181.05
1585843719411,181.05
1585843719411,181.05
1585843719411,181.05
1585843719411,181.05
1585843947217,181.19
1585843947217,181.19
1585843947217,181.19
1585843947217,181.19
1585843947217,181.19
1585843947217,181.19
1585843947217,181.19
1585843947217,181.19
1585843947217,181.19
1585843947217,181.19
1585843947217,181.19
1585843947217,181.19
1585843947217,181.19
1585843947217,181.19
1585843947217,181.19
1585843947217,181.19
1585843947217,181.19
1585844130150,181.095
1585844130150,181.095
1585844130150,181.095
1585844130150,181.095
1585844130150,181.095
1585844130150,181.095
1585844130150,181.095
1585844130150,181.095
1585844218715,180.905
1585844218715,180.905
1585844218715,180.905
1585844218715,180.905
1585844218715,180.905
1585844218715,180.905
1585844282119,180.91
1585844287809,180.92
1585844287809,180.92
1585844287809,180.92
1585844287809,180.92
1585844287809,180.92
1585844287809,180.92
1585844346654,180.92
1585844346654,180.92
1585844369475,180.94
1585844379449,181
1585844379449,181
1585844402443,181
1585844416074,181.1
1585844416074,181.1
1585844416074,181.1
1585844443077,181.305
1585844443077,181.305
1585844443077,181.305
1585844443077,181.305
1585844486450,181.17
1585844486450,181.17
1585844486450,181.17
1585844486450,181.17
1585844525793,180.92
1585844525793,180.92
1585844525793,180.92
1585844525793,180.92
1585844525793,180.92
1585844577630,180.69
1585844577630,180.69
1585844577630,180.69
1585844577630,180.69
1585844577630,180.69
1585844638186,180.785
1585844648768,180.615
1585844651017,180.615
1585844651017,180.615
1585844651017,180.615
1585844651017,180.615
1585844651017,180.615
1585844651017,180.615
1585844720877,180.7
1585844732243,180.755
1585844732243,180.755
1585844743332,180.785
1585844743332,180.785
1585844743332,180.785
1585844743332,180.785
1585844793770,180.75
1585844800017,180.755
1585844800017,180.755
1585844800017,180.755
1585844800017,180.755
1585844847079,180.835
1585844851167,180.695
1585844851167,180.695
1585844851167,180.695
1585844851167,180.695
1585844851167,180.695
1585844851167,180.695
1585844919929,180.63
1585844919929,180.63
1585844919929,180.63
1585844919929,180.63
1585844919929,180.63
1585844919929,180.63
1585844919929,180.63
1585844919929,180.63
1585844919929,180.63
1585845012573,180.58
1585845012573,180.58
1585845012573,180.58
1585845012573,180.58
1585845012573,180.58
1585845012573,180.58
1585845012573,180.58
1585845081020,180.84
1585845081020,180.84
1585845081020,180.84
1585845081020,180.84
1585845081020,180.84
1585845081020,180.84
1585845081020,180.84
1585845081020,180.84
1585845081020,180.84
1585845081020,180.84
1585845081020,180.84
1585845081020,180.84
1585845081020,180.84
1585845081020,180.84
1585845081020,180.84
1585845236306,180.67
1585845236306,180.67
1585845236306,180.67
1585845236306,180.67
1585845236306,180.67
1585845236306,180.67
1585845236306,180.67
1585845236306,180.67
1585845236306,180.67
1585845340587,180.485
1585845340587,180.485
1585845356846,180.525
1585845366060,180.535
1585845366060,180.535
1585845390402,180.6
1585845403024,180.49
1585845403024,180.49
1585845421928,180.75
1585845421928,180.75
1585845444305,180.685
1585845453023,180.61
1585845453023,180.61
1585845453023,180.61
1585845484965,180.78
1585845484965,180.78
1585845484965,180.78
1585845515497,180.405
1585845515497,180.405
1585845515497,180.405
1585845515497,180.405
1585845550948,180.8
1585845550948,180.8
1585845550948,180.8
1585845550948,180.8
1585845550948,180.8
1585845550948,180.8
1585845550948,180.8
1585845550948,180.8
1585845550948,180.8
1585845550948,180.8
1585845550948,180.8
1585845550948,180.8
1585845550948,180.8
1585845550948,180.8
1585845708579,180.56
1585845711073,180.57
1585845723997,180.57
1585845723997,180.57
1585845723997,180.57
1585845758765,180.59
1585845758765,180.59
1585845773320,180.78
1585845773320,180.78
1585845773320,180.78
1585845773320,180.78
1585845773320,180.78
1585845773320,180.78
1585845773320,180.78
1585845852748,180.675
1585845863606,180.72
1585845863606,180.72
1585845863606,180.72
1585845863606,180.72
1585845863606,180.72
1585845863606,180.72
1585845863606,180.72
1585845863606,180.72
1585845863606,180.72
1585845961801,180.835
1585845961801,180.835
1585845981241,180.805
1585845993960,180.915
1585846004524,181.015
1585846007367,181.02
1585846022369,181.16
1585846022369,181.16
1585846022369,181.16
1585846055454,181.22
1585846069645,181.35
1585846077891,181.275
1585846077891,181.275
1585846077891,181.275
1585846111726,181.15
1585846111726,181.15
1585846111726,181.15
1585846140743,181.075
1585846153350,181.19
1585846153350,181.19
1585846153350,181.19
1585846153350,181.19
1585846153350,181.19
1585846153350,181.19
1585846153350,181.19
1585846153350,181.19
1585846153350,181.19
1585846246475,181.25
1585846246475,181.25
1585846260909,181.34
1585846260909,181.34
1585846260909,181.34
1585846260909,181.34
1585846260909,181.34
1585846260909,181.34
1585846260909,181.34
1585846260909,181.34
1585846260909,181.34
1585846260909,181.34
1585846372926,181.375
1585846377742,181.43
1585846377742,181.43
1585846377742,181.43
1585846377742,181.43
1585846421088,181.445
1585846421088,181.445
1585846421088,181.445
1585846421088,181.445
1585846460164,181.46
1585846477118,181.335
1585846486110,181.39
1585846486110,181.39
1585846486110,181.39
1585846486110,181.39
1585846529027,181.29
1585846539922,181.45
1585846545103,181.44
1585846558527,181.48
1585846571322,181.63
1585846578508,181.6
1585846585892,181.4
1585846596975,181.175
1585846596975,181.175
1585846596975,181.175
1585846596975,181.175
1585846638152,180.75
1585846638152,180.75
1585846638152,180.75
1585846638152,180.75
1585846638152,180.75
1585846694313,180.86
1585846706427,180.695
1585846706427,180.695
1585846706427,180.695
1585846706427,180.695
1585846706427,180.695
1585846706427,180.695
1585846706427,180.695
1585846782652,180.89
1585846784748,180.925
1585846798804,180.935
1585846798804,180.935
1585846798804,180.935
1585846798804,180.935
1585846798804,180.935
1585846798804,180.935
1585846798804,180.935
1585846878885,180.92
1585846878885,180.92
1585846878885,180.92
1585846878885,180.92
1585846878885,180.92
1585846923682,181.13
1585846923682,181.13
1585846923682,181.13
1585846960975,181.225
1585846960975,181.225
1585846960975,181.225
1585846960975,181.225
1585846960975,181.225
1585847014080,181.21
1585847022103,181.195
1585847022103,181.195
1585847022103,181.195
1585847022103,181.195
1585847065595,181.145
1585847065595,181.145
1585847065595,181.145
1585847065595,181.145
1585847065595,181.145
1585847065595,181.145
1585847128628,180.83
1585847138285,180.67
1585847154437,180.555
1585847163509,180.59
1585847163509,180.59
1585847163509,180.59
1585847186655,180.64
1585847186655,180.64
1585847186655,180.64
1585847186655,180.64
1585847186655,180.64
1585847248789,180.5
1585847254630,180.5
1585847264962,180.455
1585847264962,180.455
1585847264962,180.455
1585847291242,180.56
1585847310451,180.56
1585847317236,180.46
1585847317236,180.46
1585847317236,180.46
1585847317236,180.46
1585847317236,180.46
1585847317236,180.46
1585847384478,180.375
1585847395227,180.115
1585847405747,180.05
1585847406112,180.04
1585847406112,180.04
1585847406112,180.04
1585847406112,180.04
1585847456378,179.81
1585847463350,180
1585847463350,180
1585847463350,180
1585847463350,180
1585847509648,180.17
1585847509648,180.17
1585847509648,180.17
1585847533480,179.975
1585847533480,179.975
1585847533480,179.975
1585847533480,179.975
1585847533480,179.975
1585847533480,179.975
1585847533480,179.975
1585847533480,179.975
1585847533480,179.975
1585847533480,179.975
1585847533480,179.975
1585847533480,179.975
1585847659921,180.16
1585847659921,180.16
1585847659921,180.16
1585847659921,180.16
1585847659921,180.16
1585847659921,180.16
1585847659921,180.16
1585847740269,179.57
1585847742148,179.57
1585847742148,179.57
1585847765329,179.46
1585847765329,179.46
1585847765329,179.46
1585847765329,179.46
1585847765329,179.46
1585847765329,179.46
1585847765329,179.46
1585847765329,179.46
1585847849629,179.205
1585847849629,179.205
1585847849629,179.205
1585847849629,179.205
1585847849629,179.205
1585847905010,179.25
1585847905010,179.25
1585847905010,179.25
1585847905010,179.25
1585847905010,179.25
1585847905010,179.25
1585847905010,179.25
1585847905010,179.25
1585847905010,179.25
1585847993819,179.135
1585847993819,179.135
1585847993819,179.135
1585847993819,179.135
1585848044083,178.93
1585848044083,178.93
1585848044083,178.93
1585848074847,179.175
1585848079255,179.135
1585848097650,179.23
1585848102701,179.13
1585848110896,179.045
1585848110896,179.045
1585848110896,179.045
1585848110896,179.045
1585848110896,179.045
1585848110896,179.045
1585848110896,179.045
1585848110896,179.045
1585848110896,179.045
1585848110896,179.045
1585848110896,179.045
1585848110896,179.045
1585848241140,179.425
1585848241140,179.425
1585848241140,179.425
1585848241140,179.425
1585848284499,179.155
1585848284499,179.155
1585848305696,179.195
1585848308011,179.31
1585848308011,179.31
1585848308011,179.31
1585848342164,179.235
1585848342164,179.235
1585848342164,179.235
1585848342164,179.235
1585848342164,179.235
1585848342164,179.235
1585848342164,179.235
1585848419731,179.055
1585848419731,179.055
1585848419731,179.055
1585848419731,179.055
1585848419731,179.055
1585848467648,179.155
1585848467648,179.155
1585848467648,179.155
1585848504323,179.245
1585848508329,179.18
1585848526015,179.17
1585848526015,179.17
1585848526015,179.17
1585848526015,179.17
1585848563650,179.28
1585848576971,179.36
1585848576971,179.36
1585848594881,179.37
1585848594881,179.37
1585848616743,179.24
1585848616743,179.24
1585848642761,179.225
1585848642761,179.225
1585848642761,179.225
1585848642761,179.225
1585848642761,179.225
1585848642761,179.225
1585848702859,179.345
1585848702859,179.345
1585848702859,179.345
1585848702859,179.345
1585848702859,179.345
1585848702859,179.345
1585848702859,179.345
1585848702859,179.345
1585848702859,179.345
1585848702859,179.345
1585848702859,179.345
1585848702859,179.345
1585848702859,179.345
1585848702859,179.345
1585848702859,179.345
1585848702859,179.345
1585848702859,179.345
1585848702859,179.345
1585848890960,179.31
1585848890960,179.31
1585848890960,179.31
1585848890960,179.31
1585848890960,179.31
1585848890960,179.31
1585848890960,179.31
1585848890960,179.31
1585848890960,179.31
1585848890960,179.31
1585848890960,179.31
1585848890960,179.31
1585848890960,179.31
1585848890960,179.31
1585849044956,179.215
1585849044956,179.215
1585849065788,179.16
1585849065788,179.16
1585849081398,179.225
1585849081398,179.225
1585849081398,179.225
1585849081398,179.225
1585849081398,179.225
1585849081398,179.225
1585849081398,179.225
1585849081398,179.225
1585849081398,179.225
1585849081398,179.225
1585849081398,179.225
1585849198758,178.97
1585849198758,178.97
1585849198758,178.97
1585849198758,178.97
1585849242553,179.12
1585849242553,179.12
1585849242553,179.12
1585849242553,179.12
1585849242553,179.12
1585849242553,179.12
1585849242553,179.12
1585849242553,179.12
1585849242553,179.12
1585849242553,179.12
1585849242553,179.12
1585849242553,179.12
1585849242553,179.12
1585849242553,179.12
1585849242553,179.12
1585849242553,179.12
1585849242553,179.12
1585849242553,179.12
1585849242553,179.12
1585849242553,179.12
1585849242553,179.12
1585849242553,179.12
1585849242553,179.12
1585849242553,179.12
1585849242553,179.12
1585849501688,179.65
1585849501688,179.65
1585849501688,179.65
1585849501688,179.65
1585849501688,179.65
1585849501688,179.65
1585849501688,179.65
1585849582390,179.325
1585849582390,179.325
1585849596120,179.165
1585849596120,179.165
1585849596120,179.165
1585849596120,179.165
1585849596120,179.165
1585849596120,179.165
1585849596120,179.165
1585849596120,179.165
1585849686990,179.115
1585849686990,179.115
1585849686990,179.115
1585849686990,179.115
1585849686990,179.115
1585849686990,179.115
1585849686990,179.115
1585849686990,179.115
1585849686990,179.115
1585849686990,179.115
1585849793627,179.07
1585849793627,179.07
1585849793627,179.07
1585849793627,179.07
1585849793627,179.07
1585849793627,179.07
1585849793627,179.07
1585849793627,179.07
1585849793627,179.07
1585849793627,179.07
1585849793627,179.07
1585849910182,179.11
1585849913593,179.1
1585849913593,179.1
1585849913593,179.1
1585849913593,179.1
1585849960265,178.96
1585849960265,178.96
1585849960265,178.96
1585849960265,178.96
1585849960265,178.96
1585849960265,178.96
1585850028952,179.34
1585850028952,179.34
1585850028952,179.34
1585850028952,179.34
1585850028952,179.34
1585850028952,179.34
1585850028952,179.34
1585850028952,179.34
1585850028952,179.34
1585850028952,179.34
1585850128982,178.965
1585850128982,178.965
1585850128982,178.965
1585850160242,179.045
1585850160242,179.045
1585850160242,179.045
1585850160242,179.045
1585850160242,179.045
1585850160242,179.045
1585850160242,179.045
1585850160242,179.045
1585850160242,179.045
1585850160242,179.045
1585850160242,179.045
1585850160242,179.045
1585850160242,179.045
1585850160242,179.045
1585850160242,179.045
1585850325113,178.555
1585850325113,178.555
1585850325113,178.555
1585850325113,178.555
1585850325113,178.555
1585850371804,178.48
1585850371804,178.48
1585850371804,178.48
1585850371804,178.48
1585850371804,178.48
1585850371804,178.48
1585850371804,178.48
1585850458102,178.3
1585850458102,178.3
1585850458102,178.3
1585850458102,178.3
1585850458102,178.3
1585850458102,178.3
1585850458102,178.3
1585850458102,178.3
1585850458102,178.3
1585850558436,178.33
1585850558436,178.33
1585850576322,178.095
1585850581952,177.935
1585850591212,177.92
1585850591212,177.92
1585850617490,177.985
1585850632472,177.98
1585850632472,177.98
1585850632472,177.98
1585850632472,177.98
1585850632472,177.98
1585850632472,177.98
1585850694279,178.19
1585850694279,178.19
1585850715712,178.185
1585850715712,178.185
1585850715712,178.185
1585850744246,178.095
1585850744246,178.095
1585850744246,178.095
1585850744246,178.095
1585850744246,178.095
1585850794651,178.005
1585850806140,178.08
1585850806140,178.08
1585850806140,178.08
1585850806140,178.08
1585850847546,178.16
1585850862865,177.95
1585850862865,177.95
1585850862865,177.95
1585850862865,177.95
1585850862865,177.95
1585850862865,177.95
1585850862865,177.95
1585850862865,177.95
1585850862865,177.95
1585850862865,177.95
1585850862865,177.95
1585850862865,177.95
1585850862865,177.95
1585850862865,177.95
1585850862865,177.95
1585850862865,177.95
1585850862865,177.95
1585850862865,177.95
1585850862865,177.95
1585850862865,177.95
1585850862865,177.95
1585850862865,177.95
1585850862865,177.95
1585850862865,177.95
1585850862865,177.95
1585850862865,177.95
1585850862865,177.95
1585850862865,177.95
1585850862865,177.95
1585850862865,177.95
1585851185113,177.81
1585851185113,177.81
1585851207477,177.93
1585851207477,177.93
1585851225902,178.15
1585851225902,178.15
1585851225902,178.15
1585851225902,178.15
1585851266948,178.24
1585851276186,178.37
1585851285335,178.43
1585851285335,178.43
1585851308116,178.56
1585851324146,178.52
1585851324146,178.52
1585851324146,178.52
1585851324146,178.52
1585851324146,178.52
1585851370713,178.45
1585851370713,178.45
1585851395151,178.35
1585851395151,178.35
1585851418756,177.86
1585851428219,177.62
1585851437970,177.35
1585851437970,177.35
1585851437970,177.35
1585851437970,177.35
1585851437970,177.35
1585851437970,177.35
1585851437970,177.35
1585851437970,177.35
1585851523820,177.525
1585851523820,177.525
1585851523820,177.525
1585851523820,177.525
1585851523820,177.525
1585851523820,177.525
1585851585666,177.235
1585851585666,177.235
1585851585666,177.235
1585851585666,177.235
1585851585666,177.235
1585851642087,177.27
1585851645921,177.26
1585851645921,177.26
1585851666747,177.59
1585851666747,177.59
1585851666747,177.59
1585851707735,177.81
1585851715302,177.98
1585851726078,177.89
1585851726078,177.89
1585851726078,177.89
1585851726078,177.89
1585851726078,177.89
1585851726078,177.89
1585851726078,177.89
1585851793819,178
1585851793819,178
1585851817610,177.7
1585851817610,177.7
1585851817610,177.7
1585851817610,177.7
1585851817610,177.7
1585851817610,177.7
1585851817610,177.7
1585851817610,177.7
1585851817610,177.7
1585851817610,177.7
1585851817610,177.7
1585851817610,177.7
1585851950254,177.29
1585851950254,177.29
1585851950254,177.29
1585851950254,177.29
1585851985605,177.33
1585851997382,177.33
1585851997382,177.33
1585852017490,177.635
1585852017490,177.635
1585852042633,177.88
1585852042633,177.88
1585852042633,177.88
1585852042633,177.88
1585852042633,177.88
1585852091605,178.045
1585852091605,178.045
1585852117283,178.245
1585852117283,178.245
1585852117283,178.245
1585852117283,178.245
1585852117283,178.245
1585852117283,178.245
1585852179500,178.56
1585852185575,178.75
1585852185575,178.75
1585852185575,178.75
1585852185575,178.75
1585852185575,178.75
1585852185575,178.75
1585852254824,178.345
1585852254824,178.345
1585852272600,178.365
1585852285240,178.21
1585852285240,178.21
1585852285240,178.21
1585852285240,178.21
1585852285240,178.21
1585852285240,178.21
1585852285240,178.21
1585852285240,178.21
1585852285240,178.21
1585852285240,178.21
1585852285240,178.21
1585852285240,178.21
1585852285240,178.21
1585852285240,178.21
1585852432893,178.61
1585852432893,178.61
1585852432893,178.61
1585852432893,178.61
1585852475886,178.6
1585852484728,178.51
1585852491867,178.4
1585852491867,178.4
1585852511558,178.61
1585852530092,178.68
1585852530092,178.68
1585852552990,178.485
1585852552990,178.485
1585852552990,178.485
1585852576378,178.55
1585852576378,178.55
1585852576378,178.55
1585852576378,178.55
1585852576378,178.55
1585852576378,178.55
1585852576378,178.55
1585852576378,178.55
1585852576378,178.55
1585852672821,178.78
1585852672821,178.78
1585852672821,178.78
1585852672821,178.78
1585852672821,178.78
1585852726882,178.875
1585852726882,178.875
1585852726882,178.875
1585852726882,178.875
1585852726882,178.875
1585852726882,178.875
1585852726882,178.875
1585852726882,178.875
1585852812241,178.63
1585852812241,178.63
1585852838333,178.65
1585852840145,178.66
1585852840145,178.66
1585852840145,178.66
1585852875782,178.2
1585852875782,178.2
1585852875782,178.2
1585852906799,178.09
1585852906799,178.09
1585852906799,178.09
1585852906799,178.09
1585852906799,178.09
1585852906799,178.09
1585852906799,178.09
1585852906799,178.09
1585852988581,178.14
1585852988581,178.14
1585853010497,178.01
1585853010497,178.01
1585853010497,178.01
1585853041103,178.085
1585853041103,178.085
1585853041103,178.085
1585853041103,178.085
1585853041103,178.085
1585853041103,178.085
1585853105203,177.775
1585853105203,177.775
1585853132926,177.81
1585853132926,177.81
1585853153618,177.705
1585853153618,177.705
1585853153618,177.705
1585853153618,177.705
1585853153618,177.705
1585853203655,177.705
1585853203655,177.705
1585853224837,177.83
1585853224837,177.83
1585853224837,177.83
1585853224837,177.83
1585853224837,177.83
1585853224837,177.83
1585853224837,177.83
1585853224837,177.83
1585853309222,178.175
1585853309222,178.175
1585853309222,178.175
1585853346409,177.805
1585853346409,177.805
1585853346409,177.805
1585853346409,177.805
1585853346409,177.805
1585853346409,177.805
1585853346409,177.805
1585853416578,177.24
1585853416578,177.24
1585853416578,177.24
1585853445673,177.29
1585853445673,177.29
1585853445673,177.29
1585853445673,177.29
1585853445673,177.29
1585853505811,177.22
1585853518325,177.26
1585853518325,177.26
1585853539506,177.565
1585853539506,177.565
1585853558661,177.615
1585853571366,177.58
1585853585562,177.76
1585853586752,177.915
1585853606368,178.02
1585853606368,178.02
1585853626003,178.385
1585853626003,178.385
1585853626003,178.385
1585853626003,178.385
1585853626003,178.385
1585853626003,178.385
1585853685073,178.525
1585853685073,178.525
1585853685073,178.525
1585853685073,178.525
1585853685073,178.525
1585853685073,178.525
1585853743955,178.795
1585853743955,178.795
1585853743955,178.795
1585853780500,178.98
1585853780500,178.98
1585853780500,178.98
1585853780500,178.98
1585853780500,178.98
1585853780500,178.98
1585853843771,179.48
1585853843771,179.48
1585853843771,179.48
1585853870525,179.47
1585853870525,179.47
1585853896712,179.46
1585853896712,179.46
1585853896712,179.46
1585853896712,179.46
1585853896712,179.46
1585853948910,179.755
1585853948910,179.755
1585853970279,180.07
1585853970279,180.07
1585853970279,180.07
