1585315860715,5.77
1585315860715,5.77
1585315876343,5.82
1585315876343,5.82
1585315876343,5.82
1585315876343,5.82
1585315925331,5.865
1585315926455,5.855
1585315937020,5.855
1585315937020,5.855
1585315937020,5.855
1585315937020,5.855
1585315985349,5.845
1585315985349,5.845
1585315985349,5.845
1585315985349,5.845
1585315985349,5.845
1585315985349,5.845
1585315985349,5.845
1585316057774,5.9
1585316057774,5.9
1585316057774,5.9
1585316057774,5.9
1585316057774,5.9
1585316057774,5.9
1585316057774,5.9
1585316132594,5.89
1585316132594,5.89
1585316132594,5.89
1585316132594,5.89
1585316176595,5.91
1585316186795,5.91
1585316192294,5.935
1585316204982,5.95
1585316210007,5.98
1585316210007,5.98
1585316238326,5.93
1585316240899,5.94
1585316253723,5.92
1585316253723,5.92
1585316253723,5.92
1585316253723,5.92
1585316300371,5.975
1585316300371,5.975
1585316319151,5.97
1585316331487,5.95
1585316336866,5.95
1585316336866,5.95
1585316336866,5.95
1585316336866,5.95
1585316336866,5.95
1585316396977,5.94
1585316403463,5.95
1585316403463,5.95
1585316403463,5.95
1585316430391,5.93
1585316446307,5.92
1585316446307,5.92
1585316446307,5.92
1585316472962,5.91
1585316490028,5.9
1585316490028,5.9
1585316490028,5.9
1585316490028,5.9
1585316523583,5.835
1585316523583,5.835
1585316523583,5.835
1585316523583,5.835
1585316523583,5.835
1585316585571,5.79
1585316590632,5.79
1585316602109,5.79
1585316602109,5.79
1585316627706,5.775
1585316637292,5.76
1585316646670,5.79
1585316651178,5.83
1585316662146,5.79
1585316680476,5.805
1585316689208,5.82
1585316689208,5.82
1585316689208,5.82
1585316715059,5.8
1585316715059,5.8
1585316715059,5.8
1585316748261,5.76
1585316760351,5.76
1585316771395,5.78
1585316771395,5.78
1585316771395,5.78
1585316799326,5.785
1585316806556,5.79
1585316806556,5.79
1585316806556,5.79
1585316806556,5.79
1585316806556,5.79
1585316806556,5.79
1585316806556,5.79
1585316889249,5.765
1585316897552,5.765
1585316906215,5.75
1585316906215,5.75
1585316928356,5.785
1585316941709,5.805
1585316949927,5.805
1585316960710,5.795
1585316971202,5.805
1585316975127,5.805
1585316975127,5.805
1585316975127,5.805
1585317014910,5.785
1585317014910,5.785
1585317030382,5.775
1585317030382,5.775
1585317055728,5.78
1585317065728,5.78
1585317070335,5.78
1585317086121,5.815
1585317086121,5.815
1585317108486,5.82
1585317115798,5.825
1585317121152,5.825
1585317138675,5.81
1585317138675,5.81
1585317138675,5.81
1585317168164,5.81
1585317168164,5.81
1585317183251,5.815
1585317198426,5.805
1585317198426,5.805
1585317198426,5.805
1585317198426,5.805
1585317198426,5.805
1585317257035,5.84
1585317265151,5.85
1585317265151,5.85
1585317265151,5.85
1585317265151,5.85
1585317265151,5.85
1585317316298,5.82
1585317316298,5.82
1585317316298,5.82
1585317316298,5.82
1585317316298,5.82
1585317316298,5.82
1585317381073,5.81
1585317381073,5.81
1585317381073,5.81
1585317381073,5.81
1585317422025,5.82
1585317426277,5.83
1585317426277,5.83
1585317426277,5.83
1585317460497,5.85
1585317474036,5.86
1585317474036,5.86
1585317490156,5.87
1585317490156,5.87
1585317490156,5.87
1585317490156,5.87
1585317490156,5.87
1585317544024,5.89
1585317556201,5.88
1585317556201,5.88
1585317556201,5.88
1585317590068,5.85
1585317593210,5.855
1585317593210,5.855
1585317614832,5.835
1585317631755,5.82
1585317631755,5.82
1585317648449,5.81
1585317648449,5.81
1585317648449,5.81
1585317648449,5.81
1585317648449,5.81
1585317648449,5.81
1585317648449,5.81
1585317721364,5.8
1585317721364,5.8
1585317738430,5.795
1585317738430,5.795
1585317760051,5.795
1585317760051,5.795
1585317760051,5.795
1585317789612,5.8
1585317805656,5.795
1585317805656,5.795
1585317805656,5.795
1585317805656,5.795
1585317805656,5.795
1585317860004,5.775
1585317867517,5.79
1585317882570,5.78
1585317882570,5.78
1585317882570,5.78
1585317908166,5.77
1585317908166,5.77
1585317908166,5.77
1585317908166,5.77
1585317908166,5.77
1585317908166,5.77
1585317908166,5.77
1585317908166,5.77
1585317908166,5.77
1585317908166,5.77
1585317908166,5.77
1585317908166,5.77
1585317908166,5.77
1585318042263,5.76
1585318042263,5.76
1585318069605,5.76
1585318069605,5.76
1585318069605,5.76
1585318069605,5.76
1585318069605,5.76
1585318069605,5.76
1585318069605,5.76
1585318136452,5.745
1585318136452,5.745
1585318161055,5.77
1585318166790,5.77
1585318166790,5.77
1585318166790,5.77
1585318166790,5.77
1585318166790,5.77
1585318166790,5.77
1585318166790,5.77
1585318166790,5.77
1585318166790,5.77
1585318166790,5.77
1585318276897,5.755
1585318280876,5.775
1585318280876,5.775
1585318280876,5.775
1585318280876,5.775
1585318328057,5.765
1585318328057,5.765
1585318328057,5.765
1585318328057,5.765
1585318366128,5.775
1585318366128,5.775
1585318366128,5.775
1585318404134,5.775
1585318404134,5.775
1585318404134,5.775
1585318404134,5.775
1585318404134,5.775
1585318452855,5.78
1585318452855,5.78
1585318452855,5.78
1585318452855,5.78
1585318452855,5.78
1585318499235,5.79
1585318499235,5.79
1585318499235,5.79
1585318499235,5.79
1585318499235,5.79
1585318499235,5.79
1585318499235,5.79
1585318499235,5.79
1585318499235,5.79
1585318600662,5.74
1585318613015,5.74
1585318613015,5.74
1585318613015,5.74
1585318613015,5.74
1585318651834,5.71
1585318651834,5.71
1585318651834,5.71
1585318678250,5.705
1585318678250,5.705
1585318678250,5.705
1585318709433,5.71
1585318709433,5.71
1585318709433,5.71
1585318709433,5.71
1585318756795,5.72
1585318764551,5.735
1585318764551,5.735
1585318764551,5.735
1585318799127,5.73
1585318799127,5.73
1585318821185,5.745
1585318827834,5.755
1585318827834,5.755
1585318827834,5.755
1585318865396,5.74
1585318865396,5.74
1585318883455,5.745
1585318883455,5.745
1585318883455,5.745
1585318883455,5.745
1585318927704,5.75
1585318927704,5.75
1585318927704,5.75
1585318927704,5.75
1585318971082,5.77
1585318971082,5.77
1585318971082,5.77
1585318971082,5.77
1585319010089,5.74
1585319010089,5.74
1585319010089,5.74
1585319010089,5.74
1585319010089,5.74
1585319010089,5.74
1585319075754,5.705
1585319079148,5.705
1585319079148,5.705
1585319103962,5.68
1585319115806,5.7
1585319115806,5.7
1585319136147,5.725
1585319136147,5.725
1585319136147,5.725
1585319136147,5.725
1585319136147,5.725
1585319188501,5.71
1585319188501,5.71
1585319188501,5.71
1585319188501,5.71
1585319188501,5.71
1585319188501,5.71
1585319188501,5.71
1585319188501,5.71
1585319188501,5.71
1585319188501,5.71
1585319188501,5.71
1585319188501,5.71
1585319316372,5.73
1585319321152,5.725
1585319321152,5.725
1585319321152,5.725
1585319321152,5.725
1585319367676,5.705
1585319367676,5.705
1585319367676,5.705
1585319396602,5.685
1585319408148,5.705
1585319419432,5.71
1585319419432,5.71
1585319419432,5.71
1585319419432,5.71
1585319462503,5.68
1585319466840,5.69
1585319478809,5.685
1585319492739,5.685
1585319492739,5.685
1585319506109,5.69
1585319518239,5.68
1585319528064,5.685
1585319528064,5.685
1585319557936,5.665
1585319557936,5.665
1585319557936,5.665
1585319585353,5.665
1585319594876,5.665
1585319594876,5.665
1585319594876,5.665
1585319630818,5.645
1585319632994,5.65
1585319632994,5.65
1585319632994,5.65
1585319632994,5.65
1585319632994,5.65
1585319691458,5.625
1585319699885,5.63
1585319699885,5.63
1585319720511,5.645
1585319733527,5.645
1585319745707,5.645
1585319755373,5.625
1585319764898,5.635
1585319776516,5.635
1585319784216,5.625
1585319784216,5.625
1585319805143,5.615
1585319805143,5.615
1585319805143,5.615
1585319805143,5.615
1585319849863,5.615
1585319852470,5.615
1585319864900,5.61
1585319864900,5.61
1585319888000,5.6
1585319901961,5.585
1585319911454,5.575
1585319911454,5.575
1585319927592,5.6
1585319927592,5.6
1585319927592,5.6
1585319961534,5.61
1585319972244,5.625
1585319972244,5.625
1585319972244,5.625
1585320007697,5.625
1585320017876,5.635
1585320017876,5.635
1585320035717,5.635
1585320035717,5.635
1585320035717,5.635
1585320065366,5.62
1585320065366,5.62
1585320065366,5.62
1585320094118,5.585
1585320111929,5.605
1585320111929,5.605
1585320132439,5.61
1585320132439,5.61
1585320132439,5.61
1585320164005,5.615
1585320173125,5.61
1585320183187,5.605
1585320192719,5.605
1585320192719,5.605
1585320192719,5.605
1585320192719,5.605
1585320230474,5.595
1585320237649,5.595
1585320256341,5.59
1585320256341,5.59
1585320273828,5.605
1585320273828,5.605
1585320273828,5.605
1585320273828,5.605
1585320273828,5.605
1585320273828,5.605
1585320341272,5.605
1585320341272,5.605
1585320359548,5.605
1585320359548,5.605
1585320359548,5.605
1585320388175,5.605
1585320388175,5.605
1585320388175,5.605
1585320388175,5.605
1585320430296,5.605
1585320430296,5.605
1585320430296,5.605
1585320430296,5.605
1585320469064,5.605
1585320480477,5.61
1585320490788,5.615
1585320490788,5.615
1585320490788,5.615
1585320490788,5.615
1585320490788,5.615
1585320490788,5.615
1585320553283,5.625
1585320568629,5.63
1585320576596,5.63
1585320576596,5.63
1585320576596,5.63
1585320605304,5.635
1585320605304,5.635
1585320605304,5.635
1585320605304,5.635
1585320650317,5.625
1585320650317,5.625
1585320650317,5.625
1585320650317,5.625
1585320650317,5.625
1585320650317,5.625
1585320713353,5.62
1585320713353,5.62
1585320734925,5.615
1585320734925,5.615
1585320734925,5.615
1585320734925,5.615
1585320734925,5.615
1585320788418,5.625
1585320788418,5.625
1585320804880,5.625
1585320804880,5.625
1585320804880,5.625
1585320839327,5.65
1585320852513,5.635
1585320852513,5.635
1585320870625,5.64
1585320870625,5.64
1585320870625,5.64
1585320870625,5.64
1585320870625,5.64
1585320870625,5.64
1585320870625,5.64
1585320946459,5.61
1585320946459,5.61
1585320946459,5.61
1585320974170,5.62
1585320974170,5.62
1585320992300,5.615
1585320992300,5.615
1585320992300,5.615
1585321022697,5.62
1585321039898,5.63
1585321039898,5.63
1585321039898,5.63
1585321071280,5.61
1585321081873,5.615
1585321091185,5.61
1585321095428,5.62
1585321095428,5.62
1585321124965,5.63
1585321133829,5.63
1585321133829,5.63
1585321133829,5.63
1585321133829,5.63
1585321133829,5.63
1585321182343,5.62
1585321198401,5.62
1585321208652,5.64
1585321212657,5.64
1585321224491,5.64
1585321224491,5.64
1585321241554,5.65
1585321260543,5.65
1585321260543,5.65
1585321260543,5.65
1585321260543,5.65
1585321298907,5.645
1585321298907,5.645
1585321323262,5.635
1585321333604,5.635
1585321333604,5.635
1585321350378,5.635
1585321361642,5.64
1585321368627,5.645
1585321368627,5.645
1585321396004,5.645
1585321404453,5.645
1585321416286,5.63
1585321416286,5.63
1585321416286,5.63
1585321416286,5.63
1585321416286,5.63
1585321463288,5.625
1585321463288,5.625
1585321463288,5.625
1585321463288,5.625
1585321463288,5.625
1585321463288,5.625
1585321463288,5.625
1585321538511,5.615
1585321538511,5.615
1585321562024,5.62
1585321562024,5.62
1585321562024,5.62
1585321562024,5.62
1585321562024,5.62
1585321562024,5.62
1585321562024,5.62
1585321562024,5.62
1585321642830,5.64
1585321654092,5.645
1585321654092,5.645
1585321654092,5.645
1585321688442,5.69
1585321688442,5.69
1585321711999,5.685
1585321716628,5.685
1585321731045,5.675
1585321731045,5.675
1585321750760,5.69
1585321750760,5.69
1585321765003,5.685
1585321781939,5.685
1585321792331,5.71
1585321792331,5.71
1585321792331,5.71
1585321792331,5.71
1585321792331,5.71
1585321792331,5.71
1585321859130,5.72
1585321859130,5.72
1585321881134,5.72
1585321881134,5.72
1585321881134,5.72
1585321881134,5.72
1585321881134,5.72
1585321881134,5.72
1585321881134,5.72
1585321881134,5.72
1585321881134,5.72
1585321881134,5.72
1585321986540,5.72
1585321986540,5.72
1585321986540,5.72
1585321986540,5.72
1585321986540,5.72
1585321986540,5.72
1585321986540,5.72
1585321986540,5.72
1585321986540,5.72
1585321986540,5.72
1585321986540,5.72
1585321986540,5.72
1585322109561,5.69
1585322109561,5.69
1585322109561,5.69
1585322109561,5.69
1585322109561,5.69
1585322167195,5.735
1585322167195,5.735
1585322167195,5.735
1585322167195,5.735
1585322167195,5.735
1585322167195,5.735
1585322167195,5.735
1585322167195,5.735
1585322246296,5.75
1585322246296,5.75
1585322269753,5.73
1585322269753,5.73
1585322269753,5.73
1585322269753,5.73
1585322306071,5.7
1585322306071,5.7
1585322332734,5.7
1585322332734,5.7
1585322332734,5.7
1585322332734,5.7
1585322332734,5.7
1585322332734,5.7
1585322395994,5.695
1585322395994,5.695
1585322418250,5.695
1585322428320,5.7
1585322428320,5.7
1585322442684,5.71
1585322442684,5.71
1585322442684,5.71
1585322476192,5.7
1585322476192,5.7
1585322476192,5.7
1585322476192,5.7
1585322476192,5.7
1585322476192,5.7
1585322476192,5.7
1585322476192,5.7
1585322476192,5.7
1585322566695,5.675
1585322566695,5.675
1585322566695,5.675
1585322566695,5.675
1585322615474,5.64
1585322615474,5.64
1585322615474,5.64
1585322615474,5.64
1585322615474,5.64
1585322615474,5.64
1585322679264,5.635
1585322690527,5.635
1585322698194,5.655
1585322698194,5.655
1585322698194,5.655
1585322698194,5.655
1585322698194,5.655
1585322698194,5.655
1585322698194,5.655
1585322698194,5.655
1585322698194,5.655
1585322698194,5.655
1585322698194,5.655
1585322698194,5.655
1585322829620,5.66
1585322835476,5.64
1585322847682,5.66
1585322847682,5.66
1585322861505,5.64
1585322861505,5.64
1585322861505,5.64
1585322861505,5.64
1585322861505,5.64
1585322917245,5.64
1585322930040,5.645
1585322938407,5.66
1585322938407,5.66
1585322938407,5.66
1585322975105,5.645
1585322985735,5.645
1585322985735,5.645
1585322985735,5.645
1585323016498,5.64
1585323029092,5.64
1585323029092,5.64
1585323029092,5.64
1585323029092,5.64
1585323029092,5.64
1585323029092,5.64
1585323029092,5.64
1585323101395,5.635
1585323107315,5.635
1585323107315,5.635
1585323129458,5.63
1585323141150,5.63
1585323141150,5.63
1585323141150,5.63
1585323141150,5.63
1585323184914,5.645
1585323188062,5.665
1585323202825,5.675
1585323202825,5.675
1585323228447,5.685
1585323233509,5.685
1585323233509,5.685
1585323256307,5.69
1585323256307,5.69
1585323279195,5.685
1585323279195,5.685
1585323299307,5.675
1585323309096,5.68
1585323319403,5.675
1585323319403,5.675
1585323319403,5.675
1585323319403,5.675
1585323319403,5.675
1585323319403,5.675
1585323376483,5.655
1585323376483,5.655
1585323376483,5.655
1585323376483,5.655
1585323376483,5.655
1585323376483,5.655
1585323444865,5.62
1585323444865,5.62
1585323464714,5.63
1585323464714,5.63
1585323464714,5.63
1585323464714,5.63
1585323464714,5.63
1585323464714,5.63
1585323524297,5.635
1585323535003,5.635
1585323546769,5.62
1585323546769,5.62
1585323546769,5.62
1585323576941,5.635
1585323576941,5.635
1585323576941,5.635
1585323617073,5.625
1585323617073,5.625
1585323617073,5.625
1585323617073,5.625
1585323617073,5.625
1585323661194,5.63
1585323661194,5.63
1585323661194,5.63
1585323661194,5.63
1585323661194,5.63
1585323717859,5.635
1585323717859,5.635
1585323717859,5.635
1585323717859,5.635
1585323717859,5.635
1585323765200,5.63
1585323765200,5.63
1585323765200,5.63
1585323765200,5.63
1585323817262,5.645
1585323817262,5.645
1585323832943,5.645
1585323848155,5.645
1585323848155,5.645
1585323860160,5.645
1585323860160,5.645
1585323889671,5.635
1585323901542,5.635
1585323904191,5.635
1585323922476,5.635
1585323923630,5.635
1585323923630,5.635
1585323948337,5.625
1585323959379,5.625
1585323974126,5.62
1585323976610,5.625
1585323993075,5.615
1585324007249,5.615
1585324010699,5.615
1585324028018,5.615
1585324032145,5.605
1585324041840,5.58
1585324041840,5.58
1585324067534,5.59
1585324067534,5.59
1585324067534,5.59
1585324067534,5.59
1585324067534,5.59
1585324119673,5.605
1585324119673,5.605
1585324119673,5.605
1585324119673,5.605
1585324119673,5.605
1585324119673,5.605
1585324119673,5.605
1585324187083,5.585
1585324187083,5.585
1585324187083,5.585
1585324187083,5.585
1585324235935,5.6
1585324235935,5.6
1585324257209,5.61
1585324257209,5.61
1585324257209,5.61
1585324281844,5.615
1585324281844,5.615
1585324281844,5.615
1585324281844,5.615
1585324326661,5.605
1585324326661,5.605
1585324326661,5.605
1585324326661,5.605
1585324326661,5.605
1585324326661,5.605
1585324326661,5.605
1585324326661,5.605
1585324326661,5.605
1585324326661,5.605
1585324326661,5.605
1585324326661,5.605
1585324454034,5.575
1585324464073,5.595
1585324470496,5.595
1585324470496,5.595
1585324470496,5.595
1585324470496,5.595
1585324470496,5.595
1585324470496,5.595
1585324538918,5.565
1585324545042,5.56
1585324545042,5.56
1585324545042,5.56
1585324545042,5.56
1585324589499,5.54
1585324589499,5.54
1585324611277,5.53
1585324611277,5.53
1585324611277,5.53
1585324611277,5.53
1585324611277,5.53
1585324660633,5.525
1585324660633,5.525
1585324660633,5.525
1585324690340,5.525
1585324699152,5.52
1585324699152,5.52
1585324699152,5.52
1585324736427,5.5
1585324736427,5.5
1585324756169,5.525
1585324756169,5.525
1585324756169,5.525
1585324787587,5.53
1585324787587,5.53
1585324787587,5.53
1585324787587,5.53
1585324831686,5.52
1585324831686,5.52
1585324831686,5.52
1585324831686,5.52
1585324831686,5.52
1585324881321,5.52
1585324893831,5.53
1585324893831,5.53
1585324907013,5.545
1585324907013,5.545
1585324907013,5.545
1585324907013,5.545
1585324907013,5.545
1585324907013,5.545
1585324907013,5.545
1585324907013,5.545
1585324907013,5.545
1585324907013,5.545
1585325016522,5.52
1585325016522,5.52
1585325016522,5.52
1585325016522,5.52
1585325016522,5.52
1585325016522,5.52
1585325077913,5.515
1585325077913,5.515
1585325097324,5.515
1585325114525,5.515
1585325114525,5.515
1585325114525,5.515
1585325114525,5.515
1585325114525,5.515
1585325114525,5.515
1585325114525,5.515
1585325114525,5.515
1585325114525,5.515
1585325114525,5.515
1585325114525,5.515
1585325114525,5.515
1585325236298,5.505
1585325236298,5.505
1585325262054,5.495
1585325262054,5.495
1585325283868,5.51
1585325283868,5.51
1585325283868,5.51
1585325283868,5.51
1585325283868,5.51
1585325283868,5.51
1585325283868,5.51
1585325283868,5.51
1585325283868,5.51
1585325283868,5.51
1585325385928,5.515
1585325385928,5.515
1585325399950,5.515
1585325399950,5.515
1585325399950,5.515
1585325436969,5.515
1585325446953,5.515
1585325446953,5.515
1585325467370,5.515
1585325467370,5.515
1585325488824,5.515
1585325488824,5.515
1585325506355,5.53
1585325506355,5.53
1585325506355,5.53
1585325543957,5.535
1585325547523,5.535
1585325563027,5.525
1585325563027,5.525
1585325563027,5.525
1585325563027,5.525
1585325563027,5.525
1585325563027,5.525
1585325563027,5.525
1585325563027,5.525
1585325563027,5.525
1585325563027,5.525
1585325563027,5.525
1585325563027,5.525
1585325563027,5.525
1585325563027,5.525
1585325563027,5.525
1585325722440,5.515
1585325734370,5.515
1585325740514,5.515
1585325740514,5.515
1585325740514,5.515
1585325740514,5.515
1585325740514,5.515
1585325740514,5.515
1585325801380,5.515
1585325801380,5.515
1585325820381,5.515
1585325835382,5.515
1585325843766,5.515
1585325851065,5.515
1585325851065,5.515
1585325880183,5.515
1585325884185,5.515
1585325893451,5.515
1585325904231,5.515
1585325904231,5.515
1585325929140,5.525
1585325929140,5.525
1585325929140,5.525
1585325929140,5.525
1585325971864,5.525
1585325971864,5.525
1585325971864,5.525
1585325971864,5.525
1585326010113,5.535
1585326010113,5.535
1585326010113,5.535
1585326010113,5.535
1585326058533,5.535
1585326063854,5.535
1585326063854,5.535
1585326063854,5.535
1585326063854,5.535
1585326063854,5.535
1585326116718,5.555
1585326130357,5.55
1585326130357,5.55
1585326151940,5.545
1585326156590,5.545
1585326170640,5.545
1585326178202,5.545
1585326178202,5.545
1585326178202,5.545
1585326215205,5.545
1585326218943,5.545
1585326233211,5.545
1585326233211,5.545
1585326233211,5.545
1585326262535,5.555
1585326262535,5.555
1585326286567,5.555
1585326297090,5.555
1585326297090,5.555
1585326297090,5.555
1585326327077,5.555
1585326327077,5.555
1585326327077,5.555
1585326327077,5.555
1585326367182,5.58
1585326367182,5.58
1585326367182,5.58
1585326367182,5.58
1585326408307,5.58
1585326408307,5.58
1585326408307,5.58
1585326408307,5.58
1585326408307,5.58
1585326408307,5.58
1585326473973,5.575
1585326473973,5.575
1585326492625,5.575
1585326492625,5.575
1585326492625,5.575
1585326527092,5.575
1585326535830,5.575
1585326535830,5.575
1585326550624,5.575
1585326550624,5.575
1585326576041,5.575
1585326576041,5.575
1585326598544,5.57
1585326598544,5.57
1585326598544,5.57
1585326628841,5.575
1585326634498,5.57
1585326634498,5.57
1585326634498,5.57
1585326669418,5.575
1585326669418,5.575
1585326669418,5.575
1585326669418,5.575
1585326669418,5.575
1585326724545,5.575
1585326724545,5.575
1585326724545,5.575
1585326724545,5.575
1585326724545,5.575
1585326724545,5.575
1585326786034,5.575
1585326786034,5.575
1585326786034,5.575
1585326786034,5.575
1585326786034,5.575
1585326838344,5.575
1585326838344,5.575
1585326838344,5.575
1585326838344,5.575
1585326838344,5.575
1585326838344,5.575
1585326838344,5.575
1585326838344,5.575
1585326838344,5.575
1585326838344,5.575
1585326838344,5.575
1585326838344,5.575
1585326838344,5.575
1585326838344,5.575
1585326838344,5.575
1585326997140,5.565
1585326997140,5.565
1585326997140,5.565
1585326997140,5.565
1585327034843,5.565
1585327049086,5.565
1585327049086,5.565
1585327067252,5.565
1585327067252,5.565
1585327091453,5.565
1585327091453,5.565
1585327115254,5.565
1585327115254,5.565
1585327115254,5.565
1585327138855,5.565
1585327150355,5.56
1585327150355,5.56
1585327150355,5.56
1585327186256,5.555
1585327186256,5.555
1585327209857,5.555
1585327221484,5.555
1585327221484,5.555
1585327240566,5.555
1585327251009,5.55
1585327254345,5.55
1585327272502,5.55
1585327281262,5.555
1585327281262,5.555
1585327304663,5.555
1585327313055,5.55
1585327318539,5.55
1585327331064,5.555
1585327331064,5.555
1585327355465,5.555
1585327368361,5.545
1585327370935,5.535
1585327370935,5.535
1585327396235,5.535
1585327407466,5.535
1585327420507,5.535
1585327430019,5.535
1585327435940,5.535
1585327435940,5.535
1585327454670,5.535
1585327454670,5.535
1585327473577,5.535
1585327486805,5.535
1585327486805,5.535
1585327510207,5.535
1585327510207,5.535
1585327530409,5.535
1585327530409,5.535
1585327556211,5.535
1585327563211,5.535
1585327574212,5.535
1585327584812,5.535
1585327595613,5.535
1585327606814,5.535
1585327617016,5.535
1585327624215,5.535
1585327634864,5.535
1585327634864,5.535
1585327653217,5.535
1585327665021,5.535
1585327677221,5.535
1585327687822,5.535
1585327687822,5.535
1585327707564,5.535
1585327707564,5.535
1585327707564,5.535
1585327707564,5.535
1585327707564,5.535
1585327707564,5.535
1585327776229,5.535
1585327776229,5.535
1585327799030,5.535
1585327799030,5.535
1585327799030,5.535
1585327824831,5.535
1585327835632,5.535
1585327835632,5.535
1585327855435,5.535
1585327862636,5.535
1585327876508,5.535
1585327887838,5.535
1585327887838,5.535
1585327912365,5.535
1585327917321,5.535
1585327934322,5.535
1585327943903,5.535
1585327943903,5.535
1585327943903,5.535
1585327971326,5.535
1585327971326,5.535
1585327991381,5.535
1585327991381,5.535
1585328015266,5.535
1585328025617,5.535
1585328025617,5.535
1585328025617,5.535
1585328056447,5.535
1585328069993,5.535
1585328081975,5.535
1585328092534,5.535
1585328099000,5.535
1585328113149,5.535
1585328121031,5.535
1585328132336,5.535
1585328132336,5.535
1585328132336,5.535
1585328132336,5.535
1585328132336,5.535
1585328132336,5.535
1585328194586,5.535
1585328204087,5.535
1585328204087,5.535
1585328204087,5.535
1585328237041,5.535
1585328237041,5.535
1585328237041,5.535
1585328237041,5.535
1585328279268,5.535
1585328279268,5.535
1585328293342,5.535
1585328311890,5.535
1585328311890,5.535
1585328326888,5.535
1585328340746,5.535
1585328355109,5.535
1585328362555,5.535
1585328362555,5.535
1585328362555,5.535
1585328362555,5.535
1585328407124,5.535
1585328407124,5.535
1585328407124,5.535
1585328436482,5.535
1585328436482,5.535
1585328436482,5.535
1585328460961,5.535
1585328460961,5.535
1585328485761,5.535
1585328485761,5.535
1585328509797,5.535
1585328509797,5.535
1585328509797,5.535
1585328509797,5.535
1585328509797,5.535
1585328509797,5.535
1585328574859,5.535
1585328579490,5.535
1585328579490,5.535
1585328602146,5.525
1585328602146,5.525
1585328620499,5.525
1585328629575,5.525
1585328629575,5.525
1585328658366,5.525
1585328667872,5.525
1585328677501,5.525
1585328682534,5.525
1585328682534,5.525
1585328682534,5.525
1585328682534,5.525
1585328682534,5.525
1585328739950,5.52
1585328739950,5.52
1585328762304,5.51
1585328762304,5.51
1585328762304,5.51
1585328793874,5.515
1585328793874,5.515
1585328813791,5.515
1585328815704,5.515
1585328815704,5.515
1585328844307,5.515
1585328853159,5.515
1585328853159,5.515
1585328875709,5.515
1585328875709,5.515
1585328875709,5.515
1585328875709,5.515
1585328875709,5.515
1585328875709,5.515
1585328875709,5.515
1585328875709,5.515
1585328875709,5.515
1585328875709,5.515
1585328974720,5.515
1585328991858,5.515
1585328991858,5.515
1585329006997,5.515
1585329006997,5.515
1585329033073,5.515
1585329040727,5.515
1585329050359,5.515
1585329050359,5.515
1585329050359,5.515
1585329050359,5.515
1585329088852,5.51
1585329088852,5.51
1585329088852,5.51
1585329088852,5.51
1585329135199,5.515
1585329135199,5.515
1585329156601,5.515
1585329156601,5.515
1585329171486,5.515
1585329189935,5.515
1585329189935,5.515
1585329207601,5.515
1585329217008,5.515
1585329217008,5.515
1585329217008,5.515
1585329217008,5.515
1585329217008,5.515
1585329217008,5.515
1585329284358,5.515
1585329284358,5.515
1585329284358,5.515
1585329316449,5.515
1585329319357,5.515
1585329319357,5.515
1585329348159,5.515
1585329348159,5.515
1585329348159,5.515
1585329376018,5.51
1585329376018,5.51
1585329376018,5.51
1585329376018,5.51
1585329376018,5.51
1585329376018,5.51
1585329376018,5.51
1585329376018,5.51
1585329463905,5.515
1585329478524,5.515
1585329478524,5.515
1585329478524,5.515
1585329478524,5.515
1585329519181,5.52
1585329519181,5.52
1585329519181,5.52
1585329554365,5.515
1585329554365,5.515
1585329570735,5.515
1585329570735,5.515
1585329570735,5.515
1585329570735,5.515
1585329570735,5.515
1585329570735,5.515
1585329630379,5.515
1585329648771,5.515
1585329648771,5.515
1585329665523,5.515
1585329665523,5.515
1585329690439,5.515
1585329690439,5.515
1585329690439,5.515
1585329690439,5.515
1585329690439,5.515
1585329690439,5.515
1585329750496,5.515
1585329750496,5.515
1585329750496,5.515
1585329750496,5.515
1585329790553,5.515
1585329790553,5.515
1585329810550,5.515
1585329810550,5.515
1585329810550,5.515
1585329810550,5.515
1585329810550,5.515
1585329870607,5.515
1585329870607,5.515
1585329870607,5.515
1585329900135,5.515
1585329900135,5.515
1585329918628,5.515
1585329930788,5.515
1585329930788,5.515
1585329953617,5.515
1585329953617,5.515
1585329953617,5.515
1585329953617,5.515
1585329953617,5.515
1585329953617,5.515
1585330013617,5.515
1585330019293,5.51
1585330019293,5.51
1585330019293,5.51
1585330057401,5.515
1585330070551,5.515
1585330070551,5.515
1585330070551,5.515
1585330095644,5.515
1585330104993,5.52
1585330121880,5.515
1585330121880,5.515
1585330121880,5.515
1585330121880,5.515
1585330121880,5.515
1585330121880,5.515
1585330179132,5.515
1585330188954,5.515
1585330188954,5.515
1585330188954,5.515
1585330188954,5.515
1585330188954,5.515
1585330188954,5.515
1585330256681,5.535
1585330256681,5.535
1585330280846,5.535
1585330280846,5.535
1585330297116,5.535
1585330297116,5.535
1585330297116,5.535
1585330333834,5.535
1585330342557,5.535
1585330352176,5.535
1585330364799,5.535
1585330364799,5.535
1585330380248,5.535
1585330380248,5.535
1585330405068,5.535
1585330408429,5.545
1585330424262,5.55
1585330424262,5.55
1585330448968,5.57
1585330460037,5.575
1585330461594,5.575
1585330471916,5.595
1585330487328,5.595
1585330501177,5.6
1585330501177,5.6
1585330521541,5.605
1585330521541,5.605
1585330521541,5.605
1585330551538,5.61
1585330561128,5.61
1585330574587,5.61
1585330584300,5.6
1585330584300,5.6
1585330584300,5.6
1585330617055,5.595
1585330619656,5.595
1585330619656,5.595
1585330619656,5.595
1585330651956,5.595
1585330664467,5.595
1585330664467,5.595
1585330664467,5.595
1585330664467,5.595
1585330664467,5.595
1585330722052,5.595
1585330727971,5.595
1585330727971,5.595
1585330727971,5.595
1585330763080,5.595
1585330763080,5.595
1585330763080,5.595
1585330763080,5.595
1585330763080,5.595
1585330808777,5.595
1585330808777,5.595
1585330840943,5.605
1585330840943,5.605
1585330862522,5.615
1585330871504,5.615
1585330881716,5.62
1585330892531,5.62
1585330903031,5.645
1585330915135,5.645
1585330917454,5.645
1585330917454,5.645
1585330941883,5.66
1585330941883,5.66
1585330960976,5.645
1585330971262,5.635
1585330971262,5.635
1585330971262,5.635
1585331007164,5.635
1585331007164,5.635
1585331007164,5.635
1585331007164,5.635
1585331007164,5.635
1585331059986,5.625
1585331059986,5.625
1585331059986,5.625
1585331059986,5.625
1585331059986,5.625
1585331059986,5.625
1585331059986,5.625
1585331059986,5.625
1585331140949,5.605
1585331140949,5.605
1585331140949,5.605
1585331140949,5.605
1585331184544,5.605
1585331184544,5.605
1585331184544,5.605
1585331184544,5.605
1585331184544,5.605
1585331184544,5.605
1585331251327,5.605
1585331251327,5.605
1585331251327,5.605
1585331251327,5.605
1585331251327,5.605
1585331298855,5.605
1585331312572,5.605
1585331312572,5.605
1585331329847,5.61
1585331341044,5.61
1585331356149,5.61
1585331356149,5.61
1585331356149,5.61
1585331387895,5.615
1585331396721,5.615
1585331410107,5.615
1585331421489,5.605
1585331421489,5.605
1585331446273,5.605
1585331446273,5.605
1585331446273,5.605
1585331446273,5.605
1585331446273,5.605
1585331497143,5.605
1585331497143,5.605
1585331497143,5.605
1585331497143,5.605
1585331537494,5.605
1585331547799,5.605
1585331547799,5.605
1585331570447,5.605
1585331570447,5.605
1585331570447,5.605
1585331605907,5.605
1585331605907,5.605
1585331605907,5.605
1585331605907,5.605
1585331647839,5.605
1585331653936,5.605
1585331663014,5.605
1585331672901,5.605
1585331689674,5.605
1585331689674,5.605
1585331711374,5.605
1585331720026,5.605
1585331732612,5.61
1585331732612,5.61
1585331752123,5.61
1585331764774,5.605
1585331775627,5.605
1585331783037,5.605
1585331795226,5.605
1585331795226,5.605
1585331795226,5.605
1585331795226,5.605
1585331795226,5.605
1585331795226,5.605
1585331855937,5.605
1585331855937,5.605
1585331855937,5.605
1585331855937,5.605
1585331900217,5.605
1585331914514,5.605
1585331917692,5.605
1585331934777,5.605
1585331934777,5.605
1585331934777,5.605
1585331957944,5.605
1585331968203,5.605
1585331987417,5.605
1585331992726,5.595
1585331992726,5.595
1585331992726,5.595
1585332022959,5.595
1585332022959,5.595
1585332022959,5.595
1585332022959,5.595
1585332022959,5.595
1585332076737,5.595
1585332076737,5.595
1585332101204,5.595
1585332101204,5.595
1585332124373,5.595
1585332139766,5.595
1585332139766,5.595
1585332139766,5.595
1585332139766,5.595
1585332139766,5.595
1585332189287,5.595
1585332189287,5.595
1585332189287,5.595
1585332189287,5.595
1585332189287,5.595
1585332237029,5.595
1585332237029,5.595
1585332237029,5.595
1585332237029,5.595
1585332237029,5.595
1585332291851,5.595
1585332291851,5.595
1585332291851,5.595
1585332326171,5.595
1585332326171,5.595
1585332326171,5.595
1585332350934,5.59
1585332350934,5.59
1585332350934,5.59
1585332382964,5.595
1585332382964,5.595
1585332382964,5.595
1585332382964,5.595
1585332432151,5.595
1585332432151,5.595
1585332432151,5.595
1585332465068,5.595
1585332476694,5.595
1585332476694,5.595
1585332476694,5.595
1585332499965,5.595
1585332513988,5.595
1585332526694,5.595
1585332526694,5.595
1585332526694,5.595
1585332553413,5.595
1585332564389,5.595
1585332564389,5.595
1585332564389,5.595
1585332564389,5.595
1585332607817,5.595
1585332617590,5.595
1585332636787,5.595
1585332646694,5.595
1585332652761,5.595
1585332664608,5.595
1585332678352,5.595
1585332687898,5.595
1585332698029,5.595
1585332712657,5.595
1585332715693,5.595
1585332715693,5.595
1585332742487,5.595
1585332742487,5.595
1585332759265,5.595
1585332771029,5.595
1585332771029,5.595
1585332791601,5.595
1585332804210,5.595
1585332811694,5.595
1585332820516,5.595
1585332833650,5.595
1585332840693,5.595
1585332840693,5.595
1585332840693,5.595
1585332880187,5.595
1585332887013,5.595
1585332900015,5.595
1585332908648,5.595
1585332918818,5.615
1585332926997,5.63
1585332926997,5.63
1585332948593,5.645
1585332956331,5.645
1585332956331,5.645
1585332986513,5.645
1585332986513,5.645
1585333007094,5.645
1585333013943,5.645
1585333013943,5.645
1585333030616,5.645
1585333040804,5.645
1585333040804,5.645
1585333063801,5.645
1585333063801,5.645
1585333063801,5.645
1585333100462,5.645
1585333100462,5.645
1585333120359,5.645
1585333135426,5.645
1585333135998,5.645
1585333156433,5.655
1585333161923,5.655
1585333174294,5.655
1585333186377,5.655
1585333194279,5.655
1585333206012,5.655
1585333216879,5.655
1585333227892,5.655
1585333234857,5.655
1585333234857,5.655
1585333257212,5.655
1585333271077,5.655
1585333278212,5.655
1585333291211,5.655
1585333301485,5.655
1585333304210,5.655
1585333323978,5.66
1585333332509,5.655
1585333332509,5.655
1585333348211,5.655
1585333361211,5.655
1585333380377,5.66
1585333390025,5.655
1585333393865,5.655
1585333393865,5.655
1585333393865,5.655
1585333393865,5.655
1585333393865,5.655
1585333453340,5.665
1585333453340,5.665
1585333476795,5.665
1585333485703,5.67
1585333485703,5.67
1585333485703,5.67
1585333519072,5.675
1585333527686,5.675
1585333527686,5.675
1585333527686,5.675
1585333527686,5.675
1585333527686,5.675
1585333579438,5.68
1585333579438,5.68
1585333579438,5.68
1585333579438,5.68
1585333579438,5.68
1585333579438,5.68
1585333579438,5.68
1585333654353,5.675
1585333654353,5.675
1585333671963,5.675
1585333685216,5.675
1585333685216,5.675
1585333685216,5.675
1585333685216,5.675
1585333685216,5.675
1585333733419,5.665
1585333733419,5.665
1585333733419,5.665
1585333733419,5.665
1585333780202,5.66
1585333780202,5.66
1585333780202,5.66
1585333780202,5.66
1585333780202,5.66
1585333780202,5.66
1585333840974,5.665
1585333840974,5.665
1585333840974,5.665
1585333840974,5.665
1585333903973,5.665
1585333903973,5.665
1585333903973,5.665
1585333903973,5.665
1585333903973,5.665
1585333951823,5.665
1585333951823,5.665
1585333951823,5.665
1585333951823,5.665
1585333997172,5.665
1585334007150,5.665
1585334013740,5.665
1585334023183,5.665
1585334036145,5.665
1585334036145,5.665
1585334061897,5.665
1585334067894,5.665
1585334076225,5.665
1585334093958,5.665
1585334102463,5.665
1585334114170,5.665
1585334121834,5.665
1585334121834,5.665
1585334121834,5.665
1585334121834,5.665
1585334163355,5.685
1585334163355,5.685
1585334163355,5.685
1585334163355,5.685
1585334163355,5.685
1585334219724,5.695
1585334219724,5.695
1585334219724,5.695
1585334219724,5.695
1585334219724,5.695
1585334273191,5.695
1585334273191,5.695
1585334273191,5.695
1585334302736,5.7
1585334308193,5.7
1585334325838,5.7
1585334331214,5.7
1585334331214,5.7
1585334351566,5.705
1585334368231,5.705
1585334373089,5.705
1585334390375,5.7
1585334400081,5.705
1585334400081,5.705
1585334414648,5.695
1585334414648,5.695
1585334444880,5.68
1585334444880,5.68
1585334459433,5.685
1585334459433,5.685
1585334459433,5.685
1585334459433,5.685
1585334459433,5.685
1585334512658,5.655
1585334526669,5.66
1585334526669,5.66
1585334526669,5.66
1585334526669,5.66
1585334570974,5.675
1585334570974,5.675
1585334570974,5.675
1585334570974,5.675
1585334570974,5.675
1585334623990,5.675
1585334623990,5.675
1585334623990,5.675
1585334623990,5.675
1585334623990,5.675
1585334623990,5.675
1585334687012,5.675
1585334696957,5.675
1585334696957,5.675
1585334696957,5.675
1585334722393,5.67
1585334740196,5.665
1585334740196,5.665
1585334740196,5.665
1585334765581,5.655
1585334765581,5.655
1585334786781,5.655
1585334786781,5.655
1585334803655,5.655
1585334803655,5.655
1585334803655,5.655
1585334803655,5.655
1585334803655,5.655
1585334866695,5.645
1585334866695,5.645
1585334866695,5.645
1585334866695,5.645
1585334866695,5.645
1585334913884,5.645
1585334913884,5.645
1585334913884,5.645
1585334913884,5.645
1585334913884,5.645
1585334971616,5.645
1585334971616,5.645
1585334971616,5.645
1585335001789,5.645
1585335001789,5.645
1585335001789,5.645
1585335031563,5.645
1585335031563,5.645
1585335056560,5.645
1585335068844,5.655
1585335077047,5.66
1585335091244,5.655
1585335096617,5.67
1585335110011,5.68
1585335110011,5.68
1585335110011,5.68
1585335143059,5.69
1585335157047,5.695
1585335167129,5.695
1585335167129,5.695
1585335167129,5.695
1585335167129,5.695
1585335210498,5.695
1585335219581,5.695
1585335224792,5.695
1585335224792,5.695
1585335252543,5.7
1585335252543,5.7
1585335266126,5.695
1585335282743,5.695
1585335289106,5.695
1585335305239,5.695
1585335305239,5.695
1585335305239,5.695
1585335305239,5.695
1585335305239,5.695
1585335305239,5.695
1585335305239,5.695
1585335305239,5.695
1585335305239,5.695
1585335305239,5.695
1585335412379,5.705
1585335412379,5.705
1585335412379,5.705
1585335412379,5.705
1585335412379,5.705
1585335467404,5.705
1585335467997,5.705
1585335482457,5.705
1585335482457,5.705
1585335482457,5.705
1585335512232,5.72
1585335512232,5.72
1585335512232,5.72
1585335512232,5.72
1585335512232,5.72
1585335512232,5.72
1585335512232,5.72
1585335584808,5.735
